Id,Type,Name,Mean,StdDev,Date,Order,Bike,Series,Venue
1,Rider,Aaron Slight,40.10711575717958,0.8051410166604746,21/03/1998 13:00:00,0,Honda RVF 750 / RC45 [1998],World Superbikes,
1,Rider,Aaron Slight,40.10729337472908,0.8009944464385005,21/03/1998 13:00:00,1,Honda RVF 750 / RC45 [1998],World Superbikes,
1,Rider,Aaron Slight,40.107248295775705,0.796956553486079,21/03/1998 13:00:00,2,Honda RVF 750 / RC45 [1998],World Superbikes,
1,Rider,Aaron Slight,40.106298137139,0.7930085826363417,12/04/1998 13:00:00,0,Honda RVF 750 / RC45 [1998],World Superbikes,
1,Rider,Aaron Slight,40.10588616346632,0.7891741709371216,12/04/1998 13:00:00,1,Honda RVF 750 / RC45 [1998],World Superbikes,
1,Rider,Aaron Slight,40.10501096493621,0.7854441306941309,09/05/1998 13:00:00,0,Honda RVF 750 / RC45 [1998],World Superbikes,
1,Rider,Aaron Slight,40.10254903773067,0.7817837676381442,09/05/1998 13:00:00,1,Honda RVF 750 / RC45 [1998],World Superbikes,
1,Rider,Aaron Slight,40.09957951298106,0.7782205947808738,09/05/1998 13:00:00,2,Honda RVF 750 / RC45 [1998],World Superbikes,
1,Rider,Aaron Slight,40.09490548171973,0.7747251136254404,23/05/1998 13:00:00,0,Honda RVF 750 / RC45 [1998],World Superbikes,
1,Rider,Aaron Slight,40.088877950703996,0.7712867217626125,23/05/1998 13:00:00,1,Honda RVF 750 / RC45 [1998],World Superbikes,
1,Rider,Aaron Slight,40.08238716707799,0.7679425409661841,06/06/1998 13:00:00,0,Honda RVF 750 / RC45 [1998],World Superbikes,
1,Rider,Aaron Slight,40.07469092266744,0.7646618925580047,06/06/1998 13:00:00,1,Honda RVF 750 / RC45 [1998],World Superbikes,
1,Rider,Aaron Slight,40.06545244809234,0.7614453026972868,06/06/1998 13:00:00,2,Honda RVF 750 / RC45 [1998],World Superbikes,
1,Rider,Aaron Slight,40.05688656135951,0.7583280259167618,20/06/1998 13:00:00,0,Honda RVF 750 / RC45 [1998],World Superbikes,
1,Rider,Aaron Slight,40.04737002658168,0.7552924209885976,20/06/1998 13:00:00,1,Honda RVF 750 / RC45 [1998],World Superbikes,
1,Rider,Aaron Slight,40.03748077256444,0.7523448344212185,20/06/1998 13:00:00,2,Honda RVF 750 / RC45 [1998],World Superbikes,
1,Rider,Aaron Slight,40.02681720725719,0.7494748755331977,04/07/1998 13:00:00,0,Honda RVF 750 / RC45 [1998],World Superbikes,
1,Rider,Aaron Slight,40.01661306401374,0.7466982664563175,04/07/1998 13:00:00,1,Honda RVF 750 / RC45 [1998],World Superbikes,
1,Rider,Aaron Slight,40.0063904266267,0.7440109854068698,04/07/1998 13:00:00,2,Honda RVF 750 / RC45 [1998],World Superbikes,
1,Rider,Aaron Slight,39.99650571122504,0.7414158347772606,11/07/1998 13:00:00,0,Honda RVF 750 / RC45 [1998],World Superbikes,
1,Rider,Aaron Slight,39.986565928214986,0.7389156238863428,11/07/1998 13:00:00,1,Honda RVF 750 / RC45 [1998],World Superbikes,
1,Rider,Aaron Slight,39.97622180397607,0.7365097232022775,11/07/1998 13:00:00,2,Honda RVF 750 / RC45 [1998],World Superbikes,
1,Rider,Aaron Slight,39.9660569209199,0.7341948633738876,01/08/1998 13:00:00,0,Honda RVF 750 / RC45 [1998],World Superbikes,
1,Rider,Aaron Slight,39.955355338176744,0.7319691941208455,01/08/1998 13:00:00,1,Honda RVF 750 / RC45 [1998],World Superbikes,
1,Rider,Aaron Slight,39.94487615857558,0.7298367699749054,01/08/1998 13:00:00,2,Honda RVF 750 / RC45 [1998],World Superbikes,
1,Rider,Aaron Slight,39.934283819845845,0.7277913077846127,29/08/1998 13:00:00,0,Honda RVF 750 / RC45 [1998],World Superbikes,
1,Rider,Aaron Slight,39.922202769579165,0.7257982633633391,29/08/1998 13:00:00,1,Honda RVF 750 / RC45 [1998],World Superbikes,
1,Rider,Aaron Slight,39.908432993954904,0.7238627977278942,29/08/1998 13:00:00,2,Honda RVF 750 / RC45 [1998],World Superbikes,
1,Rider,Aaron Slight,39.89327052521444,0.7219821054042719,05/09/1998 13:00:00,0,Honda RVF 750 / RC45 [1998],World Superbikes,
1,Rider,Aaron Slight,39.876607999127415,0.7201548236053221,05/09/1998 13:00:00,1,Honda RVF 750 / RC45 [1998],World Superbikes,
1,Rider,Aaron Slight,39.85899904188195,0.7183964899552744,05/09/1998 13:00:00,2,Honda RVF 750 / RC45 [1998],World Superbikes,
1,Rider,Aaron Slight,39.842707003189545,0.7167237393113316,03/10/1998 13:00:00,0,Honda RVF 750 / RC45 [1998],World Superbikes,
1,Rider,Aaron Slight,39.827072721625164,0.7151432948676507,03/10/1998 13:00:00,1,Honda RVF 750 / RC45 [1998],World Superbikes,
1,Rider,Aaron Slight,39.81072278282037,0.7136427977346389,03/10/1998 13:00:00,2,Honda RVF 750 / RC45 [1998],World Superbikes,
1,Rider,Aaron Slight,39.79569829426329,0.712231545789756,27/03/1999 13:00:00,0,Honda RVF 750 / RC45 [1999],World Superbikes,
1,Rider,Aaron Slight,39.77970396673991,0.7108869507571247,27/03/1999 13:00:00,1,Honda RVF 750 / RC45 [1999],World Superbikes,
1,Rider,Aaron Slight,39.76367333182572,0.7096181366454861,27/03/1999 13:00:00,2,Honda RVF 750 / RC45 [1999],World Superbikes,
1,Rider,Aaron Slight,39.747222098898625,0.7084214834831075,17/04/1999 13:00:00,0,Honda RVF 750 / RC45 [1999],World Superbikes,
1,Rider,Aaron Slight,39.73121280398347,0.7073072078831096,17/04/1999 13:00:00,1,Honda RVF 750 / RC45 [1999],World Superbikes,
1,Rider,Aaron Slight,39.71647859401013,0.7062804286272816,17/04/1999 13:00:00,2,Honda RVF 750 / RC45 [1999],World Superbikes,
1,Rider,Aaron Slight,39.701230395197804,0.7053246403154845,01/05/1999 13:00:00,0,Honda RVF 750 / RC45 [1999],World Superbikes,
1,Rider,Aaron Slight,39.68630643705299,0.7044570310772961,01/05/1999 13:00:00,1,Honda RVF 750 / RC45 [1999],World Superbikes,
1,Rider,Aaron Slight,39.67093484753331,0.703671008726412,01/05/1999 13:00:00,2,Honda RVF 750 / RC45 [1999],World Superbikes,
1,Rider,Aaron Slight,39.655993520437555,0.7029697372812472,15/05/1999 13:00:00,0,Honda RVF 750 / RC45 [1999],World Superbikes,
1,Rider,Aaron Slight,39.64228028990888,0.7023499955810867,15/05/1999 13:00:00,1,Honda RVF 750 / RC45 [1999],World Superbikes,
1,Rider,Aaron Slight,39.629682717494454,0.7018094359099055,15/05/1999 13:00:00,2,Honda RVF 750 / RC45 [1999],World Superbikes,
1,Rider,Aaron Slight,39.61817029226753,0.7013491782869495,29/05/1999 13:00:00,0,Honda RVF 750 / RC45 [1999],World Superbikes,
1,Rider,Aaron Slight,39.6074090279753,0.7009684374526807,29/05/1999 13:00:00,1,Honda RVF 750 / RC45 [1999],World Superbikes,
1,Rider,Aaron Slight,39.59646718896626,0.7006638932984951,29/05/1999 13:00:00,2,Honda RVF 750 / RC45 [1999],World Superbikes,
1,Rider,Aaron Slight,39.58720040635068,0.7004404298154467,12/06/1999 13:00:00,0,Honda RVF 750 / RC45 [1999],World Superbikes,
1,Rider,Aaron Slight,39.57681394649168,0.7002803596658721,12/06/1999 13:00:00,1,Honda RVF 750 / RC45 [1999],World Superbikes,
1,Rider,Aaron Slight,39.56478820031724,0.7001704295759648,12/06/1999 13:00:00,2,Honda RVF 750 / RC45 [1999],World Superbikes,
1,Rider,Aaron Slight,39.55219660086555,0.7001324982959222,26/06/1999 13:00:00,0,Honda RVF 750 / RC45 [1999],World Superbikes,
1,Rider,Aaron Slight,39.53844784267811,0.7001581034361734,26/06/1999 13:00:00,1,Honda RVF 750 / RC45 [1999],World Superbikes,
1,Rider,Aaron Slight,39.524171190739516,0.7002534958248297,26/06/1999 13:00:00,2,Honda RVF 750 / RC45 [1999],World Superbikes,
1,Rider,Aaron Slight,39.51038443229846,0.7004254323285335,10/07/1999 13:00:00,0,Honda RVF 750 / RC45 [1999],World Superbikes,
1,Rider,Aaron Slight,39.49640727209709,0.7006780514192444,10/07/1999 13:00:00,1,Honda RVF 750 / RC45 [1999],World Superbikes,
1,Rider,Aaron Slight,39.48260611674319,0.7010123948692846,10/07/1999 13:00:00,2,Honda RVF 750 / RC45 [1999],World Superbikes,
1,Rider,Aaron Slight,39.470552216416614,0.7014273934877667,31/07/1999 13:00:00,0,Honda RVF 750 / RC45 [1999],World Superbikes,
1,Rider,Aaron Slight,39.45811545892276,0.7019238938626515,31/07/1999 13:00:00,1,Honda RVF 750 / RC45 [1999],World Superbikes,
1,Rider,Aaron Slight,39.44461039218371,0.7024885575225903,31/07/1999 13:00:00,2,Honda RVF 750 / RC45 [1999],World Superbikes,
1,Rider,Aaron Slight,39.4308654013513,0.7031331611026175,28/08/1999 13:00:00,0,Honda RVF 750 / RC45 [1999],World Superbikes,
1,Rider,Aaron Slight,39.41637182622969,0.7038446453618266,28/08/1999 13:00:00,1,Honda RVF 750 / RC45 [1999],World Superbikes,
1,Rider,Aaron Slight,39.401589973943885,0.7046265662174267,28/08/1999 13:00:00,2,Honda RVF 750 / RC45 [1999],World Superbikes,
1,Rider,Aaron Slight,39.38658100759756,0.7054789565528238,04/09/1999 13:00:00,0,Honda RVF 750 / RC45 [1999],World Superbikes,
1,Rider,Aaron Slight,39.37096632971607,0.7064041973399101,04/09/1999 13:00:00,1,Honda RVF 750 / RC45 [1999],World Superbikes,
1,Rider,Aaron Slight,39.353500109210984,0.7073813834154801,04/09/1999 13:00:00,2,Honda RVF 750 / RC45 [1999],World Superbikes,
1,Rider,Aaron Slight,39.33590959563861,0.7084329829210478,11/09/1999 13:00:00,0,Honda RVF 750 / RC45 [1999],World Superbikes,
1,Rider,Aaron Slight,39.316442186660865,0.7095368056493855,11/09/1999 13:00:00,1,Honda RVF 750 / RC45 [1999],World Superbikes,
1,Rider,Aaron Slight,39.295690833189994,0.7106917457393658,11/09/1999 13:00:00,2,Honda RVF 750 / RC45 [1999],World Superbikes,
1,Rider,Aaron Slight,39.27335734710619,0.7118954362155628,09/10/1999 13:00:00,0,Honda RVF 750 / RC45 [1999],World Superbikes,
1,Rider,Aaron Slight,39.250669376207604,0.7131860093874861,09/10/1999 13:00:00,1,Honda RVF 750 / RC45 [1999],World Superbikes,
1,Rider,Aaron Slight,39.22863894795952,0.7145686608251008,09/10/1999 13:00:00,2,Honda RVF 750 / RC45 [1999],World Superbikes,
1,Rider,Aaron Slight,39.20989719811099,0.7160202779946551,13/05/2000 13:00:00,0,Honda VTR 1000 SP [2000],World Superbikes,
1,Rider,Aaron Slight,39.191910530533335,0.7175667006002223,13/05/2000 13:00:00,1,Honda VTR 1000 SP [2000],World Superbikes,
1,Rider,Aaron Slight,39.1748603075776,0.7192087139696255,13/05/2000 13:00:00,2,Honda VTR 1000 SP [2000],World Superbikes,
1,Rider,Aaron Slight,39.15968218961117,0.720937299776903,20/05/2000 13:00:00,0,Honda VTR 1000 SP [2000],World Superbikes,
1,Rider,Aaron Slight,39.14353615583115,0.7227417569067838,20/05/2000 13:00:00,1,Honda VTR 1000 SP [2000],World Superbikes,
1,Rider,Aaron Slight,39.12723243602855,0.724633736631039,03/06/2000 13:00:00,0,Honda VTR 1000 SP [2000],World Superbikes,
1,Rider,Aaron Slight,39.11017201843978,0.7266105681160019,03/06/2000 13:00:00,1,Honda VTR 1000 SP [2000],World Superbikes,
1,Rider,Aaron Slight,39.09228185837125,0.7286720818035121,03/06/2000 13:00:00,2,Honda VTR 1000 SP [2000],World Superbikes,
1,Rider,Aaron Slight,39.075732206295385,0.7308269779630778,17/06/2000 13:00:00,0,Honda VTR 1000 SP [2000],World Superbikes,
1,Rider,Aaron Slight,39.05894076688851,0.7330721334671549,17/06/2000 13:00:00,1,Honda VTR 1000 SP [2000],World Superbikes,
1,Rider,Aaron Slight,39.043831215296954,0.7354168944401039,17/06/2000 13:00:00,2,Honda VTR 1000 SP [2000],World Superbikes,
1,Rider,Aaron Slight,39.03023294757038,0.7378538637531795,24/06/2000 13:00:00,0,Honda VTR 1000 SP [2000],World Superbikes,
1,Rider,Aaron Slight,39.01921920536178,0.7403913425244294,24/06/2000 13:00:00,1,Honda VTR 1000 SP [2000],World Superbikes,
1,Rider,Aaron Slight,39.00723627525739,0.7430066475315917,24/06/2000 13:00:00,2,Honda VTR 1000 SP [2000],World Superbikes,
1,Rider,Aaron Slight,38.99688386623323,0.7457191919871725,08/07/2000 13:00:00,0,Honda VTR 1000 SP [2000],World Superbikes,
1,Rider,Aaron Slight,38.98679634205053,0.7485286471148045,08/07/2000 13:00:00,1,Honda VTR 1000 SP [2000],World Superbikes,
1,Rider,Aaron Slight,38.977529023242646,0.7514377295857422,08/07/2000 13:00:00,2,Honda VTR 1000 SP [2000],World Superbikes,
1,Rider,Aaron Slight,38.96933930058519,0.7544431555694234,05/08/2000 13:00:00,0,Honda VTR 1000 SP [2000],World Superbikes,
1,Rider,Aaron Slight,38.96165974869082,0.7575516508443081,05/08/2000 13:00:00,1,Honda VTR 1000 SP [2000],World Superbikes,
1,Rider,Aaron Slight,38.95359829278675,0.7607620913650842,05/08/2000 13:00:00,2,Honda VTR 1000 SP [2000],World Superbikes,
1,Rider,Aaron Slight,38.94534268446621,0.7640711259069237,02/09/2000 13:00:00,0,Honda VTR 1000 SP [2000],World Superbikes,
1,Rider,Aaron Slight,38.93736119927843,0.7674829855706914,02/09/2000 13:00:00,1,Honda VTR 1000 SP [2000],World Superbikes,
1,Rider,Aaron Slight,38.93008857191993,0.7710011984766106,02/09/2000 13:00:00,2,Honda VTR 1000 SP [2000],World Superbikes,
1,Rider,Aaron Slight,38.922890956963876,0.7746207162191031,09/09/2000 13:00:00,0,Honda VTR 1000 SP [2000],World Superbikes,
1,Rider,Aaron Slight,38.91527626092402,0.7783420562273151,09/09/2000 13:00:00,1,Honda VTR 1000 SP [2000],World Superbikes,
1,Rider,Aaron Slight,38.909559205583655,0.7821780896513091,09/09/2000 13:00:00,2,Honda VTR 1000 SP [2000],World Superbikes,
1,Rider,Aaron Slight,38.90530673914518,0.7861203729650892,14/10/2000 13:00:00,0,Honda VTR 1000 SP [2000],World Superbikes,
1,Rider,Aaron Slight,38.90137363096969,0.7901754279318284,14/10/2000 13:00:00,1,Honda VTR 1000 SP [2000],World Superbikes,
1,Rider,Aaron Slight,38.898320628106084,0.7943461592414832,14/10/2000 13:00:00,2,Honda VTR 1000 SP [2000],World Superbikes,
2,Bike,Honda RVF 750 / RC45 [1998],33.31344153350099,1.156789601965867,21/03/1998 13:00:00,0,,World Superbikes,
2,Bike,Honda RVF 750 / RC45 [1998],33.31409631640089,1.1540703749924794,21/03/1998 13:00:00,1,,World Superbikes,
2,Bike,Honda RVF 750 / RC45 [1998],33.315396462552684,1.151541156447134,21/03/1998 13:00:00,2,,World Superbikes,
2,Bike,Honda RVF 750 / RC45 [1998],33.31671846059342,1.1491833425029536,12/04/1998 13:00:00,0,,World Superbikes,
2,Bike,Honda RVF 750 / RC45 [1998],33.3178441515001,1.1470057524910515,12/04/1998 13:00:00,1,,World Superbikes,
2,Bike,Honda RVF 750 / RC45 [1998],33.31888769652194,1.1450156744240552,09/05/1998 13:00:00,0,,World Superbikes,
2,Bike,Honda RVF 750 / RC45 [1998],33.31878510863386,1.1431730743639172,09/05/1998 13:00:00,1,,World Superbikes,
2,Bike,Honda RVF 750 / RC45 [1998],33.31769632770013,1.1414823506096587,09/05/1998 13:00:00,2,,World Superbikes,
2,Bike,Honda RVF 750 / RC45 [1998],33.31559375967474,1.1399411739300966,23/05/1998 13:00:00,0,,World Superbikes,
2,Bike,Honda RVF 750 / RC45 [1998],33.31388151184913,1.1385490802446137,23/05/1998 13:00:00,1,,World Superbikes,
2,Bike,Honda RVF 750 / RC45 [1998],33.31197546520076,1.1373331770588488,06/06/1998 13:00:00,0,,World Superbikes,
2,Bike,Honda RVF 750 / RC45 [1998],33.30978342457904,1.1362752285083313,06/06/1998 13:00:00,1,,World Superbikes,
2,Bike,Honda RVF 750 / RC45 [1998],33.30650218138893,1.135362186323312,06/06/1998 13:00:00,2,,World Superbikes,
2,Bike,Honda RVF 750 / RC45 [1998],33.30324760815622,1.1346194487271963,20/06/1998 13:00:00,0,,World Superbikes,
2,Bike,Honda RVF 750 / RC45 [1998],33.29995254591417,1.1340473417969061,20/06/1998 13:00:00,1,,World Superbikes,
2,Bike,Honda RVF 750 / RC45 [1998],33.296608333010454,1.1336473844255277,20/06/1998 13:00:00,2,,World Superbikes,
2,Bike,Honda RVF 750 / RC45 [1998],33.293262279303676,1.1334128840737425,04/07/1998 13:00:00,0,,World Superbikes,
2,Bike,Honda RVF 750 / RC45 [1998],33.28978234083311,1.1333453040739423,04/07/1998 13:00:00,1,,World Superbikes,
2,Bike,Honda RVF 750 / RC45 [1998],33.28589571980025,1.1334426666658683,04/07/1998 13:00:00,2,,World Superbikes,
2,Bike,Honda RVF 750 / RC45 [1998],33.282623752777056,1.133720756679167,11/07/1998 13:00:00,0,,World Superbikes,
2,Bike,Honda RVF 750 / RC45 [1998],33.27924913871206,1.1341828799788292,11/07/1998 13:00:00,1,,World Superbikes,
2,Bike,Honda RVF 750 / RC45 [1998],33.27525881642336,1.1348243998781395,11/07/1998 13:00:00,2,,World Superbikes,
2,Bike,Honda RVF 750 / RC45 [1998],33.271447735317395,1.1356479586168962,01/08/1998 13:00:00,0,,World Superbikes,
2,Bike,Honda RVF 750 / RC45 [1998],33.2676410776497,1.1366568514957494,01/08/1998 13:00:00,1,,World Superbikes,
2,Bike,Honda RVF 750 / RC45 [1998],33.26313223243372,1.1378259983081416,01/08/1998 13:00:00,2,,World Superbikes,
2,Bike,Honda RVF 750 / RC45 [1998],33.258413042716185,1.139171137356625,29/08/1998 13:00:00,0,,World Superbikes,
2,Bike,Honda RVF 750 / RC45 [1998],33.25379879470063,1.1406739192188387,29/08/1998 13:00:00,1,,World Superbikes,
2,Bike,Honda RVF 750 / RC45 [1998],33.2479462431787,1.1423255736821412,29/08/1998 13:00:00,2,,World Superbikes,
2,Bike,Honda RVF 750 / RC45 [1998],33.242296221898954,1.1441348586838485,05/09/1998 13:00:00,0,,World Superbikes,
2,Bike,Honda RVF 750 / RC45 [1998],33.237294017806306,1.1460991073307392,05/09/1998 13:00:00,1,,World Superbikes,
2,Bike,Honda RVF 750 / RC45 [1998],33.231739033703754,1.1482251018468037,05/09/1998 13:00:00,2,,World Superbikes,
2,Bike,Honda RVF 750 / RC45 [1998],33.22747234356109,1.1505368116880736,03/10/1998 13:00:00,0,,World Superbikes,
2,Bike,Honda RVF 750 / RC45 [1998],33.224358177156766,1.153046769258948,03/10/1998 13:00:00,1,,World Superbikes,
2,Bike,Honda RVF 750 / RC45 [1998],33.22142777031513,1.1557451601348336,03/10/1998 13:00:00,2,,World Superbikes,
3,Rider,Peter Goddard,34.34864592785531,0.7698114034911864,21/03/1998 13:00:00,0,Suzuki GSX-R 750 [1998],World Superbikes,
3,Rider,Peter Goddard,34.34711756233077,0.7654860931932357,21/03/1998 13:00:00,1,Suzuki GSX-R 750 [1998],World Superbikes,
3,Rider,Peter Goddard,34.34272883280577,0.7612458338854325,21/03/1998 13:00:00,2,Suzuki GSX-R 750 [1998],World Superbikes,
3,Rider,Peter Goddard,34.337636687833886,0.7571038054175551,12/04/1998 13:00:00,0,Suzuki GSX-R 750 [1998],World Superbikes,
3,Rider,Peter Goddard,34.331389770768716,0.7530663137164596,12/04/1998 13:00:00,1,Suzuki GSX-R 750 [1998],World Superbikes,
3,Rider,Peter Goddard,34.32403947463885,0.7491327032767418,09/05/1998 13:00:00,0,Suzuki GSX-R 750 [1998],World Superbikes,
3,Rider,Peter Goddard,34.316903606174925,0.7452961001752594,09/05/1998 13:00:00,1,Suzuki GSX-R 750 [1998],World Superbikes,
3,Rider,Peter Goddard,34.31009539334599,0.7415567811530765,09/05/1998 13:00:00,2,Suzuki GSX-R 750 [1998],World Superbikes,
3,Rider,Peter Goddard,34.30576215571799,0.7378918670606952,23/05/1998 13:00:00,0,Suzuki GSX-R 750 [1998],World Superbikes,
3,Rider,Peter Goddard,34.30349229286345,0.7343225078796242,23/05/1998 13:00:00,1,Suzuki GSX-R 750 [1998],World Superbikes,
3,Rider,Peter Goddard,34.30230028784424,0.7308384285449426,06/06/1998 13:00:00,0,Suzuki GSX-R 750 [1998],World Superbikes,
3,Rider,Peter Goddard,34.30036934823192,0.7274497393598524,06/06/1998 13:00:00,1,Suzuki GSX-R 750 [1998],World Superbikes,
3,Rider,Peter Goddard,34.29887570717235,0.7241524021173721,06/06/1998 13:00:00,2,Suzuki GSX-R 750 [1998],World Superbikes,
3,Rider,Peter Goddard,34.29812910583719,0.7209391609520365,20/06/1998 13:00:00,0,Suzuki GSX-R 750 [1998],World Superbikes,
3,Rider,Peter Goddard,34.297665420340735,0.7178168970357766,20/06/1998 13:00:00,1,Suzuki GSX-R 750 [1998],World Superbikes,
3,Rider,Peter Goddard,34.29695347447354,0.7147857233829646,20/06/1998 13:00:00,2,Suzuki GSX-R 750 [1998],World Superbikes,
3,Rider,Peter Goddard,34.296070952097665,0.7118391125947463,04/07/1998 13:00:00,0,Suzuki GSX-R 750 [1998],World Superbikes,
3,Rider,Peter Goddard,34.2944628870696,0.7089786523721311,04/07/1998 13:00:00,1,Suzuki GSX-R 750 [1998],World Superbikes,
3,Rider,Peter Goddard,34.292086610047605,0.706202828240671,04/07/1998 13:00:00,2,Suzuki GSX-R 750 [1998],World Superbikes,
3,Rider,Peter Goddard,34.28921242773448,0.7035100404554424,11/07/1998 13:00:00,0,Suzuki GSX-R 750 [1998],World Superbikes,
3,Rider,Peter Goddard,34.286719315666566,0.7009036894495769,11/07/1998 13:00:00,1,Suzuki GSX-R 750 [1998],World Superbikes,
3,Rider,Peter Goddard,34.2855196438665,0.6983801391329962,01/08/1998 13:00:00,0,Suzuki GSX-R 750 [1998],World Superbikes,
3,Rider,Peter Goddard,34.28347869637206,0.69594291086668,01/08/1998 13:00:00,1,Suzuki GSX-R 750 [1998],World Superbikes,
3,Rider,Peter Goddard,34.2818303047804,0.6935891375793846,01/08/1998 13:00:00,2,Suzuki GSX-R 750 [1998],World Superbikes,
3,Rider,Peter Goddard,34.28069423595799,0.6913109219618577,29/08/1998 13:00:00,0,Suzuki GSX-R 750 [1998],World Superbikes,
3,Rider,Peter Goddard,34.280034843919736,0.6891122164077358,29/08/1998 13:00:00,1,Suzuki GSX-R 750 [1998],World Superbikes,
3,Rider,Peter Goddard,34.28010428674193,0.6869911694802753,29/08/1998 13:00:00,2,Suzuki GSX-R 750 [1998],World Superbikes,
3,Rider,Peter Goddard,34.27954986935276,0.6849471966814297,05/09/1998 13:00:00,0,Suzuki GSX-R 750 [1998],World Superbikes,
3,Rider,Peter Goddard,34.27793315053085,0.6829797530292879,05/09/1998 13:00:00,1,Suzuki GSX-R 750 [1998],World Superbikes,
3,Rider,Peter Goddard,34.27573491517135,0.6810861867943631,05/09/1998 13:00:00,2,Suzuki GSX-R 750 [1998],World Superbikes,
3,Rider,Peter Goddard,34.2710799231541,0.6792596678837586,03/10/1998 13:00:00,0,Suzuki GSX-R 750 [1998],World Superbikes,
3,Rider,Peter Goddard,34.26797899712518,0.6775072316794736,03/10/1998 13:00:00,1,Suzuki GSX-R 750 [1998],World Superbikes,
3,Rider,Peter Goddard,34.26348123546363,0.6758336458613375,03/10/1998 13:00:00,2,Suzuki GSX-R 750 [1998],World Superbikes,
3,Rider,Peter Goddard,34.25818687146486,0.6742371554465986,27/03/1999 13:00:00,0,Aprilia RSV 1000 [1999],World Superbikes,
3,Rider,Peter Goddard,34.253421729257305,0.672712176897534,27/03/1999 13:00:00,1,Aprilia RSV 1000 [1999],World Superbikes,
3,Rider,Peter Goddard,34.24839628462956,0.6712608266160626,27/03/1999 13:00:00,2,Aprilia RSV 1000 [1999],World Superbikes,
3,Rider,Peter Goddard,34.24292395577162,0.6698818370847233,17/04/1999 13:00:00,0,Aprilia RSV 1000 [1999],World Superbikes,
3,Rider,Peter Goddard,34.23576258475865,0.6685753651778983,17/04/1999 13:00:00,1,Aprilia RSV 1000 [1999],World Superbikes,
3,Rider,Peter Goddard,34.22874214639596,0.6673429561456126,17/04/1999 13:00:00,2,Aprilia RSV 1000 [1999],World Superbikes,
3,Rider,Peter Goddard,34.2230991680162,0.6661700596212042,01/05/1999 13:00:00,0,Aprilia RSV 1000 [1999],World Superbikes,
3,Rider,Peter Goddard,34.217912956684216,0.6650710961304505,01/05/1999 13:00:00,1,Aprilia RSV 1000 [1999],World Superbikes,
3,Rider,Peter Goddard,34.213426670414805,0.6640452136813574,15/05/1999 13:00:00,0,Aprilia RSV 1000 [1999],World Superbikes,
3,Rider,Peter Goddard,34.20863177550645,0.6630846509908492,15/05/1999 13:00:00,1,Aprilia RSV 1000 [1999],World Superbikes,
3,Rider,Peter Goddard,34.20496676529527,0.6621904608934406,15/05/1999 13:00:00,2,Aprilia RSV 1000 [1999],World Superbikes,
3,Rider,Peter Goddard,34.20263792039221,0.6613553654295918,29/05/1999 13:00:00,0,Aprilia RSV 1000 [1999],World Superbikes,
3,Rider,Peter Goddard,34.20116331784367,0.660593564498174,29/05/1999 13:00:00,1,Aprilia RSV 1000 [1999],World Superbikes,
3,Rider,Peter Goddard,34.20021262980138,0.6599044393828746,29/05/1999 13:00:00,2,Aprilia RSV 1000 [1999],World Superbikes,
3,Rider,Peter Goddard,34.200053848563705,0.6592794081074194,12/06/1999 13:00:00,0,Aprilia RSV 1000 [1999],World Superbikes,
3,Rider,Peter Goddard,34.19835051732557,0.6587211835326582,12/06/1999 13:00:00,1,Aprilia RSV 1000 [1999],World Superbikes,
3,Rider,Peter Goddard,34.19661826466069,0.6582334556908243,12/06/1999 13:00:00,2,Aprilia RSV 1000 [1999],World Superbikes,
3,Rider,Peter Goddard,34.19488166622648,0.6578109436359021,26/06/1999 13:00:00,0,Aprilia RSV 1000 [1999],World Superbikes,
3,Rider,Peter Goddard,34.19353375872229,0.6574553039035116,26/06/1999 13:00:00,1,Aprilia RSV 1000 [1999],World Superbikes,
3,Rider,Peter Goddard,34.193288945973464,0.6571663086779888,26/06/1999 13:00:00,2,Aprilia RSV 1000 [1999],World Superbikes,
3,Rider,Peter Goddard,34.19381013193009,0.6569379184339899,10/07/1999 13:00:00,0,Aprilia RSV 1000 [1999],World Superbikes,
3,Rider,Peter Goddard,34.19377528154712,0.6567767958384355,10/07/1999 13:00:00,1,Aprilia RSV 1000 [1999],World Superbikes,
3,Rider,Peter Goddard,34.19274613970177,0.6566844719926462,10/07/1999 13:00:00,2,Aprilia RSV 1000 [1999],World Superbikes,
3,Rider,Peter Goddard,34.18941923136509,0.65666010037716,31/07/1999 13:00:00,0,Aprilia RSV 1000 [1999],World Superbikes,
3,Rider,Peter Goddard,34.18601689782213,0.6567073114896048,31/07/1999 13:00:00,1,Aprilia RSV 1000 [1999],World Superbikes,
3,Rider,Peter Goddard,34.182536497330545,0.6568254566819435,31/07/1999 13:00:00,2,Aprilia RSV 1000 [1999],World Superbikes,
3,Rider,Peter Goddard,34.17767483674869,0.6570120479954958,28/08/1999 13:00:00,0,Aprilia RSV 1000 [1999],World Superbikes,
3,Rider,Peter Goddard,34.172109457812915,0.6572646071236915,28/08/1999 13:00:00,1,Aprilia RSV 1000 [1999],World Superbikes,
3,Rider,Peter Goddard,34.16643715483783,0.6575858435143139,28/08/1999 13:00:00,2,Aprilia RSV 1000 [1999],World Superbikes,
3,Rider,Peter Goddard,34.16172803013445,0.6579665826925382,04/09/1999 13:00:00,0,Aprilia RSV 1000 [1999],World Superbikes,
3,Rider,Peter Goddard,34.15801123441065,0.6584215934626209,04/09/1999 13:00:00,1,Aprilia RSV 1000 [1999],World Superbikes,
3,Rider,Peter Goddard,34.15385631624968,0.6589464912920502,04/09/1999 13:00:00,2,Aprilia RSV 1000 [1999],World Superbikes,
3,Rider,Peter Goddard,34.149960114720336,0.6595377960790737,11/09/1999 13:00:00,0,Aprilia RSV 1000 [1999],World Superbikes,
3,Rider,Peter Goddard,34.147212529963795,0.6601994875038506,11/09/1999 13:00:00,1,Aprilia RSV 1000 [1999],World Superbikes,
3,Rider,Peter Goddard,34.14377909894409,0.6609310382903766,11/09/1999 13:00:00,2,Aprilia RSV 1000 [1999],World Superbikes,
3,Rider,Peter Goddard,34.139833035589376,0.6617273579196664,09/10/1999 13:00:00,0,Aprilia RSV 1000 [1999],World Superbikes,
3,Rider,Peter Goddard,34.13627865207666,0.6625955297993362,09/10/1999 13:00:00,1,Aprilia RSV 1000 [1999],World Superbikes,
3,Rider,Peter Goddard,34.13330266594686,0.6635355266500716,17/06/2000 13:00:00,0,Kawasaki ZX-7 RR [2000],World Superbikes,
3,Rider,Peter Goddard,34.13051797579127,0.6645510898013277,17/06/2000 13:00:00,1,Kawasaki ZX-7 RR [2000],World Superbikes,
3,Rider,Peter Goddard,34.12645612562572,0.6656410887681948,17/06/2000 13:00:00,2,Kawasaki ZX-7 RR [2000],World Superbikes,
3,Rider,Peter Goddard,34.121818353064235,0.6668015630155345,24/06/2000 13:00:00,0,Kawasaki ZX-7 RR [2000],World Superbikes,
3,Rider,Peter Goddard,34.117437200534845,0.6680405706843073,24/06/2000 13:00:00,1,Kawasaki ZX-7 RR [2000],World Superbikes,
3,Rider,Peter Goddard,34.11363960386935,0.6693578984297065,24/06/2000 13:00:00,2,Kawasaki ZX-7 RR [2000],World Superbikes,
3,Rider,Peter Goddard,34.109479837123196,0.6707500836745283,08/07/2000 13:00:00,0,Kawasaki ZX-7 RR [2000],World Superbikes,
3,Rider,Peter Goddard,34.10553532036112,0.6722189096997436,08/07/2000 13:00:00,1,Kawasaki ZX-7 RR [2000],World Superbikes,
3,Rider,Peter Goddard,34.10244970118157,0.6737638432257133,08/07/2000 13:00:00,2,Kawasaki ZX-7 RR [2000],World Superbikes,
3,Rider,Peter Goddard,34.09974523026057,0.6753803495862437,09/09/2000 13:00:00,0,Kawasaki ZX-7 RR [2000],World Superbikes,
3,Rider,Peter Goddard,34.09580203136171,0.6770756759014419,09/09/2000 13:00:00,1,Kawasaki ZX-7 RR [2000],World Superbikes,
3,Rider,Peter Goddard,34.090993777986576,0.6788524221961977,09/09/2000 13:00:00,2,Kawasaki ZX-7 RR [2000],World Superbikes,
3,Rider,Peter Goddard,34.086575870180056,0.6807026535038136,21/06/2001 13:00:00,0,Benelli Tornado 900 [2001],World Superbikes,
3,Rider,Peter Goddard,34.08220750107108,0.6826297122788256,22/06/2001 13:00:00,0,Benelli Tornado 900 [2001],World Superbikes,
3,Rider,Peter Goddard,34.078729924652286,0.6846303617682006,06/07/2001 13:00:00,0,Benelli Tornado 900 [2001],World Superbikes,
3,Rider,Peter Goddard,34.07514285986779,0.6867046227233333,07/07/2001 13:00:00,0,Benelli Tornado 900 [2001],World Superbikes,
3,Rider,Peter Goddard,34.071186519724506,0.6888543610161725,27/07/2001 13:00:00,0,Benelli Tornado 900 [2001],World Superbikes,
3,Rider,Peter Goddard,34.06821492568459,0.6910752312368222,27/07/2001 13:00:00,1,Benelli Tornado 900 [2001],World Superbikes,
3,Rider,Peter Goddard,34.06588871307973,0.6933705295562327,30/08/2001 13:00:00,0,Benelli Tornado 900 [2001],World Superbikes,
3,Rider,Peter Goddard,34.063505530703566,0.695744193940489,31/08/2001 13:00:00,0,Benelli Tornado 900 [2001],World Superbikes,
3,Rider,Peter Goddard,34.06147263431588,0.698194899428301,06/09/2001 13:00:00,0,Benelli Tornado 900 [2001],World Superbikes,
3,Rider,Peter Goddard,34.05942222593511,0.7007221738944283,07/09/2001 13:00:00,0,Benelli Tornado 900 [2001],World Superbikes,
3,Rider,Peter Goddard,34.0566139555683,0.7033313996539386,27/09/2001 13:00:00,0,Benelli Tornado 900 [2001],World Superbikes,
3,Rider,Peter Goddard,34.05365857728772,0.7060231607829875,28/09/2001 13:00:00,0,Benelli Tornado 900 [2001],World Superbikes,
3,Rider,Peter Goddard,34.05091336316338,0.7087972930084402,09/05/2002 13:00:00,0,Benelli Tornado 900 [2002],World Superbikes,
3,Rider,Peter Goddard,34.05004934042157,0.7116510800137212,10/05/2002 13:00:00,0,Benelli Tornado 900 [2002],World Superbikes,
3,Rider,Peter Goddard,34.047005146329575,0.7145899780558532,24/05/2002 13:00:00,0,Benelli Tornado 900 [2002],World Superbikes,
3,Rider,Peter Goddard,34.04313573281876,0.7176190719463009,24/05/2002 13:00:00,1,Benelli Tornado 900 [2002],World Superbikes,
3,Rider,Peter Goddard,34.03993312723067,0.7207351723989661,06/06/2002 13:00:00,0,Benelli Tornado 900 [2002],World Superbikes,
3,Rider,Peter Goddard,34.035330476335005,0.7239411256800055,07/06/2002 13:00:00,0,Benelli Tornado 900 [2002],World Superbikes,
3,Rider,Peter Goddard,34.031153015358754,0.7272343906337139,20/06/2002 13:00:00,0,Benelli Tornado 900 [2002],World Superbikes,
3,Rider,Peter Goddard,34.027479247568714,0.7306173409155575,21/06/2002 13:00:00,0,Benelli Tornado 900 [2002],World Superbikes,
3,Rider,Peter Goddard,34.0240895663434,0.7340918295184228,12/07/2002 13:00:00,0,Benelli Tornado 900 [2002],World Superbikes,
3,Rider,Peter Goddard,34.02057146597655,0.7376569104143399,13/07/2002 13:00:00,0,Benelli Tornado 900 [2002],World Superbikes,
3,Rider,Peter Goddard,34.016872113047405,0.7413140868233485,26/07/2002 13:00:00,0,Benelli Tornado 900 [2002],World Superbikes,
3,Rider,Peter Goddard,34.01331265740679,0.7450663222664693,26/07/2002 13:00:00,1,Benelli Tornado 900 [2002],World Superbikes,
3,Rider,Peter Goddard,34.01088792778532,0.748909879858511,29/08/2002 13:00:00,0,Benelli Tornado 900 [2002],World Superbikes,
3,Rider,Peter Goddard,34.00844247586537,0.752846734676583,30/08/2002 13:00:00,0,Benelli Tornado 900 [2002],World Superbikes,
3,Rider,Peter Goddard,34.00672530199492,0.7568758445314892,05/09/2002 13:00:00,0,Benelli Tornado 900 [2002],World Superbikes,
3,Rider,Peter Goddard,34.00583557511951,0.7610006573954631,06/09/2002 13:00:00,0,Benelli Tornado 900 [2002],World Superbikes,
3,Rider,Peter Goddard,34.005988517058306,0.7652214367039343,26/09/2002 13:00:00,0,Benelli Tornado 900 [2002],World Superbikes,
3,Rider,Peter Goddard,34.00671314246372,0.7695444752759918,27/09/2002 13:00:00,0,Benelli Tornado 900 [2002],World Superbikes,
4,Bike,Suzuki GSX-R 750 [1998],29.253098676343008,1.1496141963783042,21/03/1998 13:00:00,0,,World Superbikes,
4,Bike,Suzuki GSX-R 750 [1998],29.252940803682616,1.146865158504404,21/03/1998 13:00:00,1,,World Superbikes,
4,Bike,Suzuki GSX-R 750 [1998],29.25237545009757,1.1442641675649934,21/03/1998 13:00:00,2,,World Superbikes,
4,Bike,Suzuki GSX-R 750 [1998],29.252418224278628,1.1418261067028035,12/04/1998 13:00:00,0,,World Superbikes,
4,Bike,Suzuki GSX-R 750 [1998],29.25178018048461,1.1395707044356138,12/04/1998 13:00:00,1,,World Superbikes,
4,Bike,Suzuki GSX-R 750 [1998],29.250853886452262,1.1374993626250323,09/05/1998 13:00:00,0,,World Superbikes,
4,Bike,Suzuki GSX-R 750 [1998],29.250058772343408,1.1356059641853837,09/05/1998 13:00:00,1,,World Superbikes,
4,Bike,Suzuki GSX-R 750 [1998],29.24943270936004,1.1338944227997825,09/05/1998 13:00:00,2,,World Superbikes,
4,Bike,Suzuki GSX-R 750 [1998],29.250022743647282,1.1323480594741313,23/05/1998 13:00:00,0,,World Superbikes,
4,Bike,Suzuki GSX-R 750 [1998],29.25046067247827,1.130977725079772,23/05/1998 13:00:00,1,,World Superbikes,
4,Bike,Suzuki GSX-R 750 [1998],29.25146084630922,1.1297543458774175,06/06/1998 13:00:00,0,,World Superbikes,
4,Bike,Suzuki GSX-R 750 [1998],29.252737689181867,1.1287043293032588,06/06/1998 13:00:00,1,,World Superbikes,
4,Bike,Suzuki GSX-R 750 [1998],29.25485307329527,1.1278147441181825,06/06/1998 13:00:00,2,,World Superbikes,
4,Bike,Suzuki GSX-R 750 [1998],29.257088577272043,1.1270915511408304,20/06/1998 13:00:00,0,,World Superbikes,
4,Bike,Suzuki GSX-R 750 [1998],29.259886243228703,1.1265230556993377,20/06/1998 13:00:00,1,,World Superbikes,
4,Bike,Suzuki GSX-R 750 [1998],29.263122312399556,1.1261183661703333,20/06/1998 13:00:00,2,,World Superbikes,
4,Bike,Suzuki GSX-R 750 [1998],29.26613545145911,1.125891893034793,04/07/1998 13:00:00,0,,World Superbikes,
4,Bike,Suzuki GSX-R 750 [1998],29.26879776320704,1.1258486847915605,04/07/1998 13:00:00,1,,World Superbikes,
4,Bike,Suzuki GSX-R 750 [1998],29.271581889547505,1.1259849738503742,04/07/1998 13:00:00,2,,World Superbikes,
4,Bike,Suzuki GSX-R 750 [1998],29.274283921811836,1.126301148975637,11/07/1998 13:00:00,0,,World Superbikes,
4,Bike,Suzuki GSX-R 750 [1998],29.27672805402986,1.1267915345624886,11/07/1998 13:00:00,1,,World Superbikes,
4,Bike,Suzuki GSX-R 750 [1998],29.279697702594557,1.1274594409438596,11/07/1998 13:00:00,2,,World Superbikes,
4,Bike,Suzuki GSX-R 750 [1998],29.282610359832507,1.1282882073111529,01/08/1998 13:00:00,0,,World Superbikes,
4,Bike,Suzuki GSX-R 750 [1998],29.28529024781998,1.129291636923308,01/08/1998 13:00:00,1,,World Superbikes,
4,Bike,Suzuki GSX-R 750 [1998],29.288264614693343,1.1304539808010494,01/08/1998 13:00:00,2,,World Superbikes,
4,Bike,Suzuki GSX-R 750 [1998],29.291294598263757,1.1317980966241723,29/08/1998 13:00:00,0,,World Superbikes,
4,Bike,Suzuki GSX-R 750 [1998],29.294766193167945,1.1332924831888507,29/08/1998 13:00:00,1,,World Superbikes,
4,Bike,Suzuki GSX-R 750 [1998],29.298811889898282,1.1349449462730434,29/08/1998 13:00:00,2,,World Superbikes,
4,Bike,Suzuki GSX-R 750 [1998],29.3016061277604,1.136777246792603,05/09/1998 13:00:00,0,,World Superbikes,
4,Bike,Suzuki GSX-R 750 [1998],29.30329990339457,1.138791349703675,05/09/1998 13:00:00,1,,World Superbikes,
4,Bike,Suzuki GSX-R 750 [1998],29.305089825485894,1.1409829366069197,05/09/1998 13:00:00,2,,World Superbikes,
4,Bike,Suzuki GSX-R 750 [1998],29.30518514217487,1.143351183045139,03/10/1998 13:00:00,0,,World Superbikes,
4,Bike,Suzuki GSX-R 750 [1998],29.306037453396893,1.1459029982041742,03/10/1998 13:00:00,1,,World Superbikes,
4,Bike,Suzuki GSX-R 750 [1998],29.306488606151124,1.1486388815798423,03/10/1998 13:00:00,2,,World Superbikes,
5,Rider,Noriyuki Haga,38.89575274257801,0.729168326126966,21/03/1998 13:00:00,0,Yamaha YZF 750 R [1998],World Superbikes,
5,Rider,Noriyuki Haga,38.89539691774267,0.7245837562606046,21/03/1998 13:00:00,1,Yamaha YZF 750 R [1998],World Superbikes,
5,Rider,Noriyuki Haga,38.892973503062635,0.720084363418753,21/03/1998 13:00:00,2,Yamaha YZF 750 R [1998],World Superbikes,
5,Rider,Noriyuki Haga,38.8905500101256,0.7156725069400386,12/04/1998 13:00:00,0,Yamaha YZF 750 R [1998],World Superbikes,
5,Rider,Noriyuki Haga,38.886949955470065,0.7113514866781693,12/04/1998 13:00:00,1,Yamaha YZF 750 R [1998],World Superbikes,
5,Rider,Noriyuki Haga,38.88282264525479,0.7071224392323489,09/05/1998 13:00:00,0,Yamaha YZF 750 R [1998],World Superbikes,
5,Rider,Noriyuki Haga,38.87846485375604,0.70297911961298,09/05/1998 13:00:00,1,Yamaha YZF 750 R [1998],World Superbikes,
5,Rider,Noriyuki Haga,38.875091836743344,0.6989202209214955,09/05/1998 13:00:00,2,Yamaha YZF 750 R [1998],World Superbikes,
5,Rider,Noriyuki Haga,38.874099534148435,0.6949363813266125,23/05/1998 13:00:00,0,Yamaha YZF 750 R [1998],World Superbikes,
5,Rider,Noriyuki Haga,38.87504559415857,0.6910367243068032,23/05/1998 13:00:00,1,Yamaha YZF 750 R [1998],World Superbikes,
5,Rider,Noriyuki Haga,38.87550099573406,0.6872184963903734,06/06/1998 13:00:00,0,Yamaha YZF 750 R [1998],World Superbikes,
5,Rider,Noriyuki Haga,38.874356463502885,0.6834772243536137,06/06/1998 13:00:00,1,Yamaha YZF 750 R [1998],World Superbikes,
5,Rider,Noriyuki Haga,38.872362620902244,0.6798144854345667,06/06/1998 13:00:00,2,Yamaha YZF 750 R [1998],World Superbikes,
5,Rider,Noriyuki Haga,38.8701707799824,0.6762269912631961,20/06/1998 13:00:00,0,Yamaha YZF 750 R [1998],World Superbikes,
5,Rider,Noriyuki Haga,38.86779413007666,0.6727149122714553,20/06/1998 13:00:00,1,Yamaha YZF 750 R [1998],World Superbikes,
5,Rider,Noriyuki Haga,38.865306641984695,0.6692788925283861,20/06/1998 13:00:00,2,Yamaha YZF 750 R [1998],World Superbikes,
5,Rider,Noriyuki Haga,38.86231137069438,0.6659114154329598,04/07/1998 13:00:00,0,Yamaha YZF 750 R [1998],World Superbikes,
5,Rider,Noriyuki Haga,38.86038226915456,0.6626120897818137,04/07/1998 13:00:00,1,Yamaha YZF 750 R [1998],World Superbikes,
5,Rider,Noriyuki Haga,38.857736842726645,0.6593811257737139,04/07/1998 13:00:00,2,Yamaha YZF 750 R [1998],World Superbikes,
5,Rider,Noriyuki Haga,38.85527565673249,0.6562177268810244,11/07/1998 13:00:00,0,Yamaha YZF 750 R [1998],World Superbikes,
5,Rider,Noriyuki Haga,38.853849661484716,0.6531239694060735,11/07/1998 13:00:00,1,Yamaha YZF 750 R [1998],World Superbikes,
5,Rider,Noriyuki Haga,38.85025889852724,0.6500951213842384,11/07/1998 13:00:00,2,Yamaha YZF 750 R [1998],World Superbikes,
5,Rider,Noriyuki Haga,38.846531947909895,0.6471312606319791,01/08/1998 13:00:00,0,Yamaha YZF 750 R [1998],World Superbikes,
5,Rider,Noriyuki Haga,38.84249981257472,0.6442359983632552,01/08/1998 13:00:00,1,Yamaha YZF 750 R [1998],World Superbikes,
5,Rider,Noriyuki Haga,38.838499672035375,0.6414069839763334,01/08/1998 13:00:00,2,Yamaha YZF 750 R [1998],World Superbikes,
5,Rider,Noriyuki Haga,38.83585034437624,0.6386301243061544,29/08/1998 13:00:00,0,Yamaha YZF 750 R [1998],World Superbikes,
5,Rider,Noriyuki Haga,38.834385176035,0.6359129298440087,29/08/1998 13:00:00,1,Yamaha YZF 750 R [1998],World Superbikes,
5,Rider,Noriyuki Haga,38.833012842080585,0.633254978145717,29/08/1998 13:00:00,2,Yamaha YZF 750 R [1998],World Superbikes,
5,Rider,Noriyuki Haga,38.832831703251955,0.6306506108065164,05/09/1998 13:00:00,0,Yamaha YZF 750 R [1998],World Superbikes,
5,Rider,Noriyuki Haga,38.83311280950544,0.6281035079114123,05/09/1998 13:00:00,1,Yamaha YZF 750 R [1998],World Superbikes,
5,Rider,Noriyuki Haga,38.83600684705627,0.6256066795465236,05/09/1998 13:00:00,2,Yamaha YZF 750 R [1998],World Superbikes,
5,Rider,Noriyuki Haga,38.8418941386984,0.623144228233575,03/10/1998 13:00:00,0,Yamaha YZF 750 R [1998],World Superbikes,
5,Rider,Noriyuki Haga,38.84601252047382,0.6207357461783909,03/10/1998 13:00:00,1,Yamaha YZF 750 R [1998],World Superbikes,
5,Rider,Noriyuki Haga,38.847451848728916,0.6183652923308381,03/10/1998 13:00:00,2,Yamaha YZF 750 R [1998],World Superbikes,
5,Rider,Noriyuki Haga,38.84692451023366,0.6160414503849181,27/03/1999 13:00:00,0,Yamaha YZF-R7 [1999],World Superbikes,
5,Rider,Noriyuki Haga,38.84613026072501,0.6137648903550695,27/03/1999 13:00:00,1,Yamaha YZF-R7 [1999],World Superbikes,
5,Rider,Noriyuki Haga,38.844648904195694,0.6115343161812964,27/03/1999 13:00:00,2,Yamaha YZF-R7 [1999],World Superbikes,
5,Rider,Noriyuki Haga,38.84210018675821,0.6093471820134214,17/04/1999 13:00:00,0,Yamaha YZF-R7 [1999],World Superbikes,
5,Rider,Noriyuki Haga,38.83975615221669,0.6072110850141682,17/04/1999 13:00:00,1,Yamaha YZF-R7 [1999],World Superbikes,
5,Rider,Noriyuki Haga,38.83776522944365,0.6051259457007473,17/04/1999 13:00:00,2,Yamaha YZF-R7 [1999],World Superbikes,
5,Rider,Noriyuki Haga,38.836413003738286,0.6030887555574683,01/05/1999 13:00:00,0,Yamaha YZF-R7 [1999],World Superbikes,
5,Rider,Noriyuki Haga,38.835496776171716,0.6011021906037043,01/05/1999 13:00:00,1,Yamaha YZF-R7 [1999],World Superbikes,
5,Rider,Noriyuki Haga,38.833627270943104,0.5991626254964916,01/05/1999 13:00:00,2,Yamaha YZF-R7 [1999],World Superbikes,
5,Rider,Noriyuki Haga,38.83199676470595,0.5972688000197149,15/05/1999 13:00:00,0,Yamaha YZF-R7 [1999],World Superbikes,
5,Rider,Noriyuki Haga,38.830866643293646,0.5954154241624973,15/05/1999 13:00:00,1,Yamaha YZF-R7 [1999],World Superbikes,
5,Rider,Noriyuki Haga,38.830140603722406,0.5936011499036519,15/05/1999 13:00:00,2,Yamaha YZF-R7 [1999],World Superbikes,
5,Rider,Noriyuki Haga,38.82802064029895,0.5918218637068274,29/05/1999 13:00:00,0,Yamaha YZF-R7 [1999],World Superbikes,
5,Rider,Noriyuki Haga,38.82703063838249,0.5900868039701228,29/05/1999 13:00:00,1,Yamaha YZF-R7 [1999],World Superbikes,
5,Rider,Noriyuki Haga,38.82734993321356,0.5883956644932336,29/05/1999 13:00:00,2,Yamaha YZF-R7 [1999],World Superbikes,
5,Rider,Noriyuki Haga,38.827591474331626,0.5867433017033913,12/06/1999 13:00:00,0,Yamaha YZF-R7 [1999],World Superbikes,
5,Rider,Noriyuki Haga,38.82850900404529,0.5851314221914576,12/06/1999 13:00:00,1,Yamaha YZF-R7 [1999],World Superbikes,
5,Rider,Noriyuki Haga,38.82887680038317,0.5835560290632654,12/06/1999 13:00:00,2,Yamaha YZF-R7 [1999],World Superbikes,
5,Rider,Noriyuki Haga,38.829294945368574,0.5820133494013885,26/06/1999 13:00:00,0,Yamaha YZF-R7 [1999],World Superbikes,
5,Rider,Noriyuki Haga,38.83024390075173,0.5805040987040835,26/06/1999 13:00:00,1,Yamaha YZF-R7 [1999],World Superbikes,
5,Rider,Noriyuki Haga,38.83089550726255,0.5790260800596357,26/06/1999 13:00:00,2,Yamaha YZF-R7 [1999],World Superbikes,
5,Rider,Noriyuki Haga,38.83050832193578,0.5775773788490358,10/07/1999 13:00:00,0,Yamaha YZF-R7 [1999],World Superbikes,
5,Rider,Noriyuki Haga,38.82978535715838,0.5761622854415056,10/07/1999 13:00:00,1,Yamaha YZF-R7 [1999],World Superbikes,
5,Rider,Noriyuki Haga,38.82844947388537,0.5747810701142708,10/07/1999 13:00:00,2,Yamaha YZF-R7 [1999],World Superbikes,
5,Rider,Noriyuki Haga,38.82739421832442,0.5734329745224116,31/07/1999 13:00:00,0,Yamaha YZF-R7 [1999],World Superbikes,
5,Rider,Noriyuki Haga,38.82679951170734,0.5721205292291377,31/07/1999 13:00:00,1,Yamaha YZF-R7 [1999],World Superbikes,
5,Rider,Noriyuki Haga,38.826628969565434,0.570843431571797,31/07/1999 13:00:00,2,Yamaha YZF-R7 [1999],World Superbikes,
5,Rider,Noriyuki Haga,38.825436132779856,0.5695964695585991,28/08/1999 13:00:00,0,Yamaha YZF-R7 [1999],World Superbikes,
5,Rider,Noriyuki Haga,38.82440583996373,0.5683773108710635,28/08/1999 13:00:00,1,Yamaha YZF-R7 [1999],World Superbikes,
5,Rider,Noriyuki Haga,38.824832556615114,0.5671884869887759,28/08/1999 13:00:00,2,Yamaha YZF-R7 [1999],World Superbikes,
5,Rider,Noriyuki Haga,38.82623649393409,0.5660264486415065,04/09/1999 13:00:00,0,Yamaha YZF-R7 [1999],World Superbikes,
5,Rider,Noriyuki Haga,38.82718711461579,0.564890543851283,04/09/1999 13:00:00,1,Yamaha YZF-R7 [1999],World Superbikes,
5,Rider,Noriyuki Haga,38.82772277761979,0.5637804577298152,04/09/1999 13:00:00,2,Yamaha YZF-R7 [1999],World Superbikes,
5,Rider,Noriyuki Haga,38.83012780808891,0.5626950796782034,11/09/1999 13:00:00,0,Yamaha YZF-R7 [1999],World Superbikes,
5,Rider,Noriyuki Haga,38.83372352585645,0.5616368820088188,11/09/1999 13:00:00,1,Yamaha YZF-R7 [1999],World Superbikes,
5,Rider,Noriyuki Haga,38.8388077509363,0.5606053439407734,11/09/1999 13:00:00,2,Yamaha YZF-R7 [1999],World Superbikes,
5,Rider,Noriyuki Haga,38.84423660127929,0.5595965049870345,09/10/1999 13:00:00,0,Yamaha YZF-R7 [1999],World Superbikes,
5,Rider,Noriyuki Haga,38.85086501423402,0.5586172896120911,09/10/1999 13:00:00,1,Yamaha YZF-R7 [1999],World Superbikes,
5,Rider,Noriyuki Haga,38.85784166223329,0.557667735015341,09/10/1999 13:00:00,2,Yamaha YZF-R7 [1999],World Superbikes,
5,Rider,Noriyuki Haga,38.86415980465727,0.556743318840674,01/04/2000 13:00:00,0,Yamaha YZF-R7 [2000],World Superbikes,
5,Rider,Noriyuki Haga,38.86952523068794,0.555835587584813,01/04/2000 13:00:00,1,Yamaha YZF-R7 [2000],World Superbikes,
5,Rider,Noriyuki Haga,38.87402075317147,0.5549455004010213,01/04/2000 13:00:00,2,Yamaha YZF-R7 [2000],World Superbikes,
5,Rider,Noriyuki Haga,38.87852863409899,0.5540735920255891,22/04/2000 13:00:00,0,Yamaha YZF-R7 [2000],World Superbikes,
5,Rider,Noriyuki Haga,38.88258401089739,0.5532202603507655,22/04/2000 13:00:00,1,Yamaha YZF-R7 [2000],World Superbikes,
5,Rider,Noriyuki Haga,38.886110954601556,0.5523844902410472,22/04/2000 13:00:00,2,Yamaha YZF-R7 [2000],World Superbikes,
5,Rider,Noriyuki Haga,38.88958881417019,0.5515691538861189,29/04/2000 13:00:00,0,Yamaha YZF-R7 [2000],World Superbikes,
5,Rider,Noriyuki Haga,38.89140313823025,0.5507714187177706,29/04/2000 13:00:00,1,Yamaha YZF-R7 [2000],World Superbikes,
5,Rider,Noriyuki Haga,38.89341462650271,0.5499991644700251,29/04/2000 13:00:00,2,Yamaha YZF-R7 [2000],World Superbikes,
5,Rider,Noriyuki Haga,38.89367779543116,0.5492396071844023,13/05/2000 13:00:00,0,Yamaha YZF-R7 [2000],World Superbikes,
5,Rider,Noriyuki Haga,38.89459831356463,0.5485054109824907,13/05/2000 13:00:00,1,Yamaha YZF-R7 [2000],World Superbikes,
5,Rider,Noriyuki Haga,38.89395681372062,0.5477859282729818,13/05/2000 13:00:00,2,Yamaha YZF-R7 [2000],World Superbikes,
5,Rider,Noriyuki Haga,38.89328088168368,0.5470871840218143,20/05/2000 13:00:00,0,Yamaha YZF-R7 [2000],World Superbikes,
5,Rider,Noriyuki Haga,38.89339572598052,0.546411024174675,20/05/2000 13:00:00,1,Yamaha YZF-R7 [2000],World Superbikes,
5,Rider,Noriyuki Haga,38.894427816042814,0.5457569995547734,20/05/2000 13:00:00,2,Yamaha YZF-R7 [2000],World Superbikes,
5,Rider,Noriyuki Haga,38.89567895838572,0.5451182954070477,03/06/2000 13:00:00,0,Yamaha YZF-R7 [2000],World Superbikes,
5,Rider,Noriyuki Haga,38.896462975992854,0.5444971032495665,03/06/2000 13:00:00,1,Yamaha YZF-R7 [2000],World Superbikes,
5,Rider,Noriyuki Haga,38.89762182060214,0.543896585940346,03/06/2000 13:00:00,2,Yamaha YZF-R7 [2000],World Superbikes,
5,Rider,Noriyuki Haga,38.898518832802786,0.543310909757839,17/06/2000 13:00:00,0,Yamaha YZF-R7 [2000],World Superbikes,
5,Rider,Noriyuki Haga,38.90002910146475,0.5427452338739746,17/06/2000 13:00:00,1,Yamaha YZF-R7 [2000],World Superbikes,
5,Rider,Noriyuki Haga,38.902257235993325,0.5422001134356801,17/06/2000 13:00:00,2,Yamaha YZF-R7 [2000],World Superbikes,
5,Rider,Noriyuki Haga,38.90350229238741,0.5416582486632245,24/06/2000 13:00:00,0,Yamaha YZF-R7 [2000],World Superbikes,
5,Rider,Noriyuki Haga,38.90530725128331,0.5411363396778963,24/06/2000 13:00:00,1,Yamaha YZF-R7 [2000],World Superbikes,
5,Rider,Noriyuki Haga,38.90827712594446,0.5406335892167187,24/06/2000 13:00:00,2,Yamaha YZF-R7 [2000],World Superbikes,
5,Rider,Noriyuki Haga,38.91130904329433,0.5401478839194035,08/07/2000 13:00:00,0,Yamaha YZF-R7 [2000],World Superbikes,
5,Rider,Noriyuki Haga,38.91392066311946,0.5396763140962608,08/07/2000 13:00:00,1,Yamaha YZF-R7 [2000],World Superbikes,
5,Rider,Noriyuki Haga,38.915507693037455,0.5392164596256976,08/07/2000 13:00:00,2,Yamaha YZF-R7 [2000],World Superbikes,
5,Rider,Noriyuki Haga,38.9165599263807,0.538767327655611,05/08/2000 13:00:00,0,Yamaha YZF-R7 [2000],World Superbikes,
5,Rider,Noriyuki Haga,38.91593781848412,0.5383267907495967,05/08/2000 13:00:00,1,Yamaha YZF-R7 [2000],World Superbikes,
5,Rider,Noriyuki Haga,38.91306248694957,0.5378828482758733,02/09/2000 13:00:00,0,Yamaha YZF-R7 [2000],World Superbikes,
5,Rider,Noriyuki Haga,38.90809156296675,0.5374326677128571,02/09/2000 13:00:00,1,Yamaha YZF-R7 [2000],World Superbikes,
5,Rider,Noriyuki Haga,38.902716597806545,0.5369960732647471,02/09/2000 13:00:00,2,Yamaha YZF-R7 [2000],World Superbikes,
5,Rider,Noriyuki Haga,38.89673048033864,0.5365690791616278,09/09/2000 13:00:00,0,Yamaha YZF-R7 [2000],World Superbikes,
5,Rider,Noriyuki Haga,38.89185415807547,0.5361599696722058,09/09/2000 13:00:00,1,Yamaha YZF-R7 [2000],World Superbikes,
5,Rider,Noriyuki Haga,38.88667170526716,0.5357639444994794,08/03/2002 13:00:00,0,Aprilia RSV 1000 [2002],World Superbikes,
5,Rider,Noriyuki Haga,38.880349048430936,0.5353736304641711,08/03/2002 13:00:00,1,Aprilia RSV 1000 [2002],World Superbikes,
5,Rider,Noriyuki Haga,38.8733921212446,0.5349892758756692,09/03/2002 13:00:00,0,Aprilia RSV 1000 [2002],World Superbikes,
5,Rider,Noriyuki Haga,38.86585488381132,0.5346094534069712,21/03/2002 13:00:00,0,Aprilia RSV 1000 [2002],World Superbikes,
5,Rider,Noriyuki Haga,38.85770539643412,0.5342373655103608,22/03/2002 13:00:00,0,Aprilia RSV 1000 [2002],World Superbikes,
5,Rider,Noriyuki Haga,38.849502116050196,0.5338729572549465,22/03/2002 13:00:00,1,Aprilia RSV 1000 [2002],World Superbikes,
5,Rider,Noriyuki Haga,38.840160842674,0.533510384598406,04/04/2002 13:00:00,0,Aprilia RSV 1000 [2002],World Superbikes,
5,Rider,Noriyuki Haga,38.83114433627397,0.5331539617663271,05/04/2002 13:00:00,0,Aprilia RSV 1000 [2002],World Superbikes,
5,Rider,Noriyuki Haga,38.82250955895562,0.5328064004845453,06/04/2002 13:00:00,0,Aprilia RSV 1000 [2002],World Superbikes,
5,Rider,Noriyuki Haga,38.813430471512845,0.5324610521787442,18/04/2002 13:00:00,0,Aprilia RSV 1000 [2002],World Superbikes,
5,Rider,Noriyuki Haga,38.802940633346466,0.5321223735639098,19/04/2002 13:00:00,0,Aprilia RSV 1000 [2002],World Superbikes,
5,Rider,Noriyuki Haga,38.79144453763467,0.5317921485738821,19/04/2002 13:00:00,1,Aprilia RSV 1000 [2002],World Superbikes,
5,Rider,Noriyuki Haga,38.77773817571195,0.531454590699837,09/05/2002 13:00:00,0,Aprilia RSV 1000 [2002],World Superbikes,
5,Rider,Noriyuki Haga,38.76557382535801,0.5311298683411338,10/05/2002 13:00:00,0,Aprilia RSV 1000 [2002],World Superbikes,
5,Rider,Noriyuki Haga,38.7536169410302,0.5308139984381957,11/05/2002 13:00:00,0,Aprilia RSV 1000 [2002],World Superbikes,
5,Rider,Noriyuki Haga,38.74168143578363,0.5305018337321165,24/05/2002 13:00:00,0,Aprilia RSV 1000 [2002],World Superbikes,
5,Rider,Noriyuki Haga,38.73176506603744,0.5302030787173301,24/05/2002 13:00:00,1,Aprilia RSV 1000 [2002],World Superbikes,
5,Rider,Noriyuki Haga,38.721959950432314,0.5299151161178882,25/05/2002 13:00:00,0,Aprilia RSV 1000 [2002],World Superbikes,
5,Rider,Noriyuki Haga,38.711196203403524,0.529631145357654,06/06/2002 13:00:00,0,Aprilia RSV 1000 [2002],World Superbikes,
5,Rider,Noriyuki Haga,38.70271354557453,0.5293579223644514,07/06/2002 13:00:00,0,Aprilia RSV 1000 [2002],World Superbikes,
5,Rider,Noriyuki Haga,38.69564085495677,0.529094675883346,08/06/2002 13:00:00,0,Aprilia RSV 1000 [2002],World Superbikes,
5,Rider,Noriyuki Haga,38.689416816601806,0.5288364423700485,20/06/2002 13:00:00,0,Aprilia RSV 1000 [2002],World Superbikes,
5,Rider,Noriyuki Haga,38.68303286392516,0.5285816289313235,21/06/2002 13:00:00,0,Aprilia RSV 1000 [2002],World Superbikes,
5,Rider,Noriyuki Haga,38.67668967932999,0.5283320470957714,22/06/2002 13:00:00,0,Aprilia RSV 1000 [2002],World Superbikes,
5,Rider,Noriyuki Haga,38.67058312639182,0.5280868915306449,12/07/2002 13:00:00,0,Aprilia RSV 1000 [2002],World Superbikes,
5,Rider,Noriyuki Haga,38.66410750000157,0.5278506332622552,13/07/2002 13:00:00,0,Aprilia RSV 1000 [2002],World Superbikes,
5,Rider,Noriyuki Haga,38.65733977366113,0.5276224397022022,13/07/2002 13:00:00,1,Aprilia RSV 1000 [2002],World Superbikes,
5,Rider,Noriyuki Haga,38.64967368343366,0.527397931532257,26/07/2002 13:00:00,0,Aprilia RSV 1000 [2002],World Superbikes,
5,Rider,Noriyuki Haga,38.64285653857455,0.5271836018770721,26/07/2002 13:00:00,1,Aprilia RSV 1000 [2002],World Superbikes,
5,Rider,Noriyuki Haga,38.636264112643204,0.5269766467959346,27/07/2002 13:00:00,0,Aprilia RSV 1000 [2002],World Superbikes,
5,Rider,Noriyuki Haga,38.63093064417655,0.5267764509824249,29/08/2002 13:00:00,0,Aprilia RSV 1000 [2002],World Superbikes,
5,Rider,Noriyuki Haga,38.627352956741774,0.5265837862113482,30/08/2002 13:00:00,0,Aprilia RSV 1000 [2002],World Superbikes,
5,Rider,Noriyuki Haga,38.62376230724445,0.5263955338782029,31/08/2002 13:00:00,0,Aprilia RSV 1000 [2002],World Superbikes,
5,Rider,Noriyuki Haga,38.61979375131197,0.5262089681172776,05/09/2002 13:00:00,0,Aprilia RSV 1000 [2002],World Superbikes,
5,Rider,Noriyuki Haga,38.61577263135423,0.5260259577589448,06/09/2002 13:00:00,0,Aprilia RSV 1000 [2002],World Superbikes,
5,Rider,Noriyuki Haga,38.61110607232361,0.5258428771400072,07/09/2002 13:00:00,0,Aprilia RSV 1000 [2002],World Superbikes,
5,Rider,Noriyuki Haga,38.60659720132234,0.5256622557464854,26/09/2002 13:00:00,0,Aprilia RSV 1000 [2002],World Superbikes,
5,Rider,Noriyuki Haga,38.60252468677319,0.5254870491487312,27/09/2002 13:00:00,0,Aprilia RSV 1000 [2002],World Superbikes,
5,Rider,Noriyuki Haga,38.59784006126145,0.5252996977005928,28/09/2002 13:00:00,0,Aprilia RSV 1000 [2002],World Superbikes,
5,Rider,Noriyuki Haga,38.592377961057686,0.5251117575180079,27/02/2004 13:00:00,0,Ducati [2004],World Superbikes,
5,Rider,Noriyuki Haga,38.58602766266594,0.5249276037851848,27/02/2004 13:00:00,1,Ducati [2004],World Superbikes,
5,Rider,Noriyuki Haga,38.57831644138845,0.5247439421938161,28/02/2004 13:00:00,0,Ducati [2004],World Superbikes,
5,Rider,Noriyuki Haga,38.57036950083074,0.5245644961749223,25/03/2004 13:00:00,0,Ducati [2004],World Superbikes,
5,Rider,Noriyuki Haga,38.56181550770637,0.5243910787117209,26/03/2004 13:00:00,0,Ducati [2004],World Superbikes,
5,Rider,Noriyuki Haga,38.55347530852968,0.5242239845443559,26/03/2004 13:00:00,1,Ducati [2004],World Superbikes,
5,Rider,Noriyuki Haga,38.544401972550034,0.5240606585372368,15/04/2004 13:00:00,0,Ducati [2004],World Superbikes,
5,Rider,Noriyuki Haga,38.53784554960888,0.523903815569388,16/04/2004 13:00:00,0,Ducati [2004],World Superbikes,
5,Rider,Noriyuki Haga,38.53077970444371,0.5237520500059524,17/04/2004 13:00:00,0,Ducati [2004],World Superbikes,
5,Rider,Noriyuki Haga,38.52474285495602,0.5236046106689676,13/05/2004 13:00:00,0,Ducati [2004],World Superbikes,
5,Rider,Noriyuki Haga,38.51857157677928,0.523463330599759,14/05/2004 13:00:00,0,Ducati [2004],World Superbikes,
5,Rider,Noriyuki Haga,38.51138853236996,0.5233242338737993,15/05/2004 13:00:00,0,Ducati [2004],World Superbikes,
5,Rider,Noriyuki Haga,38.50312641316986,0.5231865710135472,27/05/2004 13:00:00,0,Ducati [2004],World Superbikes,
5,Rider,Noriyuki Haga,38.49352453733556,0.5230508490134527,28/05/2004 13:00:00,0,Ducati [2004],World Superbikes,
5,Rider,Noriyuki Haga,38.48400868422646,0.5229221975999325,29/05/2004 13:00:00,0,Ducati [2004],World Superbikes,
5,Rider,Noriyuki Haga,38.47270982781168,0.5227908922082024,11/06/2004 13:00:00,0,Ducati [2004],World Superbikes,
5,Rider,Noriyuki Haga,38.4603338860363,0.5226620865528158,11/06/2004 13:00:00,1,Ducati [2004],World Superbikes,
5,Rider,Noriyuki Haga,38.44810655466386,0.5225390581886487,12/06/2004 13:00:00,0,Ducati [2004],World Superbikes,
5,Rider,Noriyuki Haga,38.43442587574631,0.5224151950501122,09/07/2004 13:00:00,0,Ducati [2004],World Superbikes,
5,Rider,Noriyuki Haga,38.41990692899617,0.5222938316236457,10/07/2004 13:00:00,0,Ducati [2004],World Superbikes,
5,Rider,Noriyuki Haga,38.403513664614174,0.5221686828750993,10/07/2004 13:00:00,1,Ducati [2004],World Superbikes,
5,Rider,Noriyuki Haga,38.39018923905715,0.5220309896311525,30/07/2004 13:00:00,0,Ducati [2004],World Superbikes,
5,Rider,Noriyuki Haga,38.3756050287808,0.52189667003807,30/07/2004 13:00:00,1,Ducati [2004],World Superbikes,
5,Rider,Noriyuki Haga,38.35910391175533,0.5217588335730078,31/07/2004 13:00:00,0,Ducati [2004],World Superbikes,
5,Rider,Noriyuki Haga,38.34155542595602,0.5216224867255985,02/09/2004 13:00:00,0,Ducati [2004],World Superbikes,
5,Rider,Noriyuki Haga,38.32522514810065,0.5214915690862324,03/09/2004 13:00:00,0,Ducati [2004],World Superbikes,
5,Rider,Noriyuki Haga,38.30913583061876,0.5213662610277466,04/09/2004 13:00:00,0,Ducati [2004],World Superbikes,
5,Rider,Noriyuki Haga,38.292855869967006,0.5212442450090039,23/09/2004 13:00:00,0,Ducati [2004],World Superbikes,
5,Rider,Noriyuki Haga,38.274350182914965,0.5211093470784636,24/09/2004 13:00:00,0,Ducati [2004],World Superbikes,
5,Rider,Noriyuki Haga,38.25536481599789,0.5209799971767478,25/09/2004 13:00:00,0,Ducati [2004],World Superbikes,
5,Rider,Noriyuki Haga,38.235518947934814,0.5208511399344172,30/09/2004 13:00:00,0,Ducati [2004],World Superbikes,
5,Rider,Noriyuki Haga,38.216448706919394,0.5207271442722177,01/10/2004 13:00:00,0,Ducati [2004],World Superbikes,
5,Rider,Noriyuki Haga,38.19781746832274,0.520608552908955,02/10/2004 13:00:00,0,Ducati [2004],World Superbikes,
5,Rider,Noriyuki Haga,38.17923467666066,0.5204924056205288,23/02/2005 13:00:00,0,Yamaha YZF-R1 [2005],World Superbikes,
5,Rider,Noriyuki Haga,38.1607617676875,0.5203819088016298,24/02/2005 13:00:00,0,Yamaha YZF-R1 [2005],World Superbikes,
5,Rider,Noriyuki Haga,38.14277943700766,0.5202786063571698,25/02/2005 13:00:00,0,Yamaha YZF-R1 [2005],World Superbikes,
5,Rider,Noriyuki Haga,38.12482080891357,0.5201778614739689,31/03/2005 13:00:00,0,Yamaha YZF-R1 [2005],World Superbikes,
5,Rider,Noriyuki Haga,38.10909230085283,0.5200844312891921,01/04/2005 13:00:00,0,Yamaha YZF-R1 [2005],World Superbikes,
5,Rider,Noriyuki Haga,38.09488060784348,0.5199985984811962,21/04/2005 13:00:00,0,Yamaha YZF-R1 [2005],World Superbikes,
5,Rider,Noriyuki Haga,38.08286133027799,0.5199202184870214,22/04/2005 13:00:00,0,Yamaha YZF-R1 [2005],World Superbikes,
5,Rider,Noriyuki Haga,38.07197407887897,0.519849578671363,23/04/2005 13:00:00,0,Yamaha YZF-R1 [2005],World Superbikes,
5,Rider,Noriyuki Haga,38.061975517863345,0.5197814184041907,05/05/2005 13:00:00,0,Yamaha YZF-R1 [2005],World Superbikes,
5,Rider,Noriyuki Haga,38.05262139740807,0.5197191618661205,06/05/2005 13:00:00,0,Yamaha YZF-R1 [2005],World Superbikes,
5,Rider,Noriyuki Haga,38.04421362076333,0.5196618961062862,07/05/2005 13:00:00,0,Yamaha YZF-R1 [2005],World Superbikes,
5,Rider,Noriyuki Haga,38.03725004255197,0.5196048824038542,27/05/2005 13:00:00,0,Yamaha YZF-R1 [2005],World Superbikes,
5,Rider,Noriyuki Haga,38.030232833799715,0.5195514578030732,27/05/2005 13:00:00,1,Yamaha YZF-R1 [2005],World Superbikes,
5,Rider,Noriyuki Haga,38.024831676655396,0.5195048125655495,28/05/2005 13:00:00,0,Yamaha YZF-R1 [2005],World Superbikes,
5,Rider,Noriyuki Haga,38.01786788639345,0.5194528073310413,23/06/2005 13:00:00,0,Yamaha YZF-R1 [2005],World Superbikes,
5,Rider,Noriyuki Haga,38.01189225364564,0.5194079143731818,24/06/2005 13:00:00,0,Yamaha YZF-R1 [2005],World Superbikes,
5,Rider,Noriyuki Haga,38.008287136569756,0.5193697500369877,14/07/2005 13:00:00,0,Yamaha YZF-R1 [2005],World Superbikes,
5,Rider,Noriyuki Haga,38.0051137834812,0.5193387460579911,15/07/2005 13:00:00,0,Yamaha YZF-R1 [2005],World Superbikes,
5,Rider,Noriyuki Haga,38.00355035658364,0.5193148743529888,05/08/2005 13:00:00,0,Yamaha YZF-R1 [2005],World Superbikes,
5,Rider,Noriyuki Haga,38.00286591811275,0.5192967353309491,05/08/2005 13:00:00,1,Yamaha YZF-R1 [2005],World Superbikes,
5,Rider,Noriyuki Haga,38.00107635717474,0.5192762605871042,06/08/2005 13:00:00,0,Yamaha YZF-R1 [2005],World Superbikes,
5,Rider,Noriyuki Haga,37.99924050338876,0.5192567899270861,01/09/2005 13:00:00,0,Yamaha YZF-R1 [2005],World Superbikes,
5,Rider,Noriyuki Haga,37.998343164596484,0.5192436358520173,02/09/2005 13:00:00,0,Yamaha YZF-R1 [2005],World Superbikes,
5,Rider,Noriyuki Haga,37.998191897123846,0.5192366143868449,03/09/2005 13:00:00,0,Yamaha YZF-R1 [2005],World Superbikes,
5,Rider,Noriyuki Haga,37.99730291408658,0.5192279857252942,08/09/2005 13:00:00,0,Yamaha YZF-R1 [2005],World Superbikes,
5,Rider,Noriyuki Haga,37.995259078572516,0.519217034326074,09/09/2005 13:00:00,0,Yamaha YZF-R1 [2005],World Superbikes,
5,Rider,Noriyuki Haga,37.995998342596344,0.5192095750153847,10/09/2005 13:00:00,0,Yamaha YZF-R1 [2005],World Superbikes,
5,Rider,Noriyuki Haga,37.99687278372905,0.5192034153655717,29/09/2005 13:00:00,0,Yamaha YZF-R1 [2005],World Superbikes,
5,Rider,Noriyuki Haga,37.99954365883003,0.5192037686831424,30/09/2005 13:00:00,0,Yamaha YZF-R1 [2005],World Superbikes,
5,Rider,Noriyuki Haga,38.00216896599847,0.5192093875754435,01/10/2005 13:00:00,0,Yamaha YZF-R1 [2005],World Superbikes,
5,Rider,Noriyuki Haga,38.00454074917842,0.519216667762861,06/10/2005 13:00:00,0,Yamaha YZF-R1 [2005],World Superbikes,
5,Rider,Noriyuki Haga,38.007817852593526,0.5192306287946599,07/10/2005 13:00:00,0,Yamaha YZF-R1 [2005],World Superbikes,
5,Rider,Noriyuki Haga,38.01145192397113,0.5192496630872147,08/10/2005 13:00:00,0,Yamaha YZF-R1 [2005],World Superbikes,
5,Rider,Noriyuki Haga,38.01417691631362,0.5192674854415867,22/02/2006 13:00:00,0,Yamaha YZF-R1 [2006],World Superbikes,
5,Rider,Noriyuki Haga,38.01748513279567,0.5192915809170234,23/02/2006 13:00:00,0,Yamaha YZF-R1 [2006],World Superbikes,
5,Rider,Noriyuki Haga,38.02047903244985,0.5193189150543611,24/02/2006 13:00:00,0,Yamaha YZF-R1 [2006],World Superbikes,
5,Rider,Noriyuki Haga,38.02363127390411,0.5193479039745873,02/03/2006 13:00:00,0,Yamaha YZF-R1 [2006],World Superbikes,
5,Rider,Noriyuki Haga,38.027038161737565,0.5193822056303337,03/03/2006 13:00:00,0,Yamaha YZF-R1 [2006],World Superbikes,
5,Rider,Noriyuki Haga,38.02956479698276,0.5194135326259979,03/03/2006 13:00:00,1,Yamaha YZF-R1 [2006],World Superbikes,
5,Rider,Noriyuki Haga,38.03280202178453,0.5194482415090353,20/04/2006 13:00:00,0,Yamaha YZF-R1 [2006],World Superbikes,
5,Rider,Noriyuki Haga,38.03562168638105,0.5194845771559248,21/04/2006 13:00:00,0,Yamaha YZF-R1 [2006],World Superbikes,
5,Rider,Noriyuki Haga,38.04047064132636,0.5195292347029108,22/04/2006 13:00:00,0,Yamaha YZF-R1 [2006],World Superbikes,
5,Rider,Noriyuki Haga,38.04654499286188,0.5195777561441401,04/05/2006 13:00:00,0,Yamaha YZF-R1 [2006],World Superbikes,
5,Rider,Noriyuki Haga,38.0505915599867,0.5196075253886614,05/05/2006 13:00:00,0,Yamaha YZF-R1 [2006],World Superbikes,
5,Rider,Noriyuki Haga,38.05656325003922,0.5196443373329721,06/05/2006 13:00:00,0,Yamaha YZF-R1 [2006],World Superbikes,
5,Rider,Noriyuki Haga,38.06391006257298,0.5196832275396744,26/05/2006 13:00:00,0,Yamaha YZF-R1 [2006],World Superbikes,
5,Rider,Noriyuki Haga,38.07069741887069,0.5197245978464637,26/05/2006 13:00:00,1,Yamaha YZF-R1 [2006],World Superbikes,
5,Rider,Noriyuki Haga,38.0774023595203,0.5197617136223412,27/05/2006 13:00:00,0,Yamaha YZF-R1 [2006],World Superbikes,
5,Rider,Noriyuki Haga,38.08382395574549,0.519800044363105,22/06/2006 13:00:00,0,Yamaha YZF-R1 [2006],World Superbikes,
5,Rider,Noriyuki Haga,38.09132840373042,0.5198460533855944,23/06/2006 13:00:00,0,Yamaha YZF-R1 [2006],World Superbikes,
5,Rider,Noriyuki Haga,38.09880980804258,0.5198971445198611,24/06/2006 13:00:00,0,Yamaha YZF-R1 [2006],World Superbikes,
5,Rider,Noriyuki Haga,38.10649143993058,0.5199510718306924,20/07/2006 13:00:00,0,Yamaha YZF-R1 [2006],World Superbikes,
5,Rider,Noriyuki Haga,38.11381421045321,0.5200096600612907,21/07/2006 13:00:00,0,Yamaha YZF-R1 [2006],World Superbikes,
5,Rider,Noriyuki Haga,38.12094504495138,0.5200730934363456,22/07/2006 13:00:00,0,Yamaha YZF-R1 [2006],World Superbikes,
5,Rider,Noriyuki Haga,38.126293949446676,0.5201183304428136,04/08/2006 13:00:00,0,Yamaha YZF-R1 [2006],World Superbikes,
5,Rider,Noriyuki Haga,38.13070492375736,0.5201618191394166,04/08/2006 13:00:00,1,Yamaha YZF-R1 [2006],World Superbikes,
5,Rider,Noriyuki Haga,38.13322507778936,0.5201894734503903,05/08/2006 13:00:00,0,Yamaha YZF-R1 [2006],World Superbikes,
5,Rider,Noriyuki Haga,38.13451663977016,0.5202095627845144,31/08/2006 13:00:00,0,Yamaha YZF-R1 [2006],World Superbikes,
5,Rider,Noriyuki Haga,38.13634484446196,0.5202368010428171,01/09/2006 13:00:00,0,Yamaha YZF-R1 [2006],World Superbikes,
5,Rider,Noriyuki Haga,38.137979761408246,0.5202689133707639,02/09/2006 13:00:00,0,Yamaha YZF-R1 [2006],World Superbikes,
5,Rider,Noriyuki Haga,38.13842932472852,0.520293804319883,07/09/2006 13:00:00,0,Yamaha YZF-R1 [2006],World Superbikes,
5,Rider,Noriyuki Haga,38.13911148124318,0.520324257739847,08/09/2006 13:00:00,0,Yamaha YZF-R1 [2006],World Superbikes,
5,Rider,Noriyuki Haga,38.13958130604093,0.5203591127431542,09/09/2006 13:00:00,0,Yamaha YZF-R1 [2006],World Superbikes,
5,Rider,Noriyuki Haga,38.13877321889965,0.5203864145941695,28/09/2006 13:00:00,0,Yamaha YZF-R1 [2006],World Superbikes,
5,Rider,Noriyuki Haga,38.13895068587608,0.5204213319212811,29/09/2006 13:00:00,0,Yamaha YZF-R1 [2006],World Superbikes,
5,Rider,Noriyuki Haga,38.13992223320116,0.5204634248677339,30/09/2006 13:00:00,0,Yamaha YZF-R1 [2006],World Superbikes,
5,Rider,Noriyuki Haga,38.14137520887682,0.520508280707082,05/10/2006 13:00:00,0,Yamaha YZF-R1 [2006],World Superbikes,
5,Rider,Noriyuki Haga,38.141047554158035,0.5205362190309092,07/10/2006 13:00:00,0,Yamaha YZF-R1 [2006],World Superbikes,
5,Rider,Noriyuki Haga,38.14062553362014,0.5205668253323336,21/02/2007 13:00:00,0,Yamaha YZF-R1 [2007],World Superbikes,
5,Rider,Noriyuki Haga,38.13829430802564,0.5205806118618024,22/02/2007 13:00:00,0,Yamaha YZF-R1 [2007],World Superbikes,
5,Rider,Noriyuki Haga,38.135035485383646,0.5205931095285872,23/02/2007 13:00:00,0,Yamaha YZF-R1 [2007],World Superbikes,
5,Rider,Noriyuki Haga,38.13121223807512,0.5206062185201458,01/03/2007 13:00:00,0,Yamaha YZF-R1 [2007],World Superbikes,
5,Rider,Noriyuki Haga,38.12787186265211,0.5206236082068412,02/03/2007 13:00:00,0,Yamaha YZF-R1 [2007],World Superbikes,
5,Rider,Noriyuki Haga,38.124662537394975,0.5206437202440501,02/03/2007 13:00:00,1,Yamaha YZF-R1 [2007],World Superbikes,
5,Rider,Noriyuki Haga,38.12099120124244,0.5206617409358455,30/03/2007 13:00:00,0,Yamaha YZF-R1 [2007],World Superbikes,
5,Rider,Noriyuki Haga,38.11785723448448,0.5206845625075932,30/03/2007 13:00:00,1,Yamaha YZF-R1 [2007],World Superbikes,
5,Rider,Noriyuki Haga,38.11554463493953,0.5207118222038405,31/03/2007 13:00:00,0,Yamaha YZF-R1 [2007],World Superbikes,
5,Rider,Noriyuki Haga,38.11191176522062,0.5207307866625656,12/04/2007 13:00:00,0,Yamaha YZF-R1 [2007],World Superbikes,
5,Rider,Noriyuki Haga,38.107676888519116,0.5207507944561749,13/04/2007 13:00:00,0,Yamaha YZF-R1 [2007],World Superbikes,
5,Rider,Noriyuki Haga,38.102929335051414,0.5207717168010724,14/04/2007 13:00:00,0,Yamaha YZF-R1 [2007],World Superbikes,
5,Rider,Noriyuki Haga,38.09854193657955,0.5207965006294712,26/04/2007 13:00:00,0,Yamaha YZF-R1 [2007],World Superbikes,
5,Rider,Noriyuki Haga,38.092910433911726,0.5208163797330738,27/04/2007 13:00:00,0,Yamaha YZF-R1 [2007],World Superbikes,
5,Rider,Noriyuki Haga,38.088178100413046,0.5208417015341196,28/04/2007 13:00:00,0,Yamaha YZF-R1 [2007],World Superbikes,
5,Rider,Noriyuki Haga,38.085991609905776,0.5208657867538269,10/05/2007 13:00:00,0,Yamaha YZF-R1 [2007],World Superbikes,
5,Rider,Noriyuki Haga,38.08278017588485,0.5208865072460512,11/05/2007 13:00:00,0,Yamaha YZF-R1 [2007],World Superbikes,
5,Rider,Noriyuki Haga,38.07842828278101,0.5209053126349436,12/05/2007 13:00:00,0,Yamaha YZF-R1 [2007],World Superbikes,
5,Rider,Noriyuki Haga,38.07198117523094,0.5209058788993154,25/05/2007 13:00:00,0,Yamaha YZF-R1 [2007],World Superbikes,
5,Rider,Noriyuki Haga,38.06554483827991,0.5209093738388281,25/05/2007 13:00:00,1,Yamaha YZF-R1 [2007],World Superbikes,
5,Rider,Noriyuki Haga,38.058838561130045,0.5209162043187208,26/05/2007 13:00:00,0,Yamaha YZF-R1 [2007],World Superbikes,
5,Rider,Noriyuki Haga,38.05071798996125,0.5209147420917399,14/06/2007 13:00:00,0,Yamaha YZF-R1 [2007],World Superbikes,
5,Rider,Noriyuki Haga,38.0424370482151,0.5209155332950489,15/06/2007 13:00:00,0,Yamaha YZF-R1 [2007],World Superbikes,
5,Rider,Noriyuki Haga,38.03445850710625,0.5209199342819572,16/06/2007 13:00:00,0,Yamaha YZF-R1 [2007],World Superbikes,
5,Rider,Noriyuki Haga,38.025458610229244,0.5209198422675891,19/07/2007 13:00:00,0,Yamaha YZF-R1 [2007],World Superbikes,
5,Rider,Noriyuki Haga,38.01448325886173,0.5209017525846444,20/07/2007 13:00:00,0,Yamaha YZF-R1 [2007],World Superbikes,
5,Rider,Noriyuki Haga,38.001367831996546,0.5208652345105244,21/07/2007 13:00:00,0,Yamaha YZF-R1 [2007],World Superbikes,
5,Rider,Noriyuki Haga,37.9862889022773,0.5208117921483403,03/08/2007 13:00:00,0,Yamaha YZF-R1 [2007],World Superbikes,
5,Rider,Noriyuki Haga,37.971241467225006,0.5207613474434745,03/08/2007 13:00:00,1,Yamaha YZF-R1 [2007],World Superbikes,
5,Rider,Noriyuki Haga,37.95624074132762,0.5207145894333333,04/08/2007 13:00:00,0,Yamaha YZF-R1 [2007],World Superbikes,
5,Rider,Noriyuki Haga,37.940305015491255,0.5206658299597023,06/09/2007 13:00:00,0,Yamaha YZF-R1 [2007],World Superbikes,
5,Rider,Noriyuki Haga,37.92335370657116,0.5206128859072645,07/09/2007 13:00:00,0,Yamaha YZF-R1 [2007],World Superbikes,
5,Rider,Noriyuki Haga,37.907781656788124,0.5205617916103203,08/09/2007 13:00:00,0,Yamaha YZF-R1 [2007],World Superbikes,
5,Rider,Noriyuki Haga,37.892848194422406,0.5205131154986599,27/09/2007 13:00:00,0,Yamaha YZF-R1 [2007],World Superbikes,
5,Rider,Noriyuki Haga,37.87692342400336,0.5204595316847204,28/09/2007 13:00:00,0,Yamaha YZF-R1 [2007],World Superbikes,
5,Rider,Noriyuki Haga,37.86158177846444,0.5204092797471682,29/09/2007 13:00:00,0,Yamaha YZF-R1 [2007],World Superbikes,
5,Rider,Noriyuki Haga,37.84612884435156,0.5203586108230289,04/10/2007 13:00:00,0,Yamaha YZF-R1 [2007],World Superbikes,
5,Rider,Noriyuki Haga,37.82980131369398,0.5203059379841326,05/10/2007 13:00:00,0,Yamaha YZF-R1 [2007],World Superbikes,
5,Rider,Noriyuki Haga,37.81211623897544,0.5202446524580392,06/10/2007 13:00:00,0,Yamaha YZF-R1 [2007],World Superbikes,
5,Rider,Noriyuki Haga,37.793850052556046,0.5201840712138529,20/02/2008 13:00:00,0,Yamaha YZF-R1 [2008],World Superbikes,
5,Rider,Noriyuki Haga,37.774684837134835,0.5201257470461788,21/02/2008 13:00:00,0,Yamaha YZF-R1 [2008],World Superbikes,
5,Rider,Noriyuki Haga,37.7545734377236,0.5200694603005784,22/02/2008 13:00:00,0,Yamaha YZF-R1 [2008],World Superbikes,
5,Rider,Noriyuki Haga,37.734130750930404,0.5200169451155463,28/02/2008 13:00:00,0,Yamaha YZF-R1 [2008],World Superbikes,
5,Rider,Noriyuki Haga,37.71483108701013,0.519971208503915,29/02/2008 13:00:00,0,Yamaha YZF-R1 [2008],World Superbikes,
5,Rider,Noriyuki Haga,37.69631154642818,0.5199316822819251,29/02/2008 13:00:00,1,Yamaha YZF-R1 [2008],World Superbikes,
5,Rider,Noriyuki Haga,37.67813171521898,0.5198937955249863,03/04/2008 13:00:00,0,Yamaha YZF-R1 [2008],World Superbikes,
5,Rider,Noriyuki Haga,37.660302677912625,0.5198629567902857,04/04/2008 13:00:00,0,Yamaha YZF-R1 [2008],World Superbikes,
5,Rider,Noriyuki Haga,37.64351374933627,0.5198391671823426,05/04/2008 13:00:00,0,Yamaha YZF-R1 [2008],World Superbikes,
5,Rider,Noriyuki Haga,37.627325316226965,0.5198191526368443,24/04/2008 13:00:00,0,Yamaha YZF-R1 [2008],World Superbikes,
5,Rider,Noriyuki Haga,37.60955203878838,0.5197931886920432,25/04/2008 13:00:00,0,Yamaha YZF-R1 [2008],World Superbikes,
5,Rider,Noriyuki Haga,37.59315612630636,0.5197744996203211,26/04/2008 13:00:00,0,Yamaha YZF-R1 [2008],World Superbikes,
5,Rider,Noriyuki Haga,37.57511935837295,0.5197486462607742,08/05/2008 13:00:00,0,Yamaha YZF-R1 [2008],World Superbikes,
5,Rider,Noriyuki Haga,37.557811125205966,0.5197306885959213,09/05/2008 13:00:00,0,Yamaha YZF-R1 [2008],World Superbikes,
5,Rider,Noriyuki Haga,37.539678247213295,0.5197171464544497,10/05/2008 13:00:00,0,Yamaha YZF-R1 [2008],World Superbikes,
5,Rider,Noriyuki Haga,37.52040542135818,0.5197022448790031,30/05/2008 13:00:00,0,Yamaha YZF-R1 [2008],World Superbikes,
5,Rider,Noriyuki Haga,37.501694758977344,0.5196943912539056,30/05/2008 13:00:00,1,Yamaha YZF-R1 [2008],World Superbikes,
5,Rider,Noriyuki Haga,37.4858247882576,0.5196927963210621,31/05/2008 13:00:00,0,Yamaha YZF-R1 [2008],World Superbikes,
5,Rider,Noriyuki Haga,37.47066188560212,0.5196935907877727,12/06/2008 13:00:00,0,Yamaha YZF-R1 [2008],World Superbikes,
5,Rider,Noriyuki Haga,37.45519907359747,0.5196999015580234,13/06/2008 13:00:00,0,Yamaha YZF-R1 [2008],World Superbikes,
5,Rider,Noriyuki Haga,37.43879811763983,0.5197092872257341,14/06/2008 13:00:00,0,Yamaha YZF-R1 [2008],World Superbikes,
5,Rider,Noriyuki Haga,37.421464506436614,0.5197196725232904,26/06/2008 13:00:00,0,Yamaha YZF-R1 [2008],World Superbikes,
5,Rider,Noriyuki Haga,37.4035210492878,0.5197339243371207,27/06/2008 13:00:00,0,Yamaha YZF-R1 [2008],World Superbikes,
5,Rider,Noriyuki Haga,37.388567193051486,0.5197504047661979,28/06/2008 13:00:00,0,Yamaha YZF-R1 [2008],World Superbikes,
5,Rider,Noriyuki Haga,37.37536740909323,0.51976617963965,17/07/2008 13:00:00,0,Yamaha YZF-R1 [2008],World Superbikes,
5,Rider,Noriyuki Haga,37.362752395834406,0.5197892381492983,18/07/2008 13:00:00,0,Yamaha YZF-R1 [2008],World Superbikes,
5,Rider,Noriyuki Haga,37.35073915237809,0.5198191014976833,19/07/2008 13:00:00,0,Yamaha YZF-R1 [2008],World Superbikes,
5,Rider,Noriyuki Haga,37.33972546472878,0.5198517146764391,01/08/2008 13:00:00,0,Yamaha YZF-R1 [2008],World Superbikes,
5,Rider,Noriyuki Haga,37.32720023116339,0.5198840172280718,01/08/2008 13:00:00,1,Yamaha YZF-R1 [2008],World Superbikes,
5,Rider,Noriyuki Haga,37.3149380136746,0.5199233751714394,02/08/2008 13:00:00,0,Yamaha YZF-R1 [2008],World Superbikes,
5,Rider,Noriyuki Haga,37.300979086717945,0.5199568739810193,05/09/2008 13:00:00,0,Yamaha YZF-R1 [2008],World Superbikes,
5,Rider,Noriyuki Haga,37.28900579044515,0.5199974181059209,05/09/2008 13:00:00,1,Yamaha YZF-R1 [2008],World Superbikes,
5,Rider,Noriyuki Haga,37.27610829743762,0.5200441728611415,06/09/2008 13:00:00,0,Yamaha YZF-R1 [2008],World Superbikes,
5,Rider,Noriyuki Haga,37.26361875292073,0.5200945970519234,18/09/2008 13:00:00,0,Yamaha YZF-R1 [2008],World Superbikes,
5,Rider,Noriyuki Haga,37.24895507839211,0.5201309533042947,19/09/2008 13:00:00,0,Yamaha YZF-R1 [2008],World Superbikes,
5,Rider,Noriyuki Haga,37.234567478260665,0.5201740441315458,20/09/2008 13:00:00,0,Yamaha YZF-R1 [2008],World Superbikes,
5,Rider,Noriyuki Haga,37.21887129323365,0.5202147886350578,02/10/2008 13:00:00,0,Yamaha YZF-R1 [2008],World Superbikes,
5,Rider,Noriyuki Haga,37.20090868064118,0.5202398163971517,04/10/2008 13:00:00,0,Yamaha YZF-R1 [2008],World Superbikes,
5,Rider,Noriyuki Haga,37.18097834460931,0.5202487707181864,31/10/2008 13:00:00,0,Yamaha YZF-R1 [2008],World Superbikes,
5,Rider,Noriyuki Haga,37.16100315927623,0.5202655505876161,31/10/2008 13:00:00,1,Yamaha YZF-R1 [2008],World Superbikes,
5,Rider,Noriyuki Haga,37.14150175625721,0.520290193176877,01/11/2008 13:00:00,0,Yamaha YZF-R1 [2008],World Superbikes,
5,Rider,Noriyuki Haga,37.12231352332703,0.5203189380865998,26/02/2009 13:00:00,0,Ducati 1098R [2009],World Superbikes,
5,Rider,Noriyuki Haga,37.10190555162607,0.5203465486963549,27/02/2009 13:00:00,0,Ducati 1098R [2009],World Superbikes,
5,Rider,Noriyuki Haga,37.08050367271885,0.5203764136842596,27/02/2009 13:00:00,1,Ducati 1098R [2009],World Superbikes,
5,Rider,Noriyuki Haga,37.05811264400986,0.5204058310907802,27/02/2009 13:00:00,2,Ducati 1098R [2009],World Superbikes,
5,Rider,Noriyuki Haga,37.037334849923674,0.5204382135716515,11/03/2009 13:00:00,0,Ducati 1098R [2009],World Superbikes,
5,Rider,Noriyuki Haga,37.01724546183786,0.5204793888246123,12/03/2009 13:00:00,0,Ducati 1098R [2009],World Superbikes,
5,Rider,Noriyuki Haga,36.998321114375926,0.5205300459496066,12/03/2009 13:00:00,1,Ducati 1098R [2009],World Superbikes,
5,Rider,Noriyuki Haga,36.980597307616314,0.5205892164086982,12/03/2009 13:00:00,2,Ducati 1098R [2009],World Superbikes,
5,Rider,Noriyuki Haga,36.96253560313343,0.5206515508708872,12/03/2009 13:00:00,3,Ducati 1098R [2009],World Superbikes,
5,Rider,Noriyuki Haga,36.944590409413436,0.52070826742708,03/04/2009 13:00:00,0,Ducati 1098R [2009],World Superbikes,
5,Rider,Noriyuki Haga,36.92550428108901,0.5207668489346551,03/04/2009 13:00:00,1,Ducati 1098R [2009],World Superbikes,
5,Rider,Noriyuki Haga,36.906989021296674,0.5208352793369143,04/04/2009 13:00:00,0,Ducati 1098R [2009],World Superbikes,
5,Rider,Noriyuki Haga,36.888270732043736,0.5209106883823984,04/04/2009 13:00:00,1,Ducati 1098R [2009],World Superbikes,
5,Rider,Noriyuki Haga,36.86934595829604,0.520990291269832,04/04/2009 13:00:00,2,Ducati 1098R [2009],World Superbikes,
5,Rider,Noriyuki Haga,36.850032071142174,0.5210639496437028,24/04/2009 13:00:00,0,Ducati 1098R [2009],World Superbikes,
5,Rider,Noriyuki Haga,36.83153828110428,0.5211468075216663,24/04/2009 13:00:00,1,Ducati 1098R [2009],World Superbikes,
5,Rider,Noriyuki Haga,36.81171102003914,0.5212298990249064,25/04/2009 13:00:00,0,Ducati 1098R [2009],World Superbikes,
5,Rider,Noriyuki Haga,36.791903485294654,0.5213214718758389,25/04/2009 13:00:00,1,Ducati 1098R [2009],World Superbikes,
5,Rider,Noriyuki Haga,36.77200072910533,0.5214190576427087,25/04/2009 13:00:00,2,Ducati 1098R [2009],World Superbikes,
5,Rider,Noriyuki Haga,36.75209736485352,0.5215128191252428,08/05/2009 13:00:00,0,Ducati 1098R [2009],World Superbikes,
5,Rider,Noriyuki Haga,36.73113904175281,0.5216104311303466,08/05/2009 13:00:00,1,Ducati 1098R [2009],World Superbikes,
5,Rider,Noriyuki Haga,36.70935496311199,0.5217138209932285,09/05/2009 13:00:00,0,Ducati 1098R [2009],World Superbikes,
5,Rider,Noriyuki Haga,36.68720816915204,0.5218238577928287,09/05/2009 13:00:00,1,Ducati 1098R [2009],World Superbikes,
5,Rider,Noriyuki Haga,36.663820714769464,0.5219314609175213,09/05/2009 13:00:00,2,Ducati 1098R [2009],World Superbikes,
5,Rider,Noriyuki Haga,36.64084428840992,0.5220369993803013,15/05/2009 13:00:00,0,Ducati 1098R [2009],World Superbikes,
5,Rider,Noriyuki Haga,36.617686250767,0.5221495216334923,15/05/2009 13:00:00,1,Ducati 1098R [2009],World Superbikes,
5,Rider,Noriyuki Haga,36.59511785157686,0.5222717484265877,16/05/2009 13:00:00,0,Ducati 1098R [2009],World Superbikes,
5,Rider,Noriyuki Haga,36.57355129087626,0.5224022358296737,16/05/2009 13:00:00,1,Ducati 1098R [2009],World Superbikes,
5,Rider,Noriyuki Haga,36.55245422518944,0.522538584467452,16/05/2009 13:00:00,2,Ducati 1098R [2009],World Superbikes,
5,Rider,Noriyuki Haga,36.53104199116029,0.5226723771557068,29/05/2009 13:00:00,0,Ducati 1098R [2009],World Superbikes,
5,Rider,Noriyuki Haga,36.510395159419446,0.5228162491785803,29/05/2009 13:00:00,1,Ducati 1098R [2009],World Superbikes,
5,Rider,Noriyuki Haga,36.48971262057528,0.5229686368581913,30/05/2009 13:00:00,0,Ducati 1098R [2009],World Superbikes,
5,Rider,Noriyuki Haga,36.46884524772182,0.523128119654354,30/05/2009 13:00:00,1,Ducati 1098R [2009],World Superbikes,
5,Rider,Noriyuki Haga,36.44875940155451,0.523295685879822,19/06/2009 13:00:00,0,Ducati 1098R [2009],World Superbikes,
5,Rider,Noriyuki Haga,36.4287660590605,0.5234741186064075,19/06/2009 13:00:00,1,Ducati 1098R [2009],World Superbikes,
5,Rider,Noriyuki Haga,36.41051619322828,0.5236643122491609,20/06/2009 13:00:00,0,Ducati 1098R [2009],World Superbikes,
5,Rider,Noriyuki Haga,36.39191158240697,0.5238624249352579,20/06/2009 13:00:00,1,Ducati 1098R [2009],World Superbikes,
5,Rider,Noriyuki Haga,36.373622096695264,0.5240684139422706,20/06/2009 13:00:00,2,Ducati 1098R [2009],World Superbikes,
5,Rider,Noriyuki Haga,36.35598219778557,0.5242693731906688,26/06/2009 13:00:00,0,Ducati 1098R [2009],World Superbikes,
5,Rider,Noriyuki Haga,36.338713751438505,0.524482339344819,26/06/2009 13:00:00,1,Ducati 1098R [2009],World Superbikes,
5,Rider,Noriyuki Haga,36.319779300680544,0.5246954657770204,27/06/2009 13:00:00,0,Ducati 1098R [2009],World Superbikes,
5,Rider,Noriyuki Haga,36.30123302697187,0.5249189077171295,27/06/2009 13:00:00,1,Ducati 1098R [2009],World Superbikes,
5,Rider,Noriyuki Haga,36.282813594812836,0.5251508009329189,27/06/2009 13:00:00,2,Ducati 1098R [2009],World Superbikes,
5,Rider,Noriyuki Haga,36.26512404077686,0.5253819721501239,24/07/2009 13:00:00,0,Ducati 1098R [2009],World Superbikes,
5,Rider,Noriyuki Haga,36.24864923920486,0.5256258305126086,24/07/2009 13:00:00,1,Ducati 1098R [2009],World Superbikes,
5,Rider,Noriyuki Haga,36.23518479659909,0.5258768094362865,25/07/2009 13:00:00,0,Ducati 1098R [2009],World Superbikes,
5,Rider,Noriyuki Haga,36.22176456324285,0.5261385922562043,25/07/2009 13:00:00,1,Ducati 1098R [2009],World Superbikes,
5,Rider,Noriyuki Haga,36.210255644106276,0.5264050943084589,04/09/2009 13:00:00,0,Ducati 1098R [2009],World Superbikes,
5,Rider,Noriyuki Haga,36.19830046366553,0.5266814576505302,04/09/2009 13:00:00,1,Ducati 1098R [2009],World Superbikes,
5,Rider,Noriyuki Haga,36.1841032308614,0.5269467659345217,05/09/2009 13:00:00,0,Ducati 1098R [2009],World Superbikes,
5,Rider,Noriyuki Haga,36.16784848655253,0.5272012719693068,05/09/2009 13:00:00,1,Ducati 1098R [2009],World Superbikes,
5,Rider,Noriyuki Haga,36.14954591872666,0.5274459094924472,05/09/2009 13:00:00,2,Ducati 1098R [2009],World Superbikes,
5,Rider,Noriyuki Haga,36.129366593087184,0.5276748241546632,25/09/2009 13:00:00,0,Ducati 1098R [2009],World Superbikes,
5,Rider,Noriyuki Haga,36.10855641173632,0.5279137663294176,26/09/2009 13:00:00,0,Ducati 1098R [2009],World Superbikes,
5,Rider,Noriyuki Haga,36.08681747187093,0.5281607120936469,26/09/2009 13:00:00,1,Ducati 1098R [2009],World Superbikes,
5,Rider,Noriyuki Haga,36.06506556220646,0.5284175588000851,26/09/2009 13:00:00,2,Ducati 1098R [2009],World Superbikes,
5,Rider,Noriyuki Haga,36.04289217646659,0.5286735278760928,02/10/2009 13:00:00,0,Ducati 1098R [2009],World Superbikes,
5,Rider,Noriyuki Haga,36.01946934372301,0.5289351804086531,02/10/2009 13:00:00,1,Ducati 1098R [2009],World Superbikes,
5,Rider,Noriyuki Haga,35.9947364261736,0.5292024907200379,03/10/2009 13:00:00,0,Ducati 1098R [2009],World Superbikes,
5,Rider,Noriyuki Haga,35.96988394544267,0.5294809330643832,03/10/2009 13:00:00,1,Ducati 1098R [2009],World Superbikes,
5,Rider,Noriyuki Haga,35.945245468076415,0.5297706286831887,03/10/2009 13:00:00,2,Ducati 1098R [2009],World Superbikes,
5,Rider,Noriyuki Haga,35.920758458595635,0.5300601833680296,23/10/2009 13:00:00,0,Ducati 1098R [2009],World Superbikes,
5,Rider,Noriyuki Haga,35.896475590975804,0.5303632369790108,23/10/2009 13:00:00,1,Ducati 1098R [2009],World Superbikes,
5,Rider,Noriyuki Haga,35.87161256950439,0.5306778327397333,24/10/2009 13:00:00,0,Ducati 1098R [2009],World Superbikes,
5,Rider,Noriyuki Haga,35.847467070872824,0.5310059531143614,24/10/2009 13:00:00,1,Ducati 1098R [2009],World Superbikes,
5,Rider,Noriyuki Haga,35.82399681841359,0.531345659415086,25/02/2010 13:00:00,0,Ducati 1098R [2010],World Superbikes,
5,Rider,Noriyuki Haga,35.79967443460567,0.5316976084178259,26/02/2010 13:00:00,0,Ducati 1098R [2010],World Superbikes,
5,Rider,Noriyuki Haga,35.77613434518648,0.5320645454462437,26/02/2010 13:00:00,1,Ducati 1098R [2010],World Superbikes,
5,Rider,Noriyuki Haga,35.75174747896079,0.5324437569143161,26/02/2010 13:00:00,2,Ducati 1098R [2010],World Superbikes,
5,Rider,Noriyuki Haga,35.72778731637573,0.5328357370521849,26/03/2010 13:00:00,0,Ducati 1098R [2010],World Superbikes,
5,Rider,Noriyuki Haga,35.70411640089327,0.5332430435792237,26/03/2010 13:00:00,1,Ducati 1098R [2010],World Superbikes,
5,Rider,Noriyuki Haga,35.6801402437129,0.5336658280333199,27/03/2010 13:00:00,0,Ducati 1098R [2010],World Superbikes,
5,Rider,Noriyuki Haga,35.6579807766244,0.5340997599329885,09/04/2010 13:00:00,0,Ducati 1098R [2010],World Superbikes,
5,Rider,Noriyuki Haga,35.63531476211205,0.5345493255693219,09/04/2010 13:00:00,1,Ducati 1098R [2010],World Superbikes,
5,Rider,Noriyuki Haga,35.61196627006437,0.5350144907717479,10/04/2010 13:00:00,0,Ducati 1098R [2010],World Superbikes,
5,Rider,Noriyuki Haga,35.58930772560202,0.5354964188231855,10/04/2010 13:00:00,1,Ducati 1098R [2010],World Superbikes,
5,Rider,Noriyuki Haga,35.56721318092276,0.5359927327665587,23/04/2010 13:00:00,0,Ducati 1098R [2010],World Superbikes,
5,Rider,Noriyuki Haga,35.54615056485378,0.5365054846207876,23/04/2010 13:00:00,1,Ducati 1098R [2010],World Superbikes,
5,Rider,Noriyuki Haga,35.52443334994046,0.5370349827402179,24/04/2010 13:00:00,0,Ducati 1098R [2010],World Superbikes,
5,Rider,Noriyuki Haga,35.50342913837949,0.5375815732287832,24/04/2010 13:00:00,1,Ducati 1098R [2010],World Superbikes,
5,Rider,Noriyuki Haga,35.484280484261944,0.5381333593325287,07/05/2010 13:00:00,0,Ducati 1098R [2010],World Superbikes,
5,Rider,Noriyuki Haga,35.466273467091185,0.5387034445663935,07/05/2010 13:00:00,1,Ducati 1098R [2010],World Superbikes,
5,Rider,Noriyuki Haga,35.448625920158044,0.5392933604578932,08/05/2010 13:00:00,0,Ducati 1098R [2010],World Superbikes,
5,Rider,Noriyuki Haga,35.43194577359239,0.539902273332099,08/05/2010 13:00:00,1,Ducati 1098R [2010],World Superbikes,
5,Rider,Noriyuki Haga,35.41753920283124,0.5405110258744158,14/05/2010 13:00:00,0,Ducati 1098R [2010],World Superbikes,
5,Rider,Noriyuki Haga,35.40396322260939,0.5411387814973168,14/05/2010 13:00:00,1,Ducati 1098R [2010],World Superbikes,
5,Rider,Noriyuki Haga,35.39102300322063,0.541785900988469,15/05/2010 13:00:00,0,Ducati 1098R [2010],World Superbikes,
5,Rider,Noriyuki Haga,35.37908151986513,0.5424520696999731,15/05/2010 13:00:00,1,Ducati 1098R [2010],World Superbikes,
5,Rider,Noriyuki Haga,35.369539439315666,0.5431190941806905,29/05/2010 13:00:00,0,Ducati 1098R [2010],World Superbikes,
5,Rider,Noriyuki Haga,35.360591487828714,0.5438063811384234,29/05/2010 13:00:00,1,Ducati 1098R [2010],World Superbikes,
5,Rider,Noriyuki Haga,35.35202797431038,0.5445148761014031,30/05/2010 13:00:00,0,Ducati 1098R [2010],World Superbikes,
5,Rider,Noriyuki Haga,35.343669615433264,0.5452457712908926,30/05/2010 13:00:00,1,Ducati 1098R [2010],World Superbikes,
5,Rider,Noriyuki Haga,35.33515541132913,0.5459975759696795,30/05/2010 13:00:00,2,Ducati 1098R [2010],World Superbikes,
5,Rider,Noriyuki Haga,35.326834996311156,0.5467583050002136,25/06/2010 13:00:00,0,Ducati 1098R [2010],World Superbikes,
5,Rider,Noriyuki Haga,35.31921092901032,0.5475425036566063,25/06/2010 13:00:00,1,Ducati 1098R [2010],World Superbikes,
5,Rider,Noriyuki Haga,35.311798591012376,0.5483516879273835,26/06/2010 13:00:00,0,Ducati 1098R [2010],World Superbikes,
5,Rider,Noriyuki Haga,35.30411020988435,0.5491849858002689,26/06/2010 13:00:00,1,Ducati 1098R [2010],World Superbikes,
5,Rider,Noriyuki Haga,35.29650090862521,0.5500419653899897,09/07/2010 13:00:00,0,Ducati 1098R [2010],World Superbikes,
5,Rider,Noriyuki Haga,35.286438924734455,0.5509043199501577,09/07/2010 13:00:00,1,Ducati 1098R [2010],World Superbikes,
5,Rider,Noriyuki Haga,35.276350926128714,0.551792939211832,10/07/2010 13:00:00,0,Ducati 1098R [2010],World Superbikes,
5,Rider,Noriyuki Haga,35.26642736699647,0.5527080461977368,10/07/2010 13:00:00,1,Ducati 1098R [2010],World Superbikes,
5,Rider,Noriyuki Haga,35.258263569239446,0.5536419518074636,30/07/2010 13:00:00,0,Ducati 1098R [2010],World Superbikes,
5,Rider,Noriyuki Haga,35.25055327771363,0.554603565802688,30/07/2010 13:00:00,1,Ducati 1098R [2010],World Superbikes,
5,Rider,Noriyuki Haga,35.24233014014937,0.5555934302030352,31/07/2010 13:00:00,0,Ducati 1098R [2010],World Superbikes,
5,Rider,Noriyuki Haga,35.23465318407498,0.5566108370409512,31/07/2010 13:00:00,1,Ducati 1098R [2010],World Superbikes,
5,Rider,Noriyuki Haga,35.22863977514679,0.5576473250338398,03/09/2010 13:00:00,0,Ducati 1098R [2010],World Superbikes,
5,Rider,Noriyuki Haga,35.22167620296789,0.5587115745710789,03/09/2010 13:00:00,1,Ducati 1098R [2010],World Superbikes,
5,Rider,Noriyuki Haga,35.21297617017962,0.5597973106445405,04/09/2010 13:00:00,0,Ducati 1098R [2010],World Superbikes,
5,Rider,Noriyuki Haga,35.20448307680316,0.5609135869790682,04/09/2010 13:00:00,1,Ducati 1098R [2010],World Superbikes,
5,Rider,Noriyuki Haga,35.19581774679568,0.5620602329933442,04/09/2010 13:00:00,2,Ducati 1098R [2010],World Superbikes,
5,Rider,Noriyuki Haga,35.18810855441738,0.5632196205877462,24/09/2010 13:00:00,0,Ducati 1098R [2010],World Superbikes,
5,Rider,Noriyuki Haga,35.17923883224611,0.5644079384321157,25/09/2010 13:00:00,0,Ducati 1098R [2010],World Superbikes,
5,Rider,Noriyuki Haga,35.170939916728464,0.5656295433887123,25/09/2010 13:00:00,1,Ducati 1098R [2010],World Superbikes,
5,Rider,Noriyuki Haga,35.16416010372687,0.5668760338859132,01/10/2010 13:00:00,0,Ducati 1098R [2010],World Superbikes,
5,Rider,Noriyuki Haga,35.15669523798132,0.5681563843654366,01/10/2010 13:00:00,1,Ducati 1098R [2010],World Superbikes,
5,Rider,Noriyuki Haga,35.15087650954211,0.5694631135782908,02/10/2010 13:00:00,0,Ducati 1098R [2010],World Superbikes,
5,Rider,Noriyuki Haga,35.14484104879507,0.5708055161830781,02/10/2010 13:00:00,1,Ducati 1098R [2010],World Superbikes,
5,Rider,Noriyuki Haga,35.1381059361854,0.5721824204256479,02/10/2010 13:00:00,2,Ducati 1098R [2010],World Superbikes,
5,Rider,Noriyuki Haga,35.132671132900846,0.5735611299593394,24/02/2011 13:00:00,0,Aprilia RS Cube [2011],World Superbikes,
5,Rider,Noriyuki Haga,35.1280951219761,0.574977506376127,25/02/2011 13:00:00,0,Aprilia RS Cube [2011],World Superbikes,
5,Rider,Noriyuki Haga,35.12326272811496,0.5764324378345514,25/02/2011 13:00:00,1,Aprilia RS Cube [2011],World Superbikes,
5,Rider,Noriyuki Haga,35.119908703232916,0.5779190232292621,25/03/2011 13:00:00,0,Aprilia RS Cube [2011],World Superbikes,
5,Rider,Noriyuki Haga,35.11701418037075,0.5794457367100833,25/03/2011 13:00:00,1,Aprilia RS Cube [2011],World Superbikes,
5,Rider,Noriyuki Haga,35.11363133399296,0.5810136036445469,26/03/2011 13:00:00,0,Aprilia RS Cube [2011],World Superbikes,
5,Rider,Noriyuki Haga,35.110437274778306,0.5826215712663511,26/03/2011 13:00:00,1,Aprilia RS Cube [2011],World Superbikes,
5,Rider,Noriyuki Haga,35.10659569832146,0.5842669617581691,26/03/2011 13:00:00,2,Aprilia RS Cube [2011],World Superbikes,
5,Rider,Noriyuki Haga,35.102589382090784,0.5859443199832912,15/04/2011 13:00:00,0,Aprilia RS Cube [2011],World Superbikes,
5,Rider,Noriyuki Haga,35.09865135534437,0.5876656778433956,15/04/2011 13:00:00,1,Aprilia RS Cube [2011],World Superbikes,
5,Rider,Noriyuki Haga,35.093605148511614,0.5894294470857134,16/04/2011 13:00:00,0,Aprilia RS Cube [2011],World Superbikes,
5,Rider,Noriyuki Haga,35.08712729322917,0.5912333405869894,16/04/2011 13:00:00,1,Aprilia RS Cube [2011],World Superbikes,
5,Rider,Noriyuki Haga,35.08081389325377,0.5930773704985124,16/04/2011 13:00:00,2,Aprilia RS Cube [2011],World Superbikes,
5,Rider,Noriyuki Haga,35.07380896651459,0.5949577797545313,06/05/2011 13:00:00,0,Aprilia RS Cube [2011],World Superbikes,
5,Rider,Noriyuki Haga,35.06615344261457,0.5968864998914345,06/05/2011 13:00:00,1,Aprilia RS Cube [2011],World Superbikes,
5,Rider,Noriyuki Haga,35.05759995919701,0.5988642324775468,07/05/2011 13:00:00,0,Aprilia RS Cube [2011],World Superbikes,
5,Rider,Noriyuki Haga,35.049462498625374,0.6008909337456306,07/05/2011 13:00:00,1,Aprilia RS Cube [2011],World Superbikes,
5,Rider,Noriyuki Haga,35.0416139126715,0.6029638727473082,07/05/2011 13:00:00,2,Aprilia RS Cube [2011],World Superbikes,
5,Rider,Noriyuki Haga,35.035378017474095,0.605054168995684,28/05/2011 13:00:00,0,Aprilia RS Cube [2011],World Superbikes,
5,Rider,Noriyuki Haga,35.029420970766886,0.607197797890563,28/05/2011 13:00:00,1,Aprilia RS Cube [2011],World Superbikes,
5,Rider,Noriyuki Haga,35.02362595025037,0.6093961622872544,29/05/2011 13:00:00,0,Aprilia RS Cube [2011],World Superbikes,
5,Rider,Noriyuki Haga,35.01693031083209,0.6116463674001744,29/05/2011 13:00:00,1,Aprilia RS Cube [2011],World Superbikes,
5,Rider,Noriyuki Haga,35.01073278797731,0.613946158929657,10/06/2011 13:00:00,0,Aprilia RS Cube [2011],World Superbikes,
5,Rider,Noriyuki Haga,35.004141313395785,0.6163028118882934,10/06/2011 13:00:00,1,Aprilia RS Cube [2011],World Superbikes,
5,Rider,Noriyuki Haga,34.99925341972081,0.6187153689607081,17/06/2011 13:00:00,0,Aprilia RS Cube [2011],World Superbikes,
5,Rider,Noriyuki Haga,34.99294676963437,0.6211794418366522,17/06/2011 13:00:00,1,Aprilia RS Cube [2011],World Superbikes,
5,Rider,Noriyuki Haga,34.9873075696329,0.6237036834897529,18/06/2011 13:00:00,0,Aprilia RS Cube [2011],World Superbikes,
5,Rider,Noriyuki Haga,34.98237815532755,0.626287497916919,18/06/2011 13:00:00,1,Aprilia RS Cube [2011],World Superbikes,
5,Rider,Noriyuki Haga,34.97822211192045,0.6289253085399262,08/07/2011 13:00:00,0,Aprilia RS Cube [2011],World Superbikes,
5,Rider,Noriyuki Haga,34.97509986083123,0.6316255982051231,08/07/2011 13:00:00,1,Aprilia RS Cube [2011],World Superbikes,
5,Rider,Noriyuki Haga,34.97062081398991,0.6343843683461949,09/07/2011 13:00:00,0,Aprilia RS Cube [2011],World Superbikes,
5,Rider,Noriyuki Haga,34.96793257145016,0.6371997536061589,29/07/2011 13:00:00,0,Aprilia RS Cube [2011],World Superbikes,
5,Rider,Noriyuki Haga,34.96683468851984,0.6400786670796433,29/07/2011 13:00:00,1,Aprilia RS Cube [2011],World Superbikes,
5,Rider,Noriyuki Haga,34.965830625371616,0.643025973119014,30/07/2011 13:00:00,0,Aprilia RS Cube [2011],World Superbikes,
5,Rider,Noriyuki Haga,34.964203303163245,0.6460375258081311,30/07/2011 13:00:00,1,Aprilia RS Cube [2011],World Superbikes,
5,Rider,Noriyuki Haga,34.96221924244644,0.6491130988642777,30/07/2011 13:00:00,2,Aprilia RS Cube [2011],World Superbikes,
5,Rider,Noriyuki Haga,34.961806726081164,0.6522220494218471,02/09/2011 13:00:00,0,Aprilia RS Cube [2011],World Superbikes,
5,Rider,Noriyuki Haga,34.96208546547793,0.6554019930701093,02/09/2011 13:00:00,1,Aprilia RS Cube [2011],World Superbikes,
5,Rider,Noriyuki Haga,34.96088255789356,0.6586476617019228,03/09/2011 13:00:00,0,Aprilia RS Cube [2011],World Superbikes,
5,Rider,Noriyuki Haga,34.95982637701297,0.6619642210594845,03/09/2011 13:00:00,1,Aprilia RS Cube [2011],World Superbikes,
5,Rider,Noriyuki Haga,34.95789972298652,0.6653470847456388,03/09/2011 13:00:00,2,Aprilia RS Cube [2011],World Superbikes,
5,Rider,Noriyuki Haga,34.95553802830886,0.6687898684566412,23/09/2011 13:00:00,0,Aprilia RS Cube [2011],World Superbikes,
5,Rider,Noriyuki Haga,34.95338036475047,0.6723108295050606,23/09/2011 13:00:00,1,Aprilia RS Cube [2011],World Superbikes,
5,Rider,Noriyuki Haga,34.95033228170243,0.6759086888963735,24/09/2011 13:00:00,0,Aprilia RS Cube [2011],World Superbikes,
5,Rider,Noriyuki Haga,34.94550896360506,0.6795742768810326,24/09/2011 13:00:00,1,Aprilia RS Cube [2011],World Superbikes,
5,Rider,Noriyuki Haga,34.93840600105986,0.6832941054145537,24/09/2011 13:00:00,2,Aprilia RS Cube [2011],World Superbikes,
5,Rider,Noriyuki Haga,34.930382459335185,0.6870798326977952,30/09/2011 13:00:00,0,Aprilia RS Cube [2011],World Superbikes,
5,Rider,Noriyuki Haga,34.92232592333148,0.6909480012295766,30/09/2011 13:00:00,1,Aprilia RS Cube [2011],World Superbikes,
5,Rider,Noriyuki Haga,34.91393308407102,0.6949016438973623,01/10/2011 13:00:00,0,Aprilia RS Cube [2011],World Superbikes,
5,Rider,Noriyuki Haga,34.90501552293542,0.6989394713672843,01/10/2011 13:00:00,1,Aprilia RS Cube [2011],World Superbikes,
5,Rider,Noriyuki Haga,34.896641121653246,0.7030562858845456,14/10/2011 13:00:00,0,Aprilia RS Cube [2011],World Superbikes,
5,Rider,Noriyuki Haga,34.888130333913224,0.7072631321423583,14/10/2011 13:00:00,1,Aprilia RS Cube [2011],World Superbikes,
5,Rider,Noriyuki Haga,34.88048258104483,0.7115618690141791,15/10/2011 13:00:00,0,Aprilia RS Cube [2011],World Superbikes,
5,Rider,Noriyuki Haga,34.87321507147092,0.7159505382840796,15/10/2011 13:00:00,1,Aprilia RS Cube [2011],World Superbikes,
5,Rider,Noriyuki Haga,34.865637666096106,0.7204264395732833,15/10/2011 13:00:00,2,Aprilia RS Cube [2011],World Superbikes,
5,Rider,Noriyuki Haga,34.85967325315508,0.7249537374502631,28/06/2013 13:00:00,0,BMW S1000 RR [2013],World Superbikes,
5,Rider,Noriyuki Haga,34.8559051286833,0.7295565901358704,28/06/2013 13:00:00,1,BMW S1000 RR [2013],World Superbikes,
6,Bike,Yamaha YZF 750 R [1998],26.70182023333404,1.1194622043140507,21/03/1998 13:00:00,0,,World Superbikes,
6,Bike,Yamaha YZF 750 R [1998],26.701396368911684,1.1166598488261963,21/03/1998 13:00:00,1,,World Superbikes,
6,Bike,Yamaha YZF 750 R [1998],26.69982701327562,1.1140368023067186,21/03/1998 13:00:00,2,,World Superbikes,
6,Bike,Yamaha YZF 750 R [1998],26.69829197286961,1.1115927750776977,12/04/1998 13:00:00,0,,World Superbikes,
6,Bike,Yamaha YZF 750 R [1998],26.696545220183395,1.109334452120829,12/04/1998 13:00:00,1,,World Superbikes,
6,Bike,Yamaha YZF 750 R [1998],26.69464939882908,1.1072644164976722,09/05/1998 13:00:00,0,,World Superbikes,
6,Bike,Yamaha YZF 750 R [1998],26.692845588137917,1.1053734994531081,09/05/1998 13:00:00,1,,World Superbikes,
6,Bike,Yamaha YZF 750 R [1998],26.69121909501326,1.1036617127488801,09/05/1998 13:00:00,2,,World Superbikes,
6,Bike,Yamaha YZF 750 R [1998],26.691094058000544,1.1021209155968126,23/05/1998 13:00:00,0,,World Superbikes,
6,Bike,Yamaha YZF 750 R [1998],26.691451049016017,1.1007584048742516,23/05/1998 13:00:00,1,,World Superbikes,
6,Bike,Yamaha YZF 750 R [1998],26.690935374845466,1.0995761166704892,06/06/1998 13:00:00,0,,World Superbikes,
6,Bike,Yamaha YZF 750 R [1998],26.688932703590353,1.0985722398427125,06/06/1998 13:00:00,1,,World Superbikes,
6,Bike,Yamaha YZF 750 R [1998],26.686062089133678,1.097748432519085,06/06/1998 13:00:00,2,,World Superbikes,
6,Bike,Yamaha YZF 750 R [1998],26.6830378514788,1.097099951061346,20/06/1998 13:00:00,0,,World Superbikes,
6,Bike,Yamaha YZF 750 R [1998],26.679414159113943,1.0966289371974476,20/06/1998 13:00:00,1,,World Superbikes,
6,Bike,Yamaha YZF 750 R [1998],26.675636260958985,1.0963395769597535,20/06/1998 13:00:00,2,,World Superbikes,
6,Bike,Yamaha YZF 750 R [1998],26.671924791510328,1.0962213147296194,04/07/1998 13:00:00,0,,World Superbikes,
6,Bike,Yamaha YZF 750 R [1998],26.668161046028544,1.0962764143803394,04/07/1998 13:00:00,1,,World Superbikes,
6,Bike,Yamaha YZF 750 R [1998],26.66415750535468,1.0965056772594364,04/07/1998 13:00:00,2,,World Superbikes,
6,Bike,Yamaha YZF 750 R [1998],26.66060038906116,1.0969053672060312,11/07/1998 13:00:00,0,,World Superbikes,
6,Bike,Yamaha YZF 750 R [1998],26.657445076606763,1.0974868880866595,11/07/1998 13:00:00,1,,World Superbikes,
6,Bike,Yamaha YZF 750 R [1998],26.653333844529534,1.0982458851668229,11/07/1998 13:00:00,2,,World Superbikes,
6,Bike,Yamaha YZF 750 R [1998],26.64955414293496,1.0991699806502997,01/08/1998 13:00:00,0,,World Superbikes,
6,Bike,Yamaha YZF 750 R [1998],26.645011795354925,1.1002785942596318,01/08/1998 13:00:00,1,,World Superbikes,
6,Bike,Yamaha YZF 750 R [1998],26.640357001923995,1.1015701574353203,01/08/1998 13:00:00,2,,World Superbikes,
6,Bike,Yamaha YZF 750 R [1998],26.637144412800737,1.103005675834408,29/08/1998 13:00:00,0,,World Superbikes,
6,Bike,Yamaha YZF 750 R [1998],26.634141461994894,1.1046201021065183,29/08/1998 13:00:00,1,,World Superbikes,
6,Bike,Yamaha YZF 750 R [1998],26.63129521845804,1.1064117654997205,29/08/1998 13:00:00,2,,World Superbikes,
6,Bike,Yamaha YZF 750 R [1998],26.629199686817884,1.1083744122974828,05/09/1998 13:00:00,0,,World Superbikes,
6,Bike,Yamaha YZF 750 R [1998],26.627448463951755,1.1105141867900659,05/09/1998 13:00:00,1,,World Superbikes,
6,Bike,Yamaha YZF 750 R [1998],26.628310172382985,1.1128235918611755,05/09/1998 13:00:00,2,,World Superbikes,
6,Bike,Yamaha YZF 750 R [1998],26.630539185322842,1.1152898623790664,03/10/1998 13:00:00,0,,World Superbikes,
6,Bike,Yamaha YZF 750 R [1998],26.631699894279638,1.1179393729808174,03/10/1998 13:00:00,1,,World Superbikes,
6,Bike,Yamaha YZF 750 R [1998],26.631987511846912,1.1207624997779417,03/10/1998 13:00:00,2,,World Superbikes,
7,Rider,Troy Corser,43.524488115735004,0.7604626893082155,21/03/1998 13:00:00,0,Ducati 916 R [1998],World Superbikes,
7,Rider,Troy Corser,43.52695477205,0.7560856296957715,21/03/1998 13:00:00,1,Ducati 916 R [1998],World Superbikes,
7,Rider,Troy Corser,43.53025908774732,0.7518080975524483,21/03/1998 13:00:00,2,Ducati 916 R [1998],World Superbikes,
7,Rider,Troy Corser,43.532355696634,0.7475838904015262,12/04/1998 13:00:00,0,Ducati 916 R [1998],World Superbikes,
7,Rider,Troy Corser,43.533099772683045,0.7434172024246481,12/04/1998 13:00:00,1,Ducati 916 R [1998],World Superbikes,
7,Rider,Troy Corser,43.532683019100084,0.7393054005102514,09/05/1998 13:00:00,0,Ducati 916 R [1998],World Superbikes,
7,Rider,Troy Corser,43.5332126212389,0.7352853624032722,09/05/1998 13:00:00,1,Ducati 916 R [1998],World Superbikes,
7,Rider,Troy Corser,43.5342112174925,0.7313523094257661,09/05/1998 13:00:00,2,Ducati 916 R [1998],World Superbikes,
7,Rider,Troy Corser,43.53477359991784,0.7274929302167734,23/05/1998 13:00:00,0,Ducati 916 R [1998],World Superbikes,
7,Rider,Troy Corser,43.53534999707451,0.723698930328279,23/05/1998 13:00:00,1,Ducati 916 R [1998],World Superbikes,
7,Rider,Troy Corser,43.53858865399531,0.7199931134225462,06/06/1998 13:00:00,0,Ducati 916 R [1998],World Superbikes,
7,Rider,Troy Corser,43.5437848227611,0.7163791529530925,06/06/1998 13:00:00,1,Ducati 916 R [1998],World Superbikes,
7,Rider,Troy Corser,43.550490339963126,0.7128543566267003,06/06/1998 13:00:00,2,Ducati 916 R [1998],World Superbikes,
7,Rider,Troy Corser,43.556065678542936,0.7093721399017854,20/06/1998 13:00:00,0,Ducati 916 R [1998],World Superbikes,
7,Rider,Troy Corser,43.560418444491305,0.7059341000208872,20/06/1998 13:00:00,1,Ducati 916 R [1998],World Superbikes,
7,Rider,Troy Corser,43.56359321978217,0.70253825615006,20/06/1998 13:00:00,2,Ducati 916 R [1998],World Superbikes,
7,Rider,Troy Corser,43.56566266799897,0.6991811525445331,04/07/1998 13:00:00,0,Ducati 916 R [1998],World Superbikes,
7,Rider,Troy Corser,43.566527921194854,0.6958641113235481,04/07/1998 13:00:00,1,Ducati 916 R [1998],World Superbikes,
7,Rider,Troy Corser,43.56614801869954,0.6925874154555498,04/07/1998 13:00:00,2,Ducati 916 R [1998],World Superbikes,
7,Rider,Troy Corser,43.56543743952607,0.6893753094845424,11/07/1998 13:00:00,0,Ducati 916 R [1998],World Superbikes,
7,Rider,Troy Corser,43.56338197553556,0.6862059074105942,11/07/1998 13:00:00,1,Ducati 916 R [1998],World Superbikes,
7,Rider,Troy Corser,43.56180848517305,0.6831154892410737,11/07/1998 13:00:00,2,Ducati 916 R [1998],World Superbikes,
7,Rider,Troy Corser,43.55898379688538,0.6800630125486316,01/08/1998 13:00:00,0,Ducati 916 R [1998],World Superbikes,
7,Rider,Troy Corser,43.55819524847461,0.6770905899894071,01/08/1998 13:00:00,1,Ducati 916 R [1998],World Superbikes,
7,Rider,Troy Corser,43.55686317604271,0.6741798502286075,01/08/1998 13:00:00,2,Ducati 916 R [1998],World Superbikes,
7,Rider,Troy Corser,43.5542790616765,0.6713052190724578,29/08/1998 13:00:00,0,Ducati 916 R [1998],World Superbikes,
7,Rider,Troy Corser,43.55156883798635,0.668485712365883,29/08/1998 13:00:00,1,Ducati 916 R [1998],World Superbikes,
7,Rider,Troy Corser,43.54934809311623,0.6657330684590703,29/08/1998 13:00:00,2,Ducati 916 R [1998],World Superbikes,
7,Rider,Troy Corser,43.54779645294195,0.663048521190302,05/09/1998 13:00:00,0,Ducati 916 R [1998],World Superbikes,
7,Rider,Troy Corser,43.546922109500585,0.6604285182314756,05/09/1998 13:00:00,1,Ducati 916 R [1998],World Superbikes,
7,Rider,Troy Corser,43.544876756897445,0.6578370053986841,05/09/1998 13:00:00,2,Ducati 916 R [1998],World Superbikes,
7,Rider,Troy Corser,43.54321616447407,0.6553081587515404,27/03/1999 13:00:00,0,Ducati 996 RS [1999],World Superbikes,
7,Rider,Troy Corser,43.54057447150568,0.6528020727781462,27/03/1999 13:00:00,1,Ducati 996 RS [1999],World Superbikes,
7,Rider,Troy Corser,43.53766396684144,0.650342240788132,27/03/1999 13:00:00,2,Ducati 996 RS [1999],World Superbikes,
7,Rider,Troy Corser,43.533691471953674,0.6479042461130361,17/04/1999 13:00:00,0,Ducati 996 RS [1999],World Superbikes,
7,Rider,Troy Corser,43.52864096500707,0.645487948202212,17/04/1999 13:00:00,1,Ducati 996 RS [1999],World Superbikes,
7,Rider,Troy Corser,43.52400475883056,0.6431230136259931,17/04/1999 13:00:00,2,Ducati 996 RS [1999],World Superbikes,
7,Rider,Troy Corser,43.51827257825182,0.6407786385916745,01/05/1999 13:00:00,0,Ducati 996 RS [1999],World Superbikes,
7,Rider,Troy Corser,43.51168575471122,0.6384536095613208,01/05/1999 13:00:00,1,Ducati 996 RS [1999],World Superbikes,
7,Rider,Troy Corser,43.50523138251758,0.6361844182689554,01/05/1999 13:00:00,2,Ducati 996 RS [1999],World Superbikes,
7,Rider,Troy Corser,43.49911319979004,0.6339691190717182,15/05/1999 13:00:00,0,Ducati 996 RS [1999],World Superbikes,
7,Rider,Troy Corser,43.49488494990318,0.63181226007583,15/05/1999 13:00:00,1,Ducati 996 RS [1999],World Superbikes,
7,Rider,Troy Corser,43.49054186547569,0.6296950662406054,15/05/1999 13:00:00,2,Ducati 996 RS [1999],World Superbikes,
7,Rider,Troy Corser,43.48857498328833,0.6276312885692136,29/05/1999 13:00:00,0,Ducati 996 RS [1999],World Superbikes,
7,Rider,Troy Corser,43.486370726136734,0.6256058312686573,29/05/1999 13:00:00,1,Ducati 996 RS [1999],World Superbikes,
7,Rider,Troy Corser,43.4845790709786,0.6236279231326094,29/05/1999 13:00:00,2,Ducati 996 RS [1999],World Superbikes,
7,Rider,Troy Corser,43.48276844812918,0.6216860583662723,12/06/1999 13:00:00,0,Ducati 996 RS [1999],World Superbikes,
7,Rider,Troy Corser,43.479902644352066,0.6197579636046042,12/06/1999 13:00:00,1,Ducati 996 RS [1999],World Superbikes,
7,Rider,Troy Corser,43.478950246832746,0.6178810105258025,12/06/1999 13:00:00,2,Ducati 996 RS [1999],World Superbikes,
7,Rider,Troy Corser,43.47921165985477,0.6160508773736495,26/06/1999 13:00:00,0,Ducati 996 RS [1999],World Superbikes,
7,Rider,Troy Corser,43.47838651555192,0.6142332898950834,26/06/1999 13:00:00,1,Ducati 996 RS [1999],World Superbikes,
7,Rider,Troy Corser,43.476464099454056,0.6124268109057334,26/06/1999 13:00:00,2,Ducati 996 RS [1999],World Superbikes,
7,Rider,Troy Corser,43.47445151279656,0.610650971744985,10/07/1999 13:00:00,0,Ducati 996 RS [1999],World Superbikes,
7,Rider,Troy Corser,43.4725067937468,0.6089182233257477,10/07/1999 13:00:00,1,Ducati 996 RS [1999],World Superbikes,
7,Rider,Troy Corser,43.471392840695884,0.6072325739326948,10/07/1999 13:00:00,2,Ducati 996 RS [1999],World Superbikes,
7,Rider,Troy Corser,43.46922755248843,0.6055564925664099,31/07/1999 13:00:00,0,Ducati 996 RS [1999],World Superbikes,
7,Rider,Troy Corser,43.46736925095015,0.603924411553663,31/07/1999 13:00:00,1,Ducati 996 RS [1999],World Superbikes,
7,Rider,Troy Corser,43.464507732534564,0.6023003564156206,31/07/1999 13:00:00,2,Ducati 996 RS [1999],World Superbikes,
7,Rider,Troy Corser,43.463014048679895,0.6007214495895395,28/08/1999 13:00:00,0,Ducati 996 RS [1999],World Superbikes,
7,Rider,Troy Corser,43.462979804381895,0.5991839621492644,28/08/1999 13:00:00,1,Ducati 996 RS [1999],World Superbikes,
7,Rider,Troy Corser,43.464948028921306,0.5976886688608001,28/08/1999 13:00:00,2,Ducati 996 RS [1999],World Superbikes,
7,Rider,Troy Corser,43.4689191447527,0.5962339004385927,04/09/1999 13:00:00,0,Ducati 996 RS [1999],World Superbikes,
7,Rider,Troy Corser,43.47176980741731,0.5947844734562464,04/09/1999 13:00:00,1,Ducati 996 RS [1999],World Superbikes,
7,Rider,Troy Corser,43.47441533618447,0.5933623902021717,04/09/1999 13:00:00,2,Ducati 996 RS [1999],World Superbikes,
7,Rider,Troy Corser,43.47591931209437,0.5919443508036185,11/09/1999 13:00:00,0,Ducati 996 RS [1999],World Superbikes,
7,Rider,Troy Corser,43.477219191038394,0.5905517812748096,11/09/1999 13:00:00,1,Ducati 996 RS [1999],World Superbikes,
7,Rider,Troy Corser,43.48020155696458,0.5891983468857602,11/09/1999 13:00:00,2,Ducati 996 RS [1999],World Superbikes,
7,Rider,Troy Corser,43.48337200351336,0.5878682384926234,09/10/1999 13:00:00,0,Ducati 996 RS [1999],World Superbikes,
7,Rider,Troy Corser,43.48563584252682,0.586540635913419,09/10/1999 13:00:00,1,Ducati 996 RS [1999],World Superbikes,
7,Rider,Troy Corser,43.48743485479181,0.5852398890676074,09/10/1999 13:00:00,2,Ducati 996 RS [1999],World Superbikes,
7,Rider,Troy Corser,43.488162722848784,0.5839416577631834,01/04/2000 13:00:00,0,Aprilia RSV 1000 [2000],World Superbikes,
7,Rider,Troy Corser,43.48926718890598,0.5826760253487053,01/04/2000 13:00:00,1,Aprilia RSV 1000 [2000],World Superbikes,
7,Rider,Troy Corser,43.49173941199683,0.581448592892398,01/04/2000 13:00:00,2,Aprilia RSV 1000 [2000],World Superbikes,
7,Rider,Troy Corser,43.49281734736475,0.5802253426900786,22/04/2000 13:00:00,0,Aprilia RSV 1000 [2000],World Superbikes,
7,Rider,Troy Corser,43.4932812229982,0.5790230133044875,22/04/2000 13:00:00,1,Aprilia RSV 1000 [2000],World Superbikes,
7,Rider,Troy Corser,43.49363275828098,0.5778477570560058,22/04/2000 13:00:00,2,Aprilia RSV 1000 [2000],World Superbikes,
7,Rider,Troy Corser,43.4926981569938,0.5766752029895165,29/04/2000 13:00:00,0,Aprilia RSV 1000 [2000],World Superbikes,
7,Rider,Troy Corser,43.49221835838631,0.5755406114156515,29/04/2000 13:00:00,1,Aprilia RSV 1000 [2000],World Superbikes,
7,Rider,Troy Corser,43.49367748011258,0.5744444572367023,29/04/2000 13:00:00,2,Aprilia RSV 1000 [2000],World Superbikes,
7,Rider,Troy Corser,43.49529845510898,0.5733817296069067,13/05/2000 13:00:00,0,Aprilia RSV 1000 [2000],World Superbikes,
7,Rider,Troy Corser,43.4954381803493,0.5723249602490319,13/05/2000 13:00:00,1,Aprilia RSV 1000 [2000],World Superbikes,
7,Rider,Troy Corser,43.49752189922419,0.5713062935363693,13/05/2000 13:00:00,2,Aprilia RSV 1000 [2000],World Superbikes,
7,Rider,Troy Corser,43.50097315787332,0.570321237988162,20/05/2000 13:00:00,0,Aprilia RSV 1000 [2000],World Superbikes,
7,Rider,Troy Corser,43.50525468839522,0.5693704571430653,20/05/2000 13:00:00,1,Aprilia RSV 1000 [2000],World Superbikes,
7,Rider,Troy Corser,43.51090775003174,0.5684538977902162,20/05/2000 13:00:00,2,Aprilia RSV 1000 [2000],World Superbikes,
7,Rider,Troy Corser,43.515960887110374,0.5675531872575207,03/06/2000 13:00:00,0,Aprilia RSV 1000 [2000],World Superbikes,
7,Rider,Troy Corser,43.521744916393494,0.5666835291101716,03/06/2000 13:00:00,1,Aprilia RSV 1000 [2000],World Superbikes,
7,Rider,Troy Corser,43.527559221389446,0.5658407301892224,03/06/2000 13:00:00,2,Aprilia RSV 1000 [2000],World Superbikes,
7,Rider,Troy Corser,43.533193838220825,0.5650195079161363,17/06/2000 13:00:00,0,Aprilia RSV 1000 [2000],World Superbikes,
7,Rider,Troy Corser,43.537454868537544,0.5641980704127781,17/06/2000 13:00:00,1,Aprilia RSV 1000 [2000],World Superbikes,
7,Rider,Troy Corser,43.540398730941035,0.5633735139492482,17/06/2000 13:00:00,2,Aprilia RSV 1000 [2000],World Superbikes,
7,Rider,Troy Corser,43.54232105972411,0.5625402563192093,24/06/2000 13:00:00,0,Aprilia RSV 1000 [2000],World Superbikes,
7,Rider,Troy Corser,43.543021062293995,0.5617023486894689,24/06/2000 13:00:00,1,Aprilia RSV 1000 [2000],World Superbikes,
7,Rider,Troy Corser,43.54384484915295,0.5608841700557943,24/06/2000 13:00:00,2,Aprilia RSV 1000 [2000],World Superbikes,
7,Rider,Troy Corser,43.543644930244426,0.5600595284021264,08/07/2000 13:00:00,0,Aprilia RSV 1000 [2000],World Superbikes,
7,Rider,Troy Corser,43.54214876998326,0.5592328130644837,08/07/2000 13:00:00,1,Aprilia RSV 1000 [2000],World Superbikes,
7,Rider,Troy Corser,43.54113681300811,0.5584313608257633,08/07/2000 13:00:00,2,Aprilia RSV 1000 [2000],World Superbikes,
7,Rider,Troy Corser,43.54142780046118,0.5576538993439578,05/08/2000 13:00:00,0,Aprilia RSV 1000 [2000],World Superbikes,
7,Rider,Troy Corser,43.54204999325175,0.5569031761551059,05/08/2000 13:00:00,1,Aprilia RSV 1000 [2000],World Superbikes,
7,Rider,Troy Corser,43.54375856835599,0.5561799644084725,05/08/2000 13:00:00,2,Aprilia RSV 1000 [2000],World Superbikes,
7,Rider,Troy Corser,43.5467544267294,0.5554782656856363,02/09/2000 13:00:00,0,Aprilia RSV 1000 [2000],World Superbikes,
7,Rider,Troy Corser,43.54918396735532,0.5547911636415688,02/09/2000 13:00:00,1,Aprilia RSV 1000 [2000],World Superbikes,
7,Rider,Troy Corser,43.55096029681249,0.5541172524500398,02/09/2000 13:00:00,2,Aprilia RSV 1000 [2000],World Superbikes,
7,Rider,Troy Corser,43.55458416347895,0.5534655769266242,09/09/2000 13:00:00,0,Aprilia RSV 1000 [2000],World Superbikes,
7,Rider,Troy Corser,43.55744800891069,0.5528255629917606,09/09/2000 13:00:00,1,Aprilia RSV 1000 [2000],World Superbikes,
7,Rider,Troy Corser,43.55887067286474,0.5521786651465063,09/09/2000 13:00:00,2,Aprilia RSV 1000 [2000],World Superbikes,
7,Rider,Troy Corser,43.55977778418244,0.5515391229087776,14/10/2000 13:00:00,0,Aprilia RSV 1000 [2000],World Superbikes,
7,Rider,Troy Corser,43.55918947891106,0.5508955999637092,14/10/2000 13:00:00,1,Aprilia RSV 1000 [2000],World Superbikes,
7,Rider,Troy Corser,43.55867183340227,0.5502724994982782,14/10/2000 13:00:00,2,Aprilia RSV 1000 [2000],World Superbikes,
7,Rider,Troy Corser,43.55876097072424,0.5496704725398067,09/03/2001 13:00:00,0,Aprilia RSV 1000 [2001],World Superbikes,
7,Rider,Troy Corser,43.5576304486489,0.549060316237383,09/03/2001 13:00:00,1,Aprilia RSV 1000 [2001],World Superbikes,
7,Rider,Troy Corser,43.55509767070868,0.5484432697824553,10/03/2001 13:00:00,0,Aprilia RSV 1000 [2001],World Superbikes,
7,Rider,Troy Corser,43.551164828389105,0.5478188217949467,29/03/2001 13:00:00,0,Aprilia RSV 1000 [2001],World Superbikes,
7,Rider,Troy Corser,43.54794739431323,0.5472150395588014,30/03/2001 13:00:00,0,Aprilia RSV 1000 [2001],World Superbikes,
7,Rider,Troy Corser,43.54403805071478,0.5466213148445613,31/03/2001 13:00:00,0,Aprilia RSV 1000 [2001],World Superbikes,
7,Rider,Troy Corser,43.5402297446562,0.5460426329463816,19/04/2001 13:00:00,0,Aprilia RSV 1000 [2001],World Superbikes,
7,Rider,Troy Corser,43.53567217072048,0.5454710448892924,20/04/2001 13:00:00,0,Aprilia RSV 1000 [2001],World Superbikes,
7,Rider,Troy Corser,43.531402122059525,0.5449147700345313,20/04/2001 13:00:00,1,Aprilia RSV 1000 [2001],World Superbikes,
7,Rider,Troy Corser,43.525729605666406,0.544348376307325,26/04/2001 13:00:00,0,Aprilia RSV 1000 [2001],World Superbikes,
7,Rider,Troy Corser,43.51984281594568,0.5437996594814954,27/04/2001 13:00:00,0,Aprilia RSV 1000 [2001],World Superbikes,
7,Rider,Troy Corser,43.51343034087964,0.5432644137149232,27/04/2001 13:00:00,1,Aprilia RSV 1000 [2001],World Superbikes,
7,Rider,Troy Corser,43.50700820037908,0.5427445435758834,10/05/2001 13:00:00,0,Aprilia RSV 1000 [2001],World Superbikes,
7,Rider,Troy Corser,43.500422396197145,0.5422351965182711,11/05/2001 13:00:00,0,Aprilia RSV 1000 [2001],World Superbikes,
7,Rider,Troy Corser,43.493892251599654,0.5417404212662164,12/05/2001 13:00:00,0,Aprilia RSV 1000 [2001],World Superbikes,
7,Rider,Troy Corser,43.4881607939256,0.5412613538235731,25/05/2001 13:00:00,0,Aprilia RSV 1000 [2001],World Superbikes,
7,Rider,Troy Corser,43.4835527600666,0.5408017713274288,25/05/2001 13:00:00,1,Aprilia RSV 1000 [2001],World Superbikes,
7,Rider,Troy Corser,43.47952046644472,0.5403606733745757,26/05/2001 13:00:00,0,Aprilia RSV 1000 [2001],World Superbikes,
7,Rider,Troy Corser,43.47657486174008,0.5399345669099194,07/06/2001 13:00:00,0,Aprilia RSV 1000 [2001],World Superbikes,
7,Rider,Troy Corser,43.47437973904541,0.5395253531468245,08/06/2001 13:00:00,0,Aprilia RSV 1000 [2001],World Superbikes,
7,Rider,Troy Corser,43.47078457116876,0.5391026333933225,09/06/2001 13:00:00,0,Aprilia RSV 1000 [2001],World Superbikes,
7,Rider,Troy Corser,43.46659279310671,0.5386839325060337,21/06/2001 13:00:00,0,Aprilia RSV 1000 [2001],World Superbikes,
7,Rider,Troy Corser,43.46222463711973,0.5382736755759282,22/06/2001 13:00:00,0,Aprilia RSV 1000 [2001],World Superbikes,
7,Rider,Troy Corser,43.45811849989722,0.5378779465761242,23/06/2001 13:00:00,0,Aprilia RSV 1000 [2001],World Superbikes,
7,Rider,Troy Corser,43.453337876775855,0.5374853799319493,06/07/2001 13:00:00,0,Aprilia RSV 1000 [2001],World Superbikes,
7,Rider,Troy Corser,43.44899741701006,0.5371076849779646,07/07/2001 13:00:00,0,Aprilia RSV 1000 [2001],World Superbikes,
7,Rider,Troy Corser,43.44434785681936,0.5367394412054557,07/07/2001 13:00:00,1,Aprilia RSV 1000 [2001],World Superbikes,
7,Rider,Troy Corser,43.439397781998494,0.5363806907279735,27/07/2001 13:00:00,0,Aprilia RSV 1000 [2001],World Superbikes,
7,Rider,Troy Corser,43.43431562746396,0.5360352316319447,27/07/2001 13:00:00,1,Aprilia RSV 1000 [2001],World Superbikes,
7,Rider,Troy Corser,43.430210187696595,0.5357063058983548,28/07/2001 13:00:00,0,Aprilia RSV 1000 [2001],World Superbikes,
7,Rider,Troy Corser,43.42710401103877,0.5353918803422437,30/08/2001 13:00:00,0,Aprilia RSV 1000 [2001],World Superbikes,
7,Rider,Troy Corser,43.4224722021488,0.5350629344440851,31/08/2001 13:00:00,0,Aprilia RSV 1000 [2001],World Superbikes,
7,Rider,Troy Corser,43.41718762213477,0.5347373620399584,01/09/2001 13:00:00,0,Aprilia RSV 1000 [2001],World Superbikes,
7,Rider,Troy Corser,43.41117176117016,0.5344144134177042,06/09/2001 13:00:00,0,Aprilia RSV 1000 [2001],World Superbikes,
7,Rider,Troy Corser,43.40453129986416,0.5340939731227214,07/09/2001 13:00:00,0,Aprilia RSV 1000 [2001],World Superbikes,
7,Rider,Troy Corser,43.39808045925128,0.5337836161682472,08/09/2001 13:00:00,0,Aprilia RSV 1000 [2001],World Superbikes,
7,Rider,Troy Corser,43.392773994079484,0.5334861775883376,27/09/2001 13:00:00,0,Aprilia RSV 1000 [2001],World Superbikes,
7,Rider,Troy Corser,43.38919979737783,0.533202688307363,28/09/2001 13:00:00,0,Aprilia RSV 1000 [2001],World Superbikes,
7,Rider,Troy Corser,43.38751792647399,0.5329345082688383,29/09/2001 13:00:00,0,Aprilia RSV 1000 [2001],World Superbikes,
7,Rider,Troy Corser,43.38442703936223,0.5326497965659268,28/02/2003 13:00:00,0,Petronas FP1 [2003],World Superbikes,
7,Rider,Troy Corser,43.38047370293262,0.5323764682056872,28/02/2003 13:00:00,1,Petronas FP1 [2003],World Superbikes,
7,Rider,Troy Corser,43.37438099041966,0.5321096480141967,01/03/2003 13:00:00,0,Petronas FP1 [2003],World Superbikes,
7,Rider,Troy Corser,43.36662487546604,0.5318499157508989,27/03/2003 13:00:00,0,Petronas FP1 [2003],World Superbikes,
7,Rider,Troy Corser,43.35712081671628,0.5315984265676988,28/03/2003 13:00:00,0,Petronas FP1 [2003],World Superbikes,
7,Rider,Troy Corser,43.346171132222665,0.5313548210417326,28/03/2003 13:00:00,1,Petronas FP1 [2003],World Superbikes,
7,Rider,Troy Corser,43.33416232913771,0.531120705553213,24/04/2003 13:00:00,0,Petronas FP1 [2003],World Superbikes,
7,Rider,Troy Corser,43.324267835410744,0.5308916431965867,25/04/2003 13:00:00,0,Petronas FP1 [2003],World Superbikes,
7,Rider,Troy Corser,43.314249520074,0.5306732749264269,25/04/2003 13:00:00,1,Petronas FP1 [2003],World Superbikes,
7,Rider,Troy Corser,43.30351992629793,0.5304626528495494,15/05/2003 13:00:00,0,Petronas FP1 [2003],World Superbikes,
7,Rider,Troy Corser,43.29365183807279,0.5302627440735534,16/05/2003 13:00:00,0,Petronas FP1 [2003],World Superbikes,
7,Rider,Troy Corser,43.28480914788848,0.5300730526644949,17/05/2003 13:00:00,0,Petronas FP1 [2003],World Superbikes,
7,Rider,Troy Corser,43.276948766635826,0.529888788690847,29/05/2003 13:00:00,0,Petronas FP1 [2003],World Superbikes,
7,Rider,Troy Corser,43.27054896309587,0.529714410257595,30/05/2003 13:00:00,0,Petronas FP1 [2003],World Superbikes,
7,Rider,Troy Corser,43.26495871225918,0.5295473024838674,31/05/2003 13:00:00,0,Petronas FP1 [2003],World Superbikes,
7,Rider,Troy Corser,43.26010583855329,0.5293865600056824,13/06/2003 13:00:00,0,Petronas FP1 [2003],World Superbikes,
7,Rider,Troy Corser,43.25552437879153,0.5292368508142076,13/06/2003 13:00:00,1,Petronas FP1 [2003],World Superbikes,
7,Rider,Troy Corser,43.25150717386997,0.5290981872463016,19/06/2003 13:00:00,0,Petronas FP1 [2003],World Superbikes,
7,Rider,Troy Corser,43.24882074209564,0.5289704445159753,20/06/2003 13:00:00,0,Petronas FP1 [2003],World Superbikes,
7,Rider,Troy Corser,43.24549195190804,0.528853218932967,21/06/2003 13:00:00,0,Petronas FP1 [2003],World Superbikes,
7,Rider,Troy Corser,43.24165191888748,0.5287457188347936,11/07/2003 13:00:00,0,Petronas FP1 [2003],World Superbikes,
7,Rider,Troy Corser,43.23798872632851,0.5286466612233742,12/07/2003 13:00:00,0,Petronas FP1 [2003],World Superbikes,
7,Rider,Troy Corser,43.23397644494338,0.528556387199085,12/07/2003 13:00:00,1,Petronas FP1 [2003],World Superbikes,
7,Rider,Troy Corser,43.23089924200188,0.528464949832612,25/07/2003 13:00:00,0,Petronas FP1 [2003],World Superbikes,
7,Rider,Troy Corser,43.22831395432809,0.5283849808969445,25/07/2003 13:00:00,1,Petronas FP1 [2003],World Superbikes,
7,Rider,Troy Corser,43.22509638406874,0.528316692379901,26/07/2003 13:00:00,0,Petronas FP1 [2003],World Superbikes,
7,Rider,Troy Corser,43.22172022319197,0.5282535429490365,04/09/2003 13:00:00,0,Petronas FP1 [2003],World Superbikes,
7,Rider,Troy Corser,43.21853033343906,0.5281995270051373,05/09/2003 13:00:00,0,Petronas FP1 [2003],World Superbikes,
7,Rider,Troy Corser,43.215187479681084,0.5281522040454821,06/09/2003 13:00:00,0,Petronas FP1 [2003],World Superbikes,
7,Rider,Troy Corser,43.21186000449778,0.5281103492079768,25/09/2003 13:00:00,0,Petronas FP1 [2003],World Superbikes,
7,Rider,Troy Corser,43.20753857152522,0.5280759353313839,26/09/2003 13:00:00,0,Petronas FP1 [2003],World Superbikes,
7,Rider,Troy Corser,43.20219864550124,0.5280488750395533,27/09/2003 13:00:00,0,Petronas FP1 [2003],World Superbikes,
7,Rider,Troy Corser,43.19570348724732,0.5280279924613793,16/10/2003 13:00:00,0,Petronas FP1 [2003],World Superbikes,
7,Rider,Troy Corser,43.18807153795484,0.5280161270696586,17/10/2003 13:00:00,0,Petronas FP1 [2003],World Superbikes,
7,Rider,Troy Corser,43.17986370537019,0.5280128243014961,18/10/2003 13:00:00,0,Petronas FP1 [2003],World Superbikes,
7,Rider,Troy Corser,43.17400942984499,0.527998084941575,27/02/2004 13:00:00,0,Petronas FP1 [2004],World Superbikes,
7,Rider,Troy Corser,43.16833786629711,0.5279921286899535,27/02/2004 13:00:00,1,Petronas FP1 [2004],World Superbikes,
7,Rider,Troy Corser,43.16257635954892,0.527992981611615,28/02/2004 13:00:00,0,Petronas FP1 [2004],World Superbikes,
7,Rider,Troy Corser,43.15841159103841,0.5280016785694774,25/03/2004 13:00:00,0,Petronas FP1 [2004],World Superbikes,
7,Rider,Troy Corser,43.15561766750223,0.5280172995593706,26/03/2004 13:00:00,0,Petronas FP1 [2004],World Superbikes,
7,Rider,Troy Corser,43.15429232925894,0.5280419382051039,26/03/2004 13:00:00,1,Petronas FP1 [2004],World Superbikes,
7,Rider,Troy Corser,43.153140186361455,0.528073801661512,15/04/2004 13:00:00,0,Petronas FP1 [2004],World Superbikes,
7,Rider,Troy Corser,43.150993931036574,0.5281100500556334,16/04/2004 13:00:00,0,Petronas FP1 [2004],World Superbikes,
7,Rider,Troy Corser,43.147636048218985,0.5281478203340756,17/04/2004 13:00:00,0,Petronas FP1 [2004],World Superbikes,
7,Rider,Troy Corser,43.14434569828753,0.5281936896817819,13/05/2004 13:00:00,0,Petronas FP1 [2004],World Superbikes,
7,Rider,Troy Corser,43.14253379116485,0.528249184997923,14/05/2004 13:00:00,0,Petronas FP1 [2004],World Superbikes,
7,Rider,Troy Corser,43.141833778833124,0.5283141608242182,15/05/2004 13:00:00,0,Petronas FP1 [2004],World Superbikes,
7,Rider,Troy Corser,43.14260317023693,0.5283859422102526,27/05/2004 13:00:00,0,Petronas FP1 [2004],World Superbikes,
7,Rider,Troy Corser,43.14266281431035,0.5284650306239983,28/05/2004 13:00:00,0,Petronas FP1 [2004],World Superbikes,
7,Rider,Troy Corser,43.14388905408755,0.5285557676693119,29/05/2004 13:00:00,0,Petronas FP1 [2004],World Superbikes,
7,Rider,Troy Corser,43.143048353022145,0.5286358866253812,11/06/2004 13:00:00,0,Petronas FP1 [2004],World Superbikes,
7,Rider,Troy Corser,43.142892313416716,0.5287266586362611,11/06/2004 13:00:00,1,Petronas FP1 [2004],World Superbikes,
7,Rider,Troy Corser,43.14181945444207,0.5288229376409448,12/06/2004 13:00:00,0,Petronas FP1 [2004],World Superbikes,
7,Rider,Troy Corser,43.14062222121869,0.5289271167863916,09/07/2004 13:00:00,0,Petronas FP1 [2004],World Superbikes,
7,Rider,Troy Corser,43.13952931196605,0.5290392315459573,10/07/2004 13:00:00,0,Petronas FP1 [2004],World Superbikes,
7,Rider,Troy Corser,43.13797698715029,0.5291586304826948,10/07/2004 13:00:00,1,Petronas FP1 [2004],World Superbikes,
7,Rider,Troy Corser,43.13596003968958,0.5292841630332261,30/07/2004 13:00:00,0,Petronas FP1 [2004],World Superbikes,
7,Rider,Troy Corser,43.134070904541396,0.5294218318195634,30/07/2004 13:00:00,1,Petronas FP1 [2004],World Superbikes,
7,Rider,Troy Corser,43.13207104517901,0.5295698721391201,31/07/2004 13:00:00,0,Petronas FP1 [2004],World Superbikes,
7,Rider,Troy Corser,43.12968973111842,0.5297257521943853,02/09/2004 13:00:00,0,Petronas FP1 [2004],World Superbikes,
7,Rider,Troy Corser,43.12802728350157,0.529893138351197,03/09/2004 13:00:00,0,Petronas FP1 [2004],World Superbikes,
7,Rider,Troy Corser,43.12671494931408,0.5300713656341699,04/09/2004 13:00:00,0,Petronas FP1 [2004],World Superbikes,
7,Rider,Troy Corser,43.126126761810006,0.5302590406892804,23/09/2004 13:00:00,0,Petronas FP1 [2004],World Superbikes,
7,Rider,Troy Corser,43.12830020821962,0.5304590034540494,24/09/2004 13:00:00,0,Petronas FP1 [2004],World Superbikes,
7,Rider,Troy Corser,43.129579007889376,0.5306660610308285,25/09/2004 13:00:00,0,Petronas FP1 [2004],World Superbikes,
7,Rider,Troy Corser,43.131987192009326,0.5308825788742759,30/09/2004 13:00:00,0,Petronas FP1 [2004],World Superbikes,
7,Rider,Troy Corser,43.13398717395722,0.531109405445375,01/10/2004 13:00:00,0,Petronas FP1 [2004],World Superbikes,
7,Rider,Troy Corser,43.135239631454816,0.5313462386494726,02/10/2004 13:00:00,0,Petronas FP1 [2004],World Superbikes,
7,Rider,Troy Corser,43.13443088266868,0.5315725374948894,23/02/2005 13:00:00,0,Suzuki GSX-R 1000 K5 [2005],World Superbikes,
7,Rider,Troy Corser,43.13262315906892,0.5317742916182618,24/02/2005 13:00:00,0,Suzuki GSX-R 1000 K5 [2005],World Superbikes,
7,Rider,Troy Corser,43.132582939372504,0.5319901388856204,25/02/2005 13:00:00,0,Suzuki GSX-R 1000 K5 [2005],World Superbikes,
7,Rider,Troy Corser,43.13260967893107,0.5322017310160704,31/03/2005 13:00:00,0,Suzuki GSX-R 1000 K5 [2005],World Superbikes,
7,Rider,Troy Corser,43.131649322187045,0.5323883058169514,01/04/2005 13:00:00,0,Suzuki GSX-R 1000 K5 [2005],World Superbikes,
7,Rider,Troy Corser,43.13350733353491,0.5325906130117933,01/04/2005 13:00:00,1,Suzuki GSX-R 1000 K5 [2005],World Superbikes,
7,Rider,Troy Corser,43.13631835644302,0.5328014318746295,21/04/2005 13:00:00,0,Suzuki GSX-R 1000 K5 [2005],World Superbikes,
7,Rider,Troy Corser,43.138269461773106,0.532986210244479,22/04/2005 13:00:00,0,Suzuki GSX-R 1000 K5 [2005],World Superbikes,
7,Rider,Troy Corser,43.139307720105315,0.5331457176139742,23/04/2005 13:00:00,0,Suzuki GSX-R 1000 K5 [2005],World Superbikes,
7,Rider,Troy Corser,43.13948267713601,0.5332774123782547,05/05/2005 13:00:00,0,Suzuki GSX-R 1000 K5 [2005],World Superbikes,
7,Rider,Troy Corser,43.138719486063394,0.5333841623458907,06/05/2005 13:00:00,0,Suzuki GSX-R 1000 K5 [2005],World Superbikes,
7,Rider,Troy Corser,43.13857815590228,0.5335000099042646,07/05/2005 13:00:00,0,Suzuki GSX-R 1000 K5 [2005],World Superbikes,
7,Rider,Troy Corser,43.138281869107026,0.5336146215020768,27/05/2005 13:00:00,0,Suzuki GSX-R 1000 K5 [2005],World Superbikes,
7,Rider,Troy Corser,43.138220097511436,0.5337351921611373,27/05/2005 13:00:00,1,Suzuki GSX-R 1000 K5 [2005],World Superbikes,
7,Rider,Troy Corser,43.13798381395179,0.533856640013179,28/05/2005 13:00:00,0,Suzuki GSX-R 1000 K5 [2005],World Superbikes,
7,Rider,Troy Corser,43.13842482611263,0.5339865017539019,23/06/2005 13:00:00,0,Suzuki GSX-R 1000 K5 [2005],World Superbikes,
7,Rider,Troy Corser,43.13785656810717,0.5340936306568645,24/06/2005 13:00:00,0,Suzuki GSX-R 1000 K5 [2005],World Superbikes,
7,Rider,Troy Corser,43.13632781860017,0.5341770997708186,25/06/2005 13:00:00,0,Suzuki GSX-R 1000 K5 [2005],World Superbikes,
7,Rider,Troy Corser,43.13379498388548,0.5342371575720627,14/07/2005 13:00:00,0,Suzuki GSX-R 1000 K5 [2005],World Superbikes,
7,Rider,Troy Corser,43.13137881125544,0.534300330910833,15/07/2005 13:00:00,0,Suzuki GSX-R 1000 K5 [2005],World Superbikes,
7,Rider,Troy Corser,43.12797799660338,0.5343407898593923,16/07/2005 13:00:00,0,Suzuki GSX-R 1000 K5 [2005],World Superbikes,
7,Rider,Troy Corser,43.12362138294099,0.5343562003155894,05/08/2005 13:00:00,0,Suzuki GSX-R 1000 K5 [2005],World Superbikes,
7,Rider,Troy Corser,43.118183758587264,0.5343506474025044,05/08/2005 13:00:00,1,Suzuki GSX-R 1000 K5 [2005],World Superbikes,
7,Rider,Troy Corser,43.11178138470101,0.5343213283005636,06/08/2005 13:00:00,0,Suzuki GSX-R 1000 K5 [2005],World Superbikes,
7,Rider,Troy Corser,43.10444459252011,0.5342672524401778,01/09/2005 13:00:00,0,Suzuki GSX-R 1000 K5 [2005],World Superbikes,
7,Rider,Troy Corser,43.097060789567564,0.5342123693150724,02/09/2005 13:00:00,0,Suzuki GSX-R 1000 K5 [2005],World Superbikes,
7,Rider,Troy Corser,43.090543828454216,0.5341689663013374,03/09/2005 13:00:00,0,Suzuki GSX-R 1000 K5 [2005],World Superbikes,
7,Rider,Troy Corser,43.08444493282196,0.5341304943653606,08/09/2005 13:00:00,0,Suzuki GSX-R 1000 K5 [2005],World Superbikes,
7,Rider,Troy Corser,43.078262526464066,0.5340925951058582,09/09/2005 13:00:00,0,Suzuki GSX-R 1000 K5 [2005],World Superbikes,
7,Rider,Troy Corser,43.07119309094941,0.5340296417508468,10/09/2005 13:00:00,0,Suzuki GSX-R 1000 K5 [2005],World Superbikes,
7,Rider,Troy Corser,43.064122179783475,0.5339677524312871,29/09/2005 13:00:00,0,Suzuki GSX-R 1000 K5 [2005],World Superbikes,
7,Rider,Troy Corser,43.05605574100046,0.5338833696801268,30/09/2005 13:00:00,0,Suzuki GSX-R 1000 K5 [2005],World Superbikes,
7,Rider,Troy Corser,43.046868186869155,0.5337791020541597,01/10/2005 13:00:00,0,Suzuki GSX-R 1000 K5 [2005],World Superbikes,
7,Rider,Troy Corser,43.03794285228114,0.5336802877036156,06/10/2005 13:00:00,0,Suzuki GSX-R 1000 K5 [2005],World Superbikes,
7,Rider,Troy Corser,43.03013606178186,0.5335937972137368,07/10/2005 13:00:00,0,Suzuki GSX-R 1000 K5 [2005],World Superbikes,
7,Rider,Troy Corser,43.022277424730866,0.5335094650336153,08/10/2005 13:00:00,0,Suzuki GSX-R 1000 K5 [2005],World Superbikes,
7,Rider,Troy Corser,43.01835647035195,0.5334278674050097,22/02/2006 13:00:00,0,Suzuki GSX-R1000 K6 [2006],World Superbikes,
7,Rider,Troy Corser,43.014417496083176,0.5333531916493265,23/02/2006 13:00:00,0,Suzuki GSX-R1000 K6 [2006],World Superbikes,
7,Rider,Troy Corser,43.01057254565294,0.5332892652094979,24/02/2006 13:00:00,0,Suzuki GSX-R1000 K6 [2006],World Superbikes,
7,Rider,Troy Corser,43.007289883601985,0.5332352087769041,02/03/2006 13:00:00,0,Suzuki GSX-R1000 K6 [2006],World Superbikes,
7,Rider,Troy Corser,43.004170281405855,0.5331916830206539,03/03/2006 13:00:00,0,Suzuki GSX-R1000 K6 [2006],World Superbikes,
7,Rider,Troy Corser,43.00029271478054,0.5331463886013672,03/03/2006 13:00:00,1,Suzuki GSX-R1000 K6 [2006],World Superbikes,
7,Rider,Troy Corser,42.995807472624165,0.5330975892269003,20/04/2006 13:00:00,0,Suzuki GSX-R1000 K6 [2006],World Superbikes,
7,Rider,Troy Corser,42.98986530434005,0.5330316969732842,21/04/2006 13:00:00,0,Suzuki GSX-R1000 K6 [2006],World Superbikes,
7,Rider,Troy Corser,42.98583043197057,0.5329826256713904,22/04/2006 13:00:00,0,Suzuki GSX-R1000 K6 [2006],World Superbikes,
7,Rider,Troy Corser,42.98045459051655,0.5329132504855841,04/05/2006 13:00:00,0,Suzuki GSX-R1000 K6 [2006],World Superbikes,
7,Rider,Troy Corser,42.974791297748254,0.5328490901619601,05/05/2006 13:00:00,0,Suzuki GSX-R1000 K6 [2006],World Superbikes,
7,Rider,Troy Corser,42.96762193613787,0.5327682606983293,06/05/2006 13:00:00,0,Suzuki GSX-R1000 K6 [2006],World Superbikes,
7,Rider,Troy Corser,42.95906586430283,0.5326677450220664,26/05/2006 13:00:00,0,Suzuki GSX-R1000 K6 [2006],World Superbikes,
7,Rider,Troy Corser,42.9497676201415,0.5325666817075907,26/05/2006 13:00:00,1,Suzuki GSX-R1000 K6 [2006],World Superbikes,
7,Rider,Troy Corser,42.939545641134906,0.5324393196495201,27/05/2006 13:00:00,0,Suzuki GSX-R1000 K6 [2006],World Superbikes,
7,Rider,Troy Corser,42.931089643717314,0.532324397350923,22/06/2006 13:00:00,0,Suzuki GSX-R1000 K6 [2006],World Superbikes,
7,Rider,Troy Corser,42.92191872505226,0.5322080010423824,23/06/2006 13:00:00,0,Suzuki GSX-R1000 K6 [2006],World Superbikes,
7,Rider,Troy Corser,42.91200286619065,0.5320904991569693,24/06/2006 13:00:00,0,Suzuki GSX-R1000 K6 [2006],World Superbikes,
7,Rider,Troy Corser,42.901668757556635,0.5319740726327983,20/07/2006 13:00:00,0,Suzuki GSX-R1000 K6 [2006],World Superbikes,
7,Rider,Troy Corser,42.89293192901683,0.5318727250833842,21/07/2006 13:00:00,0,Suzuki GSX-R1000 K6 [2006],World Superbikes,
7,Rider,Troy Corser,42.88586252017885,0.5317863609331835,22/07/2006 13:00:00,0,Suzuki GSX-R1000 K6 [2006],World Superbikes,
7,Rider,Troy Corser,42.879239231235104,0.5317088762666736,04/08/2006 13:00:00,0,Suzuki GSX-R1000 K6 [2006],World Superbikes,
7,Rider,Troy Corser,42.87176208533548,0.5316298580052334,04/08/2006 13:00:00,1,Suzuki GSX-R1000 K6 [2006],World Superbikes,
7,Rider,Troy Corser,42.86449818501171,0.5315619401036107,05/08/2006 13:00:00,0,Suzuki GSX-R1000 K6 [2006],World Superbikes,
7,Rider,Troy Corser,42.85770936902262,0.5315035207031952,31/08/2006 13:00:00,0,Suzuki GSX-R1000 K6 [2006],World Superbikes,
7,Rider,Troy Corser,42.85258909014951,0.5314597555774943,01/09/2006 13:00:00,0,Suzuki GSX-R1000 K6 [2006],World Superbikes,
7,Rider,Troy Corser,42.848666464702646,0.5314302708986819,02/09/2006 13:00:00,0,Suzuki GSX-R1000 K6 [2006],World Superbikes,
7,Rider,Troy Corser,42.84335751904494,0.531383175261702,07/09/2006 13:00:00,0,Suzuki GSX-R1000 K6 [2006],World Superbikes,
7,Rider,Troy Corser,42.837276221300236,0.5313342202754057,08/09/2006 13:00:00,0,Suzuki GSX-R1000 K6 [2006],World Superbikes,
7,Rider,Troy Corser,42.830447290062814,0.5312834988061435,09/09/2006 13:00:00,0,Suzuki GSX-R1000 K6 [2006],World Superbikes,
7,Rider,Troy Corser,42.82436266020518,0.5312429487593129,28/09/2006 13:00:00,0,Suzuki GSX-R1000 K6 [2006],World Superbikes,
7,Rider,Troy Corser,42.81753985398691,0.5312037698415908,29/09/2006 13:00:00,0,Suzuki GSX-R1000 K6 [2006],World Superbikes,
7,Rider,Troy Corser,42.81011082237915,0.5311677387325778,30/09/2006 13:00:00,0,Suzuki GSX-R1000 K6 [2006],World Superbikes,
7,Rider,Troy Corser,42.80288978263244,0.5311385564399623,05/10/2006 13:00:00,0,Suzuki GSX-R1000 K6 [2006],World Superbikes,
7,Rider,Troy Corser,42.79603220902986,0.5311205902595773,06/10/2006 13:00:00,0,Suzuki GSX-R1000 K6 [2006],World Superbikes,
7,Rider,Troy Corser,42.788707872416694,0.5310610563167977,07/10/2006 13:00:00,0,Suzuki GSX-R1000 K6 [2006],World Superbikes,
7,Rider,Troy Corser,42.7800982679292,0.5309830355261329,21/02/2007 13:00:00,0,Yamaha YZF-R1 [2007],World Superbikes,
7,Rider,Troy Corser,42.77173677338944,0.5309125171683551,22/02/2007 13:00:00,0,Yamaha YZF-R1 [2007],World Superbikes,
7,Rider,Troy Corser,42.76288464485574,0.5308421361488367,23/02/2007 13:00:00,0,Yamaha YZF-R1 [2007],World Superbikes,
7,Rider,Troy Corser,42.75278889388939,0.5307521751235825,01/03/2007 13:00:00,0,Yamaha YZF-R1 [2007],World Superbikes,
7,Rider,Troy Corser,42.74330614645054,0.5306715041039901,02/03/2007 13:00:00,0,Yamaha YZF-R1 [2007],World Superbikes,
7,Rider,Troy Corser,42.733776212580686,0.5305931412175392,02/03/2007 13:00:00,1,Yamaha YZF-R1 [2007],World Superbikes,
7,Rider,Troy Corser,42.72421489632399,0.5305158061527817,30/03/2007 13:00:00,0,Yamaha YZF-R1 [2007],World Superbikes,
7,Rider,Troy Corser,42.71400955178032,0.5304328831640001,30/03/2007 13:00:00,1,Yamaha YZF-R1 [2007],World Superbikes,
7,Rider,Troy Corser,42.703161443315956,0.530344434563442,31/03/2007 13:00:00,0,Yamaha YZF-R1 [2007],World Superbikes,
7,Rider,Troy Corser,42.69374892505029,0.5302654108643742,12/04/2007 13:00:00,0,Yamaha YZF-R1 [2007],World Superbikes,
7,Rider,Troy Corser,42.685174835935435,0.5301955905939522,13/04/2007 13:00:00,0,Yamaha YZF-R1 [2007],World Superbikes,
7,Rider,Troy Corser,42.67660312868477,0.5301289115628396,14/04/2007 13:00:00,0,Yamaha YZF-R1 [2007],World Superbikes,
7,Rider,Troy Corser,42.66849799121386,0.5300698414800974,26/04/2007 13:00:00,0,Yamaha YZF-R1 [2007],World Superbikes,
7,Rider,Troy Corser,42.66104913560997,0.5300178065221313,27/04/2007 13:00:00,0,Yamaha YZF-R1 [2007],World Superbikes,
7,Rider,Troy Corser,42.652998030069284,0.529958717937982,28/04/2007 13:00:00,0,Yamaha YZF-R1 [2007],World Superbikes,
7,Rider,Troy Corser,42.64594888332566,0.5299079185667305,10/05/2007 13:00:00,0,Yamaha YZF-R1 [2007],World Superbikes,
7,Rider,Troy Corser,42.64096966003026,0.5298694904826433,11/05/2007 13:00:00,0,Yamaha YZF-R1 [2007],World Superbikes,
7,Rider,Troy Corser,42.636563021957485,0.5298410868205824,12/05/2007 13:00:00,0,Yamaha YZF-R1 [2007],World Superbikes,
7,Rider,Troy Corser,42.632394016242785,0.529817782409608,25/05/2007 13:00:00,0,Yamaha YZF-R1 [2007],World Superbikes,
7,Rider,Troy Corser,42.62881815066602,0.5298023196975854,25/05/2007 13:00:00,1,Yamaha YZF-R1 [2007],World Superbikes,
7,Rider,Troy Corser,42.623998434914355,0.5297668825953903,26/05/2007 13:00:00,0,Yamaha YZF-R1 [2007],World Superbikes,
7,Rider,Troy Corser,42.619789326657184,0.5297384373255335,14/06/2007 13:00:00,0,Yamaha YZF-R1 [2007],World Superbikes,
7,Rider,Troy Corser,42.61497204637515,0.5297034822808314,15/06/2007 13:00:00,0,Yamaha YZF-R1 [2007],World Superbikes,
7,Rider,Troy Corser,42.60948650188191,0.5296626855272174,16/06/2007 13:00:00,0,Yamaha YZF-R1 [2007],World Superbikes,
7,Rider,Troy Corser,42.60250969781559,0.529601620276534,19/07/2007 13:00:00,0,Yamaha YZF-R1 [2007],World Superbikes,
7,Rider,Troy Corser,42.59503447776577,0.5295391373457979,20/07/2007 13:00:00,0,Yamaha YZF-R1 [2007],World Superbikes,
7,Rider,Troy Corser,42.58737291399483,0.5294778612404556,21/07/2007 13:00:00,0,Yamaha YZF-R1 [2007],World Superbikes,
7,Rider,Troy Corser,42.580288611522114,0.5294230396639849,03/08/2007 13:00:00,0,Yamaha YZF-R1 [2007],World Superbikes,
7,Rider,Troy Corser,42.57303077754221,0.5293702195109359,03/08/2007 13:00:00,1,Yamaha YZF-R1 [2007],World Superbikes,
7,Rider,Troy Corser,42.5651037277849,0.5293111517058199,04/08/2007 13:00:00,0,Yamaha YZF-R1 [2007],World Superbikes,
7,Rider,Troy Corser,42.55776434122559,0.5292593172847463,06/09/2007 13:00:00,0,Yamaha YZF-R1 [2007],World Superbikes,
7,Rider,Troy Corser,42.54970150251038,0.529201035863166,07/09/2007 13:00:00,0,Yamaha YZF-R1 [2007],World Superbikes,
7,Rider,Troy Corser,42.543102144501304,0.5291500147729779,08/09/2007 13:00:00,0,Yamaha YZF-R1 [2007],World Superbikes,
7,Rider,Troy Corser,42.53687966041966,0.5291053896815411,27/09/2007 13:00:00,0,Yamaha YZF-R1 [2007],World Superbikes,
7,Rider,Troy Corser,42.529180101465215,0.5290396480462641,28/09/2007 13:00:00,0,Yamaha YZF-R1 [2007],World Superbikes,
7,Rider,Troy Corser,42.521383083017646,0.5289759066601135,29/09/2007 13:00:00,0,Yamaha YZF-R1 [2007],World Superbikes,
7,Rider,Troy Corser,42.51296195389472,0.5289040444594034,04/10/2007 13:00:00,0,Yamaha YZF-R1 [2007],World Superbikes,
7,Rider,Troy Corser,42.50520403180336,0.5288396243777179,05/10/2007 13:00:00,0,Yamaha YZF-R1 [2007],World Superbikes,
7,Rider,Troy Corser,42.49809229931839,0.5287824386823884,06/10/2007 13:00:00,0,Yamaha YZF-R1 [2007],World Superbikes,
7,Rider,Troy Corser,42.49097860391567,0.5287295618171459,20/02/2008 13:00:00,0,Yamaha YZF-R1 [2008],World Superbikes,
7,Rider,Troy Corser,42.482267756342985,0.5286592120093662,21/02/2008 13:00:00,0,Yamaha YZF-R1 [2008],World Superbikes,
7,Rider,Troy Corser,42.47192117114709,0.5285719039506691,22/02/2008 13:00:00,0,Yamaha YZF-R1 [2008],World Superbikes,
7,Rider,Troy Corser,42.46020864341648,0.5284667803923891,28/02/2008 13:00:00,0,Yamaha YZF-R1 [2008],World Superbikes,
7,Rider,Troy Corser,42.44688029310234,0.52834394609881,29/02/2008 13:00:00,0,Yamaha YZF-R1 [2008],World Superbikes,
7,Rider,Troy Corser,42.43264554275725,0.5282173843300026,29/02/2008 13:00:00,1,Yamaha YZF-R1 [2008],World Superbikes,
7,Rider,Troy Corser,42.41767350182467,0.5280837849827803,03/04/2008 13:00:00,0,Yamaha YZF-R1 [2008],World Superbikes,
7,Rider,Troy Corser,42.40377842292245,0.5279623773011589,04/04/2008 13:00:00,0,Yamaha YZF-R1 [2008],World Superbikes,
7,Rider,Troy Corser,42.38986215398972,0.5278502013175242,05/04/2008 13:00:00,0,Yamaha YZF-R1 [2008],World Superbikes,
7,Rider,Troy Corser,42.37699693227126,0.5277476378099025,24/04/2008 13:00:00,0,Yamaha YZF-R1 [2008],World Superbikes,
7,Rider,Troy Corser,42.36623554912513,0.5276578799247289,25/04/2008 13:00:00,0,Yamaha YZF-R1 [2008],World Superbikes,
7,Rider,Troy Corser,42.35588923571557,0.5275776327640659,26/04/2008 13:00:00,0,Yamaha YZF-R1 [2008],World Superbikes,
7,Rider,Troy Corser,42.34559481951082,0.5275027196504627,08/05/2008 13:00:00,0,Yamaha YZF-R1 [2008],World Superbikes,
7,Rider,Troy Corser,42.33739992474016,0.5274403829599095,09/05/2008 13:00:00,0,Yamaha YZF-R1 [2008],World Superbikes,
7,Rider,Troy Corser,42.32987490541016,0.5273894324623916,10/05/2008 13:00:00,0,Yamaha YZF-R1 [2008],World Superbikes,
7,Rider,Troy Corser,42.324349758791115,0.5273469107290392,30/05/2008 13:00:00,0,Yamaha YZF-R1 [2008],World Superbikes,
7,Rider,Troy Corser,42.31795121070274,0.5272998446354055,30/05/2008 13:00:00,1,Yamaha YZF-R1 [2008],World Superbikes,
7,Rider,Troy Corser,42.31031842806105,0.5272333556870182,31/05/2008 13:00:00,0,Yamaha YZF-R1 [2008],World Superbikes,
7,Rider,Troy Corser,42.30296777829287,0.5271732601480613,12/06/2008 13:00:00,0,Yamaha YZF-R1 [2008],World Superbikes,
7,Rider,Troy Corser,42.29393597184042,0.5270961267697076,13/06/2008 13:00:00,0,Yamaha YZF-R1 [2008],World Superbikes,
7,Rider,Troy Corser,42.285556047268095,0.5270299653441256,14/06/2008 13:00:00,0,Yamaha YZF-R1 [2008],World Superbikes,
7,Rider,Troy Corser,42.27773451241178,0.5269715295565331,26/06/2008 13:00:00,0,Yamaha YZF-R1 [2008],World Superbikes,
7,Rider,Troy Corser,42.26958332938852,0.5269167832402104,27/06/2008 13:00:00,0,Yamaha YZF-R1 [2008],World Superbikes,
7,Rider,Troy Corser,42.25984024980804,0.5268435493128263,28/06/2008 13:00:00,0,Yamaha YZF-R1 [2008],World Superbikes,
7,Rider,Troy Corser,42.24852228634063,0.5267506679873653,17/07/2008 13:00:00,0,Yamaha YZF-R1 [2008],World Superbikes,
7,Rider,Troy Corser,42.23636760026864,0.5266585138165826,18/07/2008 13:00:00,0,Yamaha YZF-R1 [2008],World Superbikes,
7,Rider,Troy Corser,42.224309323440146,0.52657489342516,19/07/2008 13:00:00,0,Yamaha YZF-R1 [2008],World Superbikes,
7,Rider,Troy Corser,42.21133426297617,0.5264859586564542,01/08/2008 13:00:00,0,Yamaha YZF-R1 [2008],World Superbikes,
7,Rider,Troy Corser,42.19893974377505,0.5264084737358337,01/08/2008 13:00:00,1,Yamaha YZF-R1 [2008],World Superbikes,
7,Rider,Troy Corser,42.18643565586769,0.5263379731128872,02/08/2008 13:00:00,0,Yamaha YZF-R1 [2008],World Superbikes,
7,Rider,Troy Corser,42.174150067893734,0.5262743922075828,05/09/2008 13:00:00,0,Yamaha YZF-R1 [2008],World Superbikes,
7,Rider,Troy Corser,42.16300776105167,0.5262236051906158,05/09/2008 13:00:00,1,Yamaha YZF-R1 [2008],World Superbikes,
7,Rider,Troy Corser,42.151444914364006,0.5261812442212103,06/09/2008 13:00:00,0,Yamaha YZF-R1 [2008],World Superbikes,
7,Rider,Troy Corser,42.14053959246619,0.5261476369562486,18/09/2008 13:00:00,0,Yamaha YZF-R1 [2008],World Superbikes,
7,Rider,Troy Corser,42.12962470430736,0.5261200725250508,19/09/2008 13:00:00,0,Yamaha YZF-R1 [2008],World Superbikes,
7,Rider,Troy Corser,42.11950441952303,0.526102600088501,20/09/2008 13:00:00,0,Yamaha YZF-R1 [2008],World Superbikes,
7,Rider,Troy Corser,42.10847458745906,0.5260793319698626,02/10/2008 13:00:00,0,Yamaha YZF-R1 [2008],World Superbikes,
7,Rider,Troy Corser,42.097768424612035,0.5260641656213587,03/10/2008 13:00:00,0,Yamaha YZF-R1 [2008],World Superbikes,
7,Rider,Troy Corser,42.08848304547295,0.5260594982010506,04/10/2008 13:00:00,0,Yamaha YZF-R1 [2008],World Superbikes,
7,Rider,Troy Corser,42.081302808698325,0.5260620020693222,31/10/2008 13:00:00,0,Yamaha YZF-R1 [2008],World Superbikes,
7,Rider,Troy Corser,42.072464819461516,0.526050725136741,31/10/2008 13:00:00,1,Yamaha YZF-R1 [2008],World Superbikes,
7,Rider,Troy Corser,42.06263522377406,0.5260406592118942,01/11/2008 13:00:00,0,Yamaha YZF-R1 [2008],World Superbikes,
7,Rider,Troy Corser,42.053336079622106,0.5260380746528432,26/02/2009 13:00:00,0,BMW S1000 RR [2009],World Superbikes,
7,Rider,Troy Corser,42.04460476380003,0.5260479833978695,27/02/2009 13:00:00,0,BMW S1000 RR [2009],World Superbikes,
7,Rider,Troy Corser,42.03428540577437,0.5260659564185755,27/02/2009 13:00:00,1,BMW S1000 RR [2009],World Superbikes,
7,Rider,Troy Corser,42.025455595709154,0.5260901752285402,11/03/2009 13:00:00,0,BMW S1000 RR [2009],World Superbikes,
7,Rider,Troy Corser,42.01731619477246,0.5261268574266519,12/03/2009 13:00:00,0,BMW S1000 RR [2009],World Superbikes,
7,Rider,Troy Corser,42.0085411036367,0.526175594525504,12/03/2009 13:00:00,1,BMW S1000 RR [2009],World Superbikes,
7,Rider,Troy Corser,41.99865900433351,0.5262340229813638,12/03/2009 13:00:00,2,BMW S1000 RR [2009],World Superbikes,
7,Rider,Troy Corser,41.99114123175274,0.5262829837276372,03/04/2009 13:00:00,0,BMW S1000 RR [2009],World Superbikes,
7,Rider,Troy Corser,41.98373612507411,0.5263448284307497,03/04/2009 13:00:00,1,BMW S1000 RR [2009],World Superbikes,
7,Rider,Troy Corser,41.97521933812574,0.5264172889397952,04/04/2009 13:00:00,0,BMW S1000 RR [2009],World Superbikes,
7,Rider,Troy Corser,41.966761739714855,0.5265011951826742,04/04/2009 13:00:00,1,BMW S1000 RR [2009],World Superbikes,
7,Rider,Troy Corser,41.959805157005185,0.5265871536710598,24/04/2009 13:00:00,0,BMW S1000 RR [2009],World Superbikes,
7,Rider,Troy Corser,41.952665688057486,0.5266856510019507,24/04/2009 13:00:00,1,BMW S1000 RR [2009],World Superbikes,
7,Rider,Troy Corser,41.94591118600623,0.5267964188530118,25/04/2009 13:00:00,0,BMW S1000 RR [2009],World Superbikes,
7,Rider,Troy Corser,41.937253041231216,0.5269126111801922,25/04/2009 13:00:00,1,BMW S1000 RR [2009],World Superbikes,
7,Rider,Troy Corser,41.930024686898,0.5270297146437906,08/05/2009 13:00:00,0,BMW S1000 RR [2009],World Superbikes,
7,Rider,Troy Corser,41.923330877499254,0.5271596303915521,08/05/2009 13:00:00,1,BMW S1000 RR [2009],World Superbikes,
7,Rider,Troy Corser,41.917328351649786,0.5273024805204883,09/05/2009 13:00:00,0,BMW S1000 RR [2009],World Superbikes,
7,Rider,Troy Corser,41.91113519081658,0.5274572472414405,09/05/2009 13:00:00,1,BMW S1000 RR [2009],World Superbikes,
7,Rider,Troy Corser,41.905334270893285,0.5276207462048317,29/05/2009 13:00:00,0,BMW S1000 RR [2009],World Superbikes,
7,Rider,Troy Corser,41.90006099218702,0.5277975891614554,29/05/2009 13:00:00,1,BMW S1000 RR [2009],World Superbikes,
7,Rider,Troy Corser,41.89654165411239,0.527985537507545,19/06/2009 13:00:00,0,BMW S1000 RR [2009],World Superbikes,
7,Rider,Troy Corser,41.89265988738815,0.5281876460625102,19/06/2009 13:00:00,1,BMW S1000 RR [2009],World Superbikes,
7,Rider,Troy Corser,41.886578422137816,0.5283850571944563,20/06/2009 13:00:00,0,BMW S1000 RR [2009],World Superbikes,
7,Rider,Troy Corser,41.87913696596123,0.5285922937798726,20/06/2009 13:00:00,1,BMW S1000 RR [2009],World Superbikes,
7,Rider,Troy Corser,41.87317688399537,0.5288025582914964,26/06/2009 13:00:00,0,BMW S1000 RR [2009],World Superbikes,
7,Rider,Troy Corser,41.86845724097459,0.5290269371657248,26/06/2009 13:00:00,1,BMW S1000 RR [2009],World Superbikes,
7,Rider,Troy Corser,41.86469332865919,0.5292661116328529,27/06/2009 13:00:00,0,BMW S1000 RR [2009],World Superbikes,
7,Rider,Troy Corser,41.860948687166314,0.5295183594458781,27/06/2009 13:00:00,1,BMW S1000 RR [2009],World Superbikes,
7,Rider,Troy Corser,41.85890164194473,0.529771442309709,24/07/2009 13:00:00,0,BMW S1000 RR [2009],World Superbikes,
7,Rider,Troy Corser,41.855930309553464,0.5300377090005405,24/07/2009 13:00:00,1,BMW S1000 RR [2009],World Superbikes,
7,Rider,Troy Corser,41.85237126004628,0.5303183075089908,25/07/2009 13:00:00,0,BMW S1000 RR [2009],World Superbikes,
7,Rider,Troy Corser,41.847093021956574,0.5306064398617386,25/07/2009 13:00:00,1,BMW S1000 RR [2009],World Superbikes,
7,Rider,Troy Corser,41.84012281499995,0.5309012141510722,25/07/2009 13:00:00,2,BMW S1000 RR [2009],World Superbikes,
7,Rider,Troy Corser,41.83342078223552,0.5311934726697308,04/09/2009 13:00:00,0,BMW S1000 RR [2009],World Superbikes,
7,Rider,Troy Corser,41.824986931817435,0.531495128345949,04/09/2009 13:00:00,1,BMW S1000 RR [2009],World Superbikes,
7,Rider,Troy Corser,41.81803289134004,0.5318115485171219,05/09/2009 13:00:00,0,BMW S1000 RR [2009],World Superbikes,
7,Rider,Troy Corser,41.80958880153438,0.532139437559891,05/09/2009 13:00:00,1,BMW S1000 RR [2009],World Superbikes,
7,Rider,Troy Corser,41.798917237958875,0.5324725446646218,05/09/2009 13:00:00,2,BMW S1000 RR [2009],World Superbikes,
7,Rider,Troy Corser,41.788036042095186,0.5328068820048972,25/09/2009 13:00:00,0,BMW S1000 RR [2009],World Superbikes,
7,Rider,Troy Corser,41.77749278045266,0.53315783712801,26/09/2009 13:00:00,0,BMW S1000 RR [2009],World Superbikes,
7,Rider,Troy Corser,41.76694375455135,0.533523719846774,26/09/2009 13:00:00,1,BMW S1000 RR [2009],World Superbikes,
7,Rider,Troy Corser,41.756156393078534,0.533903062805877,02/10/2009 13:00:00,0,BMW S1000 RR [2009],World Superbikes,
7,Rider,Troy Corser,41.74435433626418,0.5342964117534664,02/10/2009 13:00:00,1,BMW S1000 RR [2009],World Superbikes,
7,Rider,Troy Corser,41.73170184163862,0.5347048789041904,03/10/2009 13:00:00,0,BMW S1000 RR [2009],World Superbikes,
7,Rider,Troy Corser,41.71936619597216,0.5351288111370291,03/10/2009 13:00:00,1,BMW S1000 RR [2009],World Superbikes,
7,Rider,Troy Corser,41.70521099851474,0.53556172110199,03/10/2009 13:00:00,2,BMW S1000 RR [2009],World Superbikes,
7,Rider,Troy Corser,41.69239780081228,0.5359758459800807,23/10/2009 13:00:00,0,BMW S1000 RR [2009],World Superbikes,
7,Rider,Troy Corser,41.67995044742518,0.5364077070370178,23/10/2009 13:00:00,1,BMW S1000 RR [2009],World Superbikes,
7,Rider,Troy Corser,41.66710640353741,0.5368574100960244,24/10/2009 13:00:00,0,BMW S1000 RR [2009],World Superbikes,
7,Rider,Troy Corser,41.65353080988225,0.5373238184883297,24/10/2009 13:00:00,1,BMW S1000 RR [2009],World Superbikes,
7,Rider,Troy Corser,41.63902564101954,0.5378054807076815,24/10/2009 13:00:00,2,BMW S1000 RR [2009],World Superbikes,
7,Rider,Troy Corser,41.62583292946128,0.538269264452215,25/02/2010 13:00:00,0,BMW S1000 RR [2010],World Superbikes,
7,Rider,Troy Corser,41.614402724191685,0.5387492902487262,26/02/2010 13:00:00,0,BMW S1000 RR [2010],World Superbikes,
7,Rider,Troy Corser,41.60377171165815,0.5392486432880123,26/02/2010 13:00:00,1,BMW S1000 RR [2010],World Superbikes,
7,Rider,Troy Corser,41.59420797554596,0.5397664244562704,26/02/2010 13:00:00,2,BMW S1000 RR [2010],World Superbikes,
7,Rider,Troy Corser,41.58616195773307,0.5402982498717699,26/03/2010 13:00:00,0,BMW S1000 RR [2010],World Superbikes,
7,Rider,Troy Corser,41.578870549001515,0.5408497670371356,26/03/2010 13:00:00,1,BMW S1000 RR [2010],World Superbikes,
7,Rider,Troy Corser,41.57191466958572,0.5414217435872432,27/03/2010 13:00:00,0,BMW S1000 RR [2010],World Superbikes,
7,Rider,Troy Corser,41.56436880446979,0.5420121989418143,27/03/2010 13:00:00,1,BMW S1000 RR [2010],World Superbikes,
7,Rider,Troy Corser,41.557039927992776,0.5426206247588387,27/03/2010 13:00:00,2,BMW S1000 RR [2010],World Superbikes,
7,Rider,Troy Corser,41.55143658260746,0.5432191099833841,09/04/2010 13:00:00,0,BMW S1000 RR [2010],World Superbikes,
7,Rider,Troy Corser,41.5470224917615,0.543838094773758,09/04/2010 13:00:00,1,BMW S1000 RR [2010],World Superbikes,
7,Rider,Troy Corser,41.5431992840237,0.5444793821988554,10/04/2010 13:00:00,0,BMW S1000 RR [2010],World Superbikes,
7,Rider,Troy Corser,41.540534441019346,0.5451426067116593,10/04/2010 13:00:00,1,BMW S1000 RR [2010],World Superbikes,
7,Rider,Troy Corser,41.53775817196074,0.5458263965102388,10/04/2010 13:00:00,2,BMW S1000 RR [2010],World Superbikes,
7,Rider,Troy Corser,41.53510925036663,0.5465198870737782,23/04/2010 13:00:00,0,BMW S1000 RR [2010],World Superbikes,
7,Rider,Troy Corser,41.531259274773944,0.5472315192271878,23/04/2010 13:00:00,1,BMW S1000 RR [2010],World Superbikes,
7,Rider,Troy Corser,41.52531744041875,0.5479454510755749,24/04/2010 13:00:00,0,BMW S1000 RR [2010],World Superbikes,
7,Rider,Troy Corser,41.51817432708219,0.5486784983340335,24/04/2010 13:00:00,1,BMW S1000 RR [2010],World Superbikes,
7,Rider,Troy Corser,41.509899033244,0.549430600452867,24/04/2010 13:00:00,2,BMW S1000 RR [2010],World Superbikes,
7,Rider,Troy Corser,41.50104403198771,0.5501959305017551,07/05/2010 13:00:00,0,BMW S1000 RR [2010],World Superbikes,
7,Rider,Troy Corser,41.49130834899637,0.5509831674511129,07/05/2010 13:00:00,1,BMW S1000 RR [2010],World Superbikes,
7,Rider,Troy Corser,41.48171441349392,0.5517969209188613,08/05/2010 13:00:00,0,BMW S1000 RR [2010],World Superbikes,
7,Rider,Troy Corser,41.47200892881444,0.5526365920774071,08/05/2010 13:00:00,1,BMW S1000 RR [2010],World Superbikes,
7,Rider,Troy Corser,41.463452186828995,0.5535014683684978,14/05/2010 13:00:00,0,BMW S1000 RR [2010],World Superbikes,
7,Rider,Troy Corser,41.453926405153155,0.5543898599880086,14/05/2010 13:00:00,1,BMW S1000 RR [2010],World Superbikes,
7,Rider,Troy Corser,41.44440230473483,0.555304843831311,15/05/2010 13:00:00,0,BMW S1000 RR [2010],World Superbikes,
7,Rider,Troy Corser,41.435138687615314,0.5562485217158859,15/05/2010 13:00:00,1,BMW S1000 RR [2010],World Superbikes,
7,Rider,Troy Corser,41.427387958063846,0.5572167324990183,29/05/2010 13:00:00,0,BMW S1000 RR [2010],World Superbikes,
7,Rider,Troy Corser,41.41993097899112,0.558213947206435,29/05/2010 13:00:00,1,BMW S1000 RR [2010],World Superbikes,
7,Rider,Troy Corser,41.41127909120571,0.559235406349514,30/05/2010 13:00:00,0,BMW S1000 RR [2010],World Superbikes,
7,Rider,Troy Corser,41.401517960290214,0.5602807407763691,30/05/2010 13:00:00,1,BMW S1000 RR [2010],World Superbikes,
7,Rider,Troy Corser,41.39390840548832,0.5613453198039465,25/06/2010 13:00:00,0,BMW S1000 RR [2010],World Superbikes,
7,Rider,Troy Corser,41.384641979726695,0.5624307854093314,25/06/2010 13:00:00,1,BMW S1000 RR [2010],World Superbikes,
7,Rider,Troy Corser,41.37346552226263,0.5635264272201672,26/06/2010 13:00:00,0,BMW S1000 RR [2010],World Superbikes,
7,Rider,Troy Corser,41.36107191037084,0.5646487924131145,26/06/2010 13:00:00,1,BMW S1000 RR [2010],World Superbikes,
7,Rider,Troy Corser,41.34811197514776,0.5658014712260943,26/06/2010 13:00:00,2,BMW S1000 RR [2010],World Superbikes,
7,Rider,Troy Corser,41.333260418839345,0.566959257398577,09/07/2010 13:00:00,0,BMW S1000 RR [2010],World Superbikes,
7,Rider,Troy Corser,41.319279962670095,0.5681519501973794,30/07/2010 13:00:00,0,BMW S1000 RR [2010],World Superbikes,
7,Rider,Troy Corser,41.30411941696819,0.5693745742269712,30/07/2010 13:00:00,1,BMW S1000 RR [2010],World Superbikes,
7,Rider,Troy Corser,41.28768716969086,0.57062377742071,31/07/2010 13:00:00,0,BMW S1000 RR [2010],World Superbikes,
7,Rider,Troy Corser,41.27002874960804,0.5719031412784544,31/07/2010 13:00:00,1,BMW S1000 RR [2010],World Superbikes,
7,Rider,Troy Corser,41.25224086584604,0.5732183576935826,31/07/2010 13:00:00,2,BMW S1000 RR [2010],World Superbikes,
7,Rider,Troy Corser,41.23550780305448,0.5745520688233982,03/09/2010 13:00:00,0,BMW S1000 RR [2010],World Superbikes,
7,Rider,Troy Corser,41.2171979206898,0.5759132192898977,03/09/2010 13:00:00,1,BMW S1000 RR [2010],World Superbikes,
7,Rider,Troy Corser,41.19686449702639,0.5772907226333677,04/09/2010 13:00:00,0,BMW S1000 RR [2010],World Superbikes,
7,Rider,Troy Corser,41.17798744009643,0.5787042141909814,04/09/2010 13:00:00,1,BMW S1000 RR [2010],World Superbikes,
7,Rider,Troy Corser,41.160834218053864,0.5801501228559676,24/09/2010 13:00:00,0,BMW S1000 RR [2010],World Superbikes,
7,Rider,Troy Corser,41.143783086876624,0.5816366069833083,24/09/2010 13:00:00,1,BMW S1000 RR [2010],World Superbikes,
7,Rider,Troy Corser,41.12693023623005,0.5831619920117731,25/09/2010 13:00:00,0,BMW S1000 RR [2010],World Superbikes,
7,Rider,Troy Corser,41.1096313748898,0.5847282909723323,25/09/2010 13:00:00,1,BMW S1000 RR [2010],World Superbikes,
7,Rider,Troy Corser,41.091183220074136,0.5863303312633874,25/09/2010 13:00:00,2,BMW S1000 RR [2010],World Superbikes,
7,Rider,Troy Corser,41.07369945118503,0.5879653899325915,01/10/2010 13:00:00,0,BMW S1000 RR [2010],World Superbikes,
7,Rider,Troy Corser,41.05605933267427,0.5896451538115471,01/10/2010 13:00:00,1,BMW S1000 RR [2010],World Superbikes,
7,Rider,Troy Corser,41.03867340157943,0.5913711957189122,02/10/2010 13:00:00,0,BMW S1000 RR [2010],World Superbikes,
7,Rider,Troy Corser,41.02072721369304,0.5931422350126972,02/10/2010 13:00:00,1,BMW S1000 RR [2010],World Superbikes,
7,Rider,Troy Corser,41.00305024880371,0.5949588242251084,24/02/2011 13:00:00,0,BMW S1000 RR [2011],World Superbikes,
7,Rider,Troy Corser,40.98572466540236,0.5968244719261205,25/02/2011 13:00:00,0,BMW S1000 RR [2011],World Superbikes,
7,Rider,Troy Corser,40.96940175225791,0.5987396521989777,25/02/2011 13:00:00,1,BMW S1000 RR [2011],World Superbikes,
7,Rider,Troy Corser,40.95256059411823,0.6007023127896486,25/02/2011 13:00:00,2,BMW S1000 RR [2011],World Superbikes,
7,Rider,Troy Corser,40.93568139782113,0.6027105712943049,25/02/2011 13:00:00,3,BMW S1000 RR [2011],World Superbikes,
7,Rider,Troy Corser,40.91950593115146,0.6047527799901359,25/03/2011 13:00:00,0,BMW S1000 RR [2011],World Superbikes,
7,Rider,Troy Corser,40.90303979102662,0.6068468026166092,25/03/2011 13:00:00,1,BMW S1000 RR [2011],World Superbikes,
7,Rider,Troy Corser,40.88631142950491,0.6089954869879921,26/03/2011 13:00:00,0,BMW S1000 RR [2011],World Superbikes,
7,Rider,Troy Corser,40.86915889602608,0.6111977649334387,26/03/2011 13:00:00,1,BMW S1000 RR [2011],World Superbikes,
7,Rider,Troy Corser,40.85285983831347,0.6134459027150698,15/04/2011 13:00:00,0,BMW S1000 RR [2011],World Superbikes,
7,Rider,Troy Corser,40.83586618009591,0.6157498410010933,15/04/2011 13:00:00,1,BMW S1000 RR [2011],World Superbikes,
7,Rider,Troy Corser,40.817526532396634,0.6181065197244031,16/04/2011 13:00:00,0,BMW S1000 RR [2011],World Superbikes,
7,Rider,Troy Corser,40.7980984590581,0.620518308688507,16/04/2011 13:00:00,1,BMW S1000 RR [2011],World Superbikes,
7,Rider,Troy Corser,40.77959702137654,0.6229792289042254,06/05/2011 13:00:00,0,BMW S1000 RR [2011],World Superbikes,
7,Rider,Troy Corser,40.76084626119836,0.6255018620061652,06/05/2011 13:00:00,1,BMW S1000 RR [2011],World Superbikes,
7,Rider,Troy Corser,40.7399876404216,0.6280648720270731,07/05/2011 13:00:00,0,BMW S1000 RR [2011],World Superbikes,
7,Rider,Troy Corser,40.71893094153165,0.6306901899028576,07/05/2011 13:00:00,1,BMW S1000 RR [2011],World Superbikes,
7,Rider,Troy Corser,40.69789716215377,0.6333747275066514,07/05/2011 13:00:00,2,BMW S1000 RR [2011],World Superbikes,
7,Rider,Troy Corser,40.67641549873318,0.6361110767217103,28/05/2011 13:00:00,0,BMW S1000 RR [2011],World Superbikes,
7,Rider,Troy Corser,40.65396202951287,0.6389115381754483,28/05/2011 13:00:00,1,BMW S1000 RR [2011],World Superbikes,
7,Rider,Troy Corser,40.632382876004776,0.6417800417162841,29/05/2011 13:00:00,0,BMW S1000 RR [2011],World Superbikes,
7,Rider,Troy Corser,40.61038343849894,0.6447150111716486,29/05/2011 13:00:00,1,BMW S1000 RR [2011],World Superbikes,
7,Rider,Troy Corser,40.58804639187867,0.6477138420193379,29/05/2011 13:00:00,2,BMW S1000 RR [2011],World Superbikes,
7,Rider,Troy Corser,40.565987418444095,0.650766721792524,10/06/2011 13:00:00,0,BMW S1000 RR [2011],World Superbikes,
7,Rider,Troy Corser,40.54290505035812,0.6538894724419962,10/06/2011 13:00:00,1,BMW S1000 RR [2011],World Superbikes,
7,Rider,Troy Corser,40.520771438445024,0.6570861346175738,11/06/2011 13:00:00,0,BMW S1000 RR [2011],World Superbikes,
7,Rider,Troy Corser,40.49817419424464,0.6603562894146336,11/06/2011 13:00:00,1,BMW S1000 RR [2011],World Superbikes,
7,Rider,Troy Corser,40.47546521878642,0.6636955577694736,11/06/2011 13:00:00,2,BMW S1000 RR [2011],World Superbikes,
7,Rider,Troy Corser,40.4528632513835,0.6670969589680744,17/06/2011 13:00:00,0,BMW S1000 RR [2011],World Superbikes,
7,Rider,Troy Corser,40.43100273010654,0.6705764507386044,17/06/2011 13:00:00,1,BMW S1000 RR [2011],World Superbikes,
7,Rider,Troy Corser,40.410671139727505,0.6741320956233966,18/06/2011 13:00:00,0,BMW S1000 RR [2011],World Superbikes,
7,Rider,Troy Corser,40.392648396551664,0.6777428413510825,29/07/2011 13:00:00,0,BMW S1000 RR [2011],World Superbikes,
7,Rider,Troy Corser,40.376411952839526,0.6814298553716113,29/07/2011 13:00:00,1,BMW S1000 RR [2011],World Superbikes,
7,Rider,Troy Corser,40.36159013653216,0.6851971348623347,02/09/2011 13:00:00,0,BMW S1000 RR [2011],World Superbikes,
7,Rider,Troy Corser,40.34822246228773,0.689042947949598,02/09/2011 13:00:00,1,BMW S1000 RR [2011],World Superbikes,
7,Rider,Troy Corser,40.33660504193346,0.6929685876216183,23/09/2011 13:00:00,0,BMW S1000 RR [2011],World Superbikes,
7,Rider,Troy Corser,40.32708004690531,0.6969782409046585,23/09/2011 13:00:00,1,BMW S1000 RR [2011],World Superbikes,
7,Rider,Troy Corser,40.31841219435488,0.701075494031286,24/09/2011 13:00:00,0,BMW S1000 RR [2011],World Superbikes,
7,Rider,Troy Corser,40.31193383696467,0.7052425778384189,30/09/2011 13:00:00,0,BMW S1000 RR [2011],World Superbikes,
7,Rider,Troy Corser,40.305599700776334,0.709498496243635,30/09/2011 13:00:00,1,BMW S1000 RR [2011],World Superbikes,
7,Rider,Troy Corser,40.29865374525394,0.7138456129768634,01/10/2011 13:00:00,0,BMW S1000 RR [2011],World Superbikes,
7,Rider,Troy Corser,40.29252394556874,0.718281994531293,01/10/2011 13:00:00,1,BMW S1000 RR [2011],World Superbikes,
7,Rider,Troy Corser,40.28838562593151,0.7227780775528565,14/10/2011 13:00:00,0,BMW S1000 RR [2011],World Superbikes,
7,Rider,Troy Corser,40.28521832912252,0.7273703282484616,14/10/2011 13:00:00,1,BMW S1000 RR [2011],World Superbikes,
8,Bike,Ducati 916 R [1998],32.85762088395278,1.1700812164348886,21/03/1998 13:00:00,0,,World Superbikes,
8,Bike,Ducati 916 R [1998],32.85889384058258,1.1674274000769485,21/03/1998 13:00:00,1,,World Superbikes,
8,Bike,Ducati 916 R [1998],32.86049742696707,1.1649660786454168,21/03/1998 13:00:00,2,,World Superbikes,
8,Bike,Ducati 916 R [1998],32.86119624876003,1.1626523515710376,12/04/1998 13:00:00,0,,World Superbikes,
8,Bike,Ducati 916 R [1998],32.86079604512952,1.1604936752056236,12/04/1998 13:00:00,1,,World Superbikes,
8,Bike,Ducati 916 R [1998],32.85988198745904,1.1584961523205854,09/05/1998 13:00:00,0,,World Superbikes,
8,Bike,Ducati 916 R [1998],32.86025398281407,1.1566879075460537,09/05/1998 13:00:00,1,,World Superbikes,
8,Bike,Ducati 916 R [1998],32.86090791579433,1.155061410964474,09/05/1998 13:00:00,2,,World Superbikes,
8,Bike,Ducati 916 R [1998],32.86143617298522,1.1536051113754062,23/05/1998 13:00:00,0,,World Superbikes,
8,Bike,Ducati 916 R [1998],32.86253825680764,1.1523156943710318,23/05/1998 13:00:00,1,,World Superbikes,
8,Bike,Ducati 916 R [1998],32.86577430930075,1.1512151555961332,06/06/1998 13:00:00,0,,World Superbikes,
8,Bike,Ducati 916 R [1998],32.87001728832064,1.150307020753448,06/06/1998 13:00:00,1,,World Superbikes,
8,Bike,Ducati 916 R [1998],32.87479680525274,1.1495835193166555,06/06/1998 13:00:00,2,,World Superbikes,
8,Bike,Ducati 916 R [1998],32.87895600851057,1.149009602632342,20/06/1998 13:00:00,0,,World Superbikes,
8,Bike,Ducati 916 R [1998],32.88218631552907,1.1485825212539698,20/06/1998 13:00:00,1,,World Superbikes,
8,Bike,Ducati 916 R [1998],32.884280437472945,1.148294427322649,20/06/1998 13:00:00,2,,World Superbikes,
8,Bike,Ducati 916 R [1998],32.88526923234277,1.1481200781651937,04/07/1998 13:00:00,0,,World Superbikes,
8,Bike,Ducati 916 R [1998],32.885376556908994,1.1480899092956445,04/07/1998 13:00:00,1,,World Superbikes,
8,Bike,Ducati 916 R [1998],32.88454101738935,1.1482049425369318,04/07/1998 13:00:00,2,,World Superbikes,
8,Bike,Ducati 916 R [1998],32.88266674861664,1.1484684972440948,11/07/1998 13:00:00,0,,World Superbikes,
8,Bike,Ducati 916 R [1998],32.88080309772667,1.1488932657284523,11/07/1998 13:00:00,1,,World Superbikes,
8,Bike,Ducati 916 R [1998],32.87940912847861,1.1495107597994947,11/07/1998 13:00:00,2,,World Superbikes,
8,Bike,Ducati 916 R [1998],32.87722632562868,1.1502800583236097,01/08/1998 13:00:00,0,,World Superbikes,
8,Bike,Ducati 916 R [1998],32.875891985961744,1.1512419972811796,01/08/1998 13:00:00,1,,World Superbikes,
8,Bike,Ducati 916 R [1998],32.8741954977034,1.1523819764015246,01/08/1998 13:00:00,2,,World Superbikes,
8,Bike,Ducati 916 R [1998],32.87127258481335,1.1536654056002926,29/08/1998 13:00:00,0,,World Superbikes,
8,Bike,Ducati 916 R [1998],32.868722749074024,1.1551249447602219,29/08/1998 13:00:00,1,,World Superbikes,
8,Bike,Ducati 916 R [1998],32.86663976619121,1.1567685450388665,29/08/1998 13:00:00,2,,World Superbikes,
8,Bike,Ducati 916 R [1998],32.86499350411162,1.1585989841814726,05/09/1998 13:00:00,0,,World Superbikes,
8,Bike,Ducati 916 R [1998],32.86321677612607,1.1606029754100413,05/09/1998 13:00:00,1,,World Superbikes,
8,Bike,Ducati 916 R [1998],32.86083310382902,1.1627542282277776,05/09/1998 13:00:00,2,,World Superbikes,
8,Bike,Ducati 916 R [1998],32.85792050297388,1.165064509913798,03/10/1998 13:00:00,0,,World Superbikes,
8,Bike,Ducati 916 R [1998],32.85343938735084,1.1675156998667642,03/10/1998 13:00:00,1,,World Superbikes,
8,Bike,Ducati 916 R [1998],32.85077647110105,1.1701689905152004,03/10/1998 13:00:00,2,,World Superbikes,
9,Rider,Carl Fogarty,41.02240016115039,0.8492418485091302,21/03/1998 13:00:00,0,Ducati 996 [1998],World Superbikes,
9,Rider,Carl Fogarty,41.02371516083568,0.8453715320541385,21/03/1998 13:00:00,1,Ducati 996 [1998],World Superbikes,
9,Rider,Carl Fogarty,41.02500026910385,0.8416250536080612,21/03/1998 13:00:00,2,Ducati 996 [1998],World Superbikes,
9,Rider,Carl Fogarty,41.025763699975094,0.8379925884759117,12/04/1998 13:00:00,0,Ducati 996 [1998],World Superbikes,
9,Rider,Carl Fogarty,41.02712195857131,0.834487024056814,12/04/1998 13:00:00,1,Ducati 996 [1998],World Superbikes,
9,Rider,Carl Fogarty,41.03003771463102,0.8311079422880525,09/05/1998 13:00:00,0,Ducati 996 [1998],World Superbikes,
9,Rider,Carl Fogarty,41.032004297398935,0.8278392975295453,09/05/1998 13:00:00,1,Ducati 996 [1998],World Superbikes,
9,Rider,Carl Fogarty,41.032467306050144,0.8246732896312412,09/05/1998 13:00:00,2,Ducati 996 [1998],World Superbikes,
9,Rider,Carl Fogarty,41.0323372348088,0.8216157611029841,23/05/1998 13:00:00,0,Ducati 996 [1998],World Superbikes,
9,Rider,Carl Fogarty,41.03178112108832,0.8186583256190604,23/05/1998 13:00:00,1,Ducati 996 [1998],World Superbikes,
9,Rider,Carl Fogarty,41.031189973611895,0.8158167914934981,06/06/1998 13:00:00,0,Ducati 996 [1998],World Superbikes,
9,Rider,Carl Fogarty,41.03193829263638,0.8130930338177236,06/06/1998 13:00:00,1,Ducati 996 [1998],World Superbikes,
9,Rider,Carl Fogarty,41.033578227500946,0.8104859299538586,06/06/1998 13:00:00,2,Ducati 996 [1998],World Superbikes,
9,Rider,Carl Fogarty,41.03504400920864,0.8079904427511793,20/06/1998 13:00:00,0,Ducati 996 [1998],World Superbikes,
9,Rider,Carl Fogarty,41.03593308952507,0.8056023198425732,20/06/1998 13:00:00,1,Ducati 996 [1998],World Superbikes,
9,Rider,Carl Fogarty,41.037129092463026,0.8033265374349773,20/06/1998 13:00:00,2,Ducati 996 [1998],World Superbikes,
9,Rider,Carl Fogarty,41.03796916076391,0.8011550293332047,04/07/1998 13:00:00,0,Ducati 996 [1998],World Superbikes,
9,Rider,Carl Fogarty,41.040503983480406,0.7990940402597804,04/07/1998 13:00:00,1,Ducati 996 [1998],World Superbikes,
9,Rider,Carl Fogarty,41.044477256314856,0.7971431865232479,04/07/1998 13:00:00,2,Ducati 996 [1998],World Superbikes,
9,Rider,Carl Fogarty,41.04789125118717,0.7952974346143926,11/07/1998 13:00:00,0,Ducati 996 [1998],World Superbikes,
9,Rider,Carl Fogarty,41.052117356207404,0.7935666294227692,11/07/1998 13:00:00,1,Ducati 996 [1998],World Superbikes,
9,Rider,Carl Fogarty,41.05789649659122,0.7919485395915928,11/07/1998 13:00:00,2,Ducati 996 [1998],World Superbikes,
9,Rider,Carl Fogarty,41.064803361713324,0.7904378085579938,01/08/1998 13:00:00,0,Ducati 996 [1998],World Superbikes,
9,Rider,Carl Fogarty,41.069646885618866,0.7890088263575296,01/08/1998 13:00:00,1,Ducati 996 [1998],World Superbikes,
9,Rider,Carl Fogarty,41.07364580010949,0.7876862366848782,01/08/1998 13:00:00,2,Ducati 996 [1998],World Superbikes,
9,Rider,Carl Fogarty,41.0784110343838,0.78647350370994,29/08/1998 13:00:00,0,Ducati 996 [1998],World Superbikes,
9,Rider,Carl Fogarty,41.08321752628486,0.7853689483024654,29/08/1998 13:00:00,1,Ducati 996 [1998],World Superbikes,
9,Rider,Carl Fogarty,41.08697754968869,0.7843631130590264,29/08/1998 13:00:00,2,Ducati 996 [1998],World Superbikes,
9,Rider,Carl Fogarty,41.090879044672555,0.7834629205263502,05/09/1998 13:00:00,0,Ducati 996 [1998],World Superbikes,
9,Rider,Carl Fogarty,41.093935780743735,0.7826601634899234,05/09/1998 13:00:00,1,Ducati 996 [1998],World Superbikes,
9,Rider,Carl Fogarty,41.09742821259336,0.7819598362870368,05/09/1998 13:00:00,2,Ducati 996 [1998],World Superbikes,
9,Rider,Carl Fogarty,41.100853646623776,0.7813638264108349,03/10/1998 13:00:00,0,Ducati 996 [1998],World Superbikes,
9,Rider,Carl Fogarty,41.103064340978385,0.7808643868096404,03/10/1998 13:00:00,1,Ducati 996 [1998],World Superbikes,
9,Rider,Carl Fogarty,41.104414559286205,0.7804688107810688,03/10/1998 13:00:00,2,Ducati 996 [1998],World Superbikes,
9,Rider,Carl Fogarty,41.10512104849235,0.7801762573731684,27/03/1999 13:00:00,0,Ducati 996 RS [1999],World Superbikes,
9,Rider,Carl Fogarty,41.10628485831375,0.7799799852327741,27/03/1999 13:00:00,1,Ducati 996 RS [1999],World Superbikes,
9,Rider,Carl Fogarty,41.105973521669384,0.7798457940221023,27/03/1999 13:00:00,2,Ducati 996 RS [1999],World Superbikes,
9,Rider,Carl Fogarty,41.105049022229885,0.7797923025957345,17/04/1999 13:00:00,0,Ducati 996 RS [1999],World Superbikes,
9,Rider,Carl Fogarty,41.10348662707106,0.7798201640854402,17/04/1999 13:00:00,1,Ducati 996 RS [1999],World Superbikes,
9,Rider,Carl Fogarty,41.10055788795285,0.7799096683367404,17/04/1999 13:00:00,2,Ducati 996 RS [1999],World Superbikes,
9,Rider,Carl Fogarty,41.09696505565859,0.7800804976169265,01/05/1999 13:00:00,0,Ducati 996 RS [1999],World Superbikes,
9,Rider,Carl Fogarty,41.094578058740176,0.7803621633320436,01/05/1999 13:00:00,1,Ducati 996 RS [1999],World Superbikes,
9,Rider,Carl Fogarty,41.09075491559837,0.7807128917217104,01/05/1999 13:00:00,2,Ducati 996 RS [1999],World Superbikes,
9,Rider,Carl Fogarty,41.08639456945918,0.7811566395104264,15/05/1999 13:00:00,0,Ducati 996 RS [1999],World Superbikes,
9,Rider,Carl Fogarty,41.082640929888555,0.78170350937107,15/05/1999 13:00:00,1,Ducati 996 RS [1999],World Superbikes,
9,Rider,Carl Fogarty,41.0793765139187,0.7823473880554739,15/05/1999 13:00:00,2,Ducati 996 RS [1999],World Superbikes,
9,Rider,Carl Fogarty,41.07492664290181,0.7830496842270073,29/05/1999 13:00:00,0,Ducati 996 RS [1999],World Superbikes,
9,Rider,Carl Fogarty,41.07037579516777,0.7838434066851528,29/05/1999 13:00:00,1,Ducati 996 RS [1999],World Superbikes,
9,Rider,Carl Fogarty,41.0665897296064,0.7847375337182858,29/05/1999 13:00:00,2,Ducati 996 RS [1999],World Superbikes,
9,Rider,Carl Fogarty,41.06402795812268,0.7857364212209106,12/06/1999 13:00:00,0,Ducati 996 RS [1999],World Superbikes,
9,Rider,Carl Fogarty,41.061873018858506,0.7868314475588095,12/06/1999 13:00:00,1,Ducati 996 RS [1999],World Superbikes,
9,Rider,Carl Fogarty,41.06051240848931,0.788030570566829,12/06/1999 13:00:00,2,Ducati 996 RS [1999],World Superbikes,
9,Rider,Carl Fogarty,41.057793115795576,0.7892938360733978,26/06/1999 13:00:00,0,Ducati 996 RS [1999],World Superbikes,
9,Rider,Carl Fogarty,41.05493913986513,0.7906505606555607,26/06/1999 13:00:00,1,Ducati 996 RS [1999],World Superbikes,
9,Rider,Carl Fogarty,41.051418880211,0.7920915559174039,26/06/1999 13:00:00,2,Ducati 996 RS [1999],World Superbikes,
9,Rider,Carl Fogarty,41.046552627110806,0.7935943054692249,10/07/1999 13:00:00,0,Ducati 996 RS [1999],World Superbikes,
9,Rider,Carl Fogarty,41.04226914397429,0.7952044915327168,10/07/1999 13:00:00,1,Ducati 996 RS [1999],World Superbikes,
9,Rider,Carl Fogarty,41.04020441876945,0.7969249272369425,10/07/1999 13:00:00,2,Ducati 996 RS [1999],World Superbikes,
9,Rider,Carl Fogarty,41.039720065343914,0.7987563818163292,31/07/1999 13:00:00,0,Ducati 996 RS [1999],World Superbikes,
9,Rider,Carl Fogarty,41.04027377400316,0.8006998638407169,31/07/1999 13:00:00,1,Ducati 996 RS [1999],World Superbikes,
9,Rider,Carl Fogarty,41.04216622249599,0.8027581978375102,31/07/1999 13:00:00,2,Ducati 996 RS [1999],World Superbikes,
9,Rider,Carl Fogarty,41.042692733502825,0.8048853884029015,28/08/1999 13:00:00,0,Ducati 996 RS [1999],World Superbikes,
9,Rider,Carl Fogarty,41.04390697434517,0.8071187446254733,28/08/1999 13:00:00,1,Ducati 996 RS [1999],World Superbikes,
9,Rider,Carl Fogarty,41.04391281209089,0.8094145529711165,28/08/1999 13:00:00,2,Ducati 996 RS [1999],World Superbikes,
9,Rider,Carl Fogarty,41.043615377972294,0.8117976185739372,04/09/1999 13:00:00,0,Ducati 996 RS [1999],World Superbikes,
9,Rider,Carl Fogarty,41.04261447351999,0.8142711390195755,04/09/1999 13:00:00,1,Ducati 996 RS [1999],World Superbikes,
9,Rider,Carl Fogarty,41.04148700521593,0.8168456254024441,04/09/1999 13:00:00,2,Ducati 996 RS [1999],World Superbikes,
9,Rider,Carl Fogarty,41.03962451245831,0.8195101974920277,11/09/1999 13:00:00,0,Ducati 996 RS [1999],World Superbikes,
9,Rider,Carl Fogarty,41.038121528028576,0.8222779772064547,11/09/1999 13:00:00,1,Ducati 996 RS [1999],World Superbikes,
9,Rider,Carl Fogarty,41.03752846998945,0.825160132547951,11/09/1999 13:00:00,2,Ducati 996 RS [1999],World Superbikes,
9,Rider,Carl Fogarty,41.038510995189206,0.8281560628477301,09/10/1999 13:00:00,0,Ducati 996 RS [1999],World Superbikes,
9,Rider,Carl Fogarty,41.04036305010365,0.8312753123444966,09/10/1999 13:00:00,1,Ducati 996 RS [1999],World Superbikes,
9,Rider,Carl Fogarty,41.040594804361035,0.8344744482356113,09/10/1999 13:00:00,2,Ducati 996 RS [1999],World Superbikes,
9,Rider,Carl Fogarty,41.04124275457225,0.8377918630148419,01/04/2000 13:00:00,0,Ducati 996 [2000],World Superbikes,
9,Rider,Carl Fogarty,41.041009492020144,0.8412102695300632,01/04/2000 13:00:00,1,Ducati 996 [2000],World Superbikes,
9,Rider,Carl Fogarty,41.04087279254435,0.8447456119227365,01/04/2000 13:00:00,2,Ducati 996 [2000],World Superbikes,
9,Rider,Carl Fogarty,41.04038449967024,0.8483886210592446,22/04/2000 13:00:00,0,Ducati 996 [2000],World Superbikes,
9,Rider,Carl Fogarty,41.03958198380265,0.8521424846757091,22/04/2000 13:00:00,1,Ducati 996 [2000],World Superbikes,
9,Rider,Carl Fogarty,41.037143756597224,0.8559790756484937,22/04/2000 13:00:00,2,Ducati 996 [2000],World Superbikes,
10,Bike,Ducati 996 [1998],29.456830041511672,1.1219849756269629,21/03/1998 13:00:00,0,,World Superbikes,
10,Bike,Ducati 996 [1998],29.456988484185004,1.1191900863112052,21/03/1998 13:00:00,1,,World Superbikes,
10,Bike,Ducati 996 [1998],29.457117035441218,1.1165796387501523,21/03/1998 13:00:00,2,,World Superbikes,
10,Bike,Ducati 996 [1998],29.456723909300496,1.1141409582548294,12/04/1998 13:00:00,0,,World Superbikes,
10,Bike,Ducati 996 [1998],29.45692561088474,1.1118923737502007,12/04/1998 13:00:00,1,,World Superbikes,
10,Bike,Ducati 996 [1998],29.45868480993247,1.109834063109761,09/05/1998 13:00:00,0,,World Superbikes,
10,Bike,Ducati 996 [1998],29.459494835688417,1.1079447420359831,09/05/1998 13:00:00,1,,World Superbikes,
10,Bike,Ducati 996 [1998],29.45880128732766,1.1062144078159788,09/05/1998 13:00:00,2,,World Superbikes,
10,Bike,Ducati 996 [1998],29.45751465907435,1.1046517941153984,23/05/1998 13:00:00,0,,World Superbikes,
10,Bike,Ducati 996 [1998],29.455801988341907,1.1032460472034626,23/05/1998 13:00:00,1,,World Superbikes,
10,Bike,Ducati 996 [1998],29.454054283853505,1.1020197454879068,06/06/1998 13:00:00,0,,World Superbikes,
10,Bike,Ducati 996 [1998],29.45364604586603,1.1009762519378017,06/06/1998 13:00:00,1,,World Superbikes,
10,Bike,Ducati 996 [1998],29.45412942371864,1.1001147679598962,06/06/1998 13:00:00,2,,World Superbikes,
10,Bike,Ducati 996 [1998],29.454438648414357,1.0994290222916123,20/06/1998 13:00:00,0,,World Superbikes,
10,Bike,Ducati 996 [1998],29.454171171718826,1.0989138157770293,20/06/1998 13:00:00,1,,World Superbikes,
10,Bike,Ducati 996 [1998],29.454210617644815,1.09857687409584,20/06/1998 13:00:00,2,,World Superbikes,
10,Bike,Ducati 996 [1998],29.453894128933726,1.098407610547319,04/07/1998 13:00:00,0,,World Superbikes,
10,Bike,Ducati 996 [1998],29.455272394638268,1.0984155701601226,04/07/1998 13:00:00,1,,World Superbikes,
10,Bike,Ducati 996 [1998],29.458089110460744,1.0986009722164891,04/07/1998 13:00:00,2,,World Superbikes,
10,Bike,Ducati 996 [1998],29.460346548321088,1.0989574370831146,11/07/1998 13:00:00,0,,World Superbikes,
10,Bike,Ducati 996 [1998],29.463416096329357,1.0994997292095634,11/07/1998 13:00:00,1,,World Superbikes,
10,Bike,Ducati 996 [1998],29.46803867970122,1.1002254455787455,11/07/1998 13:00:00,2,,World Superbikes,
10,Bike,Ducati 996 [1998],29.473788987811353,1.1011276904338996,01/08/1998 13:00:00,0,,World Superbikes,
10,Bike,Ducati 996 [1998],29.47747595470494,1.1021705569101465,01/08/1998 13:00:00,1,,World Superbikes,
10,Bike,Ducati 996 [1998],29.48031831218359,1.1033900742261624,01/08/1998 13:00:00,2,,World Superbikes,
10,Bike,Ducati 996 [1998],29.483926989445955,1.104792003065433,29/08/1998 13:00:00,0,,World Superbikes,
10,Bike,Ducati 996 [1998],29.487576924335063,1.1063746769562968,29/08/1998 13:00:00,1,,World Superbikes,
10,Bike,Ducati 996 [1998],29.490180390726934,1.108125116168344,29/08/1998 13:00:00,2,,World Superbikes,
10,Bike,Ducati 996 [1998],29.492925328698856,1.1100541215979063,05/09/1998 13:00:00,0,,World Superbikes,
10,Bike,Ducati 996 [1998],29.49482550775806,1.1121504440362724,05/09/1998 13:00:00,1,,World Superbikes,
10,Bike,Ducati 996 [1998],29.497161382595714,1.1144221076691467,05/09/1998 13:00:00,2,,World Superbikes,
10,Bike,Ducati 996 [1998],29.499430259614183,1.1168726161467026,03/10/1998 13:00:00,0,,World Superbikes,
10,Bike,Ducati 996 [1998],29.500484396956825,1.1194912698438841,03/10/1998 13:00:00,1,,World Superbikes,
10,Bike,Ducati 996 [1998],29.500678058252685,1.1222895563419562,03/10/1998 13:00:00,2,,World Superbikes,
11,Rider,Pierfrancesco Chili,39.53183175504929,0.7346893297182925,21/03/1998 13:00:00,0,Ducati 916 R [1998],World Superbikes,
11,Rider,Pierfrancesco Chili,39.53364511980419,0.7301456238496964,21/03/1998 13:00:00,1,Ducati 916 R [1998],World Superbikes,
11,Rider,Pierfrancesco Chili,39.535282084686145,0.7256930164606642,21/03/1998 13:00:00,2,Ducati 916 R [1998],World Superbikes,
11,Rider,Pierfrancesco Chili,39.536317227195674,0.7213203468654509,12/04/1998 13:00:00,0,Ducati 916 R [1998],World Superbikes,
11,Rider,Pierfrancesco Chili,39.53650685169587,0.7170307751699466,12/04/1998 13:00:00,1,Ducati 916 R [1998],World Superbikes,
11,Rider,Pierfrancesco Chili,39.53682959774818,0.7128323635851206,09/05/1998 13:00:00,0,Ducati 916 R [1998],World Superbikes,
11,Rider,Pierfrancesco Chili,39.53877809412972,0.7087209261778283,09/05/1998 13:00:00,1,Ducati 916 R [1998],World Superbikes,
11,Rider,Pierfrancesco Chili,39.54082147164693,0.7046902263663888,09/05/1998 13:00:00,2,Ducati 916 R [1998],World Superbikes,
11,Rider,Pierfrancesco Chili,39.54304971141366,0.7007375680907781,23/05/1998 13:00:00,0,Ducati 916 R [1998],World Superbikes,
11,Rider,Pierfrancesco Chili,39.5464115897121,0.6968651387355165,23/05/1998 13:00:00,1,Ducati 916 R [1998],World Superbikes,
11,Rider,Pierfrancesco Chili,39.55137914558781,0.6930745828651976,06/06/1998 13:00:00,0,Ducati 916 R [1998],World Superbikes,
11,Rider,Pierfrancesco Chili,39.55640304267208,0.6893643679360617,06/06/1998 13:00:00,1,Ducati 916 R [1998],World Superbikes,
11,Rider,Pierfrancesco Chili,39.560990667144544,0.6857260742778385,06/06/1998 13:00:00,2,Ducati 916 R [1998],World Superbikes,
11,Rider,Pierfrancesco Chili,39.565467842890676,0.6821622418889887,20/06/1998 13:00:00,0,Ducati 916 R [1998],World Superbikes,
11,Rider,Pierfrancesco Chili,39.56930979878961,0.6786662477144724,20/06/1998 13:00:00,1,Ducati 916 R [1998],World Superbikes,
11,Rider,Pierfrancesco Chili,39.572057375196806,0.6752291010581503,04/07/1998 13:00:00,0,Ducati 916 R [1998],World Superbikes,
11,Rider,Pierfrancesco Chili,39.57424620601773,0.6718560869123471,04/07/1998 13:00:00,1,Ducati 916 R [1998],World Superbikes,
11,Rider,Pierfrancesco Chili,39.575794464358104,0.6685461318830112,04/07/1998 13:00:00,2,Ducati 916 R [1998],World Superbikes,
11,Rider,Pierfrancesco Chili,39.5755959408705,0.6652775893300548,11/07/1998 13:00:00,0,Ducati 916 R [1998],World Superbikes,
11,Rider,Pierfrancesco Chili,39.57676353796542,0.6620837772007176,11/07/1998 13:00:00,1,Ducati 916 R [1998],World Superbikes,
11,Rider,Pierfrancesco Chili,39.57838852471616,0.6589623580071864,11/07/1998 13:00:00,2,Ducati 916 R [1998],World Superbikes,
11,Rider,Pierfrancesco Chili,39.57968704218831,0.6559056537819494,01/08/1998 13:00:00,0,Ducati 916 R [1998],World Superbikes,
11,Rider,Pierfrancesco Chili,39.58064634614952,0.6529156275451663,01/08/1998 13:00:00,1,Ducati 916 R [1998],World Superbikes,
11,Rider,Pierfrancesco Chili,39.58142487694907,0.6499918425613315,01/08/1998 13:00:00,2,Ducati 916 R [1998],World Superbikes,
11,Rider,Pierfrancesco Chili,39.581002600419545,0.6471192131790285,29/08/1998 13:00:00,0,Ducati 916 R [1998],World Superbikes,
11,Rider,Pierfrancesco Chili,39.5814525875154,0.6443125903588417,29/08/1998 13:00:00,1,Ducati 916 R [1998],World Superbikes,
11,Rider,Pierfrancesco Chili,39.582346801504244,0.6415668889206153,29/08/1998 13:00:00,2,Ducati 916 R [1998],World Superbikes,
11,Rider,Pierfrancesco Chili,39.58344535240368,0.6388815578594463,05/09/1998 13:00:00,0,Ducati 916 R [1998],World Superbikes,
11,Rider,Pierfrancesco Chili,39.583605674758346,0.6362436954118953,05/09/1998 13:00:00,1,Ducati 916 R [1998],World Superbikes,
11,Rider,Pierfrancesco Chili,39.58372311765174,0.6336581220968402,05/09/1998 13:00:00,2,Ducati 916 R [1998],World Superbikes,
11,Rider,Pierfrancesco Chili,39.582397943249184,0.6311021733689058,03/10/1998 13:00:00,0,Ducati 916 R [1998],World Superbikes,
11,Rider,Pierfrancesco Chili,39.57950425407872,0.6285772822531637,03/10/1998 13:00:00,1,Ducati 916 R [1998],World Superbikes,
11,Rider,Pierfrancesco Chili,39.57842876428151,0.6261138522946358,03/10/1998 13:00:00,2,Ducati 916 R [1998],World Superbikes,
11,Rider,Pierfrancesco Chili,39.579231113086976,0.6237060730231633,27/03/1999 13:00:00,0,Suzuki GSX-R 750 [1999],World Superbikes,
11,Rider,Pierfrancesco Chili,39.57871672921605,0.6213439629762759,27/03/1999 13:00:00,1,Suzuki GSX-R 750 [1999],World Superbikes,
11,Rider,Pierfrancesco Chili,39.57850537071784,0.619034534937093,27/03/1999 13:00:00,2,Suzuki GSX-R 750 [1999],World Superbikes,
11,Rider,Pierfrancesco Chili,39.5809295406894,0.6167732021674069,17/04/1999 13:00:00,0,Suzuki GSX-R 750 [1999],World Superbikes,
11,Rider,Pierfrancesco Chili,39.58454912264512,0.614566899269544,17/04/1999 13:00:00,1,Suzuki GSX-R 750 [1999],World Superbikes,
11,Rider,Pierfrancesco Chili,39.587338065486534,0.6124062462607281,17/04/1999 13:00:00,2,Suzuki GSX-R 750 [1999],World Superbikes,
11,Rider,Pierfrancesco Chili,39.591839972683175,0.6102949236578794,01/05/1999 13:00:00,0,Suzuki GSX-R 750 [1999],World Superbikes,
11,Rider,Pierfrancesco Chili,39.596588589164185,0.6082376141793127,01/05/1999 13:00:00,1,Suzuki GSX-R 750 [1999],World Superbikes,
11,Rider,Pierfrancesco Chili,39.59927475030603,0.6062204332747344,01/05/1999 13:00:00,2,Suzuki GSX-R 750 [1999],World Superbikes,
11,Rider,Pierfrancesco Chili,39.59950012549636,0.6042314163648635,15/05/1999 13:00:00,0,Suzuki GSX-R 750 [1999],World Superbikes,
11,Rider,Pierfrancesco Chili,39.59948365000678,0.602289065587126,15/05/1999 13:00:00,1,Suzuki GSX-R 750 [1999],World Superbikes,
11,Rider,Pierfrancesco Chili,39.59937652891004,0.6003893252543677,15/05/1999 13:00:00,2,Suzuki GSX-R 750 [1999],World Superbikes,
11,Rider,Pierfrancesco Chili,39.59889209503976,0.598532155950927,29/05/1999 13:00:00,0,Suzuki GSX-R 750 [1999],World Superbikes,
11,Rider,Pierfrancesco Chili,39.59750540683071,0.5967126233071437,29/05/1999 13:00:00,1,Suzuki GSX-R 750 [1999],World Superbikes,
11,Rider,Pierfrancesco Chili,39.59427601615856,0.5949254125977601,29/05/1999 13:00:00,2,Suzuki GSX-R 750 [1999],World Superbikes,
11,Rider,Pierfrancesco Chili,39.5898307556226,0.5931730230110956,12/06/1999 13:00:00,0,Suzuki GSX-R 750 [1999],World Superbikes,
11,Rider,Pierfrancesco Chili,39.58604362124146,0.5914633430290616,12/06/1999 13:00:00,1,Suzuki GSX-R 750 [1999],World Superbikes,
11,Rider,Pierfrancesco Chili,39.580988559324204,0.5897892168793052,12/06/1999 13:00:00,2,Suzuki GSX-R 750 [1999],World Superbikes,
11,Rider,Pierfrancesco Chili,39.57495527076392,0.5881493617343481,26/06/1999 13:00:00,0,Suzuki GSX-R 750 [1999],World Superbikes,
11,Rider,Pierfrancesco Chili,39.568873770447006,0.5865439774607967,26/06/1999 13:00:00,1,Suzuki GSX-R 750 [1999],World Superbikes,
11,Rider,Pierfrancesco Chili,39.56357242498316,0.5849737598335772,26/06/1999 13:00:00,2,Suzuki GSX-R 750 [1999],World Superbikes,
11,Rider,Pierfrancesco Chili,39.559760545927524,0.583439436626581,10/07/1999 13:00:00,0,Suzuki GSX-R 750 [1999],World Superbikes,
11,Rider,Pierfrancesco Chili,39.55658720081815,0.581941565187061,10/07/1999 13:00:00,1,Suzuki GSX-R 750 [1999],World Superbikes,
11,Rider,Pierfrancesco Chili,39.55339905081667,0.5804807002453733,10/07/1999 13:00:00,2,Suzuki GSX-R 750 [1999],World Superbikes,
11,Rider,Pierfrancesco Chili,39.55019842831631,0.5790570556379289,31/07/1999 13:00:00,0,Suzuki GSX-R 750 [1999],World Superbikes,
11,Rider,Pierfrancesco Chili,39.54461227992945,0.5776521727732787,31/07/1999 13:00:00,1,Suzuki GSX-R 750 [1999],World Superbikes,
11,Rider,Pierfrancesco Chili,39.53765109784596,0.5762779701415828,31/07/1999 13:00:00,2,Suzuki GSX-R 750 [1999],World Superbikes,
11,Rider,Pierfrancesco Chili,39.529251284474405,0.5749323489037178,28/08/1999 13:00:00,0,Suzuki GSX-R 750 [1999],World Superbikes,
11,Rider,Pierfrancesco Chili,39.520869957499855,0.5736166164645653,28/08/1999 13:00:00,1,Suzuki GSX-R 750 [1999],World Superbikes,
11,Rider,Pierfrancesco Chili,39.51192409673647,0.5723272453093884,28/08/1999 13:00:00,2,Suzuki GSX-R 750 [1999],World Superbikes,
11,Rider,Pierfrancesco Chili,39.50280802984131,0.5710662932860122,04/09/1999 13:00:00,0,Suzuki GSX-R 750 [1999],World Superbikes,
11,Rider,Pierfrancesco Chili,39.49422768890914,0.5698356252264255,04/09/1999 13:00:00,1,Suzuki GSX-R 750 [1999],World Superbikes,
11,Rider,Pierfrancesco Chili,39.484656308183624,0.5686298208784919,04/09/1999 13:00:00,2,Suzuki GSX-R 750 [1999],World Superbikes,
11,Rider,Pierfrancesco Chili,39.47463710734395,0.5674480290845412,11/09/1999 13:00:00,0,Suzuki GSX-R 750 [1999],World Superbikes,
11,Rider,Pierfrancesco Chili,39.46458952290223,0.5662906465577966,11/09/1999 13:00:00,1,Suzuki GSX-R 750 [1999],World Superbikes,
11,Rider,Pierfrancesco Chili,39.45350028504032,0.565159304754617,11/09/1999 13:00:00,2,Suzuki GSX-R 750 [1999],World Superbikes,
11,Rider,Pierfrancesco Chili,39.4422646765905,0.5640544074964613,09/10/1999 13:00:00,0,Suzuki GSX-R 750 [1999],World Superbikes,
11,Rider,Pierfrancesco Chili,39.43221937021601,0.5629820015802448,09/10/1999 13:00:00,1,Suzuki GSX-R 750 [1999],World Superbikes,
11,Rider,Pierfrancesco Chili,39.422557370752415,0.5619415036087525,09/10/1999 13:00:00,2,Suzuki GSX-R 750 [1999],World Superbikes,
11,Rider,Pierfrancesco Chili,39.41296255845062,0.5609284972697026,01/04/2000 13:00:00,0,Suzuki GSX-R 750 [2000],World Superbikes,
11,Rider,Pierfrancesco Chili,39.4035216822553,0.5599385747161482,01/04/2000 13:00:00,1,Suzuki GSX-R 750 [2000],World Superbikes,
11,Rider,Pierfrancesco Chili,39.39298157297411,0.5589625101835253,01/04/2000 13:00:00,2,Suzuki GSX-R 750 [2000],World Superbikes,
11,Rider,Pierfrancesco Chili,39.382256129066015,0.558004804135375,22/04/2000 13:00:00,0,Suzuki GSX-R 750 [2000],World Superbikes,
11,Rider,Pierfrancesco Chili,39.37233186513428,0.5570735916169066,22/04/2000 13:00:00,1,Suzuki GSX-R 750 [2000],World Superbikes,
11,Rider,Pierfrancesco Chili,39.36258130011712,0.5561646235841938,22/04/2000 13:00:00,2,Suzuki GSX-R 750 [2000],World Superbikes,
11,Rider,Pierfrancesco Chili,39.351750555946175,0.5552667752406882,29/04/2000 13:00:00,0,Suzuki GSX-R 750 [2000],World Superbikes,
11,Rider,Pierfrancesco Chili,39.34053306595941,0.5543952665911516,29/04/2000 13:00:00,1,Suzuki GSX-R 750 [2000],World Superbikes,
11,Rider,Pierfrancesco Chili,39.32919108695927,0.5535502959641732,29/04/2000 13:00:00,2,Suzuki GSX-R 750 [2000],World Superbikes,
11,Rider,Pierfrancesco Chili,39.31809487485421,0.552728881573767,13/05/2000 13:00:00,0,Suzuki GSX-R 750 [2000],World Superbikes,
11,Rider,Pierfrancesco Chili,39.30773473468578,0.5519348672840779,13/05/2000 13:00:00,1,Suzuki GSX-R 750 [2000],World Superbikes,
11,Rider,Pierfrancesco Chili,39.29674344070614,0.5511634056648517,13/05/2000 13:00:00,2,Suzuki GSX-R 750 [2000],World Superbikes,
11,Rider,Pierfrancesco Chili,39.284405523360405,0.5504043598074948,20/05/2000 13:00:00,0,Suzuki GSX-R 750 [2000],World Superbikes,
11,Rider,Pierfrancesco Chili,39.27289140246518,0.5496698284920677,20/05/2000 13:00:00,1,Suzuki GSX-R 750 [2000],World Superbikes,
11,Rider,Pierfrancesco Chili,39.26018818796559,0.5489446844549951,20/05/2000 13:00:00,2,Suzuki GSX-R 750 [2000],World Superbikes,
11,Rider,Pierfrancesco Chili,39.24722319562805,0.5482345341590792,03/06/2000 13:00:00,0,Suzuki GSX-R 750 [2000],World Superbikes,
11,Rider,Pierfrancesco Chili,39.23292297446388,0.5475344356991934,03/06/2000 13:00:00,1,Suzuki GSX-R 750 [2000],World Superbikes,
11,Rider,Pierfrancesco Chili,39.218392128059776,0.5468528549406577,03/06/2000 13:00:00,2,Suzuki GSX-R 750 [2000],World Superbikes,
11,Rider,Pierfrancesco Chili,39.2041993612116,0.5461890578709766,17/06/2000 13:00:00,0,Suzuki GSX-R 750 [2000],World Superbikes,
11,Rider,Pierfrancesco Chili,39.18871468973888,0.5455337359475615,17/06/2000 13:00:00,1,Suzuki GSX-R 750 [2000],World Superbikes,
11,Rider,Pierfrancesco Chili,39.173753668742556,0.5448997053909291,24/06/2000 13:00:00,0,Suzuki GSX-R 750 [2000],World Superbikes,
11,Rider,Pierfrancesco Chili,39.16079379149278,0.5442884493508723,24/06/2000 13:00:00,1,Suzuki GSX-R 750 [2000],World Superbikes,
11,Rider,Pierfrancesco Chili,39.15025534404589,0.543699165206215,24/06/2000 13:00:00,2,Suzuki GSX-R 750 [2000],World Superbikes,
11,Rider,Pierfrancesco Chili,39.140648273714056,0.5431288724776357,08/07/2000 13:00:00,0,Suzuki GSX-R 750 [2000],World Superbikes,
11,Rider,Pierfrancesco Chili,39.13145890449313,0.5425756292585179,08/07/2000 13:00:00,1,Suzuki GSX-R 750 [2000],World Superbikes,
11,Rider,Pierfrancesco Chili,39.12234713511739,0.5420390909136856,08/07/2000 13:00:00,2,Suzuki GSX-R 750 [2000],World Superbikes,
11,Rider,Pierfrancesco Chili,39.11250161221215,0.5415120405399286,05/08/2000 13:00:00,0,Suzuki GSX-R 750 [2000],World Superbikes,
11,Rider,Pierfrancesco Chili,39.10275890735178,0.5410031983589056,05/08/2000 13:00:00,1,Suzuki GSX-R 750 [2000],World Superbikes,
11,Rider,Pierfrancesco Chili,39.09273026227042,0.5405117906387895,05/08/2000 13:00:00,2,Suzuki GSX-R 750 [2000],World Superbikes,
11,Rider,Pierfrancesco Chili,39.08203782593675,0.5400327856722363,02/09/2000 13:00:00,0,Suzuki GSX-R 750 [2000],World Superbikes,
11,Rider,Pierfrancesco Chili,39.070854828246944,0.5395669797340679,02/09/2000 13:00:00,1,Suzuki GSX-R 750 [2000],World Superbikes,
11,Rider,Pierfrancesco Chili,39.05771889130573,0.5390941810618501,02/09/2000 13:00:00,2,Suzuki GSX-R 750 [2000],World Superbikes,
11,Rider,Pierfrancesco Chili,39.04377468900491,0.5386295756493618,09/09/2000 13:00:00,0,Suzuki GSX-R 750 [2000],World Superbikes,
11,Rider,Pierfrancesco Chili,39.030392176417614,0.5381825616810185,09/09/2000 13:00:00,1,Suzuki GSX-R 750 [2000],World Superbikes,
11,Rider,Pierfrancesco Chili,39.01719467871091,0.5377514055865705,09/09/2000 13:00:00,2,Suzuki GSX-R 750 [2000],World Superbikes,
11,Rider,Pierfrancesco Chili,39.004059827319765,0.5373312872008147,14/10/2000 13:00:00,0,Suzuki GSX-R 750 [2000],World Superbikes,
11,Rider,Pierfrancesco Chili,38.99063956446409,0.5369268133721876,14/10/2000 13:00:00,1,Suzuki GSX-R 750 [2000],World Superbikes,
11,Rider,Pierfrancesco Chili,38.97737688300225,0.5365388022366887,14/10/2000 13:00:00,2,Suzuki GSX-R 750 [2000],World Superbikes,
11,Rider,Pierfrancesco Chili,38.9634507565968,0.5361624491933428,09/03/2001 13:00:00,0,Suzuki GSX-R 750 [2001],World Superbikes,
11,Rider,Pierfrancesco Chili,38.95044531516855,0.5358028967843513,09/03/2001 13:00:00,1,Suzuki GSX-R 750 [2001],World Superbikes,
11,Rider,Pierfrancesco Chili,38.937797862041144,0.5354598123230909,10/03/2001 13:00:00,0,Suzuki GSX-R 750 [2001],World Superbikes,
11,Rider,Pierfrancesco Chili,38.925971850810825,0.5351272590661955,29/03/2001 13:00:00,0,Suzuki GSX-R 750 [2001],World Superbikes,
11,Rider,Pierfrancesco Chili,38.9121462647252,0.5348012578878237,30/03/2001 13:00:00,0,Suzuki GSX-R 750 [2001],World Superbikes,
11,Rider,Pierfrancesco Chili,38.89822016101617,0.534489882602003,31/03/2001 13:00:00,0,Suzuki GSX-R 750 [2001],World Superbikes,
11,Rider,Pierfrancesco Chili,38.88391268783613,0.5341896312469953,19/04/2001 13:00:00,0,Suzuki GSX-R 750 [2001],World Superbikes,
11,Rider,Pierfrancesco Chili,38.86824590601998,0.533899702825381,20/04/2001 13:00:00,0,Suzuki GSX-R 750 [2001],World Superbikes,
11,Rider,Pierfrancesco Chili,38.85412630624745,0.5336258805384391,20/04/2001 13:00:00,1,Suzuki GSX-R 750 [2001],World Superbikes,
11,Rider,Pierfrancesco Chili,38.84175452308294,0.533357685125874,26/04/2001 13:00:00,0,Suzuki GSX-R 750 [2001],World Superbikes,
11,Rider,Pierfrancesco Chili,38.82889503031065,0.5331062503223025,27/04/2001 13:00:00,0,Suzuki GSX-R 750 [2001],World Superbikes,
11,Rider,Pierfrancesco Chili,38.815713059244295,0.5328716022685267,27/04/2001 13:00:00,1,Suzuki GSX-R 750 [2001],World Superbikes,
11,Rider,Pierfrancesco Chili,38.80339921769748,0.5326459374463365,10/05/2001 13:00:00,0,Suzuki GSX-R 750 [2001],World Superbikes,
11,Rider,Pierfrancesco Chili,38.790810556764214,0.5324334705871345,11/05/2001 13:00:00,0,Suzuki GSX-R 750 [2001],World Superbikes,
11,Rider,Pierfrancesco Chili,38.77553250462629,0.5322160541558854,12/05/2001 13:00:00,0,Suzuki GSX-R 750 [2001],World Superbikes,
11,Rider,Pierfrancesco Chili,38.76038125861435,0.532009446066099,25/05/2001 13:00:00,0,Suzuki GSX-R 750 [2001],World Superbikes,
11,Rider,Pierfrancesco Chili,38.74459157798207,0.5318165263304988,25/05/2001 13:00:00,1,Suzuki GSX-R 750 [2001],World Superbikes,
11,Rider,Pierfrancesco Chili,38.72703798852641,0.5316323557255394,26/05/2001 13:00:00,0,Suzuki GSX-R 750 [2001],World Superbikes,
11,Rider,Pierfrancesco Chili,38.709675789964535,0.5314571221352526,07/06/2001 13:00:00,0,Suzuki GSX-R 750 [2001],World Superbikes,
11,Rider,Pierfrancesco Chili,38.69196616700763,0.5312955991565526,08/06/2001 13:00:00,0,Suzuki GSX-R 750 [2001],World Superbikes,
11,Rider,Pierfrancesco Chili,38.67450154254518,0.5311480043023866,09/06/2001 13:00:00,0,Suzuki GSX-R 750 [2001],World Superbikes,
11,Rider,Pierfrancesco Chili,38.656385041138115,0.531010427313604,21/06/2001 13:00:00,0,Suzuki GSX-R 750 [2001],World Superbikes,
11,Rider,Pierfrancesco Chili,38.64122222648627,0.5308863970726403,22/06/2001 13:00:00,0,Suzuki GSX-R 750 [2001],World Superbikes,
11,Rider,Pierfrancesco Chili,38.62698032007642,0.530776298009332,23/06/2001 13:00:00,0,Suzuki GSX-R 750 [2001],World Superbikes,
11,Rider,Pierfrancesco Chili,38.61398886044496,0.5306734567479449,06/07/2001 13:00:00,0,Suzuki GSX-R 750 [2001],World Superbikes,
11,Rider,Pierfrancesco Chili,38.6003880006916,0.5305825599495299,07/07/2001 13:00:00,0,Suzuki GSX-R 750 [2001],World Superbikes,
11,Rider,Pierfrancesco Chili,38.586012228111755,0.5305037994174828,07/07/2001 13:00:00,1,Suzuki GSX-R 750 [2001],World Superbikes,
11,Rider,Pierfrancesco Chili,38.5712049127417,0.5304355470793094,27/07/2001 13:00:00,0,Suzuki GSX-R 750 [2001],World Superbikes,
11,Rider,Pierfrancesco Chili,38.55440842226461,0.5303750759933175,27/07/2001 13:00:00,1,Suzuki GSX-R 750 [2001],World Superbikes,
11,Rider,Pierfrancesco Chili,38.535860856261685,0.5303240336487547,28/07/2001 13:00:00,0,Suzuki GSX-R 750 [2001],World Superbikes,
11,Rider,Pierfrancesco Chili,38.51606491152151,0.5302827761479676,30/08/2001 13:00:00,0,Suzuki GSX-R 750 [2001],World Superbikes,
11,Rider,Pierfrancesco Chili,38.49748546949896,0.5302538162292368,31/08/2001 13:00:00,0,Suzuki GSX-R 750 [2001],World Superbikes,
11,Rider,Pierfrancesco Chili,38.4787673248262,0.5302370088015572,01/09/2001 13:00:00,0,Suzuki GSX-R 750 [2001],World Superbikes,
11,Rider,Pierfrancesco Chili,38.46136989199576,0.5302263097177774,06/09/2001 13:00:00,0,Suzuki GSX-R 750 [2001],World Superbikes,
11,Rider,Pierfrancesco Chili,38.44441465774887,0.530227727473964,07/09/2001 13:00:00,0,Suzuki GSX-R 750 [2001],World Superbikes,
11,Rider,Pierfrancesco Chili,38.42748402479027,0.5302405337996055,08/09/2001 13:00:00,0,Suzuki GSX-R 750 [2001],World Superbikes,
11,Rider,Pierfrancesco Chili,38.40941782046736,0.5302618401651105,27/09/2001 13:00:00,0,Suzuki GSX-R 750 [2001],World Superbikes,
11,Rider,Pierfrancesco Chili,38.392393353515004,0.5302962281063736,28/09/2001 13:00:00,0,Suzuki GSX-R 750 [2001],World Superbikes,
11,Rider,Pierfrancesco Chili,38.37495995248932,0.5303427218758785,29/09/2001 13:00:00,0,Suzuki GSX-R 750 [2001],World Superbikes,
11,Rider,Pierfrancesco Chili,38.35878469786149,0.5303937916731901,08/03/2002 13:00:00,0,Ducati 998 RS [2002],World Superbikes,
11,Rider,Pierfrancesco Chili,38.34303771670484,0.5304531822694908,08/03/2002 13:00:00,1,Ducati 998 RS [2002],World Superbikes,
11,Rider,Pierfrancesco Chili,38.3264974348269,0.5305180797449826,09/03/2002 13:00:00,0,Ducati 998 RS [2002],World Superbikes,
11,Rider,Pierfrancesco Chili,38.310834272492755,0.5305915299038653,21/03/2002 13:00:00,0,Ducati 998 RS [2002],World Superbikes,
11,Rider,Pierfrancesco Chili,38.2935585583879,0.530666736598072,22/03/2002 13:00:00,0,Ducati 998 RS [2002],World Superbikes,
11,Rider,Pierfrancesco Chili,38.27815047496252,0.5307526296652704,22/03/2002 13:00:00,1,Ducati 998 RS [2002],World Superbikes,
11,Rider,Pierfrancesco Chili,38.26334194403924,0.5308465904641931,09/05/2002 13:00:00,0,Ducati 998 RS [2002],World Superbikes,
11,Rider,Pierfrancesco Chili,38.2477856570488,0.530946210851857,10/05/2002 13:00:00,0,Ducati 998 RS [2002],World Superbikes,
11,Rider,Pierfrancesco Chili,38.23083347505577,0.5310474692524452,11/05/2002 13:00:00,0,Ducati 998 RS [2002],World Superbikes,
11,Rider,Pierfrancesco Chili,38.21284394689539,0.5311501772439313,24/05/2002 13:00:00,0,Ducati 998 RS [2002],World Superbikes,
11,Rider,Pierfrancesco Chili,38.19539728115157,0.5312654765140911,24/05/2002 13:00:00,1,Ducati 998 RS [2002],World Superbikes,
11,Rider,Pierfrancesco Chili,38.17822397966165,0.5313932765291074,25/05/2002 13:00:00,0,Ducati 998 RS [2002],World Superbikes,
11,Rider,Pierfrancesco Chili,38.160218102942004,0.5315292203730205,06/06/2002 13:00:00,0,Ducati 998 RS [2002],World Superbikes,
11,Rider,Pierfrancesco Chili,38.14242257402484,0.5316767007532376,07/06/2002 13:00:00,0,Ducati 998 RS [2002],World Superbikes,
11,Rider,Pierfrancesco Chili,38.12461057208787,0.5318334469924586,08/06/2002 13:00:00,0,Ducati 998 RS [2002],World Superbikes,
11,Rider,Pierfrancesco Chili,38.10630354942976,0.5319961438132959,20/06/2002 13:00:00,0,Ducati 998 RS [2002],World Superbikes,
11,Rider,Pierfrancesco Chili,38.0885026487557,0.5321699478953595,21/06/2002 13:00:00,0,Ducati 998 RS [2002],World Superbikes,
11,Rider,Pierfrancesco Chili,38.069791152012684,0.5323501118195614,22/06/2002 13:00:00,0,Ducati 998 RS [2002],World Superbikes,
11,Rider,Pierfrancesco Chili,38.05200387658655,0.5325391288565748,12/07/2002 13:00:00,0,Ducati 998 RS [2002],World Superbikes,
11,Rider,Pierfrancesco Chili,38.03392640266868,0.5327405096231607,13/07/2002 13:00:00,0,Ducati 998 RS [2002],World Superbikes,
11,Rider,Pierfrancesco Chili,38.01520550829782,0.5329538253411665,13/07/2002 13:00:00,1,Ducati 998 RS [2002],World Superbikes,
11,Rider,Pierfrancesco Chili,37.997308291464385,0.5331731513891101,26/07/2002 13:00:00,0,Ducati 998 RS [2002],World Superbikes,
11,Rider,Pierfrancesco Chili,37.97832859382554,0.5334015634168171,26/07/2002 13:00:00,1,Ducati 998 RS [2002],World Superbikes,
11,Rider,Pierfrancesco Chili,37.957744522533964,0.5336354248721925,27/07/2002 13:00:00,0,Ducati 998 RS [2002],World Superbikes,
11,Rider,Pierfrancesco Chili,37.93612331510861,0.5338775355435502,29/08/2002 13:00:00,0,Ducati 998 RS [2002],World Superbikes,
11,Rider,Pierfrancesco Chili,37.91477325066933,0.5341305348224212,30/08/2002 13:00:00,0,Ducati 998 RS [2002],World Superbikes,
11,Rider,Pierfrancesco Chili,37.89422934194004,0.5343938798207378,31/08/2002 13:00:00,0,Ducati 998 RS [2002],World Superbikes,
11,Rider,Pierfrancesco Chili,37.87353643266071,0.5346629685332478,05/09/2002 13:00:00,0,Ducati 998 RS [2002],World Superbikes,
11,Rider,Pierfrancesco Chili,37.851494381530735,0.5349394297073978,06/09/2002 13:00:00,0,Ducati 998 RS [2002],World Superbikes,
11,Rider,Pierfrancesco Chili,37.82902717580589,0.5352262486007727,07/09/2002 13:00:00,0,Ducati 998 RS [2002],World Superbikes,
11,Rider,Pierfrancesco Chili,37.80570526029556,0.5355202020299311,26/09/2002 13:00:00,0,Ducati 998 RS [2002],World Superbikes,
11,Rider,Pierfrancesco Chili,37.78183315937726,0.5358246230573332,27/09/2002 13:00:00,0,Ducati 998 RS [2002],World Superbikes,
11,Rider,Pierfrancesco Chili,37.76063735485883,0.5361468056935981,28/09/2002 13:00:00,0,Ducati 998 RS [2002],World Superbikes,
11,Rider,Pierfrancesco Chili,37.73967998986615,0.536477709437625,28/02/2003 13:00:00,0,Ducati 998 RS [2003],World Superbikes,
11,Rider,Pierfrancesco Chili,37.71849713319887,0.5368179945151644,28/02/2003 13:00:00,1,Ducati 998 RS [2003],World Superbikes,
11,Rider,Pierfrancesco Chili,37.69794510209935,0.5371720661233733,01/03/2003 13:00:00,0,Ducati 998 RS [2003],World Superbikes,
11,Rider,Pierfrancesco Chili,37.67813139049961,0.5375382416783234,27/03/2003 13:00:00,0,Ducati 998 RS [2003],World Superbikes,
11,Rider,Pierfrancesco Chili,37.65657799521746,0.5378940517471545,28/03/2003 13:00:00,0,Ducati 998 RS [2003],World Superbikes,
11,Rider,Pierfrancesco Chili,37.633218153956065,0.5382389868974999,28/03/2003 13:00:00,1,Ducati 998 RS [2003],World Superbikes,
11,Rider,Pierfrancesco Chili,37.608948045499794,0.5385850588366794,24/04/2003 13:00:00,0,Ducati 998 RS [2003],World Superbikes,
11,Rider,Pierfrancesco Chili,37.58426998102726,0.5389426939132059,25/04/2003 13:00:00,0,Ducati 998 RS [2003],World Superbikes,
11,Rider,Pierfrancesco Chili,37.55833903225373,0.5393036635845004,25/04/2003 13:00:00,1,Ducati 998 RS [2003],World Superbikes,
11,Rider,Pierfrancesco Chili,37.53127819635272,0.5396697455982992,15/05/2003 13:00:00,0,Ducati 998 RS [2003],World Superbikes,
11,Rider,Pierfrancesco Chili,37.50299506490625,0.5400404914355773,16/05/2003 13:00:00,0,Ducati 998 RS [2003],World Superbikes,
11,Rider,Pierfrancesco Chili,37.47289773074841,0.5404009319189413,17/05/2003 13:00:00,0,Ducati 998 RS [2003],World Superbikes,
11,Rider,Pierfrancesco Chili,37.44174441033865,0.5407618174968688,29/05/2003 13:00:00,0,Ducati 998 RS [2003],World Superbikes,
11,Rider,Pierfrancesco Chili,37.40877036590164,0.5411157758257242,30/05/2003 13:00:00,0,Ducati 998 RS [2003],World Superbikes,
11,Rider,Pierfrancesco Chili,37.37564695874166,0.5414803398339473,31/05/2003 13:00:00,0,Ducati 998 RS [2003],World Superbikes,
11,Rider,Pierfrancesco Chili,37.34127400049129,0.5418486095288145,13/06/2003 13:00:00,0,Ducati 998 RS [2003],World Superbikes,
11,Rider,Pierfrancesco Chili,37.30753334482528,0.5422361294051553,13/06/2003 13:00:00,1,Ducati 998 RS [2003],World Superbikes,
11,Rider,Pierfrancesco Chili,37.272742272200624,0.5426369830398267,14/06/2003 13:00:00,0,Ducati 998 RS [2003],World Superbikes,
11,Rider,Pierfrancesco Chili,37.23865743645316,0.5430528835457159,19/06/2003 13:00:00,0,Ducati 998 RS [2003],World Superbikes,
11,Rider,Pierfrancesco Chili,37.20359044631208,0.5434795821293116,20/06/2003 13:00:00,0,Ducati 998 RS [2003],World Superbikes,
11,Rider,Pierfrancesco Chili,37.16672864727519,0.543899103022737,21/06/2003 13:00:00,0,Ducati 998 RS [2003],World Superbikes,
11,Rider,Pierfrancesco Chili,37.128847348319596,0.5443219988189393,11/07/2003 13:00:00,0,Ducati 998 RS [2003],World Superbikes,
11,Rider,Pierfrancesco Chili,37.09051589331017,0.5447621755811818,12/07/2003 13:00:00,0,Ducati 998 RS [2003],World Superbikes,
11,Rider,Pierfrancesco Chili,37.05166145790338,0.5452190014996708,12/07/2003 13:00:00,1,Ducati 998 RS [2003],World Superbikes,
11,Rider,Pierfrancesco Chili,37.01165286511231,0.5456880881077528,25/07/2003 13:00:00,0,Ducati 998 RS [2003],World Superbikes,
11,Rider,Pierfrancesco Chili,36.97205003674614,0.5461789436455968,25/07/2003 13:00:00,1,Ducati 998 RS [2003],World Superbikes,
11,Rider,Pierfrancesco Chili,36.9326204224011,0.5466916285341308,26/07/2003 13:00:00,0,Ducati 998 RS [2003],World Superbikes,
11,Rider,Pierfrancesco Chili,36.89384894315241,0.5472236330625245,04/09/2003 13:00:00,0,Ducati 998 RS [2003],World Superbikes,
11,Rider,Pierfrancesco Chili,36.854427794424744,0.5477734879352436,05/09/2003 13:00:00,0,Ducati 998 RS [2003],World Superbikes,
11,Rider,Pierfrancesco Chili,36.81524419944581,0.5483415862788584,06/09/2003 13:00:00,0,Ducati 998 RS [2003],World Superbikes,
11,Rider,Pierfrancesco Chili,36.77408708560079,0.548907122026564,25/09/2003 13:00:00,0,Ducati 998 RS [2003],World Superbikes,
11,Rider,Pierfrancesco Chili,36.73362420356631,0.5494930596415992,26/09/2003 13:00:00,0,Ducati 998 RS [2003],World Superbikes,
11,Rider,Pierfrancesco Chili,36.69255210836231,0.5500960059559002,27/09/2003 13:00:00,0,Ducati 998 RS [2003],World Superbikes,
11,Rider,Pierfrancesco Chili,36.651375094324266,0.5507167476541044,16/10/2003 13:00:00,0,Ducati 998 RS [2003],World Superbikes,
11,Rider,Pierfrancesco Chili,36.609905924112205,0.5513583847712702,17/10/2003 13:00:00,0,Ducati 998 RS [2003],World Superbikes,
11,Rider,Pierfrancesco Chili,36.56777035183135,0.5520192149838425,18/10/2003 13:00:00,0,Ducati 998 RS [2003],World Superbikes,
11,Rider,Pierfrancesco Chili,36.525338526464445,0.5526990928935314,27/02/2004 13:00:00,0,Ducati 998 RS [2004],World Superbikes,
11,Rider,Pierfrancesco Chili,36.48531298227123,0.5533994759345516,27/02/2004 13:00:00,1,Ducati 998 RS [2004],World Superbikes,
11,Rider,Pierfrancesco Chili,36.445375062609116,0.5541213741005644,28/02/2004 13:00:00,0,Ducati 998 RS [2004],World Superbikes,
11,Rider,Pierfrancesco Chili,36.407185895080424,0.5548642688168035,25/03/2004 13:00:00,0,Ducati 998 RS [2004],World Superbikes,
11,Rider,Pierfrancesco Chili,36.369193382085754,0.5556313125554764,26/03/2004 13:00:00,0,Ducati 998 RS [2004],World Superbikes,
11,Rider,Pierfrancesco Chili,36.33276197471051,0.5564219488721741,26/03/2004 13:00:00,1,Ducati 998 RS [2004],World Superbikes,
11,Rider,Pierfrancesco Chili,36.29719822377754,0.55723513507749,15/04/2004 13:00:00,0,Ducati 998 RS03 [2004],World Superbikes,
11,Rider,Pierfrancesco Chili,36.26199471227271,0.5580724086613108,16/04/2004 13:00:00,0,Ducati 998 RS03 [2004],World Superbikes,
11,Rider,Pierfrancesco Chili,36.22662072095278,0.5589312896742763,17/04/2004 13:00:00,0,Ducati 998 RS03 [2004],World Superbikes,
11,Rider,Pierfrancesco Chili,36.19106081366736,0.5598097352249304,13/05/2004 13:00:00,0,Ducati 998 RS03 [2004],World Superbikes,
11,Rider,Pierfrancesco Chili,36.154524961863736,0.5607017768241009,14/05/2004 13:00:00,0,Ducati 998 RS03 [2004],World Superbikes,
11,Rider,Pierfrancesco Chili,36.11757116078407,0.5616137594753764,15/05/2004 13:00:00,0,Ducati 998 RS03 [2004],World Superbikes,
11,Rider,Pierfrancesco Chili,36.08016255851964,0.5625459166291935,27/05/2004 13:00:00,0,Ducati 998 RS03 [2004],World Superbikes,
11,Rider,Pierfrancesco Chili,36.0413098273455,0.5634791479274398,28/05/2004 13:00:00,0,Ducati 998 RS03 [2004],World Superbikes,
11,Rider,Pierfrancesco Chili,36.001509984929164,0.5644279473183689,29/05/2004 13:00:00,0,Ducati 998 RS03 [2004],World Superbikes,
11,Rider,Pierfrancesco Chili,35.96162574895774,0.5654025539058242,11/06/2004 13:00:00,0,Ducati 998 RS03 [2004],World Superbikes,
11,Rider,Pierfrancesco Chili,35.92006700199419,0.5663804620601777,11/06/2004 13:00:00,1,Ducati 998 RS03 [2004],World Superbikes,
11,Rider,Pierfrancesco Chili,35.87676134941667,0.5673632551105512,12/06/2004 13:00:00,0,Ducati 998 RS03 [2004],World Superbikes,
11,Rider,Pierfrancesco Chili,35.83678817762736,0.5683645592759283,09/07/2004 13:00:00,0,Ducati 998 RS03 [2004],World Superbikes,
11,Rider,Pierfrancesco Chili,35.795880890841005,0.5693875047057584,10/07/2004 13:00:00,0,Ducati 998 RS03 [2004],World Superbikes,
11,Rider,Pierfrancesco Chili,35.753384876006166,0.5704163863523096,10/07/2004 13:00:00,1,Ducati 998 RS03 [2004],World Superbikes,
11,Rider,Pierfrancesco Chili,35.710742234285895,0.5714733606378788,30/07/2004 13:00:00,0,Ducati 998 RS03 [2004],World Superbikes,
11,Rider,Pierfrancesco Chili,35.66668778315421,0.5725371059338846,30/07/2004 13:00:00,1,Ducati 998 RS03 [2004],World Superbikes,
11,Rider,Pierfrancesco Chili,35.62209163385291,0.5736303576172437,31/07/2004 13:00:00,0,Ducati 998 RS03 [2004],World Superbikes,
11,Rider,Pierfrancesco Chili,35.57661883283376,0.5747477664210157,02/09/2004 13:00:00,0,Ducati 998 RS03 [2004],World Superbikes,
11,Rider,Pierfrancesco Chili,35.529731832410974,0.575872491893089,03/09/2004 13:00:00,0,Ducati 998 RS03 [2004],World Superbikes,
11,Rider,Pierfrancesco Chili,35.4812141354859,0.5770050068210709,04/09/2004 13:00:00,0,Ducati 998 RS03 [2004],World Superbikes,
11,Rider,Pierfrancesco Chili,35.43095065589219,0.578146839885898,23/09/2004 13:00:00,0,Ducati 998 RS03 [2004],World Superbikes,
11,Rider,Pierfrancesco Chili,35.38146299409293,0.5793265106745369,24/09/2004 13:00:00,0,Ducati 998 RS03 [2004],World Superbikes,
11,Rider,Pierfrancesco Chili,35.33260915190105,0.5805453361006782,25/09/2004 13:00:00,0,Ducati 998 RS03 [2004],World Superbikes,
11,Rider,Pierfrancesco Chili,35.28759034739116,0.581786106971157,30/09/2004 13:00:00,0,Ducati 998 RS03 [2004],World Superbikes,
11,Rider,Pierfrancesco Chili,35.24381605443087,0.5830670437636606,01/10/2004 13:00:00,0,Ducati 998 RS03 [2004],World Superbikes,
11,Rider,Pierfrancesco Chili,35.199269562480275,0.5843813027812219,02/10/2004 13:00:00,0,Ducati 998 RS03 [2004],World Superbikes,
11,Rider,Pierfrancesco Chili,35.155119565978666,0.5857334800678458,23/02/2005 13:00:00,0,Honda CBR 1000RR Fireblade [2005],World Superbikes,
11,Rider,Pierfrancesco Chili,35.11080514670512,0.5871278808148096,24/02/2005 13:00:00,0,Honda CBR 1000RR Fireblade [2005],World Superbikes,
11,Rider,Pierfrancesco Chili,35.06901544717964,0.5885626953328424,25/02/2005 13:00:00,0,Honda CBR 1000RR Fireblade [2005],World Superbikes,
11,Rider,Pierfrancesco Chili,35.02794767121252,0.5900387738650341,21/04/2005 13:00:00,0,Honda CBR 1000RR Fireblade [2005],World Superbikes,
11,Rider,Pierfrancesco Chili,34.98581371296216,0.5915529017376089,22/04/2005 13:00:00,0,Honda CBR 1000RR Fireblade [2005],World Superbikes,
11,Rider,Pierfrancesco Chili,34.94383492370973,0.5931136910288112,23/04/2005 13:00:00,0,Honda CBR 1000RR Fireblade [2005],World Superbikes,
11,Rider,Pierfrancesco Chili,34.90318989570808,0.5947161394270206,05/05/2005 13:00:00,0,Honda CBR 1000RR Fireblade [2005],World Superbikes,
11,Rider,Pierfrancesco Chili,34.86328243263569,0.5963665519018683,06/05/2005 13:00:00,0,Honda CBR 1000RR Fireblade [2005],World Superbikes,
11,Rider,Pierfrancesco Chili,34.82367899130966,0.5980637361361936,07/05/2005 13:00:00,0,Honda CBR 1000RR Fireblade [2005],World Superbikes,
11,Rider,Pierfrancesco Chili,34.78471951586387,0.5998049761992456,27/05/2005 13:00:00,0,Honda CBR 1000RR Fireblade [2005],World Superbikes,
11,Rider,Pierfrancesco Chili,34.745035991015335,0.6015916330042128,27/05/2005 13:00:00,1,Honda CBR 1000RR Fireblade [2005],World Superbikes,
11,Rider,Pierfrancesco Chili,34.70698713275901,0.6034301276558843,28/05/2005 13:00:00,0,Honda CBR 1000RR Fireblade [2005],World Superbikes,
11,Rider,Pierfrancesco Chili,34.67053233173513,0.6053119739913977,23/06/2005 13:00:00,0,Honda CBR 1000RR Fireblade [2005],World Superbikes,
11,Rider,Pierfrancesco Chili,34.6337043881284,0.6072437089437311,24/06/2005 13:00:00,0,Honda CBR 1000RR Fireblade [2005],World Superbikes,
11,Rider,Pierfrancesco Chili,34.597422197941164,0.6092305301431753,25/06/2005 13:00:00,0,Honda CBR 1000RR Fireblade [2005],World Superbikes,
11,Rider,Pierfrancesco Chili,34.56084614242223,0.6112661758355363,14/07/2005 13:00:00,0,Honda CBR 1000RR Fireblade [2005],World Superbikes,
11,Rider,Pierfrancesco Chili,34.52501278716611,0.6133590030997523,15/07/2005 13:00:00,0,Honda CBR 1000RR Fireblade [2005],World Superbikes,
11,Rider,Pierfrancesco Chili,34.489847090142305,0.6155099274924121,05/08/2005 13:00:00,0,Honda CBR 1000RR Fireblade [2005],World Superbikes,
11,Rider,Pierfrancesco Chili,34.45470820097687,0.6177174058695499,05/08/2005 13:00:00,1,Honda CBR 1000RR Fireblade [2005],World Superbikes,
11,Rider,Pierfrancesco Chili,34.42288447507331,0.6199762514324758,01/09/2005 13:00:00,0,Honda CBR 1000RR Fireblade [2005],World Superbikes,
11,Rider,Pierfrancesco Chili,34.39314530550815,0.6222953337149414,02/09/2005 13:00:00,0,Honda CBR 1000RR Fireblade [2005],World Superbikes,
11,Rider,Pierfrancesco Chili,34.3643407797459,0.6246751386556592,03/09/2005 13:00:00,0,Honda CBR 1000RR Fireblade [2005],World Superbikes,
11,Rider,Pierfrancesco Chili,34.33614024158959,0.6271112556208494,08/09/2005 13:00:00,0,Honda CBR 1000RR Fireblade [2005],World Superbikes,
11,Rider,Pierfrancesco Chili,34.307469214660756,0.6296061961831959,09/09/2005 13:00:00,0,Honda CBR 1000RR Fireblade [2005],World Superbikes,
11,Rider,Pierfrancesco Chili,34.279108251518394,0.6321633373382988,10/09/2005 13:00:00,0,Honda CBR 1000RR Fireblade [2005],World Superbikes,
11,Rider,Pierfrancesco Chili,34.25194567091999,0.6347754308545471,29/09/2005 13:00:00,0,Honda CBR 1000RR Fireblade [2005],World Superbikes,
11,Rider,Pierfrancesco Chili,34.22398469652851,0.6374504323913018,30/09/2005 13:00:00,0,Honda CBR 1000RR Fireblade [2005],World Superbikes,
11,Rider,Pierfrancesco Chili,34.19652898219219,0.6401921161209577,01/10/2005 13:00:00,0,Honda CBR 1000RR Fireblade [2005],World Superbikes,
11,Rider,Pierfrancesco Chili,34.17069842387661,0.6429926165693737,06/10/2005 13:00:00,0,Honda CBR 1000RR Fireblade [2005],World Superbikes,
11,Rider,Pierfrancesco Chili,34.14659712974777,0.6458610349557129,07/10/2005 13:00:00,0,Honda CBR 1000RR Fireblade [2005],World Superbikes,
11,Rider,Pierfrancesco Chili,34.12239640401218,0.648797842944309,08/10/2005 13:00:00,0,Honda CBR 1000RR Fireblade [2005],World Superbikes,
11,Rider,Pierfrancesco Chili,34.099928838031445,0.6517967296472735,22/02/2006 13:00:00,0,Honda CBR 1000RR Fireblade [2006],World Superbikes,
11,Rider,Pierfrancesco Chili,34.077323560896225,0.6548695662020567,23/02/2006 13:00:00,0,Honda CBR 1000RR Fireblade [2006],World Superbikes,
11,Rider,Pierfrancesco Chili,34.05421713659182,0.658016123681089,24/02/2006 13:00:00,0,Honda CBR 1000RR Fireblade [2006],World Superbikes,
11,Rider,Pierfrancesco Chili,34.03232586660058,0.661226284106655,02/03/2006 13:00:00,0,Honda CBR 1000RR Fireblade [2006],World Superbikes,
11,Rider,Pierfrancesco Chili,34.00981832568167,0.6645126416333066,03/03/2006 13:00:00,0,Honda CBR 1000RR Fireblade [2006],World Superbikes,
11,Rider,Pierfrancesco Chili,33.987336923659356,0.6678776708716037,03/03/2006 13:00:00,1,Honda CBR 1000RR Fireblade [2006],World Superbikes,
11,Rider,Pierfrancesco Chili,33.965002472978526,0.6713159989897706,22/06/2006 13:00:00,0,Honda CBR 1000RR Fireblade [2006],World Superbikes,
11,Rider,Pierfrancesco Chili,33.94546376532311,0.6748270505910198,23/06/2006 13:00:00,0,Honda CBR 1000RR Fireblade [2006],World Superbikes,
11,Rider,Pierfrancesco Chili,33.92770434509937,0.6784173557578029,20/07/2006 13:00:00,0,Honda CBR 1000RR Fireblade [2006],World Superbikes,
11,Rider,Pierfrancesco Chili,33.91038761490431,0.6820892445632317,21/07/2006 13:00:00,0,Honda CBR 1000RR Fireblade [2006],World Superbikes,
11,Rider,Pierfrancesco Chili,33.89336876876987,0.6858450731587341,22/07/2006 13:00:00,0,Honda CBR 1000RR Fireblade [2006],World Superbikes,
11,Rider,Pierfrancesco Chili,33.878273547377454,0.6896554047264236,04/08/2006 13:00:00,0,Honda CBR 1000RR Fireblade [2006],World Superbikes,
11,Rider,Pierfrancesco Chili,33.86513564050044,0.693548476286038,04/08/2006 13:00:00,1,Honda CBR 1000RR Fireblade [2006],World Superbikes,
11,Rider,Pierfrancesco Chili,33.8522873481072,0.6975287797731187,05/08/2006 13:00:00,0,Honda CBR 1000RR Fireblade [2006],World Superbikes,
11,Rider,Pierfrancesco Chili,33.841380835674656,0.7015647337618857,31/08/2006 13:00:00,0,Honda CBR 1000RR Fireblade [2006],World Superbikes,
11,Rider,Pierfrancesco Chili,33.83073404293523,0.7056909914388431,01/09/2006 13:00:00,0,Honda CBR 1000RR Fireblade [2006],World Superbikes,
11,Rider,Pierfrancesco Chili,33.821080272812004,0.7099081823156752,07/09/2006 13:00:00,0,Honda CBR 1000RR Fireblade [2006],World Superbikes,
11,Rider,Pierfrancesco Chili,33.81280901306732,0.7142179649928218,08/09/2006 13:00:00,0,Honda CBR 1000RR Fireblade [2006],World Superbikes,
11,Rider,Pierfrancesco Chili,33.806507507991796,0.718619842331876,28/09/2006 13:00:00,0,Honda CBR 1000RR Fireblade [2006],World Superbikes,
11,Rider,Pierfrancesco Chili,33.802804228263255,0.7231113731695624,29/09/2006 13:00:00,0,Honda CBR 1000RR Fireblade [2006],World Superbikes,
11,Rider,Pierfrancesco Chili,33.80116087451017,0.7276972652365284,05/10/2006 13:00:00,0,Honda CBR 1000RR Fireblade [2006],World Superbikes,
12,Rider,Colin Edwards,41.0560241112868,0.7506355333239921,21/03/1998 13:00:00,0,Honda RVF 750 / RC45 [1998],World Superbikes,
12,Rider,Colin Edwards,41.05860968521723,0.7461979164037909,21/03/1998 13:00:00,1,Honda RVF 750 / RC45 [1998],World Superbikes,
12,Rider,Colin Edwards,41.06270868215433,0.7418592639857448,21/03/1998 13:00:00,2,Honda RVF 750 / RC45 [1998],World Superbikes,
12,Rider,Colin Edwards,41.06775646255266,0.7376123115219437,12/04/1998 13:00:00,0,Honda RVF 750 / RC45 [1998],World Superbikes,
12,Rider,Colin Edwards,41.07187344371886,0.733444519265501,12/04/1998 13:00:00,1,Honda RVF 750 / RC45 [1998],World Superbikes,
12,Rider,Colin Edwards,41.07628935797276,0.7293717435956613,09/05/1998 13:00:00,0,Honda RVF 750 / RC45 [1998],World Superbikes,
12,Rider,Colin Edwards,41.0799997350823,0.7253752773833143,09/05/1998 13:00:00,1,Honda RVF 750 / RC45 [1998],World Superbikes,
12,Rider,Colin Edwards,41.082245323644614,0.7214336162816112,09/05/1998 13:00:00,2,Honda RVF 750 / RC45 [1998],World Superbikes,
12,Rider,Colin Edwards,41.0841678445353,0.7175696518842689,23/05/1998 13:00:00,0,Honda RVF 750 / RC45 [1998],World Superbikes,
12,Rider,Colin Edwards,41.088224505579994,0.7137911462016815,23/05/1998 13:00:00,1,Honda RVF 750 / RC45 [1998],World Superbikes,
12,Rider,Colin Edwards,41.09235682158941,0.7100950232129838,06/06/1998 13:00:00,0,Honda RVF 750 / RC45 [1998],World Superbikes,
12,Rider,Colin Edwards,41.097122610436664,0.7064860163084198,06/06/1998 13:00:00,1,Honda RVF 750 / RC45 [1998],World Superbikes,
12,Rider,Colin Edwards,41.10125222431169,0.7029462950002026,06/06/1998 13:00:00,2,Honda RVF 750 / RC45 [1998],World Superbikes,
12,Rider,Colin Edwards,41.10476259025924,0.6994722465210004,20/06/1998 13:00:00,0,Honda RVF 750 / RC45 [1998],World Superbikes,
12,Rider,Colin Edwards,41.109142626233115,0.6960788039046815,20/06/1998 13:00:00,1,Honda RVF 750 / RC45 [1998],World Superbikes,
12,Rider,Colin Edwards,41.11379708012306,0.6927602398123949,20/06/1998 13:00:00,2,Honda RVF 750 / RC45 [1998],World Superbikes,
12,Rider,Colin Edwards,41.119222163696904,0.6895165268237031,04/07/1998 13:00:00,0,Honda RVF 750 / RC45 [1998],World Superbikes,
12,Rider,Colin Edwards,41.12392005567934,0.6863332992477592,04/07/1998 13:00:00,1,Honda RVF 750 / RC45 [1998],World Superbikes,
12,Rider,Colin Edwards,41.1278230766808,0.683210251814588,04/07/1998 13:00:00,2,Honda RVF 750 / RC45 [1998],World Superbikes,
12,Rider,Colin Edwards,41.13261748371618,0.6801614318696133,11/07/1998 13:00:00,0,Honda RVF 750 / RC45 [1998],World Superbikes,
12,Rider,Colin Edwards,41.13726166427638,0.6771863122052555,11/07/1998 13:00:00,1,Honda RVF 750 / RC45 [1998],World Superbikes,
12,Rider,Colin Edwards,41.141078769618034,0.6742783776846618,01/08/1998 13:00:00,0,Honda RVF 750 / RC45 [1998],World Superbikes,
12,Rider,Colin Edwards,41.14544142152321,0.6714464908620789,01/08/1998 13:00:00,1,Honda RVF 750 / RC45 [1998],World Superbikes,
12,Rider,Colin Edwards,41.14817729518978,0.6686567208847325,01/08/1998 13:00:00,2,Honda RVF 750 / RC45 [1998],World Superbikes,
12,Rider,Colin Edwards,41.15060563898185,0.6659308619517039,29/08/1998 13:00:00,0,Honda RVF 750 / RC45 [1998],World Superbikes,
12,Rider,Colin Edwards,41.15473257771481,0.6632780885168721,29/08/1998 13:00:00,1,Honda RVF 750 / RC45 [1998],World Superbikes,
12,Rider,Colin Edwards,41.15807163479261,0.6606821139389021,29/08/1998 13:00:00,2,Honda RVF 750 / RC45 [1998],World Superbikes,
12,Rider,Colin Edwards,41.163208445470985,0.6581536474936671,05/09/1998 13:00:00,0,Honda RVF 750 / RC45 [1998],World Superbikes,
12,Rider,Colin Edwards,41.171140947870114,0.6556892736156078,05/09/1998 13:00:00,1,Honda RVF 750 / RC45 [1998],World Superbikes,
12,Rider,Colin Edwards,41.17891432140786,0.6532806443621852,05/09/1998 13:00:00,2,Honda RVF 750 / RC45 [1998],World Superbikes,
12,Rider,Colin Edwards,41.18794736431234,0.6509371254165137,03/10/1998 13:00:00,0,Honda RVF 750 / RC45 [1998],World Superbikes,
12,Rider,Colin Edwards,41.19862769756548,0.6486643317500834,03/10/1998 13:00:00,1,Honda RVF 750 / RC45 [1998],World Superbikes,
12,Rider,Colin Edwards,41.210391207184365,0.6464610136644868,03/10/1998 13:00:00,2,Honda RVF 750 / RC45 [1998],World Superbikes,
12,Rider,Colin Edwards,41.22504579468477,0.6443148344513624,27/03/1999 13:00:00,0,Honda RVF 750 / RC45 [1999],World Superbikes,
12,Rider,Colin Edwards,41.24038004891,0.6422252641712168,27/03/1999 13:00:00,1,Honda RVF 750 / RC45 [1999],World Superbikes,
12,Rider,Colin Edwards,41.25541858981609,0.6401851297202834,27/03/1999 13:00:00,2,Honda RVF 750 / RC45 [1999],World Superbikes,
12,Rider,Colin Edwards,41.271595183790986,0.6382022140879142,17/04/1999 13:00:00,0,Honda RVF 750 / RC45 [1999],World Superbikes,
12,Rider,Colin Edwards,41.28760017204433,0.6362686174197453,17/04/1999 13:00:00,1,Honda RVF 750 / RC45 [1999],World Superbikes,
12,Rider,Colin Edwards,41.30284707281073,0.634377703167708,17/04/1999 13:00:00,2,Honda RVF 750 / RC45 [1999],World Superbikes,
12,Rider,Colin Edwards,41.318388344331886,0.6325376428161302,01/05/1999 13:00:00,0,Honda RVF 750 / RC45 [1999],World Superbikes,
12,Rider,Colin Edwards,41.3341078595622,0.6307574239484809,01/05/1999 13:00:00,1,Honda RVF 750 / RC45 [1999],World Superbikes,
12,Rider,Colin Edwards,41.35002502494226,0.6290348216238841,01/05/1999 13:00:00,2,Honda RVF 750 / RC45 [1999],World Superbikes,
12,Rider,Colin Edwards,41.36741111056193,0.6273711077283799,15/05/1999 13:00:00,0,Honda RVF 750 / RC45 [1999],World Superbikes,
12,Rider,Colin Edwards,41.384905014340184,0.6257602660572348,15/05/1999 13:00:00,1,Honda RVF 750 / RC45 [1999],World Superbikes,
12,Rider,Colin Edwards,41.40090768942015,0.6241711851828646,15/05/1999 13:00:00,2,Honda RVF 750 / RC45 [1999],World Superbikes,
12,Rider,Colin Edwards,41.41640701682409,0.622620185040558,29/05/1999 13:00:00,0,Honda RVF 750 / RC45 [1999],World Superbikes,
12,Rider,Colin Edwards,41.43033388607523,0.6210909238603127,29/05/1999 13:00:00,1,Honda RVF 750 / RC45 [1999],World Superbikes,
12,Rider,Colin Edwards,41.44286341029742,0.6195843189614891,29/05/1999 13:00:00,2,Honda RVF 750 / RC45 [1999],World Superbikes,
12,Rider,Colin Edwards,41.45398093409017,0.6180959381432792,12/06/1999 13:00:00,0,Honda RVF 750 / RC45 [1999],World Superbikes,
12,Rider,Colin Edwards,41.464871325656866,0.6166491829212211,12/06/1999 13:00:00,1,Honda RVF 750 / RC45 [1999],World Superbikes,
12,Rider,Colin Edwards,41.475168861673716,0.6152420277600423,12/06/1999 13:00:00,2,Honda RVF 750 / RC45 [1999],World Superbikes,
12,Rider,Colin Edwards,41.484728181125384,0.6138709168738978,26/06/1999 13:00:00,0,Honda RVF 750 / RC45 [1999],World Superbikes,
12,Rider,Colin Edwards,41.49450930495813,0.6125420903605863,26/06/1999 13:00:00,1,Honda RVF 750 / RC45 [1999],World Superbikes,
12,Rider,Colin Edwards,41.50502965174736,0.6112575821782451,26/06/1999 13:00:00,2,Honda RVF 750 / RC45 [1999],World Superbikes,
12,Rider,Colin Edwards,41.51681106920456,0.6100179058611641,10/07/1999 13:00:00,0,Honda RVF 750 / RC45 [1999],World Superbikes,
12,Rider,Colin Edwards,41.52939656455722,0.6088265083421969,10/07/1999 13:00:00,1,Honda RVF 750 / RC45 [1999],World Superbikes,
12,Rider,Colin Edwards,41.541920251240214,0.6076813646462411,10/07/1999 13:00:00,2,Honda RVF 750 / RC45 [1999],World Superbikes,
12,Rider,Colin Edwards,41.55549852259485,0.6065859160606708,31/07/1999 13:00:00,0,Honda RVF 750 / RC45 [1999],World Superbikes,
12,Rider,Colin Edwards,41.56939430098799,0.6055382873971702,31/07/1999 13:00:00,1,Honda RVF 750 / RC45 [1999],World Superbikes,
12,Rider,Colin Edwards,41.58378190813292,0.6045390189095865,31/07/1999 13:00:00,2,Honda RVF 750 / RC45 [1999],World Superbikes,
12,Rider,Colin Edwards,41.59744955714055,0.6035735837113647,28/08/1999 13:00:00,0,Honda RVF 750 / RC45 [1999],World Superbikes,
12,Rider,Colin Edwards,41.6099348908064,0.6026191121932196,28/08/1999 13:00:00,1,Honda RVF 750 / RC45 [1999],World Superbikes,
12,Rider,Colin Edwards,41.621925108851286,0.6016921803255152,28/08/1999 13:00:00,2,Honda RVF 750 / RC45 [1999],World Superbikes,
12,Rider,Colin Edwards,41.63263747322802,0.6007743781940568,04/09/1999 13:00:00,0,Honda RVF 750 / RC45 [1999],World Superbikes,
12,Rider,Colin Edwards,41.64401973812763,0.5998976098731493,04/09/1999 13:00:00,1,Honda RVF 750 / RC45 [1999],World Superbikes,
12,Rider,Colin Edwards,41.656058064960945,0.5990613561202477,04/09/1999 13:00:00,2,Honda RVF 750 / RC45 [1999],World Superbikes,
12,Rider,Colin Edwards,41.66788366755301,0.5982575677883626,11/09/1999 13:00:00,0,Honda RVF 750 / RC45 [1999],World Superbikes,
12,Rider,Colin Edwards,41.67944743875552,0.5974869197379116,11/09/1999 13:00:00,1,Honda RVF 750 / RC45 [1999],World Superbikes,
12,Rider,Colin Edwards,41.69151335313935,0.5967583323429254,11/09/1999 13:00:00,2,Honda RVF 750 / RC45 [1999],World Superbikes,
12,Rider,Colin Edwards,41.70442529828929,0.5960711487758538,09/10/1999 13:00:00,0,Honda RVF 750 / RC45 [1999],World Superbikes,
12,Rider,Colin Edwards,41.71900592421449,0.5954332392915094,09/10/1999 13:00:00,1,Honda RVF 750 / RC45 [1999],World Superbikes,
12,Rider,Colin Edwards,41.73347938371385,0.5948367384752334,09/10/1999 13:00:00,2,Honda RVF 750 / RC45 [1999],World Superbikes,
12,Rider,Colin Edwards,41.74968781046095,0.594283522584984,01/04/2000 13:00:00,0,Honda VTR 1000 SP [2000],World Superbikes,
12,Rider,Colin Edwards,41.76457606044903,0.5937400228924183,01/04/2000 13:00:00,1,Honda VTR 1000 SP [2000],World Superbikes,
12,Rider,Colin Edwards,41.77821952373667,0.5932056238017378,01/04/2000 13:00:00,2,Honda VTR 1000 SP [2000],World Superbikes,
12,Rider,Colin Edwards,41.79126862434911,0.5926970331181889,22/04/2000 13:00:00,0,Honda VTR 1000 SP [2000],World Superbikes,
12,Rider,Colin Edwards,41.80295514223881,0.5921973571270396,22/04/2000 13:00:00,1,Honda VTR 1000 SP [2000],World Superbikes,
12,Rider,Colin Edwards,41.81404353854943,0.5917252925435195,22/04/2000 13:00:00,2,Honda VTR 1000 SP [2000],World Superbikes,
12,Rider,Colin Edwards,41.825243382773316,0.5912870368410833,29/04/2000 13:00:00,0,Honda VTR 1000 SP [2000],World Superbikes,
12,Rider,Colin Edwards,41.837155599488156,0.5908940520311589,29/04/2000 13:00:00,1,Honda VTR 1000 SP [2000],World Superbikes,
12,Rider,Colin Edwards,41.84944973734204,0.5905453913404372,29/04/2000 13:00:00,2,Honda VTR 1000 SP [2000],World Superbikes,
12,Rider,Colin Edwards,41.860230531729314,0.5902111734306313,13/05/2000 13:00:00,0,Honda VTR 1000 SP [2000],World Superbikes,
12,Rider,Colin Edwards,41.871344921406134,0.5899206165305625,13/05/2000 13:00:00,1,Honda VTR 1000 SP [2000],World Superbikes,
12,Rider,Colin Edwards,41.88221588814483,0.5896693776686333,13/05/2000 13:00:00,2,Honda VTR 1000 SP [2000],World Superbikes,
12,Rider,Colin Edwards,41.89171972696577,0.5894294713026496,20/05/2000 13:00:00,0,Honda VTR 1000 SP [2000],World Superbikes,
12,Rider,Colin Edwards,41.899968080614705,0.5891979292235872,20/05/2000 13:00:00,1,Honda VTR 1000 SP [2000],World Superbikes,
12,Rider,Colin Edwards,41.90691392853663,0.5889751668477544,20/05/2000 13:00:00,2,Honda VTR 1000 SP [2000],World Superbikes,
12,Rider,Colin Edwards,41.91250081302432,0.5887600668981261,03/06/2000 13:00:00,0,Honda VTR 1000 SP [2000],World Superbikes,
12,Rider,Colin Edwards,41.91667720647594,0.5885561046106147,03/06/2000 13:00:00,1,Honda VTR 1000 SP [2000],World Superbikes,
12,Rider,Colin Edwards,41.91937755482742,0.5883636392483264,03/06/2000 13:00:00,2,Honda VTR 1000 SP [2000],World Superbikes,
12,Rider,Colin Edwards,41.92071170811108,0.5881796853670693,17/06/2000 13:00:00,0,Honda VTR 1000 SP [2000],World Superbikes,
12,Rider,Colin Edwards,41.92318245729122,0.5880385878293223,17/06/2000 13:00:00,1,Honda VTR 1000 SP [2000],World Superbikes,
12,Rider,Colin Edwards,41.92523569160119,0.5879237766273872,24/06/2000 13:00:00,0,Honda VTR 1000 SP [2000],World Superbikes,
12,Rider,Colin Edwards,41.92815775581746,0.5878504746837747,24/06/2000 13:00:00,1,Honda VTR 1000 SP [2000],World Superbikes,
12,Rider,Colin Edwards,41.929844816208394,0.5877830594841884,24/06/2000 13:00:00,2,Honda VTR 1000 SP [2000],World Superbikes,
12,Rider,Colin Edwards,41.93238209402666,0.5877571929196652,08/07/2000 13:00:00,0,Honda VTR 1000 SP [2000],World Superbikes,
12,Rider,Colin Edwards,41.934838966908174,0.5877671577914224,08/07/2000 13:00:00,1,Honda VTR 1000 SP [2000],World Superbikes,
12,Rider,Colin Edwards,41.93687681269439,0.5878101391608853,08/07/2000 13:00:00,2,Honda VTR 1000 SP [2000],World Superbikes,
12,Rider,Colin Edwards,41.93839675194533,0.5878796665828901,05/08/2000 13:00:00,0,Honda VTR 1000 SP [2000],World Superbikes,
12,Rider,Colin Edwards,41.940067058581164,0.5879906954013059,05/08/2000 13:00:00,1,Honda VTR 1000 SP [2000],World Superbikes,
12,Rider,Colin Edwards,41.94133953460004,0.5881389568810738,05/08/2000 13:00:00,2,Honda VTR 1000 SP [2000],World Superbikes,
12,Rider,Colin Edwards,41.94193938912205,0.5883179673843398,02/09/2000 13:00:00,0,Honda VTR 1000 SP [2000],World Superbikes,
12,Rider,Colin Edwards,41.94307545870144,0.5885366292593425,02/09/2000 13:00:00,1,Honda VTR 1000 SP [2000],World Superbikes,
12,Rider,Colin Edwards,41.94407113028498,0.5887902998902454,02/09/2000 13:00:00,2,Honda VTR 1000 SP [2000],World Superbikes,
12,Rider,Colin Edwards,41.94371525185368,0.5890526833070435,09/09/2000 13:00:00,0,Honda VTR 1000 SP [2000],World Superbikes,
12,Rider,Colin Edwards,41.94310404113781,0.5893495407060964,09/09/2000 13:00:00,1,Honda VTR 1000 SP [2000],World Superbikes,
12,Rider,Colin Edwards,41.94187659632019,0.5896734549384026,09/09/2000 13:00:00,2,Honda VTR 1000 SP [2000],World Superbikes,
12,Rider,Colin Edwards,41.93937878379932,0.5900038711010055,14/10/2000 13:00:00,0,Honda VTR 1000 SP [2000],World Superbikes,
12,Rider,Colin Edwards,41.93688533223893,0.5903756011178511,14/10/2000 13:00:00,1,Honda VTR 1000 SP [2000],World Superbikes,
12,Rider,Colin Edwards,41.93372581855371,0.590777931724407,14/10/2000 13:00:00,2,Honda VTR 1000 SP [2000],World Superbikes,
12,Rider,Colin Edwards,41.93038606946157,0.5912184717029818,09/03/2001 13:00:00,0,Honda VTR 1000 SP [2001],World Superbikes,
12,Rider,Colin Edwards,41.92819980007434,0.5917051557286123,09/03/2001 13:00:00,1,Honda VTR 1000 SP [2001],World Superbikes,
12,Rider,Colin Edwards,41.92620745845013,0.5922342038752826,10/03/2001 13:00:00,0,Honda VTR 1000 SP [2001],World Superbikes,
12,Rider,Colin Edwards,41.92375534616339,0.5928002956729912,29/03/2001 13:00:00,0,Honda VTR 1000 SP [2001],World Superbikes,
12,Rider,Colin Edwards,41.92094715247107,0.5934064516236944,30/03/2001 13:00:00,0,Honda VTR 1000 SP [2001],World Superbikes,
12,Rider,Colin Edwards,41.91765193629584,0.5940506620796129,31/03/2001 13:00:00,0,Honda VTR 1000 SP [2001],World Superbikes,
12,Rider,Colin Edwards,41.91380892705163,0.594731726685581,19/04/2001 13:00:00,0,Honda VTR 1000 SP [2001],World Superbikes,
12,Rider,Colin Edwards,41.91018222159416,0.5954565065093377,20/04/2001 13:00:00,0,Honda VTR 1000 SP [2001],World Superbikes,
12,Rider,Colin Edwards,41.90617111894973,0.5962189703484937,20/04/2001 13:00:00,1,Honda VTR 1000 SP [2001],World Superbikes,
12,Rider,Colin Edwards,41.90173131583361,0.5970190418395627,26/04/2001 13:00:00,0,Honda VTR 1000 SP2 [2001],World Superbikes,
12,Rider,Colin Edwards,41.896902145802585,0.5978437246112259,27/04/2001 13:00:00,0,Honda VTR 1000 SP2 [2001],World Superbikes,
12,Rider,Colin Edwards,41.89163714141697,0.5986933771477612,27/04/2001 13:00:00,1,Honda VTR 1000 SP2 [2001],World Superbikes,
12,Rider,Colin Edwards,41.88696312745638,0.5995678129134456,10/05/2001 13:00:00,0,Honda VTR 1000 SP [2001],World Superbikes,
12,Rider,Colin Edwards,41.882672475484036,0.6004867146343584,11/05/2001 13:00:00,0,Honda VTR 1000 SP [2001],World Superbikes,
12,Rider,Colin Edwards,41.87786146162984,0.6014475922019171,12/05/2001 13:00:00,0,Honda VTR 1000 SP [2001],World Superbikes,
12,Rider,Colin Edwards,41.87333469399493,0.6024540074414184,25/05/2001 13:00:00,0,Honda VTR 1000 SP [2001],World Superbikes,
12,Rider,Colin Edwards,41.86987762625975,0.6035117312624463,25/05/2001 13:00:00,1,Honda VTR 1000 SP [2001],World Superbikes,
12,Rider,Colin Edwards,41.86748625034049,0.6046218390432603,26/05/2001 13:00:00,0,Honda VTR 1000 SP [2001],World Superbikes,
12,Rider,Colin Edwards,41.8647881763254,0.6057776477860405,07/06/2001 13:00:00,0,Honda VTR 1000 SP [2001],World Superbikes,
12,Rider,Colin Edwards,41.86359475443419,0.6069876667296604,08/06/2001 13:00:00,0,Honda VTR 1000 SP [2001],World Superbikes,
12,Rider,Colin Edwards,41.86288447193174,0.6082494198011287,09/06/2001 13:00:00,0,Honda VTR 1000 SP [2001],World Superbikes,
12,Rider,Colin Edwards,41.86178204328266,0.6095546659966451,21/06/2001 13:00:00,0,Honda VTR 1000 SP [2001],World Superbikes,
12,Rider,Colin Edwards,41.860657307449465,0.6109070420990315,22/06/2001 13:00:00,0,Honda VTR 1000 SP [2001],World Superbikes,
12,Rider,Colin Edwards,41.86023273297342,0.6123132477112123,23/06/2001 13:00:00,0,Honda VTR 1000 SP [2001],World Superbikes,
12,Rider,Colin Edwards,41.85938118335523,0.6137639873633765,06/07/2001 13:00:00,0,Honda VTR 1000 SP [2001],World Superbikes,
12,Rider,Colin Edwards,41.858196518077094,0.6152660672047461,07/07/2001 13:00:00,0,Honda VTR 1000 SP [2001],World Superbikes,
12,Rider,Colin Edwards,41.8577613997756,0.6168244891096206,07/07/2001 13:00:00,1,Honda VTR 1000 SP [2001],World Superbikes,
12,Rider,Colin Edwards,41.857659026938116,0.618436574037329,27/07/2001 13:00:00,0,Honda VTR 1000 SP [2001],World Superbikes,
12,Rider,Colin Edwards,41.85827861956213,0.6201073898613996,27/07/2001 13:00:00,1,Honda VTR 1000 SP [2001],World Superbikes,
12,Rider,Colin Edwards,41.85714123473055,0.6218083561997603,28/07/2001 13:00:00,0,Honda VTR 1000 SP [2001],World Superbikes,
12,Rider,Colin Edwards,41.85578313591019,0.6235634104287942,30/08/2001 13:00:00,0,Honda VTR 1000 SP [2001],World Superbikes,
12,Rider,Colin Edwards,41.85460485890841,0.6253737016069365,31/08/2001 13:00:00,0,Honda VTR 1000 SP [2001],World Superbikes,
12,Rider,Colin Edwards,41.85364189595339,0.6272409302347304,01/09/2001 13:00:00,0,Honda VTR 1000 SP [2001],World Superbikes,
12,Rider,Colin Edwards,41.85248846810805,0.6291626864431882,06/09/2001 13:00:00,0,Honda VTR 1000 SP [2001],World Superbikes,
12,Rider,Colin Edwards,41.85248286789205,0.6311466881827827,07/09/2001 13:00:00,0,Honda VTR 1000 SP [2001],World Superbikes,
12,Rider,Colin Edwards,41.85330179400138,0.6331912224121062,08/09/2001 13:00:00,0,Honda VTR 1000 SP [2001],World Superbikes,
12,Rider,Colin Edwards,41.85522123086557,0.6352976461448467,27/09/2001 13:00:00,0,Honda VTR 1000 SP [2001],World Superbikes,
12,Rider,Colin Edwards,41.85666577137938,0.6374603384556449,28/09/2001 13:00:00,0,Honda VTR 1000 SP [2001],World Superbikes,
12,Rider,Colin Edwards,41.858493442000274,0.6396847130770915,29/09/2001 13:00:00,0,Honda VTR 1000 SP [2001],World Superbikes,
12,Rider,Colin Edwards,41.860294899900346,0.6419663399340739,08/03/2002 13:00:00,0,Honda VTR 1000 SP2 [2002],World Superbikes,
12,Rider,Colin Edwards,41.863024007186944,0.6443045726727717,08/03/2002 13:00:00,1,Honda VTR 1000 SP2 [2002],World Superbikes,
12,Rider,Colin Edwards,41.86574811976715,0.6466892463736406,09/03/2002 13:00:00,0,Honda VTR 1000 SP2 [2002],World Superbikes,
12,Rider,Colin Edwards,41.86905297578858,0.6491258547400196,21/03/2002 13:00:00,0,Honda VTR 1000 SP2 [2002],World Superbikes,
12,Rider,Colin Edwards,41.872321585130635,0.6516066087363682,22/03/2002 13:00:00,0,Honda VTR 1000 SP2 [2002],World Superbikes,
12,Rider,Colin Edwards,41.874700370076056,0.6541068506600666,22/03/2002 13:00:00,1,Honda VTR 1000 SP2 [2002],World Superbikes,
12,Rider,Colin Edwards,41.876030699327174,0.6566298030324917,04/04/2002 13:00:00,0,Honda VTR 1000 SP2 [2002],World Superbikes,
12,Rider,Colin Edwards,41.87726248778264,0.6591983877224008,05/04/2002 13:00:00,0,Honda VTR 1000 SP2 [2002],World Superbikes,
12,Rider,Colin Edwards,41.879118867645225,0.6618225429157085,06/04/2002 13:00:00,0,Honda VTR 1000 SP2 [2002],World Superbikes,
12,Rider,Colin Edwards,41.87998249023422,0.6644690262344582,18/04/2002 13:00:00,0,Honda VTR 1000 SP2 [2002],World Superbikes,
12,Rider,Colin Edwards,41.88069166789325,0.6671749303649639,19/04/2002 13:00:00,0,Honda VTR 1000 SP2 [2002],World Superbikes,
12,Rider,Colin Edwards,41.88124837552809,0.669939450447555,19/04/2002 13:00:00,1,Honda VTR 1000 SP2 [2002],World Superbikes,
12,Rider,Colin Edwards,41.88284176687427,0.6727764095880308,09/05/2002 13:00:00,0,Honda VTR 1000 SP2 [2002],World Superbikes,
12,Rider,Colin Edwards,41.88437393248007,0.6756685363495218,10/05/2002 13:00:00,0,Honda VTR 1000 SP2 [2002],World Superbikes,
12,Rider,Colin Edwards,41.884961694915106,0.6785859049047782,11/05/2002 13:00:00,0,Honda VTR 1000 SP2 [2002],World Superbikes,
12,Rider,Colin Edwards,41.885588924229964,0.6815581865553444,24/05/2002 13:00:00,0,Honda VTR 1000 SP2 [2002],World Superbikes,
12,Rider,Colin Edwards,41.886202976396184,0.6845920249399033,24/05/2002 13:00:00,1,Honda VTR 1000 SP2 [2002],World Superbikes,
12,Rider,Colin Edwards,41.885643311127,0.6876623495398921,25/05/2002 13:00:00,0,Honda VTR 1000 SP2 [2002],World Superbikes,
12,Rider,Colin Edwards,41.884781236444496,0.6907917544450786,06/06/2002 13:00:00,0,Honda VTR 1000 SP2 [2002],World Superbikes,
12,Rider,Colin Edwards,41.88672383279312,0.6940034524842306,07/06/2002 13:00:00,0,Honda VTR 1000 SP2 [2002],World Superbikes,
12,Rider,Colin Edwards,41.88913029801784,0.6972825924255147,08/06/2002 13:00:00,0,Honda VTR 1000 SP2 [2002],World Superbikes,
12,Rider,Colin Edwards,41.892002508128314,0.7006316339272923,20/06/2002 13:00:00,0,Honda VTR 1000 SP2 [2002],World Superbikes,
12,Rider,Colin Edwards,41.895427309447285,0.7040504454950214,21/06/2002 13:00:00,0,Honda VTR 1000 SP2 [2002],World Superbikes,
12,Rider,Colin Edwards,41.89870378926293,0.7075306650492451,22/06/2002 13:00:00,0,Honda VTR 1000 SP2 [2002],World Superbikes,
12,Rider,Colin Edwards,41.90253920028324,0.7110826394012189,12/07/2002 13:00:00,0,Honda VTR 1000 SP2 [2002],World Superbikes,
12,Rider,Colin Edwards,41.90821596380533,0.7147235578407833,13/07/2002 13:00:00,0,Honda VTR 1000 SP2 [2002],World Superbikes,
12,Rider,Colin Edwards,41.913660261923354,0.7184312027338075,13/07/2002 13:00:00,1,Honda VTR 1000 SP2 [2002],World Superbikes,
12,Rider,Colin Edwards,41.9180609392977,0.7221814715956751,26/07/2002 13:00:00,0,Honda VTR 1000 SP2 [2002],World Superbikes,
12,Rider,Colin Edwards,41.92224669453224,0.7260002324091845,26/07/2002 13:00:00,1,Honda VTR 1000 SP2 [2002],World Superbikes,
12,Rider,Colin Edwards,41.92556743278571,0.7298577046938232,27/07/2002 13:00:00,0,Honda VTR 1000 SP2 [2002],World Superbikes,
12,Rider,Colin Edwards,41.92881718236702,0.7337887812797589,29/08/2002 13:00:00,0,Honda VTR 1000 SP2 [2002],World Superbikes,
12,Rider,Colin Edwards,41.93103906080823,0.7377618476438937,30/08/2002 13:00:00,0,Honda VTR 1000 SP2 [2002],World Superbikes,
12,Rider,Colin Edwards,41.93333161223342,0.7418099321479169,31/08/2002 13:00:00,0,Honda VTR 1000 SP2 [2002],World Superbikes,
12,Rider,Colin Edwards,41.93563868523669,0.7459340331730321,05/09/2002 13:00:00,0,Honda VTR 1000 SP2 [2002],World Superbikes,
12,Rider,Colin Edwards,41.937062731576795,0.7501020283157827,06/09/2002 13:00:00,0,Honda VTR 1000 SP2 [2002],World Superbikes,
12,Rider,Colin Edwards,41.939044790997855,0.7543538035309653,07/09/2002 13:00:00,0,Honda VTR 1000 SP2 [2002],World Superbikes,
12,Rider,Colin Edwards,41.94007858103841,0.7586524133162504,26/09/2002 13:00:00,0,Honda VTR 1000 SP2 [2002],World Superbikes,
12,Rider,Colin Edwards,41.940213714463894,0.7629977499258501,27/09/2002 13:00:00,0,Honda VTR 1000 SP2 [2002],World Superbikes,
12,Rider,Colin Edwards,41.939486206587326,0.7673820713155457,28/09/2002 13:00:00,0,Honda VTR 1000 SP2 [2002],World Superbikes,
13,Rider,Jamie Whitham,35.56809673978064,1.1305663456702026,21/03/1998 13:00:00,0,Suzuki GSX-R 750 [1998],World Superbikes,
13,Rider,Jamie Whitham,35.568595384328695,1.127796498765028,21/03/1998 13:00:00,1,Suzuki GSX-R 750 [1998],World Superbikes,
13,Rider,Jamie Whitham,35.56900840456294,1.125212218966771,21/03/1998 13:00:00,2,Suzuki GSX-R 750 [1998],World Superbikes,
13,Rider,Jamie Whitham,35.57139006971833,1.1227887061689579,12/04/1998 13:00:00,0,Suzuki GSX-R 750 [1998],World Superbikes,
13,Rider,Jamie Whitham,35.57219057978664,1.1205480897955022,12/04/1998 13:00:00,1,Suzuki GSX-R 750 [1998],World Superbikes,
13,Rider,Jamie Whitham,35.57285685568655,1.1184970330091855,09/05/1998 13:00:00,0,Suzuki GSX-R 750 [1998],World Superbikes,
13,Rider,Jamie Whitham,35.57340111605817,1.1166268111701132,09/05/1998 13:00:00,1,Suzuki GSX-R 750 [1998],World Superbikes,
13,Rider,Jamie Whitham,35.57426005204133,1.1149372965896287,09/05/1998 13:00:00,2,Suzuki GSX-R 750 [1998],World Superbikes,
13,Rider,Jamie Whitham,35.57507620736478,1.1134212643646677,23/05/1998 13:00:00,0,Suzuki GSX-R 750 [1998],World Superbikes,
13,Rider,Jamie Whitham,35.57585235600781,1.1120803514172528,23/05/1998 13:00:00,1,Suzuki GSX-R 750 [1998],World Superbikes,
13,Rider,Jamie Whitham,35.576491784555735,1.1109197480329074,06/06/1998 13:00:00,0,Suzuki GSX-R 750 [1998],World Superbikes,
13,Rider,Jamie Whitham,35.57708775096389,1.1099415644985804,06/06/1998 13:00:00,1,Suzuki GSX-R 750 [1998],World Superbikes,
13,Rider,Jamie Whitham,35.57775673129579,1.1091436765885214,06/06/1998 13:00:00,2,Suzuki GSX-R 750 [1998],World Superbikes,
13,Rider,Jamie Whitham,35.57840636139085,1.1085217003484955,20/06/1998 13:00:00,0,Suzuki GSX-R 750 [1998],World Superbikes,
13,Rider,Jamie Whitham,35.57906262718108,1.1080792027323194,20/06/1998 13:00:00,1,Suzuki GSX-R 750 [1998],World Superbikes,
13,Rider,Jamie Whitham,35.58039048250887,1.1078181456434364,20/06/1998 13:00:00,2,Suzuki GSX-R 750 [1998],World Superbikes,
13,Rider,Jamie Whitham,35.58144305412276,1.1077295835300716,04/07/1998 13:00:00,0,Suzuki GSX-R 750 [1998],World Superbikes,
13,Rider,Jamie Whitham,35.582519513765575,1.1078194681090552,04/07/1998 13:00:00,1,Suzuki GSX-R 750 [1998],World Superbikes,
13,Rider,Jamie Whitham,35.5846078145874,1.1080814400354158,04/07/1998 13:00:00,2,Suzuki GSX-R 750 [1998],World Superbikes,
13,Rider,Jamie Whitham,35.5870298325481,1.1085174374414033,11/07/1998 13:00:00,0,Suzuki GSX-R 750 [1998],World Superbikes,
13,Rider,Jamie Whitham,35.5889473339965,1.1091379355845552,11/07/1998 13:00:00,1,Suzuki GSX-R 750 [1998],World Superbikes,
13,Rider,Jamie Whitham,35.59107025123144,1.1099411893330675,11/07/1998 13:00:00,2,Suzuki GSX-R 750 [1998],World Superbikes,
13,Rider,Jamie Whitham,35.59238367792173,1.1109214198828081,01/08/1998 13:00:00,0,Suzuki GSX-R 750 [1998],World Superbikes,
13,Rider,Jamie Whitham,35.593694845921114,1.1120859067846554,01/08/1998 13:00:00,1,Suzuki GSX-R 750 [1998],World Superbikes,
13,Rider,Jamie Whitham,35.595405637277516,1.1134330327489668,01/08/1998 13:00:00,2,Suzuki GSX-R 750 [1998],World Superbikes,
13,Rider,Jamie Whitham,35.597256121109375,1.1149589978065855,29/08/1998 13:00:00,0,Suzuki GSX-R 750 [1998],World Superbikes,
13,Rider,Jamie Whitham,35.59831013246159,1.116666224112737,29/08/1998 13:00:00,1,Suzuki GSX-R 750 [1998],World Superbikes,
13,Rider,Jamie Whitham,35.59871555159115,1.1185500496108531,29/08/1998 13:00:00,2,Suzuki GSX-R 750 [1998],World Superbikes,
13,Rider,Jamie Whitham,35.59724191319567,1.1206059278424763,05/09/1998 13:00:00,0,Suzuki GSX-R 750 [1998],World Superbikes,
13,Rider,Jamie Whitham,35.59462965177701,1.1228371738940075,05/09/1998 13:00:00,1,Suzuki GSX-R 750 [1998],World Superbikes,
13,Rider,Jamie Whitham,35.59279119981026,1.1252383492412827,05/09/1998 13:00:00,2,Suzuki GSX-R 750 [1998],World Superbikes,
13,Rider,Jamie Whitham,35.590020293696554,1.1278181002309877,03/10/1998 13:00:00,0,Suzuki GSX-R 750 [1998],World Superbikes,
13,Rider,Jamie Whitham,35.58800502851928,1.1305859221743448,03/10/1998 13:00:00,1,Suzuki GSX-R 750 [1998],World Superbikes,
14,Rider,Akira Yanagawa,40.813669206907484,0.7464909571190615,21/03/1998 13:00:00,0,Kawasaki ZX7R 750 [1998],World Superbikes,
14,Rider,Akira Yanagawa,40.81563627965834,0.7420272294639045,21/03/1998 13:00:00,1,Kawasaki ZX7R 750 [1998],World Superbikes,
14,Rider,Akira Yanagawa,40.817391533864246,0.7376607632662784,21/03/1998 13:00:00,2,Kawasaki ZX7R 750 [1998],World Superbikes,
14,Rider,Akira Yanagawa,40.81855833375788,0.7333840557479808,12/04/1998 13:00:00,0,Kawasaki ZX7R 750 [1998],World Superbikes,
14,Rider,Akira Yanagawa,40.8196547590909,0.7292055239444722,12/04/1998 13:00:00,1,Kawasaki ZX7R 750 [1998],World Superbikes,
14,Rider,Akira Yanagawa,40.81886657437447,0.7251085542886277,09/05/1998 13:00:00,0,Kawasaki ZX7R 750 [1998],World Superbikes,
14,Rider,Akira Yanagawa,40.81771626011214,0.7211009705327901,09/05/1998 13:00:00,1,Kawasaki ZX7R 750 [1998],World Superbikes,
14,Rider,Akira Yanagawa,40.816195611376024,0.7171795627947575,09/05/1998 13:00:00,2,Kawasaki ZX7R 750 [1998],World Superbikes,
14,Rider,Akira Yanagawa,40.81442572728662,0.7133414143493767,23/05/1998 13:00:00,0,Kawasaki ZX7R 750 [1998],World Superbikes,
14,Rider,Akira Yanagawa,40.815906428531555,0.7095886665605632,23/05/1998 13:00:00,1,Kawasaki ZX7R 750 [1998],World Superbikes,
14,Rider,Akira Yanagawa,40.81660915300309,0.705920075536214,06/06/1998 13:00:00,0,Kawasaki ZX7R 750 [1998],World Superbikes,
14,Rider,Akira Yanagawa,40.817228887015915,0.7023391094591405,06/06/1998 13:00:00,1,Kawasaki ZX7R 750 [1998],World Superbikes,
14,Rider,Akira Yanagawa,40.81727601741417,0.6988417474719467,06/06/1998 13:00:00,2,Kawasaki ZX7R 750 [1998],World Superbikes,
14,Rider,Akira Yanagawa,40.81731692930488,0.6954257657079942,20/06/1998 13:00:00,0,Kawasaki ZX7R 750 [1998],World Superbikes,
14,Rider,Akira Yanagawa,40.81670546827333,0.6920881816489454,20/06/1998 13:00:00,1,Kawasaki ZX7R 750 [1998],World Superbikes,
14,Rider,Akira Yanagawa,40.8171335135192,0.688833649167231,20/06/1998 13:00:00,2,Kawasaki ZX7R 750 [1998],World Superbikes,
14,Rider,Akira Yanagawa,40.81635873981945,0.6856483924510983,04/07/1998 13:00:00,0,Kawasaki ZX7R 750 [1998],World Superbikes,
14,Rider,Akira Yanagawa,40.81468309505089,0.6825353495773125,04/07/1998 13:00:00,1,Kawasaki ZX7R 750 [1998],World Superbikes,
14,Rider,Akira Yanagawa,40.81242887380148,0.6794954939690856,04/07/1998 13:00:00,2,Kawasaki ZX7R 750 [1998],World Superbikes,
14,Rider,Akira Yanagawa,40.808819903517,0.676524242730374,11/07/1998 13:00:00,0,Kawasaki ZX7R 750 [1998],World Superbikes,
14,Rider,Akira Yanagawa,40.80493290124483,0.6736316197484933,11/07/1998 13:00:00,1,Kawasaki ZX7R 750 [1998],World Superbikes,
14,Rider,Akira Yanagawa,40.8004007205827,0.6708154400120899,11/07/1998 13:00:00,2,Kawasaki ZX7R 750 [1998],World Superbikes,
14,Rider,Akira Yanagawa,40.79436325765756,0.6680653916932129,29/08/1998 13:00:00,0,Kawasaki ZX7R 750 [1998],World Superbikes,
14,Rider,Akira Yanagawa,40.78721018006242,0.6653806669089098,29/08/1998 13:00:00,1,Kawasaki ZX7R 750 [1998],World Superbikes,
14,Rider,Akira Yanagawa,40.77931128087526,0.6627638253321504,29/08/1998 13:00:00,2,Kawasaki ZX7R 750 [1998],World Superbikes,
14,Rider,Akira Yanagawa,40.769755792291576,0.6602071911198073,05/09/1998 13:00:00,0,Kawasaki ZX7R 750 [1998],World Superbikes,
14,Rider,Akira Yanagawa,40.7603207274924,0.6577194012089653,05/09/1998 13:00:00,1,Kawasaki ZX7R 750 [1998],World Superbikes,
14,Rider,Akira Yanagawa,40.75181196544331,0.6552957369074374,05/09/1998 13:00:00,2,Kawasaki ZX7R 750 [1998],World Superbikes,
14,Rider,Akira Yanagawa,40.74442094028089,0.6529336159303558,03/10/1998 13:00:00,0,Kawasaki ZX7R 750 [1998],World Superbikes,
14,Rider,Akira Yanagawa,40.73650994655422,0.6506417679781504,03/10/1998 13:00:00,1,Kawasaki ZX7R 750 [1998],World Superbikes,
14,Rider,Akira Yanagawa,40.728822600672814,0.6484208880656134,03/10/1998 13:00:00,2,Kawasaki ZX7R 750 [1998],World Superbikes,
14,Rider,Akira Yanagawa,40.72028434865648,0.6462647750386284,27/03/1999 13:00:00,0,Kawasaki ZX-7 RR [1999],World Superbikes,
14,Rider,Akira Yanagawa,40.71294409808577,0.6441717044133738,27/03/1999 13:00:00,1,Kawasaki ZX-7 RR [1999],World Superbikes,
14,Rider,Akira Yanagawa,40.70637184817165,0.6421409719074241,27/03/1999 13:00:00,2,Kawasaki ZX-7 RR [1999],World Superbikes,
14,Rider,Akira Yanagawa,40.69948967268709,0.6401676554453458,17/04/1999 13:00:00,0,Kawasaki ZX-7 RR [1999],World Superbikes,
14,Rider,Akira Yanagawa,40.69290884767715,0.6382571557766418,17/04/1999 13:00:00,1,Kawasaki ZX-7 RR [1999],World Superbikes,
14,Rider,Akira Yanagawa,40.687284151676536,0.6364103729095835,17/04/1999 13:00:00,2,Kawasaki ZX-7 RR [1999],World Superbikes,
14,Rider,Akira Yanagawa,40.68205864133044,0.6346232405298665,01/05/1999 13:00:00,0,Kawasaki ZX-7 RR [1999],World Superbikes,
14,Rider,Akira Yanagawa,40.677355512309184,0.6329002768396349,01/05/1999 13:00:00,1,Kawasaki ZX-7 RR [1999],World Superbikes,
14,Rider,Akira Yanagawa,40.67307102768194,0.6312401254636237,01/05/1999 13:00:00,2,Kawasaki ZX-7 RR [1999],World Superbikes,
14,Rider,Akira Yanagawa,40.66782073713382,0.6296361713354162,15/05/1999 13:00:00,0,Kawasaki ZX-7 RR [1999],World Superbikes,
14,Rider,Akira Yanagawa,40.66116607388263,0.6280833646718816,15/05/1999 13:00:00,1,Kawasaki ZX-7 RR [1999],World Superbikes,
14,Rider,Akira Yanagawa,40.653248845595016,0.6265776421573919,15/05/1999 13:00:00,2,Kawasaki ZX-7 RR [1999],World Superbikes,
14,Rider,Akira Yanagawa,40.644692520532274,0.6251240415331188,29/05/1999 13:00:00,0,Kawasaki ZX-7 RR [1999],World Superbikes,
14,Rider,Akira Yanagawa,40.635738685448,0.6237218110129668,29/05/1999 13:00:00,1,Kawasaki ZX-7 RR [1999],World Superbikes,
14,Rider,Akira Yanagawa,40.62710710573026,0.6223735918535347,29/05/1999 13:00:00,2,Kawasaki ZX-7 RR [1999],World Superbikes,
14,Rider,Akira Yanagawa,40.61811997098109,0.6210780384924548,12/06/1999 13:00:00,0,Kawasaki ZX-7 RR [1999],World Superbikes,
14,Rider,Akira Yanagawa,40.60881081620924,0.619831164079608,12/06/1999 13:00:00,1,Kawasaki ZX-7 RR [1999],World Superbikes,
14,Rider,Akira Yanagawa,40.59865130695963,0.6186346320898299,12/06/1999 13:00:00,2,Kawasaki ZX-7 RR [1999],World Superbikes,
14,Rider,Akira Yanagawa,40.58841606552659,0.6174857859169552,26/06/1999 13:00:00,0,Kawasaki ZX-7 RR [1999],World Superbikes,
14,Rider,Akira Yanagawa,40.57775946435794,0.6163828422349936,26/06/1999 13:00:00,1,Kawasaki ZX-7 RR [1999],World Superbikes,
14,Rider,Akira Yanagawa,40.56626615327935,0.6153246674798344,26/06/1999 13:00:00,2,Kawasaki ZX-7 RR [1999],World Superbikes,
14,Rider,Akira Yanagawa,40.553641679627525,0.6143080617660073,10/07/1999 13:00:00,0,Kawasaki ZX-7 RR [1999],World Superbikes,
14,Rider,Akira Yanagawa,40.53973010122935,0.6133398604756293,10/07/1999 13:00:00,1,Kawasaki ZX-7 RR [1999],World Superbikes,
14,Rider,Akira Yanagawa,40.52427798296215,0.6124179791584834,10/07/1999 13:00:00,2,Kawasaki ZX-7 RR [1999],World Superbikes,
14,Rider,Akira Yanagawa,40.50789514561546,0.6115439258803009,31/07/1999 13:00:00,0,Kawasaki ZX-7 RR [1999],World Superbikes,
14,Rider,Akira Yanagawa,40.48968350763204,0.6107139429090581,31/07/1999 13:00:00,1,Kawasaki ZX-7 RR [1999],World Superbikes,
14,Rider,Akira Yanagawa,40.47245437134371,0.6099372626449013,31/07/1999 13:00:00,2,Kawasaki ZX-7 RR [1999],World Superbikes,
14,Rider,Akira Yanagawa,40.45578986987308,0.6092107509970868,04/09/1999 13:00:00,0,Kawasaki ZX-7 RR [1999],World Superbikes,
14,Rider,Akira Yanagawa,40.43818774587458,0.6085275300087135,04/09/1999 13:00:00,1,Kawasaki ZX-7 RR [1999],World Superbikes,
14,Rider,Akira Yanagawa,40.42146889760644,0.6078940232503449,04/09/1999 13:00:00,2,Kawasaki ZX-7 RR [1999],World Superbikes,
14,Rider,Akira Yanagawa,40.405179387192874,0.6073052938782464,11/09/1999 13:00:00,0,Kawasaki ZX-7 RR [1999],World Superbikes,
14,Rider,Akira Yanagawa,40.38845451245342,0.6067577790546238,11/09/1999 13:00:00,1,Kawasaki ZX-7 RR [1999],World Superbikes,
14,Rider,Akira Yanagawa,40.37292648374655,0.6062591992855386,11/09/1999 13:00:00,2,Kawasaki ZX-7 RR [1999],World Superbikes,
14,Rider,Akira Yanagawa,40.35676696259023,0.6058055261185853,09/10/1999 13:00:00,0,Kawasaki ZX-7 RR [1999],World Superbikes,
14,Rider,Akira Yanagawa,40.3408831711989,0.6054057557554939,09/10/1999 13:00:00,1,Kawasaki ZX-7 RR [1999],World Superbikes,
14,Rider,Akira Yanagawa,40.32330345930285,0.6050492917301403,09/10/1999 13:00:00,2,Kawasaki ZX-7 RR [1999],World Superbikes,
14,Rider,Akira Yanagawa,40.304532923085745,0.6047384159787786,22/04/2000 13:00:00,0,Kawasaki ZX-7 RR [2000],World Superbikes,
14,Rider,Akira Yanagawa,40.2874597544743,0.6044796792877065,22/04/2000 13:00:00,1,Kawasaki ZX-7 RR [2000],World Superbikes,
14,Rider,Akira Yanagawa,40.27158497845496,0.6042727178997636,22/04/2000 13:00:00,2,Kawasaki ZX-7 RR [2000],World Superbikes,
14,Rider,Akira Yanagawa,40.256373178701,0.604113808098485,29/04/2000 13:00:00,0,Kawasaki ZX-7 RR [2000],World Superbikes,
14,Rider,Akira Yanagawa,40.240948405110494,0.604006350287524,29/04/2000 13:00:00,1,Kawasaki ZX-7 RR [2000],World Superbikes,
14,Rider,Akira Yanagawa,40.22575483653618,0.6039513688377278,29/04/2000 13:00:00,2,Kawasaki ZX-7 RR [2000],World Superbikes,
14,Rider,Akira Yanagawa,40.21088275857188,0.6039437097618798,13/05/2000 13:00:00,0,Kawasaki ZX-7 RR [2000],World Superbikes,
14,Rider,Akira Yanagawa,40.19702528170559,0.6039892492205274,13/05/2000 13:00:00,1,Kawasaki ZX-7 RR [2000],World Superbikes,
14,Rider,Akira Yanagawa,40.18333669178136,0.6040879764617567,13/05/2000 13:00:00,2,Kawasaki ZX-7 RR [2000],World Superbikes,
14,Rider,Akira Yanagawa,40.168351517974685,0.6042305960939961,20/05/2000 13:00:00,0,Kawasaki ZX-7 RR [2000],World Superbikes,
14,Rider,Akira Yanagawa,40.15234872347563,0.6044172634753158,20/05/2000 13:00:00,1,Kawasaki ZX-7 RR [2000],World Superbikes,
14,Rider,Akira Yanagawa,40.13644109124342,0.6046546636377699,20/05/2000 13:00:00,2,Kawasaki ZX-7 RR [2000],World Superbikes,
14,Rider,Akira Yanagawa,40.119411318213004,0.6049315499498433,03/06/2000 13:00:00,0,Kawasaki ZX-7 RR [2000],World Superbikes,
14,Rider,Akira Yanagawa,40.103336592186906,0.6052619510759829,03/06/2000 13:00:00,1,Kawasaki ZX-7 RR [2000],World Superbikes,
14,Rider,Akira Yanagawa,40.0869187787673,0.6056414359598061,03/06/2000 13:00:00,2,Kawasaki ZX-7 RR [2000],World Superbikes,
14,Rider,Akira Yanagawa,40.06967415122556,0.6060646854868814,17/06/2000 13:00:00,0,Kawasaki ZX-7 RR [2000],World Superbikes,
14,Rider,Akira Yanagawa,40.0532988950205,0.6065403191687445,17/06/2000 13:00:00,1,Kawasaki ZX-7 RR [2000],World Superbikes,
14,Rider,Akira Yanagawa,40.038777237492326,0.6070695618597639,17/06/2000 13:00:00,2,Kawasaki ZX-7 RR [2000],World Superbikes,
14,Rider,Akira Yanagawa,40.02423644314597,0.6076459945760017,24/06/2000 13:00:00,0,Kawasaki ZX-7 RR [2000],World Superbikes,
14,Rider,Akira Yanagawa,40.01060318961716,0.6082772473209151,24/06/2000 13:00:00,1,Kawasaki ZX-7 RR [2000],World Superbikes,
14,Rider,Akira Yanagawa,39.99765550902575,0.6089617547997572,24/06/2000 13:00:00,2,Kawasaki ZX-7 RR [2000],World Superbikes,
14,Rider,Akira Yanagawa,39.986027087602935,0.6096949341742982,08/07/2000 13:00:00,0,Kawasaki ZX-7 RR [2000],World Superbikes,
14,Rider,Akira Yanagawa,39.974972181073696,0.6104793515670426,08/07/2000 13:00:00,1,Kawasaki ZX-7 RR [2000],World Superbikes,
14,Rider,Akira Yanagawa,39.964944660385974,0.6113165510233103,08/07/2000 13:00:00,2,Kawasaki ZX-7 RR [2000],World Superbikes,
14,Rider,Akira Yanagawa,39.95478060041124,0.6122030205634129,05/08/2000 13:00:00,0,Kawasaki ZX-7 RR [2000],World Superbikes,
14,Rider,Akira Yanagawa,39.94477758712068,0.6131435766007012,05/08/2000 13:00:00,1,Kawasaki ZX-7 RR [2000],World Superbikes,
14,Rider,Akira Yanagawa,39.93428119287791,0.6141384725768827,05/08/2000 13:00:00,2,Kawasaki ZX-7 RR [2000],World Superbikes,
14,Rider,Akira Yanagawa,39.923621920125846,0.6151832252996184,02/09/2000 13:00:00,0,Kawasaki ZX-7 RR [2000],World Superbikes,
14,Rider,Akira Yanagawa,39.91168177044345,0.6162760397387205,02/09/2000 13:00:00,1,Kawasaki ZX-7 RR [2000],World Superbikes,
14,Rider,Akira Yanagawa,39.89935419452946,0.6174231694712201,02/09/2000 13:00:00,2,Kawasaki ZX-7 RR [2000],World Superbikes,
14,Rider,Akira Yanagawa,39.88714224273455,0.6186230984324853,09/09/2000 13:00:00,0,Kawasaki ZX-7 RR [2000],World Superbikes,
14,Rider,Akira Yanagawa,39.874558623414345,0.6198789163534577,09/09/2000 13:00:00,1,Kawasaki ZX-7 RR [2000],World Superbikes,
14,Rider,Akira Yanagawa,39.86372748370496,0.6211952184543021,09/09/2000 13:00:00,2,Kawasaki ZX-7 RR [2000],World Superbikes,
14,Rider,Akira Yanagawa,39.852881549125065,0.6225645436288408,14/10/2000 13:00:00,0,Kawasaki ZX-7 RR [2000],World Superbikes,
14,Rider,Akira Yanagawa,39.84221721881287,0.623993417246306,14/10/2000 13:00:00,1,Kawasaki ZX-7 RR [2000],World Superbikes,
14,Rider,Akira Yanagawa,39.83164643312638,0.6254831940627786,14/10/2000 13:00:00,2,Kawasaki ZX-7 RR [2000],World Superbikes,
14,Rider,Akira Yanagawa,39.821607170313186,0.627030281182138,09/03/2001 13:00:00,0,Kawasaki ZX-7 RR [2001],World Superbikes,
14,Rider,Akira Yanagawa,39.81366287137679,0.6286386858412252,09/03/2001 13:00:00,1,Kawasaki ZX-7 RR [2001],World Superbikes,
14,Rider,Akira Yanagawa,39.807417322309576,0.6303098962771304,29/03/2001 13:00:00,0,Kawasaki ZX-7 RR [2001],World Superbikes,
14,Rider,Akira Yanagawa,39.80157794591431,0.6320435383820187,30/03/2001 13:00:00,0,Kawasaki ZX-7 RR [2001],World Superbikes,
14,Rider,Akira Yanagawa,39.794954851840615,0.6338379050577304,31/03/2001 13:00:00,0,Kawasaki ZX-7 RR [2001],World Superbikes,
14,Rider,Akira Yanagawa,39.788207544555085,0.635691833370489,19/04/2001 13:00:00,0,Kawasaki ZX-7 RR [2001],World Superbikes,
14,Rider,Akira Yanagawa,39.78161576313321,0.637610641186034,20/04/2001 13:00:00,0,Kawasaki ZX-7 RR [2001],World Superbikes,
14,Rider,Akira Yanagawa,39.7753309101756,0.6395950519875269,20/04/2001 13:00:00,1,Kawasaki ZX-7 RR [2001],World Superbikes,
14,Rider,Akira Yanagawa,39.769535505465015,0.6416424874678659,26/04/2001 13:00:00,0,Kawasaki ZX-7 RR [2001],World Superbikes,
14,Rider,Akira Yanagawa,39.76410046787649,0.6437600126295333,27/04/2001 13:00:00,0,Kawasaki ZX-7 RR [2001],World Superbikes,
14,Rider,Akira Yanagawa,39.758746956232486,0.6459486971388175,27/04/2001 13:00:00,1,Kawasaki ZX-7 RR [2001],World Superbikes,
14,Rider,Akira Yanagawa,39.75280161880631,0.648204116550848,10/05/2001 13:00:00,0,Kawasaki ZX-7 RR [2001],World Superbikes,
14,Rider,Akira Yanagawa,39.747029480655236,0.6505301610771701,11/05/2001 13:00:00,0,Kawasaki ZX-7 RR [2001],World Superbikes,
14,Rider,Akira Yanagawa,39.74160380399457,0.6529271743347885,12/05/2001 13:00:00,0,Kawasaki ZX-7 RR [2001],World Superbikes,
14,Rider,Akira Yanagawa,39.7345637351747,0.6553866055859945,25/05/2001 13:00:00,0,Kawasaki ZX-7 RR [2001],World Superbikes,
14,Rider,Akira Yanagawa,39.72859337659255,0.6579189805460275,25/05/2001 13:00:00,1,Kawasaki ZX-7 RR [2001],World Superbikes,
14,Rider,Akira Yanagawa,39.72205108416606,0.6605253928832169,26/05/2001 13:00:00,0,Kawasaki ZX-7 RR [2001],World Superbikes,
14,Rider,Akira Yanagawa,39.71537107783883,0.6632011434844158,07/06/2001 13:00:00,0,Kawasaki ZX-7 RR [2001],World Superbikes,
14,Rider,Akira Yanagawa,39.71017632301575,0.665954897206805,08/06/2001 13:00:00,0,Kawasaki ZX-7 RR [2001],World Superbikes,
14,Rider,Akira Yanagawa,39.705631563915055,0.668786028294174,09/06/2001 13:00:00,0,Kawasaki ZX-7 RR [2001],World Superbikes,
14,Rider,Akira Yanagawa,39.70147987689978,0.6716906535114523,21/06/2001 13:00:00,0,Kawasaki ZX-7 RR [2001],World Superbikes,
14,Rider,Akira Yanagawa,39.698305900902476,0.6746755208077115,22/06/2001 13:00:00,0,Kawasaki ZX-7 RR [2001],World Superbikes,
14,Rider,Akira Yanagawa,39.69623753687861,0.6777408844145207,23/06/2001 13:00:00,0,Kawasaki ZX-7 RR [2001],World Superbikes,
14,Rider,Akira Yanagawa,39.69462347924416,0.6808836131467318,06/07/2001 13:00:00,0,Kawasaki ZX-7 RR [2001],World Superbikes,
14,Rider,Akira Yanagawa,39.69438509666365,0.6841074720141366,07/07/2001 13:00:00,0,Kawasaki ZX-7 RR [2001],World Superbikes,
14,Rider,Akira Yanagawa,39.69465190774818,0.6874143923298668,07/07/2001 13:00:00,1,Kawasaki ZX-7 RR [2001],World Superbikes,
14,Rider,Akira Yanagawa,39.69524348421287,0.6908013954695847,27/07/2001 13:00:00,0,Kawasaki ZX-7 RR [2001],World Superbikes,
14,Rider,Akira Yanagawa,39.696023662872555,0.6942745217523558,27/07/2001 13:00:00,1,Kawasaki ZX-7 RR [2001],World Superbikes,
14,Rider,Akira Yanagawa,39.69728105014993,0.6978347999327191,28/07/2001 13:00:00,0,Kawasaki ZX-7 RR [2001],World Superbikes,
14,Rider,Akira Yanagawa,39.698465277145445,0.7014801319868822,30/08/2001 13:00:00,0,Kawasaki ZX-7 RR [2001],World Superbikes,
14,Rider,Akira Yanagawa,39.69987488327987,0.7052138404430908,31/08/2001 13:00:00,0,Kawasaki ZX-7 RR [2001],World Superbikes,
14,Rider,Akira Yanagawa,39.70210067516912,0.7090371173936365,01/09/2001 13:00:00,0,Kawasaki ZX-7 RR [2001],World Superbikes,
14,Rider,Akira Yanagawa,39.70411653847001,0.7129458289913548,06/09/2001 13:00:00,0,Kawasaki ZX-7 RR [2001],World Superbikes,
14,Rider,Akira Yanagawa,39.7051516717865,0.7169436254462274,07/09/2001 13:00:00,0,Kawasaki ZX-7 RR [2001],World Superbikes,
14,Rider,Akira Yanagawa,39.70369438777935,0.7210094892305726,08/09/2001 13:00:00,0,Kawasaki ZX-7 RR [2001],World Superbikes,
14,Rider,Akira Yanagawa,39.70079447437351,0.7251608472650357,18/04/2002 13:00:00,0,Kawasaki ZX-7 RR [2002],World Superbikes,
14,Rider,Akira Yanagawa,39.69670802925888,0.7294059095368913,19/04/2002 13:00:00,0,Kawasaki ZX-7 RR [2002],World Superbikes,
14,Rider,Akira Yanagawa,39.69128853213316,0.7337454127108146,19/04/2002 13:00:00,1,Kawasaki ZX-7 RR [2002],World Superbikes,
14,Rider,Akira Yanagawa,39.68424747689431,0.7381791787464922,30/07/2010 13:00:00,0,Kawasaki ZX 10R [2010],World Superbikes,
14,Rider,Akira Yanagawa,39.68031677622236,0.7426871761102072,30/07/2010 13:00:00,1,Kawasaki ZX 10R [2010],World Superbikes,
15,Bike,Kawasaki ZX7R 750 [1998],27.262763267398768,1.1271184312565692,21/03/1998 13:00:00,0,,World Superbikes,
15,Bike,Kawasaki ZX7R 750 [1998],27.263312659850694,1.1243401133913826,21/03/1998 13:00:00,1,,World Superbikes,
15,Bike,Kawasaki ZX7R 750 [1998],27.263868376586647,1.1217470740182391,21/03/1998 13:00:00,2,,World Superbikes,
15,Bike,Kawasaki ZX7R 750 [1998],27.26449448906489,1.1193318178692395,12/04/1998 13:00:00,0,,World Superbikes,
15,Bike,Kawasaki ZX7R 750 [1998],27.265277940128687,1.1170974973413674,12/04/1998 13:00:00,1,,World Superbikes,
15,Bike,Kawasaki ZX7R 750 [1998],27.266316459064665,1.1150398523964782,09/05/1998 13:00:00,0,,World Superbikes,
15,Bike,Kawasaki ZX7R 750 [1998],27.266807900723308,1.1131611519242435,09/05/1998 13:00:00,1,,World Superbikes,
15,Bike,Kawasaki ZX7R 750 [1998],27.266631634846817,1.1114620461624944,09/05/1998 13:00:00,2,,World Superbikes,
15,Bike,Kawasaki ZX7R 750 [1998],27.266030240060648,1.1099382507040663,23/05/1998 13:00:00,0,,World Superbikes,
15,Bike,Kawasaki ZX7R 750 [1998],27.266109264966644,1.10859440789938,23/05/1998 13:00:00,1,,World Superbikes,
15,Bike,Kawasaki ZX7R 750 [1998],27.266550693274024,1.107417085905579,06/06/1998 13:00:00,0,,World Superbikes,
15,Bike,Kawasaki ZX7R 750 [1998],27.26719840586069,1.1064184793396687,06/06/1998 13:00:00,1,,World Superbikes,
15,Bike,Kawasaki ZX7R 750 [1998],27.268058082985476,1.1055982262548267,06/06/1998 13:00:00,2,,World Superbikes,
15,Bike,Kawasaki ZX7R 750 [1998],27.269477684015545,1.1049491280931154,20/06/1998 13:00:00,0,,World Superbikes,
15,Bike,Kawasaki ZX7R 750 [1998],27.271092770762323,1.1044789511459012,20/06/1998 13:00:00,1,,World Superbikes,
15,Bike,Kawasaki ZX7R 750 [1998],27.272734650201595,1.1041901895873998,20/06/1998 13:00:00,2,,World Superbikes,
15,Bike,Kawasaki ZX7R 750 [1998],27.27437982767113,1.1040712784002704,04/07/1998 13:00:00,0,,World Superbikes,
15,Bike,Kawasaki ZX7R 750 [1998],27.27617700656699,1.104121395122769,04/07/1998 13:00:00,1,,World Superbikes,
15,Bike,Kawasaki ZX7R 750 [1998],27.278036632269398,1.1043410967970848,04/07/1998 13:00:00,2,,World Superbikes,
15,Bike,Kawasaki ZX7R 750 [1998],27.280249359061262,1.1047143473035168,11/07/1998 13:00:00,0,,World Superbikes,
15,Bike,Kawasaki ZX7R 750 [1998],27.28229633350554,1.1052577999677033,11/07/1998 13:00:00,1,,World Superbikes,
15,Bike,Kawasaki ZX7R 750 [1998],27.284113266512563,1.1059681705985815,11/07/1998 13:00:00,2,,World Superbikes,
15,Bike,Kawasaki ZX7R 750 [1998],27.28538039531059,1.1068485432855777,01/08/1998 13:00:00,0,,World Superbikes,
15,Bike,Kawasaki ZX7R 750 [1998],27.286113580012817,1.1079002960706477,01/08/1998 13:00:00,1,,World Superbikes,
15,Bike,Kawasaki ZX7R 750 [1998],27.285644134241068,1.1091217338611368,01/08/1998 13:00:00,2,,World Superbikes,
15,Bike,Kawasaki ZX7R 750 [1998],27.285743530326364,1.110526841436094,29/08/1998 13:00:00,0,,World Superbikes,
15,Bike,Kawasaki ZX7R 750 [1998],27.28567904242087,1.1121074988225612,29/08/1998 13:00:00,1,,World Superbikes,
15,Bike,Kawasaki ZX7R 750 [1998],27.285612690912767,1.113866324979536,29/08/1998 13:00:00,2,,World Superbikes,
15,Bike,Kawasaki ZX7R 750 [1998],27.2847211229772,1.1157981948552345,05/09/1998 13:00:00,0,,World Superbikes,
15,Bike,Kawasaki ZX7R 750 [1998],27.284143673799,1.117896659603288,05/09/1998 13:00:00,1,,World Superbikes,
15,Bike,Kawasaki ZX7R 750 [1998],27.28337377871451,1.120167940740185,05/09/1998 13:00:00,2,,World Superbikes,
15,Bike,Kawasaki ZX7R 750 [1998],27.282599207104262,1.1226109443366483,03/10/1998 13:00:00,0,,World Superbikes,
15,Bike,Kawasaki ZX7R 750 [1998],27.282475129088173,1.1252186606443109,03/10/1998 13:00:00,1,,World Superbikes,
15,Bike,Kawasaki ZX7R 750 [1998],27.28292151417985,1.1279933579768995,03/10/1998 13:00:00,2,,World Superbikes,
16,Rider,Mark Willis,31.952801293299938,3.130253039948637,21/03/1998 13:00:00,0,Suzuki GSX-R 750 [1998],World Superbikes,
16,Rider,Mark Willis,31.95282844908855,3.129995041045575,21/03/1998 13:00:00,1,Suzuki GSX-R 750 [1998],World Superbikes,
16,Rider,Mark Willis,31.951574137850734,3.130274342593457,21/03/1998 13:00:00,2,Suzuki GSX-R 750 [1998],World Superbikes,
17,Rider,Craig Connell,35.01377649528103,2.389475845005589,21/03/1998 13:00:00,0,Ducati [1998],World Superbikes,
17,Rider,Craig Connell,35.01432330317457,2.3886736297812634,21/03/1998 13:00:00,1,Ducati [1998],World Superbikes,
17,Rider,Craig Connell,35.01479886251296,2.388283925260761,21/03/1998 13:00:00,2,Ducati [1998],World Superbikes,
17,Rider,Craig Connell,35.01523449528382,2.388292611969207,17/04/1999 13:00:00,0,Ducati [1999],World Superbikes,
17,Rider,Craig Connell,35.01581390079576,2.3887110688528668,17/04/1999 13:00:00,1,Ducati [1999],World Superbikes,
17,Rider,Craig Connell,35.0147114505541,2.3895249249161084,17/04/1999 13:00:00,2,Ducati [1999],World Superbikes,
18,Bike,Ducati [1998],25.84376860271697,1.1750500927965697,21/03/1998 13:00:00,0,,World Superbikes,
18,Bike,Ducati [1998],25.84358147171744,1.1723938105511948,21/03/1998 13:00:00,1,,World Superbikes,
18,Bike,Ducati [1998],25.84338864406341,1.1699139916993768,21/03/1998 13:00:00,2,,World Superbikes,
18,Bike,Ducati [1998],25.843256917014997,1.1675875998334815,12/04/1998 13:00:00,0,,World Superbikes,
18,Bike,Ducati [1998],25.843708499703535,1.165443621943338,12/04/1998 13:00:00,1,,World Superbikes,
18,Bike,Ducati [1998],25.843724518651165,1.163483274388657,09/05/1998 13:00:00,0,,World Superbikes,
18,Bike,Ducati [1998],25.84387415210267,1.1616897072815677,09/05/1998 13:00:00,1,,World Superbikes,
18,Bike,Ducati [1998],25.844579901481932,1.160060668948144,09/05/1998 13:00:00,2,,World Superbikes,
18,Bike,Ducati [1998],25.844998122370743,1.1586167436636121,23/05/1998 13:00:00,0,,World Superbikes,
18,Bike,Ducati [1998],25.84530964338943,1.1573547717386532,23/05/1998 13:00:00,1,,World Superbikes,
18,Bike,Ducati [1998],25.84410337767725,1.1562617385321756,06/06/1998 13:00:00,0,,World Superbikes,
18,Bike,Ducati [1998],25.841794192829262,1.1553568195583932,06/06/1998 13:00:00,1,,World Superbikes,
18,Bike,Ducati [1998],25.838858994977787,1.154642490552409,06/06/1998 13:00:00,2,,World Superbikes,
18,Bike,Ducati [1998],25.83579998235346,1.1540779365717837,20/06/1998 13:00:00,0,,World Superbikes,
18,Bike,Ducati [1998],25.83248004178439,1.1536933392512985,20/06/1998 13:00:00,1,,World Superbikes,
18,Bike,Ducati [1998],25.82902703461357,1.1534818955132424,20/06/1998 13:00:00,2,,World Superbikes,
18,Bike,Ducati [1998],25.82601604045194,1.1534245376939247,04/07/1998 13:00:00,0,,World Superbikes,
18,Bike,Ducati [1998],25.823059639901633,1.1535096496385666,04/07/1998 13:00:00,1,,World Superbikes,
18,Bike,Ducati [1998],25.820272435115147,1.1537372635583556,04/07/1998 13:00:00,2,,World Superbikes,
18,Bike,Ducati [1998],25.81724068482312,1.1541321090343555,11/07/1998 13:00:00,0,,World Superbikes,
18,Bike,Ducati [1998],25.81411193647728,1.1547076828026692,11/07/1998 13:00:00,1,,World Superbikes,
18,Bike,Ducati [1998],25.811246239350915,1.1554590158657192,11/07/1998 13:00:00,2,,World Superbikes,
18,Bike,Ducati [1998],25.809742634737326,1.1563371396963957,01/08/1998 13:00:00,0,,World Superbikes,
18,Bike,Ducati [1998],25.809238653882826,1.1573859801771755,01/08/1998 13:00:00,1,,World Superbikes,
18,Bike,Ducati [1998],25.809219540103577,1.1586074035880785,01/08/1998 13:00:00,2,,World Superbikes,
18,Bike,Ducati [1998],25.807889865379515,1.1600141035959712,29/08/1998 13:00:00,0,,World Superbikes,
18,Bike,Ducati [1998],25.805967536659683,1.1616087071840129,29/08/1998 13:00:00,1,,World Superbikes,
18,Bike,Ducati [1998],25.803897006226077,1.1633927366102226,29/08/1998 13:00:00,2,,World Superbikes,
18,Bike,Ducati [1998],25.802110155407295,1.1653356477443133,05/09/1998 13:00:00,0,,World Superbikes,
18,Bike,Ducati [1998],25.80005221985302,1.1674543323951878,05/09/1998 13:00:00,1,,World Superbikes,
18,Bike,Ducati [1998],25.797712008425364,1.169730606978149,05/09/1998 13:00:00,2,,World Superbikes,
18,Bike,Ducati [1998],25.795147741289885,1.1721852560195707,03/10/1998 13:00:00,0,,World Superbikes,
18,Bike,Ducati [1998],25.79312229353087,1.174838023042742,03/10/1998 13:00:00,1,,World Superbikes,
19,Rider,Steve Martin,31.04178634138339,0.7276563973934297,21/03/1998 13:00:00,0,Ducati [1998],World Superbikes,
19,Rider,Steve Martin,31.041421190551947,0.7230678396026415,21/03/1998 13:00:00,1,Ducati [1998],World Superbikes,
19,Rider,Steve Martin,31.039997143623676,0.7185721742788083,21/03/1998 13:00:00,2,Ducati [1998],World Superbikes,
19,Rider,Steve Martin,31.038035129141043,0.7141631140501364,17/04/1999 13:00:00,0,Ducati [1999],World Superbikes,
19,Rider,Steve Martin,31.034750183153363,0.709843416509862,17/04/1999 13:00:00,1,Ducati [1999],World Superbikes,
19,Rider,Steve Martin,31.02956603692061,0.7056112280100683,17/04/1999 13:00:00,2,Ducati [1999],World Superbikes,
19,Rider,Steve Martin,31.022927043610526,0.7014632311333194,09/03/2001 13:00:00,0,Ducati 996 RS [2001],World Superbikes,
19,Rider,Steve Martin,31.015528422802667,0.6974045563404287,09/03/2001 13:00:00,1,Ducati 996 RS [2001],World Superbikes,
19,Rider,Steve Martin,31.009234300170665,0.6934319263025195,10/03/2001 13:00:00,0,Ducati 996 RS [2001],World Superbikes,
19,Rider,Steve Martin,31.003699861566233,0.6895305357033114,29/03/2001 13:00:00,0,Ducati 996 RS [2001],World Superbikes,
19,Rider,Steve Martin,30.999649714876412,0.6857092019730122,30/03/2001 13:00:00,0,Ducati 996 RS [2001],World Superbikes,
19,Rider,Steve Martin,30.996676081500734,0.6819688614624979,19/04/2001 13:00:00,0,Ducati 996 RS [2001],World Superbikes,
19,Rider,Steve Martin,30.993277779035783,0.6783115451340076,20/04/2001 13:00:00,0,Ducati 996 RS [2001],World Superbikes,
19,Rider,Steve Martin,30.989222587903107,0.6747353936970938,20/04/2001 13:00:00,1,Ducati 996 RS [2001],World Superbikes,
19,Rider,Steve Martin,30.984937217766635,0.6712331028803179,26/04/2001 13:00:00,0,Ducati 996 RS [2001],World Superbikes,
19,Rider,Steve Martin,30.981179186134536,0.6678094416903276,27/04/2001 13:00:00,0,Ducati 996 RS [2001],World Superbikes,
19,Rider,Steve Martin,30.97816288143769,0.6644627909117103,10/05/2001 13:00:00,0,Ducati 996 RS [2001],World Superbikes,
19,Rider,Steve Martin,30.97543033165366,0.6611937030783337,11/05/2001 13:00:00,0,Ducati 996 RS [2001],World Superbikes,
19,Rider,Steve Martin,30.97335132020663,0.6579990024861783,25/05/2001 13:00:00,0,Ducati 996 RS [2001],World Superbikes,
19,Rider,Steve Martin,30.97198245938172,0.6548767292497747,25/05/2001 13:00:00,1,Ducati 996 RS [2001],World Superbikes,
19,Rider,Steve Martin,30.971343562091807,0.651825440811004,07/06/2001 13:00:00,0,Ducati 996 RS [2001],World Superbikes,
19,Rider,Steve Martin,30.968941096427187,0.6488449834550212,08/06/2001 13:00:00,0,Ducati 996 RS [2001],World Superbikes,
19,Rider,Steve Martin,30.963759113001437,0.6459279077749196,09/06/2001 13:00:00,0,Ducati 996 RS [2001],World Superbikes,
19,Rider,Steve Martin,30.95695148644037,0.6430767309583246,21/06/2001 13:00:00,0,Ducati 996 RS [2001],World Superbikes,
19,Rider,Steve Martin,30.948558098142357,0.6402932954463921,22/06/2001 13:00:00,0,Ducati 996 RS [2001],World Superbikes,
19,Rider,Steve Martin,30.939483050741707,0.6375778240000571,23/06/2001 13:00:00,0,Ducati 996 RS [2001],World Superbikes,
19,Rider,Steve Martin,30.929442021881908,0.6349251756948535,06/07/2001 13:00:00,0,Ducati 996 RS [2001],World Superbikes,
19,Rider,Steve Martin,30.91912121513753,0.6323372881562614,07/07/2001 13:00:00,0,Ducati 996 RS [2001],World Superbikes,
19,Rider,Steve Martin,30.908317668023674,0.629813257207403,07/07/2001 13:00:00,1,Ducati 996 RS [2001],World Superbikes,
19,Rider,Steve Martin,30.898026796005396,0.6273345843742837,27/07/2001 13:00:00,0,Ducati 996 RS [2001],World Superbikes,
19,Rider,Steve Martin,30.888893219448253,0.6249163518293348,27/07/2001 13:00:00,1,Ducati 996 RS [2001],World Superbikes,
19,Rider,Steve Martin,30.880203655635125,0.6225588179367608,30/08/2001 13:00:00,0,Ducati 996 RS [2001],World Superbikes,
19,Rider,Steve Martin,30.871322575634338,0.6202608446596837,31/08/2001 13:00:00,0,Ducati 996 RS [2001],World Superbikes,
19,Rider,Steve Martin,30.860913583593334,0.6180207208075132,01/09/2001 13:00:00,0,Ducati 996 RS [2001],World Superbikes,
19,Rider,Steve Martin,30.849987201443533,0.6158329786791505,06/09/2001 13:00:00,0,Ducati 996 RS [2001],World Superbikes,
19,Rider,Steve Martin,30.84142058056527,0.6136855466809017,07/09/2001 13:00:00,0,Ducati 996 RS [2001],World Superbikes,
19,Rider,Steve Martin,30.83141303966197,0.6115921643202871,27/09/2001 13:00:00,0,Ducati 996 RS [2001],World Superbikes,
19,Rider,Steve Martin,30.8208737428414,0.6095539338576869,28/09/2001 13:00:00,0,Ducati 996 RS [2001],World Superbikes,
19,Rider,Steve Martin,30.810692172223987,0.6075702507901846,08/03/2002 13:00:00,0,Ducati 998 RS [2002],World Superbikes,
19,Rider,Steve Martin,30.80041687618643,0.6056365771252753,08/03/2002 13:00:00,1,Ducati 998 RS [2002],World Superbikes,
19,Rider,Steve Martin,30.790019359705028,0.6037525205702786,09/03/2002 13:00:00,0,Ducati 998 RS [2002],World Superbikes,
19,Rider,Steve Martin,30.78046909397137,0.6019057514109041,21/03/2002 13:00:00,0,Ducati 998 RS [2002],World Superbikes,
19,Rider,Steve Martin,30.77071227073967,0.6001061458959479,22/03/2002 13:00:00,0,Ducati 998 RS [2002],World Superbikes,
19,Rider,Steve Martin,30.7595567429788,0.5983535729451734,22/03/2002 13:00:00,1,Ducati 998 RS [2002],World Superbikes,
19,Rider,Steve Martin,30.748841746613707,0.5966427069789598,04/04/2002 13:00:00,0,Ducati 998 RS [2002],World Superbikes,
19,Rider,Steve Martin,30.738083822119624,0.594976194512664,05/04/2002 13:00:00,0,Ducati 998 RS [2002],World Superbikes,
19,Rider,Steve Martin,30.72862801964965,0.5933496669921653,06/04/2002 13:00:00,0,Ducati 998 RS [2002],World Superbikes,
19,Rider,Steve Martin,30.721276327439366,0.5917390206269925,18/04/2002 13:00:00,0,Ducati 998 RS [2002],World Superbikes,
19,Rider,Steve Martin,30.715066155153878,0.5901692945504095,19/04/2002 13:00:00,0,Ducati 998 RS [2002],World Superbikes,
19,Rider,Steve Martin,30.710948720726652,0.5886329813970068,09/05/2002 13:00:00,0,Ducati 998 RS [2002],World Superbikes,
19,Rider,Steve Martin,30.706722408819857,0.5871408671830474,10/05/2002 13:00:00,0,Ducati 998 RS [2002],World Superbikes,
19,Rider,Steve Martin,30.702571218818434,0.5856917310155578,11/05/2002 13:00:00,0,Ducati 998 RS [2002],World Superbikes,
19,Rider,Steve Martin,30.697796642740006,0.5842807165266201,24/05/2002 13:00:00,0,Ducati 998 RS [2002],World Superbikes,
19,Rider,Steve Martin,30.693349605050578,0.5829129327311375,24/05/2002 13:00:00,1,Ducati 998 RS [2002],World Superbikes,
19,Rider,Steve Martin,30.688586784824373,0.5815869463011077,25/05/2002 13:00:00,0,Ducati 998 RS [2002],World Superbikes,
19,Rider,Steve Martin,30.68520370431273,0.5802671831016283,06/06/2002 13:00:00,0,Ducati 998 RS [2002],World Superbikes,
19,Rider,Steve Martin,30.680114874659264,0.5789847786966851,07/06/2002 13:00:00,0,Ducati 998 RS [2002],World Superbikes,
19,Rider,Steve Martin,30.673881209459616,0.5777390634092355,08/06/2002 13:00:00,0,Ducati 998 RS [2002],World Superbikes,
19,Rider,Steve Martin,30.667252837947018,0.5765253546663448,20/06/2002 13:00:00,0,Ducati 998 RS [2002],World Superbikes,
19,Rider,Steve Martin,30.65889647680287,0.5753448302051286,21/06/2002 13:00:00,0,Ducati 998 RS [2002],World Superbikes,
19,Rider,Steve Martin,30.649663666444926,0.5741982110837414,22/06/2002 13:00:00,0,Ducati 998 RS [2002],World Superbikes,
19,Rider,Steve Martin,30.63963079950412,0.573083858452145,12/07/2002 13:00:00,0,Ducati 998 RS [2002],World Superbikes,
19,Rider,Steve Martin,30.62886760136801,0.5720041140651257,13/07/2002 13:00:00,0,Ducati 998 RS [2002],World Superbikes,
19,Rider,Steve Martin,30.617930822296017,0.5709583634521402,13/07/2002 13:00:00,1,Ducati 998 RS [2002],World Superbikes,
19,Rider,Steve Martin,30.607511120859623,0.5699250659172965,26/07/2002 13:00:00,0,Ducati 998 RS [2002],World Superbikes,
19,Rider,Steve Martin,30.59745062921479,0.5689264272516673,26/07/2002 13:00:00,1,Ducati 998 RS [2002],World Superbikes,
19,Rider,Steve Martin,30.587320970233197,0.5679619868467427,27/07/2002 13:00:00,0,Ducati 998 RS [2002],World Superbikes,
19,Rider,Steve Martin,30.577471460721885,0.5670199637831289,05/09/2002 13:00:00,0,Ducati 998 RS [2002],World Superbikes,
19,Rider,Steve Martin,30.568724964834235,0.5661084202740527,06/09/2002 13:00:00,0,Ducati 998 RS [2002],World Superbikes,
19,Rider,Steve Martin,30.560699602677307,0.5652265456165976,07/09/2002 13:00:00,0,Ducati 998 RS [2002],World Superbikes,
19,Rider,Steve Martin,30.55388867949897,0.5643610316035137,26/09/2002 13:00:00,0,Ducati 998 RS [2002],World Superbikes,
19,Rider,Steve Martin,30.548270945419954,0.5635270538207945,27/09/2002 13:00:00,0,Ducati 998 RS [2002],World Superbikes,
19,Rider,Steve Martin,30.5449666148578,0.5627100201169404,28/02/2003 13:00:00,0,Ducati 998 RS [2003],World Superbikes,
19,Rider,Steve Martin,30.540416138330883,0.56191938123669,28/02/2003 13:00:00,1,Ducati 998 RS [2003],World Superbikes,
19,Rider,Steve Martin,30.53486286052275,0.5611563176616158,01/03/2003 13:00:00,0,Ducati 998 RS [2003],World Superbikes,
19,Rider,Steve Martin,30.528410612726184,0.5604188039301822,27/03/2003 13:00:00,0,Ducati 998 RS [2003],World Superbikes,
19,Rider,Steve Martin,30.522171212432976,0.5597082247183219,28/03/2003 13:00:00,0,Ducati 998 RS [2003],World Superbikes,
19,Rider,Steve Martin,30.516146108426163,0.5590257329333257,28/03/2003 13:00:00,1,Ducati 998 RS [2003],World Superbikes,
19,Rider,Steve Martin,30.51002027101268,0.5583685280827112,24/04/2003 13:00:00,0,Ducati 998 RS [2003],World Superbikes,
19,Rider,Steve Martin,30.504140949175586,0.5577379498788092,25/04/2003 13:00:00,0,Ducati 998 RS [2003],World Superbikes,
19,Rider,Steve Martin,30.49929780290527,0.5571334662485028,25/04/2003 13:00:00,1,Ducati 998 RS [2003],World Superbikes,
19,Rider,Steve Martin,30.49664509876595,0.5565314656387041,15/05/2003 13:00:00,0,Ducati 998 RS [2003],World Superbikes,
19,Rider,Steve Martin,30.494241687819805,0.555954661722195,16/05/2003 13:00:00,0,Ducati 998 RS [2003],World Superbikes,
19,Rider,Steve Martin,30.492521531556473,0.5554034180754861,17/05/2003 13:00:00,0,Ducati 998 RS [2003],World Superbikes,
19,Rider,Steve Martin,30.492273211827023,0.5548701580465463,29/05/2003 13:00:00,0,Ducati 998 RS [2003],World Superbikes,
19,Rider,Steve Martin,30.491533704045565,0.5543600975541431,30/05/2003 13:00:00,0,Ducati 998 RS [2003],World Superbikes,
19,Rider,Steve Martin,30.492702848690058,0.5538712559076568,31/05/2003 13:00:00,0,Ducati 998 RS [2003],World Superbikes,
19,Rider,Steve Martin,30.492898235161753,0.5534032377765765,13/06/2003 13:00:00,0,Ducati 998 RS [2003],World Superbikes,
19,Rider,Steve Martin,30.49377915521629,0.5529601911241965,13/06/2003 13:00:00,1,Ducati 998 RS [2003],World Superbikes,
19,Rider,Steve Martin,30.495188304971816,0.5525426251834631,19/06/2003 13:00:00,0,Ducati 998 RS [2003],World Superbikes,
19,Rider,Steve Martin,30.493856212870856,0.5521327621271517,20/06/2003 13:00:00,0,Ducati 998 RS [2003],World Superbikes,
19,Rider,Steve Martin,30.490606461195764,0.5517404132716855,21/06/2003 13:00:00,0,Ducati 998 RS [2003],World Superbikes,
19,Rider,Steve Martin,30.486337410375185,0.5513698253277012,11/07/2003 13:00:00,0,Ducati 998 RS [2003],World Superbikes,
19,Rider,Steve Martin,30.482087082636802,0.55102164583901,12/07/2003 13:00:00,0,Ducati 998 RS [2003],World Superbikes,
19,Rider,Steve Martin,30.47824005615921,0.5506953611129455,12/07/2003 13:00:00,1,Ducati 998 RS [2003],World Superbikes,
19,Rider,Steve Martin,30.474205468426664,0.5503862903768607,25/07/2003 13:00:00,0,Ducati 998 RS [2003],World Superbikes,
19,Rider,Steve Martin,30.47206352005326,0.5501004270229661,25/07/2003 13:00:00,1,Ducati 998 RS [2003],World Superbikes,
19,Rider,Steve Martin,30.470625239482978,0.5498389706616773,04/09/2003 13:00:00,0,Ducati 998 RS [2003],World Superbikes,
19,Rider,Steve Martin,30.46981424618281,0.5495993201694097,05/09/2003 13:00:00,0,Ducati 998 RS [2003],World Superbikes,
19,Rider,Steve Martin,30.46999304472928,0.5493825207025134,06/09/2003 13:00:00,0,Ducati 998 RS [2003],World Superbikes,
19,Rider,Steve Martin,30.470689481131753,0.5491833029893218,25/09/2003 13:00:00,0,Ducati 998 RS [2003],World Superbikes,
19,Rider,Steve Martin,30.471167226769083,0.5490051182776483,26/09/2003 13:00:00,0,Ducati 998 RS [2003],World Superbikes,
19,Rider,Steve Martin,30.471404049224127,0.5488479065399694,27/09/2003 13:00:00,0,Ducati 998 RS [2003],World Superbikes,
19,Rider,Steve Martin,30.471004521543367,0.5487100628993841,16/10/2003 13:00:00,0,Ducati 998 RS [2003],World Superbikes,
19,Rider,Steve Martin,30.469904275355052,0.5485941115242986,17/10/2003 13:00:00,0,Ducati 998 RS [2003],World Superbikes,
19,Rider,Steve Martin,30.469205300003622,0.5485005914035916,18/10/2003 13:00:00,0,Ducati 998 RS [2003],World Superbikes,
19,Rider,Steve Martin,30.468328055165458,0.5484256807915691,27/02/2004 13:00:00,0,Ducati 999 RS [2004],World Superbikes,
19,Rider,Steve Martin,30.466382428843698,0.5483605659385957,27/02/2004 13:00:00,1,Ducati 999 RS [2004],World Superbikes,
19,Rider,Steve Martin,30.463732674073395,0.5483072422236879,28/02/2004 13:00:00,0,Ducati 999 RS [2004],World Superbikes,
19,Rider,Steve Martin,30.46076126494108,0.5482659584636547,25/03/2004 13:00:00,0,Ducati 999 RS [2004],World Superbikes,
19,Rider,Steve Martin,30.456811515883732,0.548236362045736,26/03/2004 13:00:00,0,Ducati 999 RS [2004],World Superbikes,
19,Rider,Steve Martin,30.45079116593302,0.5482016817048836,26/03/2004 13:00:00,1,Ducati 999 RS [2004],World Superbikes,
19,Rider,Steve Martin,30.443638773558483,0.5481761915241601,15/04/2004 13:00:00,0,Ducati 999 RS04 [2004],World Superbikes,
19,Rider,Steve Martin,30.43623027976864,0.5481706422444834,16/04/2004 13:00:00,0,Ducati 999 RS04 [2004],World Superbikes,
19,Rider,Steve Martin,30.429357617571487,0.548187775258229,17/04/2004 13:00:00,0,Ducati 999 RS04 [2004],World Superbikes,
19,Rider,Steve Martin,30.42036774737847,0.5482029865494558,13/05/2004 13:00:00,0,Ducati 999 RS04 [2004],World Superbikes,
19,Rider,Steve Martin,30.41178941724096,0.5482401042134906,14/05/2004 13:00:00,0,Ducati 999 RS04 [2004],World Superbikes,
19,Rider,Steve Martin,30.406739064139238,0.5482945410163725,15/05/2004 13:00:00,0,Ducati 999 RS04 [2004],World Superbikes,
19,Rider,Steve Martin,30.402675728567914,0.5483686697088385,27/05/2004 13:00:00,0,Ducati 999 RS04 [2004],World Superbikes,
19,Rider,Steve Martin,30.39703368845442,0.5484548776127569,28/05/2004 13:00:00,0,Ducati 999 RS04 [2004],World Superbikes,
19,Rider,Steve Martin,30.39052156905739,0.5485584488986647,29/05/2004 13:00:00,0,Ducati 999 RS04 [2004],World Superbikes,
19,Rider,Steve Martin,30.383662533494416,0.5486810883794768,11/06/2004 13:00:00,0,Ducati 999 RS04 [2004],World Superbikes,
19,Rider,Steve Martin,30.377481413615097,0.5488262088736598,11/06/2004 13:00:00,1,Ducati 999 RS04 [2004],World Superbikes,
19,Rider,Steve Martin,30.370815577228935,0.5489913525269192,12/06/2004 13:00:00,0,Ducati 999 RS04 [2004],World Superbikes,
19,Rider,Steve Martin,30.364356009945695,0.5491772739821347,09/07/2004 13:00:00,0,Ducati 999 RS04 [2004],World Superbikes,
19,Rider,Steve Martin,30.355561747476024,0.5493649079901245,10/07/2004 13:00:00,0,Ducati 999 RS04 [2004],World Superbikes,
19,Rider,Steve Martin,30.346627346590324,0.549573310917252,10/07/2004 13:00:00,1,Ducati 999 RS04 [2004],World Superbikes,
19,Rider,Steve Martin,30.3354225541028,0.5497830379681397,30/07/2004 13:00:00,0,Ducati 999 RS04 [2004],World Superbikes,
19,Rider,Steve Martin,30.32489590159893,0.5500174581579453,30/07/2004 13:00:00,1,Ducati 999 RS04 [2004],World Superbikes,
19,Rider,Steve Martin,30.314572368980155,0.5502751995697299,31/07/2004 13:00:00,0,Ducati 999 RS04 [2004],World Superbikes,
19,Rider,Steve Martin,30.30198776963258,0.5505347364852152,02/09/2004 13:00:00,0,Ducati 999 RS04 [2004],World Superbikes,
19,Rider,Steve Martin,30.28968335731702,0.5508181347723096,03/09/2004 13:00:00,0,Ducati 999 RS04 [2004],World Superbikes,
19,Rider,Steve Martin,30.27886651986546,0.5511240683790178,04/09/2004 13:00:00,0,Ducati 999 RS04 [2004],World Superbikes,
19,Rider,Steve Martin,30.270764890752815,0.5514358693907019,23/09/2004 13:00:00,0,Ducati 999 RS04 [2004],World Superbikes,
19,Rider,Steve Martin,30.261101817183896,0.5517634267895709,24/09/2004 13:00:00,0,Ducati 999 RS04 [2004],World Superbikes,
19,Rider,Steve Martin,30.251811431953033,0.5521157461594531,25/09/2004 13:00:00,0,Ducati 999 RS04 [2004],World Superbikes,
19,Rider,Steve Martin,30.243137685039315,0.5524905053650282,30/09/2004 13:00:00,0,Ducati 999 RS04 [2004],World Superbikes,
19,Rider,Steve Martin,30.233594467155008,0.5528868887916608,01/10/2004 13:00:00,0,Ducati 999 RS04 [2004],World Superbikes,
19,Rider,Steve Martin,30.22285198873087,0.5533044121898353,02/10/2004 13:00:00,0,Ducati 999 RS04 [2004],World Superbikes,
19,Rider,Steve Martin,30.21205741436934,0.5537440643639419,23/02/2005 13:00:00,0,Petronas FP1 [2005],World Superbikes,
19,Rider,Steve Martin,30.20243507772544,0.5542098939058225,24/02/2005 13:00:00,0,Petronas FP1 [2005],World Superbikes,
19,Rider,Steve Martin,30.19357033339949,0.5547025715229813,31/03/2005 13:00:00,0,Petronas FP1 [2005],World Superbikes,
19,Rider,Steve Martin,30.18398190525066,0.5552225477400102,01/04/2005 13:00:00,0,Petronas FP1 [2005],World Superbikes,
19,Rider,Steve Martin,30.17272945171762,0.5557676194063739,01/04/2005 13:00:00,1,Petronas FP1 [2005],World Superbikes,
19,Rider,Steve Martin,30.159048542171078,0.5563303340120493,21/04/2005 13:00:00,0,Petronas FP1 [2005],World Superbikes,
19,Rider,Steve Martin,30.144519094338868,0.5569220320021878,22/04/2005 13:00:00,0,Petronas FP1 [2005],World Superbikes,
19,Rider,Steve Martin,30.130263070165256,0.5575442222638076,23/04/2005 13:00:00,0,Petronas FP1 [2005],World Superbikes,
19,Rider,Steve Martin,30.11700191691873,0.5581858534973996,05/05/2005 13:00:00,0,Petronas FP1 [2005],World Superbikes,
19,Rider,Steve Martin,30.105716214491252,0.5588554043077426,06/05/2005 13:00:00,0,Petronas FP1 [2005],World Superbikes,
19,Rider,Steve Martin,30.096663795261726,0.5595531146240964,27/05/2005 13:00:00,0,Petronas FP1 [2005],World Superbikes,
19,Rider,Steve Martin,30.08985847063279,0.5602724579473636,27/05/2005 13:00:00,1,Petronas FP1 [2005],World Superbikes,
19,Rider,Steve Martin,30.085141182167657,0.5610157595914794,23/06/2005 13:00:00,0,Petronas FP1 [2005],World Superbikes,
19,Rider,Steve Martin,30.07997148563361,0.5617909696924716,24/06/2005 13:00:00,0,Petronas FP1 [2005],World Superbikes,
19,Rider,Steve Martin,30.074680022820637,0.5625990493785993,25/06/2005 13:00:00,0,Petronas FP1 [2005],World Superbikes,
19,Rider,Steve Martin,30.068673983218673,0.5634344330752675,14/07/2005 13:00:00,0,Petronas FP1 [2005],World Superbikes,
19,Rider,Steve Martin,30.063667612269846,0.5643025791129834,15/07/2005 13:00:00,0,Petronas FP1 [2005],World Superbikes,
19,Rider,Steve Martin,30.058622321647555,0.5652051774811976,05/08/2005 13:00:00,0,Petronas FP1 [2005],World Superbikes,
19,Rider,Steve Martin,30.05305309274092,0.5661407603883133,05/08/2005 13:00:00,1,Petronas FP1 [2005],World Superbikes,
19,Rider,Steve Martin,30.047236828892103,0.5671115218870756,06/08/2005 13:00:00,0,Petronas FP1 [2005],World Superbikes,
19,Rider,Steve Martin,30.041346461145483,0.5681118204857014,01/09/2005 13:00:00,0,Petronas FP1 [2005],World Superbikes,
19,Rider,Steve Martin,30.034201156905077,0.5691450328954908,02/09/2005 13:00:00,0,Petronas FP1 [2005],World Superbikes,
19,Rider,Steve Martin,30.027419130205107,0.5702139917358057,03/09/2005 13:00:00,0,Petronas FP1 [2005],World Superbikes,
19,Rider,Steve Martin,30.019963498522454,0.5713143375087552,08/09/2005 13:00:00,0,Petronas FP1 [2005],World Superbikes,
19,Rider,Steve Martin,30.012482017410285,0.5724504336782529,09/09/2005 13:00:00,0,Petronas FP1 [2005],World Superbikes,
19,Rider,Steve Martin,30.004564489336417,0.5736229153172557,10/09/2005 13:00:00,0,Petronas FP1 [2005],World Superbikes,
19,Rider,Steve Martin,29.99650998481145,0.5748260680086974,29/09/2005 13:00:00,0,Petronas FP1 [2005],World Superbikes,
19,Rider,Steve Martin,29.98640735291456,0.5760640138520232,30/09/2005 13:00:00,0,Petronas FP1 [2005],World Superbikes,
19,Rider,Steve Martin,29.974613164942415,0.5773391795155343,01/10/2005 13:00:00,0,Petronas FP1 [2005],World Superbikes,
19,Rider,Steve Martin,29.962627555079656,0.5786502541312089,06/10/2005 13:00:00,0,Petronas FP1 [2005],World Superbikes,
19,Rider,Steve Martin,29.949286828284663,0.5800001801329124,07/10/2005 13:00:00,0,Petronas FP1 [2005],World Superbikes,
19,Rider,Steve Martin,29.937540900167686,0.5813891120422623,08/10/2005 13:00:00,0,Petronas FP1 [2005],World Superbikes,
19,Rider,Steve Martin,29.926363502813295,0.5828136920047583,22/02/2006 13:00:00,0,Petronas FP1 [2006],World Superbikes,
19,Rider,Steve Martin,29.915860902628026,0.5842819454851076,23/02/2006 13:00:00,0,Petronas FP1 [2006],World Superbikes,
19,Rider,Steve Martin,29.904481467574907,0.5857924546215659,24/02/2006 13:00:00,0,Petronas FP1 [2006],World Superbikes,
19,Rider,Steve Martin,29.892892186363483,0.5873422719302077,02/03/2006 13:00:00,0,Petronas FP1 [2006],World Superbikes,
19,Rider,Steve Martin,29.880111815730064,0.5889346290589786,03/03/2006 13:00:00,0,Petronas FP1 [2006],World Superbikes,
19,Rider,Steve Martin,29.86593242029234,0.5905688766663519,03/03/2006 13:00:00,1,Petronas FP1 [2006],World Superbikes,
19,Rider,Steve Martin,29.850197618935617,0.5922423154688281,20/04/2006 13:00:00,0,Petronas FP1 [2006],World Superbikes,
19,Rider,Steve Martin,29.832441684113498,0.5939539583318283,21/04/2006 13:00:00,0,Petronas FP1 [2006],World Superbikes,
19,Rider,Steve Martin,29.814926529295313,0.5957153440127164,22/04/2006 13:00:00,0,Petronas FP1 [2006],World Superbikes,
19,Rider,Steve Martin,29.795981216432534,0.5975183656142492,04/05/2006 13:00:00,0,Petronas FP1 [2006],World Superbikes,
19,Rider,Steve Martin,29.779844191219606,0.5993670053942188,05/05/2006 13:00:00,0,Petronas FP1 [2006],World Superbikes,
19,Rider,Steve Martin,29.765824817293463,0.601263004476798,26/05/2006 13:00:00,0,Petronas FP1 [2006],World Superbikes,
19,Rider,Steve Martin,29.754667586388575,0.6032010278137878,22/06/2006 13:00:00,0,Petronas FP1 [2006],World Superbikes,
19,Rider,Steve Martin,29.74206303514156,0.6051886038501272,23/06/2006 13:00:00,0,Petronas FP1 [2006],World Superbikes,
19,Rider,Steve Martin,29.727683145023473,0.6072244097872482,24/06/2006 13:00:00,0,Petronas FP1 [2006],World Superbikes,
19,Rider,Steve Martin,29.711711736890866,0.6093077038244437,20/07/2006 13:00:00,0,Petronas FP1 [2006],World Superbikes,
19,Rider,Steve Martin,29.695076715885946,0.6114463209764696,21/07/2006 13:00:00,0,Petronas FP1 [2006],World Superbikes,
19,Rider,Steve Martin,29.67771764843218,0.6136407669015749,22/07/2006 13:00:00,0,Petronas FP1 [2006],World Superbikes,
19,Rider,Steve Martin,29.661351106097495,0.6158839778768678,04/08/2006 13:00:00,0,Petronas FP1 [2006],World Superbikes,
19,Rider,Steve Martin,29.64672288885063,0.6181826788913185,04/08/2006 13:00:00,1,Petronas FP1 [2006],World Superbikes,
19,Rider,Steve Martin,29.632759135647596,0.6205391623745843,31/08/2006 13:00:00,0,Petronas FP1 [2006],World Superbikes,
19,Rider,Steve Martin,29.620425093969306,0.622953287148748,01/09/2006 13:00:00,0,Petronas FP1 [2006],World Superbikes,
19,Rider,Steve Martin,29.608201029621057,0.6254285098626842,02/09/2006 13:00:00,0,Petronas FP1 [2006],World Superbikes,
19,Rider,Steve Martin,29.59614969211639,0.6279602829984573,07/09/2006 13:00:00,0,Petronas FP1 [2006],World Superbikes,
19,Rider,Steve Martin,29.584152506934046,0.6305546683433711,08/09/2006 13:00:00,0,Petronas FP1 [2006],World Superbikes,
19,Rider,Steve Martin,29.570314394159485,0.6332077919791367,09/09/2006 13:00:00,0,Petronas FP1 [2006],World Superbikes,
19,Rider,Steve Martin,29.556239841306585,0.635921973301019,28/09/2006 13:00:00,0,Petronas FP1 [2006],World Superbikes,
19,Rider,Steve Martin,29.542849736106522,0.6387025207564643,29/09/2006 13:00:00,0,Petronas FP1 [2006],World Superbikes,
19,Rider,Steve Martin,29.529968536471216,0.6415507225986402,05/10/2006 13:00:00,0,Petronas FP1 [2006],World Superbikes,
19,Rider,Steve Martin,29.518799661413688,0.6444628308402331,06/10/2006 13:00:00,0,Petronas FP1 [2006],World Superbikes,
19,Rider,Steve Martin,29.508538937375786,0.6474390754650606,21/02/2007 13:00:00,0,Honda CBR 1000RR Fireblade [2007],World Superbikes,
19,Rider,Steve Martin,29.499353023974173,0.6504757986606097,22/02/2007 13:00:00,0,Honda CBR 1000RR Fireblade [2007],World Superbikes,
19,Rider,Steve Martin,29.490952868998782,0.6535758689024691,01/03/2007 13:00:00,0,Honda CBR 1000RR Fireblade [2007],World Superbikes,
19,Rider,Steve Martin,29.482112784002958,0.6567454597456117,02/03/2007 13:00:00,0,Honda CBR 1000RR Fireblade [2007],World Superbikes,
19,Rider,Steve Martin,29.472543431276158,0.6599854278348923,02/03/2007 13:00:00,1,Honda CBR 1000RR Fireblade [2007],World Superbikes,
19,Rider,Steve Martin,29.46278962516012,0.6632931558459931,30/03/2007 13:00:00,0,Honda CBR 1000RR Fireblade [2007],World Superbikes,
19,Rider,Steve Martin,29.453009634245493,0.6666745846203406,30/03/2007 13:00:00,1,Honda CBR 1000RR Fireblade [2007],World Superbikes,
19,Rider,Steve Martin,29.443415830758106,0.670129082271899,31/03/2007 13:00:00,0,Honda CBR 1000RR Fireblade [2007],World Superbikes,
19,Rider,Steve Martin,29.434335670326156,0.6736510080382753,12/04/2007 13:00:00,0,Honda CBR 1000RR Fireblade [2007],World Superbikes,
19,Rider,Steve Martin,29.427566262741724,0.6772349592838475,13/04/2007 13:00:00,0,Honda CBR 1000RR Fireblade [2007],World Superbikes,
19,Rider,Steve Martin,29.41999239964385,0.6808981640787625,10/05/2007 13:00:00,0,Honda CBR 1000RR Fireblade [2007],World Superbikes,
19,Rider,Steve Martin,29.413276086502382,0.6846364780049916,11/05/2007 13:00:00,0,Honda CBR 1000RR Fireblade [2007],World Superbikes,
19,Rider,Steve Martin,29.40717700683457,0.6884531286693086,03/08/2007 13:00:00,0,Yamaha YZF-R1 [2007],World Superbikes,
19,Rider,Steve Martin,29.401753698196238,0.6923462455574944,03/08/2007 13:00:00,1,Yamaha YZF-R1 [2007],World Superbikes,
19,Rider,Steve Martin,29.395894938299232,0.6963226753884921,04/08/2007 13:00:00,0,Yamaha YZF-R1 [2007],World Superbikes,
19,Rider,Steve Martin,29.389754857633413,0.7003812856345629,06/09/2007 13:00:00,0,Suzuki GSX-R1000 K6 [2007],World Superbikes,
19,Rider,Steve Martin,29.384268714880506,0.704517313262701,27/09/2007 13:00:00,0,Suzuki GSX-R1000 K6 [2007],World Superbikes,
19,Rider,Steve Martin,29.38015165046822,0.7087290806142217,28/09/2007 13:00:00,0,Suzuki GSX-R1000 K6 [2007],World Superbikes,
19,Rider,Steve Martin,29.37735534995335,0.7130231335974306,04/10/2007 13:00:00,0,Suzuki GSX-R1000 K6 [2007],World Superbikes,
19,Rider,Steve Martin,29.374883048664234,0.7173961429455513,05/10/2007 13:00:00,0,Suzuki GSX-R1000 K6 [2007],World Superbikes,
19,Rider,Steve Martin,29.37234860397838,0.7218521191220274,06/10/2007 13:00:00,0,Suzuki GSX-R1000 K6 [2007],World Superbikes,
19,Rider,Steve Martin,29.369371745365843,0.7263907494113112,15/05/2009 13:00:00,0,BMW S1000 RR [2009],World Superbikes,
19,Rider,Steve Martin,29.368095653041642,0.7309815961677325,15/05/2009 13:00:00,1,BMW S1000 RR [2009],World Superbikes,
20,Rider,Alessandro Gramigni,27.31286461403802,0.7935193372989978,21/03/1998 13:00:00,0,Ducati [1998],World Superbikes,
20,Rider,Alessandro Gramigni,27.311625707604954,0.7893490362916017,21/03/1998 13:00:00,1,Ducati [1998],World Superbikes,
20,Rider,Alessandro Gramigni,27.310887509763464,0.7852901438515142,12/04/1998 13:00:00,0,Ducati [1998],World Superbikes,
20,Rider,Alessandro Gramigni,27.310494066462955,0.7813365090716871,12/04/1998 13:00:00,1,Ducati [1998],World Superbikes,
20,Rider,Alessandro Gramigni,27.30977182960234,0.777489308520147,09/05/1998 13:00:00,0,Ducati [1998],World Superbikes,
20,Rider,Alessandro Gramigni,27.30961067226266,0.7737471093209797,09/05/1998 13:00:00,1,Ducati [1998],World Superbikes,
20,Rider,Alessandro Gramigni,27.309382897882244,0.7701082971925192,09/05/1998 13:00:00,2,Ducati [1998],World Superbikes,
20,Rider,Alessandro Gramigni,27.308803669974484,0.7665670993512776,23/05/1998 13:00:00,0,Ducati [1998],World Superbikes,
20,Rider,Alessandro Gramigni,27.30676876472901,0.7631265367164856,23/05/1998 13:00:00,1,Ducati [1998],World Superbikes,
20,Rider,Alessandro Gramigni,27.303345570647345,0.7597803138855809,06/06/1998 13:00:00,0,Ducati [1998],World Superbikes,
20,Rider,Alessandro Gramigni,27.299702249642337,0.7565341206364928,06/06/1998 13:00:00,1,Ducati [1998],World Superbikes,
20,Rider,Alessandro Gramigni,27.296211345528356,0.7533885077122114,20/06/1998 13:00:00,0,Ducati [1998],World Superbikes,
20,Rider,Alessandro Gramigni,27.291862352935343,0.7503424191746526,20/06/1998 13:00:00,1,Ducati [1998],World Superbikes,
20,Rider,Alessandro Gramigni,27.287168168155095,0.7473948458134226,20/06/1998 13:00:00,2,Ducati [1998],World Superbikes,
20,Rider,Alessandro Gramigni,27.282813994626142,0.7445192619563293,04/07/1998 13:00:00,0,Ducati [1998],World Superbikes,
20,Rider,Alessandro Gramigni,27.278076086390556,0.741733733438801,04/07/1998 13:00:00,1,Ducati [1998],World Superbikes,
20,Rider,Alessandro Gramigni,27.27337385083129,0.7390363479299032,04/07/1998 13:00:00,2,Ducati [1998],World Superbikes,
20,Rider,Alessandro Gramigni,27.26862930280675,0.7364164898967456,11/07/1998 13:00:00,0,Ducati [1998],World Superbikes,
20,Rider,Alessandro Gramigni,27.263184167225766,0.7338888395369683,11/07/1998 13:00:00,1,Ducati [1998],World Superbikes,
20,Rider,Alessandro Gramigni,27.257372634716404,0.7314523715449064,01/08/1998 13:00:00,0,Ducati [1998],World Superbikes,
20,Rider,Alessandro Gramigni,27.251625671148755,0.729098709505988,01/08/1998 13:00:00,1,Ducati [1998],World Superbikes,
20,Rider,Alessandro Gramigni,27.24668961345847,0.7268294911854276,29/08/1998 13:00:00,0,Ducati [1998],World Superbikes,
20,Rider,Alessandro Gramigni,27.240982623577608,0.7246479133751751,29/08/1998 13:00:00,1,Ducati [1998],World Superbikes,
20,Rider,Alessandro Gramigni,27.2350452057673,0.7225555631500029,29/08/1998 13:00:00,2,Ducati [1998],World Superbikes,
20,Rider,Alessandro Gramigni,27.229059133592678,0.7205333325663376,05/09/1998 13:00:00,0,Ducati [1998],World Superbikes,
20,Rider,Alessandro Gramigni,27.222929860999546,0.7185879298046819,05/09/1998 13:00:00,1,Ducati [1998],World Superbikes,
20,Rider,Alessandro Gramigni,27.21626126228126,0.7167242077555437,05/09/1998 13:00:00,2,Ducati [1998],World Superbikes,
20,Rider,Alessandro Gramigni,27.208365307998804,0.7149396746339655,27/03/1999 13:00:00,0,Yamaha [1999],World Superbikes,
20,Rider,Alessandro Gramigni,27.20089117213078,0.7132282528688423,27/03/1999 13:00:00,1,Yamaha [1999],World Superbikes,
20,Rider,Alessandro Gramigni,27.1932751319374,0.7115950287061416,27/03/1999 13:00:00,2,Yamaha [1999],World Superbikes,
20,Rider,Alessandro Gramigni,27.18646267602776,0.7099949201018956,01/05/1999 13:00:00,0,Yamaha [1999],World Superbikes,
20,Rider,Alessandro Gramigni,27.180404296291954,0.708471744871824,01/05/1999 13:00:00,1,Yamaha [1999],World Superbikes,
20,Rider,Alessandro Gramigni,27.17524370986301,0.7070248864086802,15/05/1999 13:00:00,0,Yamaha [1999],World Superbikes,
20,Rider,Alessandro Gramigni,27.16953241259796,0.7056562771261047,15/05/1999 13:00:00,1,Yamaha [1999],World Superbikes,
20,Rider,Alessandro Gramigni,27.16390511021987,0.7043641291648095,15/05/1999 13:00:00,2,Yamaha [1999],World Superbikes,
20,Rider,Alessandro Gramigni,27.158324501615947,0.7031339924527187,29/05/1999 13:00:00,0,Yamaha [1999],World Superbikes,
20,Rider,Alessandro Gramigni,27.152868912878425,0.7019901076317865,29/05/1999 13:00:00,1,Yamaha [1999],World Superbikes,
20,Rider,Alessandro Gramigni,27.147359744261188,0.700931538666365,12/06/1999 13:00:00,0,Yamaha [1999],World Superbikes,
20,Rider,Alessandro Gramigni,27.141549684771615,0.6999591292923123,12/06/1999 13:00:00,1,Yamaha [1999],World Superbikes,
20,Rider,Alessandro Gramigni,27.13617894887823,0.6990725912549083,26/06/1999 13:00:00,0,Yamaha [1999],World Superbikes,
20,Rider,Alessandro Gramigni,27.131047216542594,0.698265243270728,26/06/1999 13:00:00,1,Yamaha [1999],World Superbikes,
20,Rider,Alessandro Gramigni,27.126859782768534,0.6975372299986201,10/07/1999 13:00:00,0,Yamaha [1999],World Superbikes,
20,Rider,Alessandro Gramigni,27.122111522254606,0.696887870128424,10/07/1999 13:00:00,1,Yamaha [1999],World Superbikes,
20,Rider,Alessandro Gramigni,27.117897406936123,0.6963114365321279,31/07/1999 13:00:00,0,Yamaha [1999],World Superbikes,
20,Rider,Alessandro Gramigni,27.114202682884947,0.6958157407852142,31/07/1999 13:00:00,1,Yamaha [1999],World Superbikes,
20,Rider,Alessandro Gramigni,27.11063734660291,0.695402533813104,28/08/1999 13:00:00,0,Yamaha [1999],World Superbikes,
20,Rider,Alessandro Gramigni,27.107942051119657,0.6950675822335918,28/08/1999 13:00:00,1,Yamaha [1999],World Superbikes,
20,Rider,Alessandro Gramigni,27.106109428122046,0.694811284407715,04/09/1999 13:00:00,0,Yamaha [1999],World Superbikes,
20,Rider,Alessandro Gramigni,27.104010488430422,0.694641430631232,04/09/1999 13:00:00,1,Yamaha [1999],World Superbikes,
20,Rider,Alessandro Gramigni,27.102130700556625,0.6945567843817549,11/09/1999 13:00:00,0,Yamaha [1999],World Superbikes,
20,Rider,Alessandro Gramigni,27.10002677454183,0.6945539250715083,11/09/1999 13:00:00,1,Yamaha [1999],World Superbikes,
20,Rider,Alessandro Gramigni,27.098213797426762,0.6946297384813426,01/04/2000 13:00:00,0,Yamaha YZF-R7 [2000],World Superbikes,
20,Rider,Alessandro Gramigni,27.096997112659583,0.6947888220717308,01/04/2000 13:00:00,1,Yamaha YZF-R7 [2000],World Superbikes,
20,Rider,Alessandro Gramigni,27.09706197582337,0.6950277368256507,13/05/2000 13:00:00,0,Yamaha YZF-R7 [2000],World Superbikes,
20,Rider,Alessandro Gramigni,27.09720317944023,0.6953539755731519,13/05/2000 13:00:00,1,Yamaha YZF-R7 [2000],World Superbikes,
20,Rider,Alessandro Gramigni,27.09776661989294,0.6957669440895354,20/05/2000 13:00:00,0,Yamaha YZF-R7 [2000],World Superbikes,
20,Rider,Alessandro Gramigni,27.099488901607383,0.6962648115133298,20/05/2000 13:00:00,1,Yamaha YZF-R7 [2000],World Superbikes,
20,Rider,Alessandro Gramigni,27.103545586111807,0.6968402835433556,03/06/2000 13:00:00,0,Yamaha YZF-R7 [2000],World Superbikes,
20,Rider,Alessandro Gramigni,27.108776370507695,0.697501951723945,03/06/2000 13:00:00,1,Yamaha YZF-R7 [2000],World Superbikes,
20,Rider,Alessandro Gramigni,27.114396129031523,0.6982515628619076,17/06/2000 13:00:00,0,Yamaha YZF-R7 [2000],World Superbikes,
20,Rider,Alessandro Gramigni,27.119721637754946,0.699088862573292,17/06/2000 13:00:00,1,Yamaha YZF-R7 [2000],World Superbikes,
20,Rider,Alessandro Gramigni,27.12550941961686,0.70001404759107,24/06/2000 13:00:00,0,Yamaha YZF-R7 [2000],World Superbikes,
20,Rider,Alessandro Gramigni,27.131946084265117,0.701025719363284,24/06/2000 13:00:00,1,Yamaha YZF-R7 [2000],World Superbikes,
20,Rider,Alessandro Gramigni,27.13772968965502,0.7021267261954768,05/08/2000 13:00:00,0,Yamaha YZF-R7 [2000],World Superbikes,
20,Rider,Alessandro Gramigni,27.143069956168205,0.70331604498831,05/08/2000 13:00:00,1,Yamaha YZF-R7 [2000],World Superbikes,
20,Rider,Alessandro Gramigni,27.148139676355303,0.7045940308932542,02/09/2000 13:00:00,0,Yamaha YZF-R7 [2000],World Superbikes,
20,Rider,Alessandro Gramigni,27.15139257023834,0.7059604479967516,02/09/2000 13:00:00,1,Yamaha YZF-R7 [2000],World Superbikes,
20,Rider,Alessandro Gramigni,27.153961093425597,0.7074167932368253,02/09/2000 13:00:00,2,Yamaha YZF-R7 [2000],World Superbikes,
20,Rider,Alessandro Gramigni,27.157464924252256,0.7089412211011125,09/09/2000 13:00:00,0,Yamaha YZF-R7 [2000],World Superbikes,
20,Rider,Alessandro Gramigni,27.15964974731897,0.7105583300139595,09/09/2000 13:00:00,1,Yamaha YZF-R7 [2000],World Superbikes,
20,Rider,Alessandro Gramigni,27.160806846211017,0.7122699696222539,09/09/2000 13:00:00,2,Yamaha YZF-R7 [2000],World Superbikes,
20,Rider,Alessandro Gramigni,27.16345710492722,0.714031722538555,14/10/2000 13:00:00,0,Yamaha YZF-R7 [2000],World Superbikes,
20,Rider,Alessandro Gramigni,27.165488168033715,0.7158868644808033,14/10/2000 13:00:00,1,Yamaha YZF-R7 [2000],World Superbikes,
20,Rider,Alessandro Gramigni,27.166554782347667,0.7178369276600192,10/05/2001 13:00:00,0,Yamaha YZF-R7 [2001],World Superbikes,
20,Rider,Alessandro Gramigni,27.167680685480168,0.7198763810492027,11/05/2001 13:00:00,0,Yamaha YZF-R7 [2001],World Superbikes,
20,Rider,Alessandro Gramigni,27.168973053802485,0.722006324739194,21/06/2001 13:00:00,0,Yamaha YZF-R7 [2001],World Superbikes,
20,Rider,Alessandro Gramigni,27.169317182244924,0.7242321455480916,22/06/2001 13:00:00,0,Yamaha YZF-R7 [2001],World Superbikes,
20,Rider,Alessandro Gramigni,27.16834770562266,0.7265533282364284,27/09/2001 13:00:00,0,Yamaha YZF-R7 [2001],World Superbikes,
20,Rider,Alessandro Gramigni,27.167070732419827,0.7289688555701205,28/09/2001 13:00:00,0,Yamaha YZF-R7 [2001],World Superbikes,
20,Rider,Alessandro Gramigni,27.164938730886767,0.731480040112843,28/02/2003 13:00:00,0,Yamaha YZF-R1 [2003],World Superbikes,
20,Rider,Alessandro Gramigni,27.163662583948334,0.7340802365580793,28/02/2003 13:00:00,1,Yamaha YZF-R1 [2003],World Superbikes,
20,Rider,Alessandro Gramigni,27.163225505652374,0.7367701852551226,15/05/2003 13:00:00,0,Yamaha YZF-R1 [2003],World Superbikes,
20,Rider,Alessandro Gramigni,27.161952259011294,0.7395556703001628,16/05/2003 13:00:00,0,Yamaha YZF-R1 [2003],World Superbikes,
20,Rider,Alessandro Gramigni,27.16076292587638,0.7424354729548327,17/05/2003 13:00:00,0,Yamaha YZF-R1 [2003],World Superbikes,
20,Rider,Alessandro Gramigni,27.15880776789551,0.7454066040616071,19/06/2003 13:00:00,0,Yamaha YZF-R1 [2003],World Superbikes,
20,Rider,Alessandro Gramigni,27.156473404810754,0.7484776759059157,20/06/2003 13:00:00,0,Yamaha YZF-R1 [2003],World Superbikes,
20,Rider,Alessandro Gramigni,27.154493716361394,0.7516483102530608,25/07/2003 13:00:00,0,Yamaha YZF-R1 [2003],World Superbikes,
20,Rider,Alessandro Gramigni,27.15174741289319,0.7549216637587819,25/07/2003 13:00:00,1,Yamaha YZF-R1 [2003],World Superbikes,
20,Rider,Alessandro Gramigni,27.148530055626082,0.7582972316993882,04/09/2003 13:00:00,0,Yamaha YZF-R1 [2003],World Superbikes,
20,Rider,Alessandro Gramigni,27.145232808013375,0.7617724361620355,05/09/2003 13:00:00,0,Yamaha YZF-R1 [2003],World Superbikes,
20,Rider,Alessandro Gramigni,27.14070341452437,0.7653487515221888,25/09/2003 13:00:00,0,Yamaha YZF-R1 [2003],World Superbikes,
20,Rider,Alessandro Gramigni,27.13702784389614,0.769028830214096,26/09/2003 13:00:00,0,Yamaha YZF-R1 [2003],World Superbikes,
20,Rider,Alessandro Gramigni,27.13351522545103,0.7728143388151993,16/10/2003 13:00:00,0,Yamaha YZF-R1 [2003],World Superbikes,
20,Rider,Alessandro Gramigni,27.130225950800806,0.7767035387168306,17/10/2003 13:00:00,0,Yamaha YZF-R1 [2003],World Superbikes,
20,Rider,Alessandro Gramigni,27.126181733545526,0.7807011857095794,18/10/2003 13:00:00,0,Yamaha YZF-R1 [2003],World Superbikes,
20,Rider,Alessandro Gramigni,27.122510195731902,0.7847899318794109,29/09/2005 13:00:00,0,Yamaha YZF-R1 [2005],World Superbikes,
20,Rider,Alessandro Gramigni,27.1200540220628,0.788992266663227,30/09/2005 13:00:00,0,Yamaha YZF-R1 [2005],World Superbikes,
21,Rider,Scott Russell,36.11449972084205,1.1381751857510936,21/03/1998 13:00:00,0,Yamaha YZF 750 R [1998],World Superbikes,
21,Rider,Scott Russell,36.116168478032364,1.135433435294603,21/03/1998 13:00:00,1,Yamaha YZF 750 R [1998],World Superbikes,
21,Rider,Scott Russell,36.11761384263993,1.1328795358015344,21/03/1998 13:00:00,2,Yamaha YZF 750 R [1998],World Superbikes,
21,Rider,Scott Russell,36.11912791596462,1.130507391755368,12/04/1998 13:00:00,0,Yamaha YZF 750 R [1998],World Superbikes,
21,Rider,Scott Russell,36.121395126447425,1.128323512755379,12/04/1998 13:00:00,1,Yamaha YZF 750 R [1998],World Superbikes,
21,Rider,Scott Russell,36.12389145515377,1.1263295370701987,09/05/1998 13:00:00,0,Yamaha YZF 750 R [1998],World Superbikes,
21,Rider,Scott Russell,36.12680228646987,1.1245153449756802,09/05/1998 13:00:00,1,Yamaha YZF 750 R [1998],World Superbikes,
21,Rider,Scott Russell,36.129082978432926,1.1228813536865263,09/05/1998 13:00:00,2,Yamaha YZF 750 R [1998],World Superbikes,
21,Rider,Scott Russell,36.13198586820207,1.1214247961934702,23/05/1998 13:00:00,0,Yamaha YZF 750 R [1998],World Superbikes,
21,Rider,Scott Russell,36.13391445142258,1.1201434754276864,23/05/1998 13:00:00,1,Yamaha YZF 750 R [1998],World Superbikes,
21,Rider,Scott Russell,36.134588362705685,1.1190440962754082,06/06/1998 13:00:00,0,Yamaha YZF 750 R [1998],World Superbikes,
21,Rider,Scott Russell,36.133888213626314,1.1181286554912673,06/06/1998 13:00:00,1,Yamaha YZF 750 R [1998],World Superbikes,
21,Rider,Scott Russell,36.132301488513306,1.117395953319145,06/06/1998 13:00:00,2,Yamaha YZF 750 R [1998],World Superbikes,
21,Rider,Scott Russell,36.13060551532305,1.1168399996286995,20/06/1998 13:00:00,0,Yamaha YZF 750 R [1998],World Superbikes,
21,Rider,Scott Russell,36.12789544169876,1.1164629182706092,20/06/1998 13:00:00,1,Yamaha YZF 750 R [1998],World Superbikes,
21,Rider,Scott Russell,36.124987794680486,1.1162701442507337,20/06/1998 13:00:00,2,Yamaha YZF 750 R [1998],World Superbikes,
21,Rider,Scott Russell,36.122720788273156,1.1162511658123788,04/07/1998 13:00:00,0,Yamaha YZF 750 R [1998],World Superbikes,
21,Rider,Scott Russell,36.119283060049085,1.1164092851190945,04/07/1998 13:00:00,1,Yamaha YZF 750 R [1998],World Superbikes,
21,Rider,Scott Russell,36.11608206632897,1.1167437352662606,04/07/1998 13:00:00,2,Yamaha YZF 750 R [1998],World Superbikes,
21,Rider,Scott Russell,36.113589680935746,1.1172462329456176,11/07/1998 13:00:00,0,Yamaha YZF 750 R [1998],World Superbikes,
21,Rider,Scott Russell,36.11086571247441,1.1179342553330962,11/07/1998 13:00:00,1,Yamaha YZF 750 R [1998],World Superbikes,
21,Rider,Scott Russell,36.1083946724771,1.1188052033307492,11/07/1998 13:00:00,2,Yamaha YZF 750 R [1998],World Superbikes,
21,Rider,Scott Russell,36.10672288110499,1.1198315711403453,01/08/1998 13:00:00,0,Yamaha YZF 750 R [1998],World Superbikes,
21,Rider,Scott Russell,36.10383098247978,1.1210442371385774,01/08/1998 13:00:00,1,Yamaha YZF 750 R [1998],World Superbikes,
21,Rider,Scott Russell,36.10068219735695,1.122442010588173,01/08/1998 13:00:00,2,Yamaha YZF 750 R [1998],World Superbikes,
21,Rider,Scott Russell,36.099067007969225,1.1239688246475892,29/08/1998 13:00:00,0,Yamaha YZF 750 R [1998],World Superbikes,
21,Rider,Scott Russell,36.09668693589845,1.1256800124680997,29/08/1998 13:00:00,1,Yamaha YZF 750 R [1998],World Superbikes,
21,Rider,Scott Russell,36.09452744397882,1.1275706634245581,29/08/1998 13:00:00,2,Yamaha YZF 750 R [1998],World Superbikes,
21,Rider,Scott Russell,36.0926781807268,1.1296362153532928,05/09/1998 13:00:00,0,Yamaha YZF 750 R [1998],World Superbikes,
21,Rider,Scott Russell,36.09105528994074,1.1318800524038228,05/09/1998 13:00:00,2,Yamaha YZF 750 R [1998],World Superbikes,
21,Rider,Scott Russell,36.089173754080626,1.1342988693290135,03/10/1998 13:00:00,0,Yamaha YZF 750 R [1998],World Superbikes,
21,Rider,Scott Russell,36.08644253461727,1.136909327826941,03/10/1998 13:00:00,1,Yamaha YZF 750 R [1998],World Superbikes,
21,Rider,Scott Russell,36.08400974519842,1.1397089684489985,03/10/1998 13:00:00,2,Yamaha YZF 750 R [1998],World Superbikes,
22,Rider,Neil Hodgson,40.72751665069633,0.7444335976262734,21/03/1998 13:00:00,0,Kawasaki ZX7R 750 [1998],World Superbikes,
22,Rider,Neil Hodgson,40.73086907676329,0.7399593336844725,21/03/1998 13:00:00,1,Kawasaki ZX7R 750 [1998],World Superbikes,
22,Rider,Neil Hodgson,40.73574867640002,0.73558361154805,21/03/1998 13:00:00,2,Kawasaki ZX7R 750 [1998],World Superbikes,
22,Rider,Neil Hodgson,40.74274988538815,0.731296333576767,12/04/1998 13:00:00,0,Kawasaki ZX7R 750 [1998],World Superbikes,
22,Rider,Neil Hodgson,40.75005307613547,0.727106901971136,12/04/1998 13:00:00,1,Kawasaki ZX7R 750 [1998],World Superbikes,
22,Rider,Neil Hodgson,40.7588200181942,0.7230131641518811,09/05/1998 13:00:00,0,Kawasaki ZX7R 750 [1998],World Superbikes,
22,Rider,Neil Hodgson,40.76655387255906,0.7190052976724037,09/05/1998 13:00:00,1,Kawasaki ZX7R 750 [1998],World Superbikes,
22,Rider,Neil Hodgson,40.77427254798285,0.7150842213413737,09/05/1998 13:00:00,2,Kawasaki ZX7R 750 [1998],World Superbikes,
22,Rider,Neil Hodgson,40.78211651885737,0.7112465107206885,23/05/1998 13:00:00,0,Kawasaki ZX7R 750 [1998],World Superbikes,
22,Rider,Neil Hodgson,40.79271844149166,0.7074976215524652,23/05/1998 13:00:00,1,Kawasaki ZX7R 750 [1998],World Superbikes,
22,Rider,Neil Hodgson,40.8035727091621,0.7038354577783077,06/06/1998 13:00:00,0,Kawasaki ZX7R 750 [1998],World Superbikes,
22,Rider,Neil Hodgson,40.81585505567856,0.7002581405840158,06/06/1998 13:00:00,1,Kawasaki ZX7R 750 [1998],World Superbikes,
22,Rider,Neil Hodgson,40.8290930600079,0.6967646307130587,06/06/1998 13:00:00,2,Kawasaki ZX7R 750 [1998],World Superbikes,
22,Rider,Neil Hodgson,40.84356944677612,0.69334980432752,20/06/1998 13:00:00,0,Kawasaki ZX7R 750 [1998],World Superbikes,
22,Rider,Neil Hodgson,40.859440902861756,0.6900172050212041,20/06/1998 13:00:00,1,Kawasaki ZX7R 750 [1998],World Superbikes,
22,Rider,Neil Hodgson,40.87687885185715,0.6867657977341911,20/06/1998 13:00:00,2,Kawasaki ZX7R 750 [1998],World Superbikes,
22,Rider,Neil Hodgson,40.8963088493361,0.6835871463111602,04/07/1998 13:00:00,0,Kawasaki ZX7R 750 [1998],World Superbikes,
22,Rider,Neil Hodgson,40.916658035306746,0.6804860895106348,04/07/1998 13:00:00,1,Kawasaki ZX7R 750 [1998],World Superbikes,
22,Rider,Neil Hodgson,40.93740060334098,0.6774610465626008,04/07/1998 13:00:00,2,Kawasaki ZX7R 750 [1998],World Superbikes,
22,Rider,Neil Hodgson,40.9594597486625,0.674507666271528,11/07/1998 13:00:00,0,Kawasaki ZX7R 750 [1998],World Superbikes,
22,Rider,Neil Hodgson,40.98079651971453,0.6716302924767306,11/07/1998 13:00:00,1,Kawasaki ZX7R 750 [1998],World Superbikes,
22,Rider,Neil Hodgson,41.00200728122372,0.6688292051047144,11/07/1998 13:00:00,2,Kawasaki ZX7R 750 [1998],World Superbikes,
22,Rider,Neil Hodgson,41.02331662525604,0.6661000721719889,01/08/1998 13:00:00,0,Kawasaki ZX7R 750 [1998],World Superbikes,
22,Rider,Neil Hodgson,41.043726473512635,0.6634433188208986,01/08/1998 13:00:00,1,Kawasaki ZX7R 750 [1998],World Superbikes,
22,Rider,Neil Hodgson,41.06251896763635,0.6608523208527282,01/08/1998 13:00:00,2,Kawasaki ZX7R 750 [1998],World Superbikes,
22,Rider,Neil Hodgson,41.0818803036171,0.6583319280442772,29/08/1998 13:00:00,0,Kawasaki ZX7R 750 [1998],World Superbikes,
22,Rider,Neil Hodgson,41.102308568928535,0.655880990614979,29/08/1998 13:00:00,1,Kawasaki ZX7R 750 [1998],World Superbikes,
22,Rider,Neil Hodgson,41.12305392733973,0.6534965878257019,29/08/1998 13:00:00,2,Kawasaki ZX7R 750 [1998],World Superbikes,
22,Rider,Neil Hodgson,41.1438054422925,0.6511779427329456,05/09/1998 13:00:00,0,Kawasaki ZX7R 750 [1998],World Superbikes,
22,Rider,Neil Hodgson,41.16502380875799,0.6489250561521492,05/09/1998 13:00:00,1,Kawasaki ZX7R 750 [1998],World Superbikes,
22,Rider,Neil Hodgson,41.18689476679326,0.646734150276469,05/09/1998 13:00:00,2,Kawasaki ZX7R 750 [1998],World Superbikes,
22,Rider,Neil Hodgson,41.20799369223481,0.6446046332467625,03/10/1998 13:00:00,0,Kawasaki ZX7R 750 [1998],World Superbikes,
22,Rider,Neil Hodgson,41.230742318213785,0.6425419028179339,03/10/1998 13:00:00,1,Kawasaki ZX7R 750 [1998],World Superbikes,
22,Rider,Neil Hodgson,41.25414494094866,0.6405470468668695,03/10/1998 13:00:00,2,Kawasaki ZX7R 750 [1998],World Superbikes,
22,Rider,Neil Hodgson,41.27704911533229,0.6386152381720785,13/05/2000 13:00:00,0,Ducati 996 RS [2000],World Superbikes,
22,Rider,Neil Hodgson,41.299372278625036,0.6367491984767846,13/05/2000 13:00:00,1,Ducati 996 RS [2000],World Superbikes,
22,Rider,Neil Hodgson,41.319442176397025,0.634925370689224,13/05/2000 13:00:00,2,Ducati 996 RS [2000],World Superbikes,
22,Rider,Neil Hodgson,41.338536106895326,0.633160727341422,05/08/2000 13:00:00,0,Ducati 996 RS [2000],World Superbikes,
22,Rider,Neil Hodgson,41.356171813988894,0.6314542632487169,05/08/2000 13:00:00,1,Ducati 996 RS [2000],World Superbikes,
22,Rider,Neil Hodgson,41.37264114839269,0.6298066246278569,05/08/2000 13:00:00,2,Ducati 996 RS [2000],World Superbikes,
22,Rider,Neil Hodgson,41.38679933231986,0.6281958667597963,14/10/2000 13:00:00,0,Ducati 996 RS [2000],World Superbikes,
22,Rider,Neil Hodgson,41.40054721854658,0.6266461925125962,14/10/2000 13:00:00,1,Ducati 996 RS [2000],World Superbikes,
22,Rider,Neil Hodgson,41.41300566622407,0.6251496496411347,14/10/2000 13:00:00,2,Ducati 996 RS [2000],World Superbikes,
22,Rider,Neil Hodgson,41.42325545872561,0.6236899103239837,09/03/2001 13:00:00,0,Ducati 996 RS [2001],World Superbikes,
22,Rider,Neil Hodgson,41.4339442947242,0.6222904189343736,09/03/2001 13:00:00,1,Ducati 996 RS [2001],World Superbikes,
22,Rider,Neil Hodgson,41.44553072696982,0.6209507351857891,10/03/2001 13:00:00,0,Ducati 996 RS [2001],World Superbikes,
22,Rider,Neil Hodgson,41.45654346249008,0.619662834701614,29/03/2001 13:00:00,0,Ducati 996 RS [2001],World Superbikes,
22,Rider,Neil Hodgson,41.46980713655839,0.6184331466394749,30/03/2001 13:00:00,0,Ducati 996 RS [2001],World Superbikes,
22,Rider,Neil Hodgson,41.482477222638366,0.6172553349227586,31/03/2001 13:00:00,0,Ducati 996 RS [2001],World Superbikes,
22,Rider,Neil Hodgson,41.49488551641166,0.6161282550696782,19/04/2001 13:00:00,0,Ducati 996 RS [2001],World Superbikes,
22,Rider,Neil Hodgson,41.50941956583177,0.6150590027157654,20/04/2001 13:00:00,0,Ducati 996 RS [2001],World Superbikes,
22,Rider,Neil Hodgson,41.524183481306366,0.6140438150382135,20/04/2001 13:00:00,1,Ducati 996 RS [2001],World Superbikes,
22,Rider,Neil Hodgson,41.53758730391282,0.613068676207331,26/04/2001 13:00:00,0,Ducati 996 RS [2001],World Superbikes,
22,Rider,Neil Hodgson,41.55119012351329,0.6121514755977036,27/04/2001 13:00:00,0,Ducati 996 RS [2001],World Superbikes,
22,Rider,Neil Hodgson,41.56486277020446,0.6112914845720353,27/04/2001 13:00:00,1,Ducati 996 RS [2001],World Superbikes,
22,Rider,Neil Hodgson,41.57854829039926,0.6104839689791672,10/05/2001 13:00:00,0,Ducati 996 RS [2001],World Superbikes,
22,Rider,Neil Hodgson,41.591772122178845,0.6097234101781775,11/05/2001 13:00:00,0,Ducati 996 RS [2001],World Superbikes,
22,Rider,Neil Hodgson,41.606774158653806,0.6090173003137063,12/05/2001 13:00:00,0,Ducati 996 RS [2001],World Superbikes,
22,Rider,Neil Hodgson,41.62054077802358,0.6083497322190525,25/05/2001 13:00:00,0,Ducati 996 RS [2001],World Superbikes,
22,Rider,Neil Hodgson,41.63286747034541,0.6077229031072113,25/05/2001 13:00:00,1,Ducati 996 RS [2001],World Superbikes,
22,Rider,Neil Hodgson,41.64388481332591,0.6071367980897272,26/05/2001 13:00:00,0,Ducati 996 RS [2001],World Superbikes,
22,Rider,Neil Hodgson,41.65343354119798,0.606590174276671,07/06/2001 13:00:00,0,Ducati 996 RS [2001],World Superbikes,
22,Rider,Neil Hodgson,41.66152351094231,0.6060668926521009,08/06/2001 13:00:00,0,Ducati 996 RS [2001],World Superbikes,
22,Rider,Neil Hodgson,41.66918960385321,0.6055923876639401,09/06/2001 13:00:00,0,Ducati 996 RS [2001],World Superbikes,
22,Rider,Neil Hodgson,41.67495222412652,0.6051410367325187,21/06/2001 13:00:00,0,Ducati 996 RS [2001],World Superbikes,
22,Rider,Neil Hodgson,41.6815562483343,0.6047425482917981,22/06/2001 13:00:00,0,Ducati 996 RS [2001],World Superbikes,
22,Rider,Neil Hodgson,41.68822649956406,0.6043945878019488,23/06/2001 13:00:00,0,Ducati 996 RS [2001],World Superbikes,
22,Rider,Neil Hodgson,41.69297899370378,0.6040693195320458,06/07/2001 13:00:00,0,Ducati 996 RS [2001],World Superbikes,
22,Rider,Neil Hodgson,41.69725060736438,0.6037924738314463,07/07/2001 13:00:00,0,Ducati 996 RS [2001],World Superbikes,
22,Rider,Neil Hodgson,41.70227240170586,0.6035674206014795,07/07/2001 13:00:00,1,Ducati 996 RS [2001],World Superbikes,
22,Rider,Neil Hodgson,41.705936127177914,0.603381795666307,27/07/2001 13:00:00,0,Ducati 996 RS [2001],World Superbikes,
22,Rider,Neil Hodgson,41.707561308771965,0.6032222889749179,27/07/2001 13:00:00,1,Ducati 996 RS [2001],World Superbikes,
22,Rider,Neil Hodgson,41.70766784893956,0.6031026153572763,28/07/2001 13:00:00,0,Ducati 996 RS [2001],World Superbikes,
22,Rider,Neil Hodgson,41.705748288822,0.6030075363472985,30/08/2001 13:00:00,0,Ducati 996 RS [2001],World Superbikes,
22,Rider,Neil Hodgson,41.70550278833057,0.6029637926986038,31/08/2001 13:00:00,0,Ducati 996 RS [2001],World Superbikes,
22,Rider,Neil Hodgson,41.70473592579867,0.602965830073004,01/09/2001 13:00:00,0,Ducati 996 RS [2001],World Superbikes,
22,Rider,Neil Hodgson,41.70199813600566,0.6029914572280668,06/09/2001 13:00:00,0,Ducati 996 RS [2001],World Superbikes,
22,Rider,Neil Hodgson,41.69959149379953,0.6030674854483139,07/09/2001 13:00:00,0,Ducati 996 RS [2001],World Superbikes,
22,Rider,Neil Hodgson,41.69604468604776,0.6031838181330572,08/09/2001 13:00:00,0,Ducati 996 RS [2001],World Superbikes,
22,Rider,Neil Hodgson,41.6953045529937,0.6033388127625547,27/09/2001 13:00:00,0,Ducati 996 RS [2001],World Superbikes,
22,Rider,Neil Hodgson,41.69463207272441,0.6035417824093282,28/09/2001 13:00:00,0,Ducati 996 RS [2001],World Superbikes,
22,Rider,Neil Hodgson,41.69577194491564,0.6037971421747568,29/09/2001 13:00:00,0,Ducati 996 RS [2001],World Superbikes,
22,Rider,Neil Hodgson,41.69750472968973,0.6040991821170003,08/03/2002 13:00:00,0,Ducati 998 F01 [2002],World Superbikes,
22,Rider,Neil Hodgson,41.700335599389724,0.6044478525213134,08/03/2002 13:00:00,1,Ducati 998 F01 [2002],World Superbikes,
22,Rider,Neil Hodgson,41.70442170743783,0.604844325345677,09/03/2002 13:00:00,0,Ducati 998 F01 [2002],World Superbikes,
22,Rider,Neil Hodgson,41.70884229931662,0.6052826539923307,21/03/2002 13:00:00,0,Ducati 998 F01 [2002],World Superbikes,
22,Rider,Neil Hodgson,41.71429841934324,0.6057691316100717,22/03/2002 13:00:00,0,Ducati 998 F01 [2002],World Superbikes,
22,Rider,Neil Hodgson,41.72129995996528,0.6063062160011432,22/03/2002 13:00:00,1,Ducati 998 F01 [2002],World Superbikes,
22,Rider,Neil Hodgson,41.72807132534861,0.6068846505406182,04/04/2002 13:00:00,0,Ducati 998 F01 [2002],World Superbikes,
22,Rider,Neil Hodgson,41.73513667573618,0.6075050144585838,05/04/2002 13:00:00,0,Ducati 998 F01 [2002],World Superbikes,
22,Rider,Neil Hodgson,41.74387032069204,0.608174350945901,06/04/2002 13:00:00,0,Ducati 998 F01 [2002],World Superbikes,
22,Rider,Neil Hodgson,41.75308606531251,0.6088857087219559,18/04/2002 13:00:00,0,Ducati 998 F01 [2002],World Superbikes,
22,Rider,Neil Hodgson,41.76171885855409,0.6096451524609882,19/04/2002 13:00:00,0,Ducati 998 F01 [2002],World Superbikes,
22,Rider,Neil Hodgson,41.76832723725066,0.61042997358444,19/04/2002 13:00:00,1,Ducati 998 F01 [2002],World Superbikes,
22,Rider,Neil Hodgson,41.77377324380008,0.6112576779771822,09/05/2002 13:00:00,0,Ducati 998 F01 [2002],World Superbikes,
22,Rider,Neil Hodgson,41.77727006458898,0.612107429932114,10/05/2002 13:00:00,0,Ducati 998 F01 [2002],World Superbikes,
22,Rider,Neil Hodgson,41.781148184825675,0.6130064041687291,11/05/2002 13:00:00,0,Ducati 998 F01 [2002],World Superbikes,
22,Rider,Neil Hodgson,41.783157587486706,0.6139261592230504,24/05/2002 13:00:00,0,Ducati 998 F01 [2002],World Superbikes,
22,Rider,Neil Hodgson,41.78327829579012,0.614870721339008,24/05/2002 13:00:00,1,Ducati 998 F01 [2002],World Superbikes,
22,Rider,Neil Hodgson,41.78278650402078,0.6158640489782242,25/05/2002 13:00:00,0,Ducati 998 F01 [2002],World Superbikes,
22,Rider,Neil Hodgson,41.783162514046765,0.6169094248190504,06/06/2002 13:00:00,0,Ducati 998 F01 [2002],World Superbikes,
22,Rider,Neil Hodgson,41.78287969289597,0.6179958592653525,07/06/2002 13:00:00,0,Ducati 998 F01 [2002],World Superbikes,
22,Rider,Neil Hodgson,41.78069070688639,0.619107262024819,08/06/2002 13:00:00,0,Ducati 998 F01 [2002],World Superbikes,
22,Rider,Neil Hodgson,41.77819762755495,0.6202647708438335,20/06/2002 13:00:00,0,Ducati 998 F01 [2002],World Superbikes,
22,Rider,Neil Hodgson,41.775548963593685,0.6214681954819438,21/06/2002 13:00:00,0,Ducati 998 F01 [2002],World Superbikes,
22,Rider,Neil Hodgson,41.77265228815095,0.6227195150958608,22/06/2002 13:00:00,0,Ducati 998 F01 [2002],World Superbikes,
22,Rider,Neil Hodgson,41.76957205110967,0.6240176588708659,12/07/2002 13:00:00,0,Ducati 998 F01 [2002],World Superbikes,
22,Rider,Neil Hodgson,41.7657197424663,0.6253669544555027,13/07/2002 13:00:00,0,Ducati 998 F01 [2002],World Superbikes,
22,Rider,Neil Hodgson,41.7610224192934,0.6267639397599443,13/07/2002 13:00:00,1,Ducati 998 F01 [2002],World Superbikes,
22,Rider,Neil Hodgson,41.75495835207632,0.6282030139867354,26/07/2002 13:00:00,0,Ducati 998 F01 [2002],World Superbikes,
22,Rider,Neil Hodgson,41.74852328636434,0.629694944176977,26/07/2002 13:00:00,1,Ducati 998 F01 [2002],World Superbikes,
22,Rider,Neil Hodgson,41.74101809677066,0.6312290880406962,27/07/2002 13:00:00,0,Ducati 998 F01 [2002],World Superbikes,
22,Rider,Neil Hodgson,41.73154230721133,0.6327938269805095,29/08/2002 13:00:00,0,Ducati 998 F01 [2002],World Superbikes,
22,Rider,Neil Hodgson,41.72139479076619,0.6344050568321243,30/08/2002 13:00:00,0,Ducati 998 F01 [2002],World Superbikes,
22,Rider,Neil Hodgson,41.70937921233792,0.6360466947660339,31/08/2002 13:00:00,0,Ducati 998 F01 [2002],World Superbikes,
22,Rider,Neil Hodgson,41.69546590058251,0.6377195272819542,05/09/2002 13:00:00,0,Ducati 998 F01 [2002],World Superbikes,
22,Rider,Neil Hodgson,41.6809006111989,0.639445261591424,06/09/2002 13:00:00,0,Ducati 998 F01 [2002],World Superbikes,
22,Rider,Neil Hodgson,41.66839586301169,0.641234462962964,07/09/2002 13:00:00,0,Ducati 998 F01 [2002],World Superbikes,
22,Rider,Neil Hodgson,41.65567771842527,0.6430779485068492,26/09/2002 13:00:00,0,Ducati 998 F01 [2002],World Superbikes,
22,Rider,Neil Hodgson,41.64226138490609,0.6449751101320598,27/09/2002 13:00:00,0,Ducati 998 F01 [2002],World Superbikes,
22,Rider,Neil Hodgson,41.63300600059774,0.6469415371897331,28/09/2002 13:00:00,0,Ducati 998 F01 [2002],World Superbikes,
22,Rider,Neil Hodgson,41.623870396465975,0.6489666648704032,28/02/2003 13:00:00,0,Ducati 999 F03 [2003],World Superbikes,
22,Rider,Neil Hodgson,41.613535476620015,0.6510191023151731,28/02/2003 13:00:00,1,Ducati 999 F03 [2003],World Superbikes,
22,Rider,Neil Hodgson,41.602951403789106,0.653125128600669,01/03/2003 13:00:00,0,Ducati 999 F03 [2003],World Superbikes,
22,Rider,Neil Hodgson,41.59124972296783,0.6552580265920114,27/03/2003 13:00:00,0,Ducati 999 F03 [2003],World Superbikes,
22,Rider,Neil Hodgson,41.57975654052772,0.6574517917429855,28/03/2003 13:00:00,0,Ducati 999 F03 [2003],World Superbikes,
22,Rider,Neil Hodgson,41.567901302383966,0.6596993116070581,28/03/2003 13:00:00,1,Ducati 999 F03 [2003],World Superbikes,
22,Rider,Neil Hodgson,41.55503084257322,0.6619734352589511,24/04/2003 13:00:00,0,Ducati 999 F03 [2003],World Superbikes,
22,Rider,Neil Hodgson,41.5434758711395,0.6643177326012711,25/04/2003 13:00:00,0,Ducati 999 F03 [2003],World Superbikes,
22,Rider,Neil Hodgson,41.530674921680614,0.6666961655310242,25/04/2003 13:00:00,1,Ducati 999 F03 [2003],World Superbikes,
22,Rider,Neil Hodgson,41.518644772828715,0.6691442692566333,15/05/2003 13:00:00,0,Ducati 999 F03 [2003],World Superbikes,
22,Rider,Neil Hodgson,41.50664466741687,0.6716573682424366,16/05/2003 13:00:00,0,Ducati 999 F03 [2003],World Superbikes,
22,Rider,Neil Hodgson,41.49431513555562,0.6742276617257896,17/05/2003 13:00:00,0,Ducati 999 F03 [2003],World Superbikes,
22,Rider,Neil Hodgson,41.48086177343632,0.6768300905735972,29/05/2003 13:00:00,0,Ducati 999 F03 [2003],World Superbikes,
22,Rider,Neil Hodgson,41.46876561692611,0.6795072754057133,30/05/2003 13:00:00,0,Ducati 999 F03 [2003],World Superbikes,
22,Rider,Neil Hodgson,41.45879489866459,0.6822581804583989,31/05/2003 13:00:00,0,Ducati 999 F03 [2003],World Superbikes,
22,Rider,Neil Hodgson,41.447602193139694,0.6850472055163062,13/06/2003 13:00:00,0,Ducati 999 F03 [2003],World Superbikes,
22,Rider,Neil Hodgson,41.4377105881605,0.6879188027740182,13/06/2003 13:00:00,1,Ducati 999 F03 [2003],World Superbikes,
22,Rider,Neil Hodgson,41.42846829322789,0.6908709092299459,14/06/2003 13:00:00,0,Ducati 999 F03 [2003],World Superbikes,
22,Rider,Neil Hodgson,41.41792510542843,0.693866623470889,19/06/2003 13:00:00,0,Ducati 999 F03 [2003],World Superbikes,
22,Rider,Neil Hodgson,41.408443485192706,0.6969451187306305,20/06/2003 13:00:00,0,Ducati 999 F03 [2003],World Superbikes,
22,Rider,Neil Hodgson,41.39868537378297,0.7000913890490412,21/06/2003 13:00:00,0,Ducati 999 F03 [2003],World Superbikes,
22,Rider,Neil Hodgson,41.38789647122167,0.7032751338566716,11/07/2003 13:00:00,0,Ducati 999 F03 [2003],World Superbikes,
22,Rider,Neil Hodgson,41.3778277766277,0.7065439671045249,12/07/2003 13:00:00,0,Ducati 999 F03 [2003],World Superbikes,
22,Rider,Neil Hodgson,41.36947811818309,0.7098995924575425,12/07/2003 13:00:00,1,Ducati 999 F03 [2003],World Superbikes,
22,Rider,Neil Hodgson,41.36238115228648,0.7133399472813532,25/07/2003 13:00:00,0,Ducati 999 F03 [2003],World Superbikes,
22,Rider,Neil Hodgson,41.35720360388898,0.7168721224919421,25/07/2003 13:00:00,1,Ducati 999 F03 [2003],World Superbikes,
22,Rider,Neil Hodgson,41.35267637804905,0.7204962816676131,26/07/2003 13:00:00,0,Ducati 999 F03 [2003],World Superbikes,
22,Rider,Neil Hodgson,41.35001600559682,0.724209540898844,04/09/2003 13:00:00,0,Ducati 999 F03 [2003],World Superbikes,
22,Rider,Neil Hodgson,41.34728908494982,0.7280086400434859,05/09/2003 13:00:00,0,Ducati 999 F03 [2003],World Superbikes,
22,Rider,Neil Hodgson,41.343942115651856,0.7318859925008583,06/09/2003 13:00:00,0,Ducati 999 F03 [2003],World Superbikes,
22,Rider,Neil Hodgson,41.34013916622972,0.7358422641548074,25/09/2003 13:00:00,0,Ducati 999 F03 [2003],World Superbikes,
22,Rider,Neil Hodgson,41.33666587492696,0.7398879579439769,26/09/2003 13:00:00,0,Ducati 999 F03 [2003],World Superbikes,
22,Rider,Neil Hodgson,41.33266135320529,0.7440146453013243,27/09/2003 13:00:00,0,Ducati 999 F03 [2003],World Superbikes,
22,Rider,Neil Hodgson,41.328688387256044,0.7482284097636422,16/10/2003 13:00:00,0,Ducati 999 F03 [2003],World Superbikes,
22,Rider,Neil Hodgson,41.32644112486679,0.7525428320066867,17/10/2003 13:00:00,0,Ducati 999 F03 [2003],World Superbikes,
22,Rider,Neil Hodgson,41.325345429707625,0.7569561987523996,18/10/2003 13:00:00,0,Ducati 999 F03 [2003],World Superbikes,
23,Rider,Lucio Pedercini,27.12351433038261,0.7373297494228804,21/03/1998 13:00:00,0,Ducati [1998],World Superbikes,
23,Rider,Lucio Pedercini,27.122834697050102,0.7328077139465969,21/03/1998 13:00:00,1,Ducati [1998],World Superbikes,
23,Rider,Lucio Pedercini,27.121069586436306,0.7283818556320742,21/03/1998 13:00:00,2,Ducati [1998],World Superbikes,
23,Rider,Lucio Pedercini,27.120065671761253,0.7239934853087242,12/04/1998 13:00:00,0,Ducati [1998],World Superbikes,
23,Rider,Lucio Pedercini,27.11906357234814,0.7196944553069818,12/04/1998 13:00:00,1,Ducati [1998],World Superbikes,
23,Rider,Lucio Pedercini,27.116872281850657,0.7154874982827468,09/05/1998 13:00:00,0,Ducati [1998],World Superbikes,
23,Rider,Lucio Pedercini,27.11461441441087,0.7113674233054943,09/05/1998 13:00:00,1,Ducati [1998],World Superbikes,
23,Rider,Lucio Pedercini,27.112580576381486,0.70733268876948,06/06/1998 13:00:00,0,Ducati [1998],World Superbikes,
23,Rider,Lucio Pedercini,27.11001032441919,0.703382735001506,06/06/1998 13:00:00,1,Ducati [1998],World Superbikes,
23,Rider,Lucio Pedercini,27.10706300192663,0.6995173815288864,06/06/1998 13:00:00,2,Ducati [1998],World Superbikes,
23,Rider,Lucio Pedercini,27.10520656480569,0.6956894110153254,20/06/1998 13:00:00,0,Ducati [1998],World Superbikes,
23,Rider,Lucio Pedercini,27.10304224958432,0.6919436905400042,20/06/1998 13:00:00,1,Ducati [1998],World Superbikes,
23,Rider,Lucio Pedercini,27.09988150821207,0.6882787424275817,20/06/1998 13:00:00,2,Ducati [1998],World Superbikes,
23,Rider,Lucio Pedercini,27.097888317342516,0.6846481075629355,04/07/1998 13:00:00,0,Ducati [1998],World Superbikes,
23,Rider,Lucio Pedercini,27.095059413042094,0.6810896392671691,04/07/1998 13:00:00,1,Ducati [1998],World Superbikes,
23,Rider,Lucio Pedercini,27.091421630196677,0.6776026648206875,04/07/1998 13:00:00,2,Ducati [1998],World Superbikes,
23,Rider,Lucio Pedercini,27.088302847514633,0.6741692915447647,11/07/1998 13:00:00,0,Ducati [1998],World Superbikes,
23,Rider,Lucio Pedercini,27.08547906206426,0.6708049349988962,11/07/1998 13:00:00,1,Ducati [1998],World Superbikes,
23,Rider,Lucio Pedercini,27.082597583197167,0.667510763870416,29/08/1998 13:00:00,0,Ducati [1998],World Superbikes,
23,Rider,Lucio Pedercini,27.079647636650176,0.6642859405854478,29/08/1998 13:00:00,1,Ducati [1998],World Superbikes,
23,Rider,Lucio Pedercini,27.076106600410963,0.6611303800369269,29/08/1998 13:00:00,2,Ducati [1998],World Superbikes,
23,Rider,Lucio Pedercini,27.073956181000696,0.6580030629729112,27/03/1999 13:00:00,0,Ducati [1999],World Superbikes,
23,Rider,Lucio Pedercini,27.07144675058103,0.6549398577943759,27/03/1999 13:00:00,1,Ducati [1999],World Superbikes,
23,Rider,Lucio Pedercini,27.06831509513836,0.6519428545152598,27/03/1999 13:00:00,2,Ducati [1999],World Superbikes,
23,Rider,Lucio Pedercini,27.06463824705629,0.6490084134020951,17/04/1999 13:00:00,0,Ducati [1999],World Superbikes,
23,Rider,Lucio Pedercini,27.06130135539524,0.6461369617120484,17/04/1999 13:00:00,1,Ducati [1999],World Superbikes,
23,Rider,Lucio Pedercini,27.058654581601314,0.64332526666599,01/05/1999 13:00:00,0,Ducati [1999],World Superbikes,
23,Rider,Lucio Pedercini,27.05489376491291,0.6405788307439046,01/05/1999 13:00:00,1,Ducati [1999],World Superbikes,
23,Rider,Lucio Pedercini,27.051164561201762,0.6378937977835422,15/05/1999 13:00:00,0,Ducati [1999],World Superbikes,
23,Rider,Lucio Pedercini,27.048419719692077,0.6352584225595924,15/05/1999 13:00:00,1,Ducati [1999],World Superbikes,
23,Rider,Lucio Pedercini,27.0459472857637,0.6326773811813287,15/05/1999 13:00:00,2,Ducati [1999],World Superbikes,
23,Rider,Lucio Pedercini,27.04494771289012,0.6301196726010309,29/05/1999 13:00:00,0,Ducati [1999],World Superbikes,
23,Rider,Lucio Pedercini,27.04379681564506,0.6276229085867254,29/05/1999 13:00:00,1,Ducati [1999],World Superbikes,
23,Rider,Lucio Pedercini,27.042718912094525,0.6251852637426752,12/06/1999 13:00:00,0,Ducati [1999],World Superbikes,
23,Rider,Lucio Pedercini,27.041521976650657,0.6228067656635908,12/06/1999 13:00:00,1,Ducati [1999],World Superbikes,
23,Rider,Lucio Pedercini,27.040316762424027,0.6204862157435314,12/06/1999 13:00:00,2,Ducati [1999],World Superbikes,
23,Rider,Lucio Pedercini,27.04064220963514,0.6181866679479154,26/06/1999 13:00:00,0,Ducati [1999],World Superbikes,
23,Rider,Lucio Pedercini,27.040760345823735,0.6159383665800251,26/06/1999 13:00:00,1,Ducati [1999],World Superbikes,
23,Rider,Lucio Pedercini,27.03970004862027,0.6137397157909078,26/06/1999 13:00:00,2,Ducati [1999],World Superbikes,
23,Rider,Lucio Pedercini,27.03867928699872,0.6115808804165953,10/07/1999 13:00:00,0,Ducati [1999],World Superbikes,
23,Rider,Lucio Pedercini,27.038907588602402,0.6094622770375894,10/07/1999 13:00:00,1,Ducati [1999],World Superbikes,
23,Rider,Lucio Pedercini,27.03901949819443,0.6073907326785235,31/07/1999 13:00:00,0,Ducati [1999],World Superbikes,
23,Rider,Lucio Pedercini,27.040588031181176,0.6053660344115945,31/07/1999 13:00:00,1,Ducati [1999],World Superbikes,
23,Rider,Lucio Pedercini,27.043775933304627,0.6033876704536093,28/08/1999 13:00:00,0,Ducati [1999],World Superbikes,
23,Rider,Lucio Pedercini,27.046912386328795,0.601455544253063,28/08/1999 13:00:00,1,Ducati [1999],World Superbikes,
23,Rider,Lucio Pedercini,27.050013032276915,0.599568737860135,28/08/1999 13:00:00,2,Ducati [1999],World Superbikes,
23,Rider,Lucio Pedercini,27.053332480686556,0.5977132979904488,04/09/1999 13:00:00,0,Ducati [1999],World Superbikes,
23,Rider,Lucio Pedercini,27.05668257821069,0.5959071821011755,04/09/1999 13:00:00,1,Ducati [1999],World Superbikes,
23,Rider,Lucio Pedercini,27.06026141272508,0.5941489769132746,11/09/1999 13:00:00,0,Ducati [1999],World Superbikes,
23,Rider,Lucio Pedercini,27.064815830203855,0.5924340339248825,11/09/1999 13:00:00,1,Ducati [1999],World Superbikes,
23,Rider,Lucio Pedercini,27.069916033642805,0.5907596414559134,22/04/2000 13:00:00,0,Ducati 996 RS [2000],World Superbikes,
23,Rider,Lucio Pedercini,27.07435775162165,0.5891307164834929,22/04/2000 13:00:00,1,Ducati 996 RS [2000],World Superbikes,
23,Rider,Lucio Pedercini,27.079167722681422,0.5875434042660741,29/04/2000 13:00:00,0,Ducati 996 RS [2000],World Superbikes,
23,Rider,Lucio Pedercini,27.085512368492314,0.5859916946709746,29/04/2000 13:00:00,1,Ducati 996 RS [2000],World Superbikes,
23,Rider,Lucio Pedercini,27.09384075181862,0.5844729844916481,13/05/2000 13:00:00,0,Ducati 996 RS [2000],World Superbikes,
23,Rider,Lucio Pedercini,27.10222420466087,0.5829965205497727,13/05/2000 13:00:00,1,Ducati 996 RS [2000],World Superbikes,
23,Rider,Lucio Pedercini,27.110206360843456,0.5815623563798981,20/05/2000 13:00:00,0,Ducati 996 RS [2000],World Superbikes,
23,Rider,Lucio Pedercini,27.11790219874872,0.5801692072851847,20/05/2000 13:00:00,1,Ducati 996 RS [2000],World Superbikes,
23,Rider,Lucio Pedercini,27.125312520305272,0.5788167306036087,03/06/2000 13:00:00,0,Ducati 996 RS [2000],World Superbikes,
23,Rider,Lucio Pedercini,27.132667458470085,0.5775046239062441,03/06/2000 13:00:00,1,Ducati 996 RS [2000],World Superbikes,
23,Rider,Lucio Pedercini,27.141182214344866,0.5762294602517951,17/06/2000 13:00:00,0,Ducati 996 RS [2000],World Superbikes,
23,Rider,Lucio Pedercini,27.150063572085926,0.5749925077569126,17/06/2000 13:00:00,1,Ducati 996 RS [2000],World Superbikes,
23,Rider,Lucio Pedercini,27.15853867787635,0.5737936913119714,24/06/2000 13:00:00,0,Ducati 996 RS [2000],World Superbikes,
23,Rider,Lucio Pedercini,27.16677457434002,0.5726312654721123,24/06/2000 13:00:00,1,Ducati 996 RS [2000],World Superbikes,
23,Rider,Lucio Pedercini,27.174456905528103,0.5715062687232749,08/07/2000 13:00:00,0,Ducati 996 RS [2000],World Superbikes,
23,Rider,Lucio Pedercini,27.181988905495306,0.5704145145450624,08/07/2000 13:00:00,1,Ducati 996 RS [2000],World Superbikes,
23,Rider,Lucio Pedercini,27.190001391319495,0.5693522583593135,05/08/2000 13:00:00,0,Ducati 996 RS [2000],World Superbikes,
23,Rider,Lucio Pedercini,27.199146860277285,0.5683203408867987,05/08/2000 13:00:00,1,Ducati 996 RS [2000],World Superbikes,
23,Rider,Lucio Pedercini,27.209174174371324,0.567319054509789,02/09/2000 13:00:00,0,Ducati 996 RS [2000],World Superbikes,
23,Rider,Lucio Pedercini,27.21869197960681,0.5663512305764965,02/09/2000 13:00:00,1,Ducati 996 RS [2000],World Superbikes,
23,Rider,Lucio Pedercini,27.22865842873213,0.5654146587756714,09/09/2000 13:00:00,0,Ducati 996 RS [2000],World Superbikes,
23,Rider,Lucio Pedercini,27.23985519830679,0.5645085217814878,09/09/2000 13:00:00,1,Ducati 996 RS [2000],World Superbikes,
23,Rider,Lucio Pedercini,27.251615100019162,0.5636319179972923,14/10/2000 13:00:00,0,Ducati 996 RS [2000],World Superbikes,
23,Rider,Lucio Pedercini,27.264946133634258,0.5627817728895789,14/10/2000 13:00:00,1,Ducati 996 RS [2000],World Superbikes,
23,Rider,Lucio Pedercini,27.279770373913053,0.5619587724217919,09/03/2001 13:00:00,0,Ducati 996 RS [2001],World Superbikes,
23,Rider,Lucio Pedercini,27.29522157808896,0.5611652895386355,09/03/2001 13:00:00,1,Ducati 996 RS [2001],World Superbikes,
23,Rider,Lucio Pedercini,27.310044740238787,0.5604033294069843,29/03/2001 13:00:00,0,Ducati 996 RS [2001],World Superbikes,
23,Rider,Lucio Pedercini,27.325106160340546,0.5596698349512713,30/03/2001 13:00:00,0,Ducati 996 RS [2001],World Superbikes,
23,Rider,Lucio Pedercini,27.34028954517177,0.5589646464111676,19/04/2001 13:00:00,0,Ducati 996 RS [2001],World Superbikes,
23,Rider,Lucio Pedercini,27.354528848033322,0.5582897451411465,20/04/2001 13:00:00,0,Ducati 996 RS [2001],World Superbikes,
23,Rider,Lucio Pedercini,27.370374571494835,0.5576384069785179,20/04/2001 13:00:00,1,Ducati 996 RS [2001],World Superbikes,
23,Rider,Lucio Pedercini,27.386599285009485,0.5569965180265414,26/04/2001 13:00:00,0,Ducati 996 RS [2001],World Superbikes,
23,Rider,Lucio Pedercini,27.40310492909933,0.5563822091270798,27/04/2001 13:00:00,0,Ducati 996 RS [2001],World Superbikes,
23,Rider,Lucio Pedercini,27.4212743869565,0.5557886687541845,10/05/2001 13:00:00,0,Ducati 996 RS [2001],World Superbikes,
23,Rider,Lucio Pedercini,27.437488123379545,0.5552229259825521,11/05/2001 13:00:00,0,Ducati 996 RS [2001],World Superbikes,
23,Rider,Lucio Pedercini,27.453222927088966,0.5546845017892885,12/05/2001 13:00:00,0,Ducati 996 RS [2001],World Superbikes,
23,Rider,Lucio Pedercini,27.46889873562102,0.5541613871287693,25/05/2001 13:00:00,0,Ducati 996 RS [2001],World Superbikes,
23,Rider,Lucio Pedercini,27.48312384242509,0.5536655825262398,25/05/2001 13:00:00,1,Ducati 996 RS [2001],World Superbikes,
23,Rider,Lucio Pedercini,27.495453700179958,0.5531971681772577,26/05/2001 13:00:00,0,Ducati 996 RS [2001],World Superbikes,
23,Rider,Lucio Pedercini,27.50756713500345,0.5527432267009046,07/06/2001 13:00:00,0,Ducati 996 RS [2001],World Superbikes,
23,Rider,Lucio Pedercini,27.520350750766006,0.5523129397833871,08/06/2001 13:00:00,0,Ducati 996 RS [2001],World Superbikes,
23,Rider,Lucio Pedercini,27.53358447753951,0.551907704543395,21/06/2001 13:00:00,0,Ducati 996 RS [2001],World Superbikes,
23,Rider,Lucio Pedercini,27.547662022642488,0.5515289606255306,22/06/2001 13:00:00,0,Ducati 996 RS [2001],World Superbikes,
23,Rider,Lucio Pedercini,27.560220352163064,0.5511762896734504,23/06/2001 13:00:00,0,Ducati 996 RS [2001],World Superbikes,
23,Rider,Lucio Pedercini,27.573227286429386,0.5508284391474788,06/07/2001 13:00:00,0,Ducati 996 RS [2001],World Superbikes,
23,Rider,Lucio Pedercini,27.58552903212946,0.5505053013430498,07/07/2001 13:00:00,0,Ducati 996 RS [2001],World Superbikes,
23,Rider,Lucio Pedercini,27.59863651255765,0.5502035754415224,27/07/2001 13:00:00,0,Ducati 996 RS [2001],World Superbikes,
23,Rider,Lucio Pedercini,27.613704212167,0.5499166733691369,27/07/2001 13:00:00,1,Ducati 996 RS [2001],World Superbikes,
23,Rider,Lucio Pedercini,27.630682525886407,0.5496455830665049,30/08/2001 13:00:00,0,Ducati 996 RS [2001],World Superbikes,
23,Rider,Lucio Pedercini,27.647338043261794,0.5493980747802301,31/08/2001 13:00:00,0,Ducati 996 RS [2001],World Superbikes,
23,Rider,Lucio Pedercini,27.663630382653274,0.5491745966148552,06/09/2001 13:00:00,0,Ducati 996 RS [2001],World Superbikes,
23,Rider,Lucio Pedercini,27.67955537293508,0.5489738941416259,07/09/2001 13:00:00,0,Ducati 996 RS [2001],World Superbikes,
23,Rider,Lucio Pedercini,27.695600185573497,0.548796644753538,08/09/2001 13:00:00,0,Ducati 996 RS [2001],World Superbikes,
23,Rider,Lucio Pedercini,27.712666048529037,0.5486061859156888,27/09/2001 13:00:00,0,Ducati 996 RS [2001],World Superbikes,
23,Rider,Lucio Pedercini,27.728372698662774,0.5484391025578798,28/09/2001 13:00:00,0,Ducati 996 RS [2001],World Superbikes,
23,Rider,Lucio Pedercini,27.742127138694403,0.5482957244251095,29/09/2001 13:00:00,0,Ducati 996 RS [2001],World Superbikes,
23,Rider,Lucio Pedercini,27.75641436156385,0.5481574738428918,08/03/2002 13:00:00,0,Ducati 998 RS [2002],World Superbikes,
23,Rider,Lucio Pedercini,27.769454470334846,0.5480387086473513,08/03/2002 13:00:00,1,Ducati 998 RS [2002],World Superbikes,
23,Rider,Lucio Pedercini,27.7803898054606,0.5479389682923409,09/03/2002 13:00:00,0,Ducati 998 RS [2002],World Superbikes,
23,Rider,Lucio Pedercini,27.789679375897176,0.5478583832381667,21/03/2002 13:00:00,0,Ducati 998 RS [2002],World Superbikes,
23,Rider,Lucio Pedercini,27.799070126086136,0.5477971288961109,22/03/2002 13:00:00,0,Ducati 998 RS [2002],World Superbikes,
23,Rider,Lucio Pedercini,27.806212427156694,0.5477549562626387,22/03/2002 13:00:00,1,Ducati 998 RS [2002],World Superbikes,
23,Rider,Lucio Pedercini,27.812924386399164,0.5477300276610942,04/04/2002 13:00:00,0,Ducati 998 RS [2002],World Superbikes,
23,Rider,Lucio Pedercini,27.81781560936009,0.547722103864,05/04/2002 13:00:00,0,Ducati 998 RS [2002],World Superbikes,
23,Rider,Lucio Pedercini,27.820785924221436,0.5477329960714397,06/04/2002 13:00:00,0,Ducati 998 RS [2002],World Superbikes,
23,Rider,Lucio Pedercini,27.822058577962725,0.5477613024985597,18/04/2002 13:00:00,0,Ducati 998 RS [2002],World Superbikes,
23,Rider,Lucio Pedercini,27.823086802767275,0.5478109673544166,19/04/2002 13:00:00,0,Ducati 998 RS [2002],World Superbikes,
23,Rider,Lucio Pedercini,27.822780312870496,0.5478834673820315,19/04/2002 13:00:00,1,Ducati 998 RS [2002],World Superbikes,
23,Rider,Lucio Pedercini,27.823461348573012,0.5479376946742397,09/05/2002 13:00:00,0,Ducati 998 RS [2002],World Superbikes,
23,Rider,Lucio Pedercini,27.823700021561553,0.5480147816511242,10/05/2002 13:00:00,0,Ducati 998 RS [2002],World Superbikes,
23,Rider,Lucio Pedercini,27.825858112057297,0.5481111648288323,11/05/2002 13:00:00,0,Ducati 998 RS [2002],World Superbikes,
23,Rider,Lucio Pedercini,27.826266861924324,0.5482252506694784,24/05/2002 13:00:00,0,Ducati 998 RS [2002],World Superbikes,
23,Rider,Lucio Pedercini,27.827910028139073,0.5483583812712233,24/05/2002 13:00:00,1,Ducati 998 RS [2002],World Superbikes,
23,Rider,Lucio Pedercini,27.828077389829126,0.5485146674014336,25/05/2002 13:00:00,0,Ducati 998 RS [2002],World Superbikes,
23,Rider,Lucio Pedercini,27.826349333345153,0.5486906462939697,06/06/2002 13:00:00,0,Ducati 998 RS [2002],World Superbikes,
23,Rider,Lucio Pedercini,27.82512717125473,0.548885569843756,07/06/2002 13:00:00,0,Ducati 998 RS [2002],World Superbikes,
23,Rider,Lucio Pedercini,27.82246494280417,0.5491019574140781,08/06/2002 13:00:00,0,Ducati 998 RS [2002],World Superbikes,
23,Rider,Lucio Pedercini,27.819985195927615,0.549332263579608,20/06/2002 13:00:00,0,Ducati 998 RS [2002],World Superbikes,
23,Rider,Lucio Pedercini,27.81553502501126,0.5495830435220608,21/06/2002 13:00:00,0,Ducati 998 RS [2002],World Superbikes,
23,Rider,Lucio Pedercini,27.81048682356782,0.5498562372327356,22/06/2002 13:00:00,0,Ducati 998 RS [2002],World Superbikes,
23,Rider,Lucio Pedercini,27.80348365924268,0.5501481329334096,12/07/2002 13:00:00,0,Ducati 998 RS [2002],World Superbikes,
23,Rider,Lucio Pedercini,27.79610725239075,0.5504611225169329,13/07/2002 13:00:00,0,Ducati 998 RS [2002],World Superbikes,
23,Rider,Lucio Pedercini,27.78724431118399,0.5507975682650461,13/07/2002 13:00:00,1,Ducati 998 RS [2002],World Superbikes,
23,Rider,Lucio Pedercini,27.779335294461376,0.5511153167160455,26/07/2002 13:00:00,0,Ducati 998 RS [2002],World Superbikes,
23,Rider,Lucio Pedercini,27.772180838499864,0.5514554790115664,26/07/2002 13:00:00,1,Ducati 998 RS [2002],World Superbikes,
23,Rider,Lucio Pedercini,27.764638198317506,0.5518202955882425,29/08/2002 13:00:00,0,Ducati 998 RS [2002],World Superbikes,
23,Rider,Lucio Pedercini,27.756516274582008,0.5522073599948083,30/08/2002 13:00:00,0,Ducati 998 RS [2002],World Superbikes,
23,Rider,Lucio Pedercini,27.748191767100575,0.5526163402259834,31/08/2002 13:00:00,0,Ducati 998 RS [2002],World Superbikes,
23,Rider,Lucio Pedercini,27.74014472206459,0.5530367569757497,05/09/2002 13:00:00,0,Ducati 998 RS [2002],World Superbikes,
23,Rider,Lucio Pedercini,27.731318470986423,0.5534798226591723,06/09/2002 13:00:00,0,Ducati 998 RS [2002],World Superbikes,
23,Rider,Lucio Pedercini,27.721776154664685,0.553946372631456,07/09/2002 13:00:00,0,Ducati 998 RS [2002],World Superbikes,
23,Rider,Lucio Pedercini,27.71365270863408,0.5544066980540299,26/09/2002 13:00:00,0,Ducati 998 RS [2002],World Superbikes,
23,Rider,Lucio Pedercini,27.704254028375157,0.5548923484274741,28/09/2002 13:00:00,0,Ducati 998 RS [2002],World Superbikes,
23,Rider,Lucio Pedercini,27.693955984267163,0.5553986991081663,28/02/2003 13:00:00,0,Ducati 998 RS [2003],World Superbikes,
23,Rider,Lucio Pedercini,27.6831801371676,0.5559309978167984,28/02/2003 13:00:00,1,Ducati 998 RS [2003],World Superbikes,
23,Rider,Lucio Pedercini,27.672791804895894,0.5564899635389692,01/03/2003 13:00:00,0,Ducati 998 RS [2003],World Superbikes,
23,Rider,Lucio Pedercini,27.661863807075996,0.5570708350854318,27/03/2003 13:00:00,0,Ducati 998 RS [2003],World Superbikes,
23,Rider,Lucio Pedercini,27.649111386562062,0.5576763880126786,28/03/2003 13:00:00,0,Ducati 998 RS [2003],World Superbikes,
23,Rider,Lucio Pedercini,27.636247108387323,0.5583091730514975,28/03/2003 13:00:00,1,Ducati 998 RS [2003],World Superbikes,
23,Rider,Lucio Pedercini,27.623398746457923,0.5589643620502045,24/04/2003 13:00:00,0,Ducati 998 RS [2003],World Superbikes,
23,Rider,Lucio Pedercini,27.61276480925318,0.5596286649415847,25/04/2003 13:00:00,0,Ducati 998 RS [2003],World Superbikes,
23,Rider,Lucio Pedercini,27.600389154001018,0.5603198643929135,25/04/2003 13:00:00,1,Ducati 998 RS [2003],World Superbikes,
23,Rider,Lucio Pedercini,27.587598348934115,0.5610352622761278,15/05/2003 13:00:00,0,Ducati 998 RS [2003],World Superbikes,
23,Rider,Lucio Pedercini,27.574218723548846,0.5617777457892755,16/05/2003 13:00:00,0,Ducati 998 RS [2003],World Superbikes,
23,Rider,Lucio Pedercini,27.559525767383203,0.5625455404067964,17/05/2003 13:00:00,0,Ducati 998 RS [2003],World Superbikes,
23,Rider,Lucio Pedercini,27.543707433688297,0.5633368964071434,29/05/2003 13:00:00,0,Ducati 998 RS [2003],World Superbikes,
23,Rider,Lucio Pedercini,27.527690013957525,0.5641578557658861,31/05/2003 13:00:00,0,Ducati 998 RS [2003],World Superbikes,
23,Rider,Lucio Pedercini,27.51169462513143,0.5650057641635067,13/06/2003 13:00:00,0,Ducati 998 RS [2003],World Superbikes,
23,Rider,Lucio Pedercini,27.494913698817317,0.5658857118803773,13/06/2003 13:00:00,1,Ducati 998 RS [2003],World Superbikes,
23,Rider,Lucio Pedercini,27.478772602691702,0.566796545438334,14/06/2003 13:00:00,0,Ducati 998 RS [2003],World Superbikes,
23,Rider,Lucio Pedercini,27.462701426557107,0.5677290779603522,19/06/2003 13:00:00,0,Ducati 998 RS [2003],World Superbikes,
23,Rider,Lucio Pedercini,27.444693237368977,0.5686925898777416,20/06/2003 13:00:00,0,Ducati 998 RS [2003],World Superbikes,
23,Rider,Lucio Pedercini,27.42785592698111,0.569689623474183,21/06/2003 13:00:00,0,Ducati 998 RS [2003],World Superbikes,
23,Rider,Lucio Pedercini,27.410775940004473,0.5707190806254536,11/07/2003 13:00:00,0,Ducati 998 RS [2003],World Superbikes,
23,Rider,Lucio Pedercini,27.392145393768097,0.5717821067742238,12/07/2003 13:00:00,0,Ducati 998 RS [2003],World Superbikes,
23,Rider,Lucio Pedercini,27.37304671627398,0.572878294844417,12/07/2003 13:00:00,1,Ducati 998 RS [2003],World Superbikes,
23,Rider,Lucio Pedercini,27.353997697383438,0.5740004139043595,25/07/2003 13:00:00,0,Ducati 998 RS [2003],World Superbikes,
23,Rider,Lucio Pedercini,27.337376317234455,0.5751503324384128,25/07/2003 13:00:00,1,Ducati 998 RS [2003],World Superbikes,
23,Rider,Lucio Pedercini,27.32108580662716,0.5763376653551252,04/09/2003 13:00:00,0,Ducati 998 RS [2003],World Superbikes,
23,Rider,Lucio Pedercini,27.304292154117164,0.5775613598408691,05/09/2003 13:00:00,0,Ducati 998 RS [2003],World Superbikes,
23,Rider,Lucio Pedercini,27.289361458097748,0.578823574834123,06/09/2003 13:00:00,0,Ducati 998 RS [2003],World Superbikes,
23,Rider,Lucio Pedercini,27.274675091435526,0.5801173813618171,25/09/2003 13:00:00,0,Ducati 998 RS [2003],World Superbikes,
23,Rider,Lucio Pedercini,27.25944438820026,0.5814490321083404,26/09/2003 13:00:00,0,Ducati 998 RS [2003],World Superbikes,
23,Rider,Lucio Pedercini,27.24391682847032,0.5828195746521277,27/09/2003 13:00:00,0,Ducati 998 RS [2003],World Superbikes,
23,Rider,Lucio Pedercini,27.228661613776843,0.5842244122889686,16/10/2003 13:00:00,0,Ducati 998 RS [2003],World Superbikes,
23,Rider,Lucio Pedercini,27.214300571737922,0.5856686589149819,17/10/2003 13:00:00,0,Ducati 998 RS [2003],World Superbikes,
23,Rider,Lucio Pedercini,27.20036634468737,0.587154998925354,18/10/2003 13:00:00,0,Ducati 998 RS [2003],World Superbikes,
23,Rider,Lucio Pedercini,27.187352862875606,0.588674599143978,27/02/2004 13:00:00,0,Ducati 998 RS03 [2004],World Superbikes,
23,Rider,Lucio Pedercini,27.174214581514054,0.5902365789176427,27/02/2004 13:00:00,1,Ducati 998 RS03 [2004],World Superbikes,
23,Rider,Lucio Pedercini,27.161779874423637,0.5918415507260077,28/02/2004 13:00:00,0,Ducati 998 RS03 [2004],World Superbikes,
23,Rider,Lucio Pedercini,27.14969549663664,0.593489425437745,25/03/2004 13:00:00,0,Ducati 998 RS03 [2004],World Superbikes,
23,Rider,Lucio Pedercini,27.13650715090959,0.595181584311479,26/03/2004 13:00:00,0,Ducati 998 RS03 [2004],World Superbikes,
23,Rider,Lucio Pedercini,27.123338715775432,0.596919287895221,26/03/2004 13:00:00,1,Ducati 998 RS03 [2004],World Superbikes,
23,Rider,Lucio Pedercini,27.110449438948688,0.5986995882858601,15/04/2004 13:00:00,0,Ducati 998 RS03 [2004],World Superbikes,
23,Rider,Lucio Pedercini,27.097869852940413,0.6005279368476695,16/04/2004 13:00:00,0,Ducati 998 RS03 [2004],World Superbikes,
23,Rider,Lucio Pedercini,27.08256987843282,0.6023861691514298,17/04/2004 13:00:00,0,Ducati 998 RS03 [2004],World Superbikes,
23,Rider,Lucio Pedercini,27.065758033895538,0.6042890054762445,13/05/2004 13:00:00,0,Ducati 998 RS03 [2004],World Superbikes,
23,Rider,Lucio Pedercini,27.049115745598503,0.6062421134083292,14/05/2004 13:00:00,0,Ducati 998 RS03 [2004],World Superbikes,
23,Rider,Lucio Pedercini,27.032780755869226,0.6082454538021637,15/05/2004 13:00:00,0,Ducati 998 RS03 [2004],World Superbikes,
23,Rider,Lucio Pedercini,27.0175670701531,0.6102917208987378,27/05/2004 13:00:00,0,Ducati 998 RS03 [2004],World Superbikes,
23,Rider,Lucio Pedercini,27.00370147398104,0.6123887178690847,28/05/2004 13:00:00,0,Ducati 998 RS03 [2004],World Superbikes,
23,Rider,Lucio Pedercini,26.98891994000472,0.614539285705789,29/05/2004 13:00:00,0,Ducati 998 RS03 [2004],World Superbikes,
23,Rider,Lucio Pedercini,26.9756611426425,0.6167312820441092,11/06/2004 13:00:00,0,Ducati 998 RS03 [2004],World Superbikes,
23,Rider,Lucio Pedercini,26.96176003820252,0.6189793460565666,11/06/2004 13:00:00,1,Ducati 998 RS03 [2004],World Superbikes,
23,Rider,Lucio Pedercini,26.94773167868196,0.6212834270682658,12/06/2004 13:00:00,0,Ducati 998 RS03 [2004],World Superbikes,
23,Rider,Lucio Pedercini,26.93360299271649,0.6236434104930572,09/07/2004 13:00:00,0,Ducati 998 RS03 [2004],World Superbikes,
23,Rider,Lucio Pedercini,26.91909807310684,0.6260599783346658,10/07/2004 13:00:00,0,Ducati 998 RS03 [2004],World Superbikes,
23,Rider,Lucio Pedercini,26.904084849812804,0.6285342076538282,10/07/2004 13:00:00,1,Ducati 998 RS03 [2004],World Superbikes,
23,Rider,Lucio Pedercini,26.889158619197588,0.6310652468457588,30/07/2004 13:00:00,0,Ducati 998 RS03 [2004],World Superbikes,
23,Rider,Lucio Pedercini,26.872669847891608,0.6336582174742129,30/07/2004 13:00:00,1,Ducati 998 RS03 [2004],World Superbikes,
23,Rider,Lucio Pedercini,26.858214248876777,0.6363096309147248,31/07/2004 13:00:00,0,Ducati 998 RS03 [2004],World Superbikes,
23,Rider,Lucio Pedercini,26.84380086539629,0.6390207570734916,02/09/2004 13:00:00,0,Ducati 998 RS03 [2004],World Superbikes,
23,Rider,Lucio Pedercini,26.830709043483452,0.6417913738153419,03/09/2004 13:00:00,0,Ducati 998 RS03 [2004],World Superbikes,
23,Rider,Lucio Pedercini,26.81732585223577,0.6446279376266149,04/09/2004 13:00:00,0,Ducati 998 RS03 [2004],World Superbikes,
23,Rider,Lucio Pedercini,26.8037813009007,0.6475291559475762,23/09/2004 13:00:00,0,Ducati 998 RS03 [2004],World Superbikes,
23,Rider,Lucio Pedercini,26.789615776409082,0.6504984721335665,25/09/2004 13:00:00,0,Ducati 998 RS03 [2004],World Superbikes,
23,Rider,Lucio Pedercini,26.77480682304905,0.6535347557418256,30/09/2004 13:00:00,0,Ducati 998 RS03 [2004],World Superbikes,
23,Rider,Lucio Pedercini,26.760618411735585,0.6566391773087515,01/10/2004 13:00:00,0,Ducati 998 RS03 [2004],World Superbikes,
23,Rider,Lucio Pedercini,26.746595874471186,0.6598145628441887,02/10/2004 13:00:00,0,Ducati 998 RS03 [2004],World Superbikes,
23,Rider,Lucio Pedercini,26.733145662603913,0.6630553324121976,23/02/2005 13:00:00,0,Ducati 999 RS [2005],World Superbikes,
23,Rider,Lucio Pedercini,26.720687486118113,0.6663652749805123,31/03/2005 13:00:00,0,Ducati 999 RS [2005],World Superbikes,
23,Rider,Lucio Pedercini,26.707449355067617,0.669753530372337,01/04/2005 13:00:00,0,Ducati 999 RS [2005],World Superbikes,
23,Rider,Lucio Pedercini,26.696025070056933,0.6731945858206138,21/04/2005 13:00:00,0,Ducati 999 RS [2005],World Superbikes,
23,Rider,Lucio Pedercini,26.684205198428558,0.6767157186553738,22/04/2005 13:00:00,0,Ducati 999 RS [2005],World Superbikes,
23,Rider,Lucio Pedercini,26.67278640195943,0.6803156591857532,23/06/2005 13:00:00,0,Ducati 999 RS [2005],World Superbikes,
23,Rider,Lucio Pedercini,26.660115692255488,0.68399908958415,24/06/2005 13:00:00,0,Ducati 999 RS [2005],World Superbikes,
23,Rider,Lucio Pedercini,26.648158372529686,0.687762658210805,01/09/2005 13:00:00,0,Ducati 999 RS [2005],World Superbikes,
23,Rider,Lucio Pedercini,26.637313014682615,0.6916041572813441,02/09/2005 13:00:00,0,Ducati 999 RS [2005],World Superbikes,
23,Rider,Lucio Pedercini,26.62746925071462,0.6955255841031112,08/09/2005 13:00:00,0,Ducati 999 RS [2005],World Superbikes,
23,Rider,Lucio Pedercini,26.61930993002703,0.6995196578640714,09/09/2005 13:00:00,0,Ducati 999 RS [2005],World Superbikes,
23,Rider,Lucio Pedercini,26.612634738378055,0.703589716321565,29/09/2005 13:00:00,0,Ducati 999 RS [2005],World Superbikes,
23,Rider,Lucio Pedercini,26.60666926164147,0.7077483717135064,30/09/2005 13:00:00,0,Ducati 999 RS [2005],World Superbikes,
23,Rider,Lucio Pedercini,26.60202152177863,0.71199286311833,22/02/2006 13:00:00,0,Ducati 999 RS [2006],World Superbikes,
23,Rider,Lucio Pedercini,26.59792544096252,0.7163239587285296,23/02/2006 13:00:00,0,Ducati 999 RS [2006],World Superbikes,
23,Rider,Lucio Pedercini,26.593946045687456,0.7207433892558553,02/03/2006 13:00:00,0,Ducati 999 RS [2006],World Superbikes,
23,Rider,Lucio Pedercini,26.5909148299249,0.7252450447255551,03/03/2006 13:00:00,0,Ducati 999 RS [2006],World Superbikes,
23,Rider,Lucio Pedercini,26.589266195261086,0.7298257567219317,20/04/2006 13:00:00,0,Ducati 999 RS [2006],World Superbikes,
24,Rider,Piergiorgio Bontempi,29.705574982723316,0.9775912961823827,21/03/1998 13:00:00,0,Kawasaki ZX7R 750 [1998],World Superbikes,
24,Rider,Piergiorgio Bontempi,29.706159239830992,0.9743015685534907,21/03/1998 13:00:00,1,Kawasaki ZX7R 750 [1998],World Superbikes,
24,Rider,Piergiorgio Bontempi,29.706663343565822,0.9711680795571931,21/03/1998 13:00:00,2,Kawasaki ZX7R 750 [1998],World Superbikes,
24,Rider,Piergiorgio Bontempi,29.705845479488364,0.9681840003024199,12/04/1998 13:00:00,0,Kawasaki ZX7R 750 [1998],World Superbikes,
24,Rider,Piergiorgio Bontempi,29.703837208531823,0.965356885320211,12/04/1998 13:00:00,1,Kawasaki ZX7R 750 [1998],World Superbikes,
24,Rider,Piergiorgio Bontempi,29.702544204179688,0.9626780582138893,09/05/1998 13:00:00,0,Kawasaki ZX7R 750 [1998],World Superbikes,
24,Rider,Piergiorgio Bontempi,29.700896257631793,0.9601460711029761,09/05/1998 13:00:00,1,Kawasaki ZX7R 750 [1998],World Superbikes,
24,Rider,Piergiorgio Bontempi,29.697774526074102,0.9577629241537756,09/05/1998 13:00:00,2,Kawasaki ZX7R 750 [1998],World Superbikes,
24,Rider,Piergiorgio Bontempi,29.69377875865888,0.9555244648424787,23/05/1998 13:00:00,0,Kawasaki ZX7R 750 [1998],World Superbikes,
24,Rider,Piergiorgio Bontempi,29.687377321689716,0.9534255560270203,23/05/1998 13:00:00,1,Kawasaki ZX7R 750 [1998],World Superbikes,
24,Rider,Piergiorgio Bontempi,29.68129956349746,0.9514595033068198,06/06/1998 13:00:00,0,Kawasaki ZX7R 750 [1998],World Superbikes,
24,Rider,Piergiorgio Bontempi,29.674861492477245,0.94963991538222,06/06/1998 13:00:00,1,Kawasaki ZX7R 750 [1998],World Superbikes,
24,Rider,Piergiorgio Bontempi,29.668539994689944,0.9479673071637659,06/06/1998 13:00:00,2,Kawasaki ZX7R 750 [1998],World Superbikes,
24,Rider,Piergiorgio Bontempi,29.66266610468711,0.9464230397925172,20/06/1998 13:00:00,0,Kawasaki ZX7R 750 [1998],World Superbikes,
24,Rider,Piergiorgio Bontempi,29.655548118046323,0.9450262105251321,20/06/1998 13:00:00,1,Kawasaki ZX7R 750 [1998],World Superbikes,
24,Rider,Piergiorgio Bontempi,29.64643237504367,0.9437764428531863,20/06/1998 13:00:00,2,Kawasaki ZX7R 750 [1998],World Superbikes,
24,Rider,Piergiorgio Bontempi,29.63653729659387,0.9426676555957215,04/07/1998 13:00:00,0,Kawasaki ZX7R 750 [1998],World Superbikes,
24,Rider,Piergiorgio Bontempi,29.627753464503805,0.9416931397797257,04/07/1998 13:00:00,1,Kawasaki ZX7R 750 [1998],World Superbikes,
24,Rider,Piergiorgio Bontempi,29.619311016764694,0.940855478449528,04/07/1998 13:00:00,2,Kawasaki ZX7R 750 [1998],World Superbikes,
24,Rider,Piergiorgio Bontempi,29.61099130775449,0.9401461210765971,11/07/1998 13:00:00,0,Kawasaki ZX7R 750 [1998],World Superbikes,
24,Rider,Piergiorgio Bontempi,29.603352887443464,0.9395761977261254,11/07/1998 13:00:00,1,Kawasaki ZX7R 750 [1998],World Superbikes,
24,Rider,Piergiorgio Bontempi,29.596750417581717,0.9391443043439371,27/02/2004 13:00:00,0,Suzuki GSX 1000R [2004],World Superbikes,
24,Rider,Piergiorgio Bontempi,29.590913530245082,0.9388506211880963,27/02/2004 13:00:00,1,Suzuki GSX 1000R [2004],World Superbikes,
24,Rider,Piergiorgio Bontempi,29.585214251481496,0.9387006357990002,28/02/2004 13:00:00,0,Suzuki GSX 1000R [2004],World Superbikes,
24,Rider,Piergiorgio Bontempi,29.5808933734791,0.9386453154027025,15/04/2004 13:00:00,0,Suzuki GSX 1000R [2004],World Superbikes,
24,Rider,Piergiorgio Bontempi,29.575034286668412,0.938736751247955,16/04/2004 13:00:00,0,Suzuki GSX 1000R [2004],World Superbikes,
24,Rider,Piergiorgio Bontempi,29.56849132362,0.938977244943964,17/04/2004 13:00:00,0,Suzuki GSX 1000R [2004],World Superbikes,
24,Rider,Piergiorgio Bontempi,29.561916841841054,0.9393542693440002,13/05/2004 13:00:00,0,Suzuki GSX 1000R [2004],World Superbikes,
24,Rider,Piergiorgio Bontempi,29.5556871687966,0.9398725614195926,14/05/2004 13:00:00,0,Suzuki GSX 1000R [2004],World Superbikes,
24,Rider,Piergiorgio Bontempi,29.549336390620432,0.9405368986338615,15/05/2004 13:00:00,0,Suzuki GSX 1000R [2004],World Superbikes,
24,Rider,Piergiorgio Bontempi,29.542746066411638,0.9413396090013729,27/05/2004 13:00:00,0,Suzuki GSX 1000R [2004],World Superbikes,
24,Rider,Piergiorgio Bontempi,29.536255449022878,0.9422890325712906,28/05/2004 13:00:00,0,Suzuki GSX 1000R [2004],World Superbikes,
24,Rider,Piergiorgio Bontempi,29.528699489253363,0.9433893777656148,29/05/2004 13:00:00,0,Suzuki GSX 1000R [2004],World Superbikes,
24,Rider,Piergiorgio Bontempi,29.522472629249734,0.9445855209655534,11/06/2004 13:00:00,0,Suzuki GSX 1000R [2004],World Superbikes,
24,Rider,Piergiorgio Bontempi,29.516784275583483,0.9459199797809498,11/06/2004 13:00:00,1,Suzuki GSX 1000R [2004],World Superbikes,
24,Rider,Piergiorgio Bontempi,29.511957493361187,0.9473942523919092,09/07/2004 13:00:00,0,Suzuki GSX 1000R [2004],World Superbikes,
24,Rider,Piergiorgio Bontempi,29.507560179111227,0.9490087148297517,10/07/2004 13:00:00,0,Suzuki GSX 1000R [2004],World Superbikes,
24,Rider,Piergiorgio Bontempi,29.50356058779915,0.9507636126189434,10/07/2004 13:00:00,1,Suzuki GSX 1000R [2004],World Superbikes,
24,Rider,Piergiorgio Bontempi,29.499970672489503,0.952653996970619,30/07/2004 13:00:00,0,Suzuki GSX 1000R [2004],World Superbikes,
24,Rider,Piergiorgio Bontempi,29.496204301313067,0.9546940183555777,30/07/2004 13:00:00,1,Suzuki GSX 1000R [2004],World Superbikes,
24,Rider,Piergiorgio Bontempi,29.49143710838303,0.9568869194936542,31/07/2004 13:00:00,0,Suzuki GSX 1000R [2004],World Superbikes,
24,Rider,Piergiorgio Bontempi,29.487917113483423,0.9591710560198968,02/09/2004 13:00:00,0,Suzuki GSX 1000R [2004],World Superbikes,
24,Rider,Piergiorgio Bontempi,29.483485343295005,0.9616078329385053,03/09/2004 13:00:00,0,Suzuki GSX 1000R [2004],World Superbikes,
24,Rider,Piergiorgio Bontempi,29.47991050526896,0.9641875951128581,23/09/2004 13:00:00,0,Suzuki GSX 1000R [2004],World Superbikes,
24,Rider,Piergiorgio Bontempi,29.475881664723072,0.9669234541320908,24/09/2004 13:00:00,0,Suzuki GSX 1000R [2004],World Superbikes,
24,Rider,Piergiorgio Bontempi,29.475123310071652,0.9697873282443343,25/09/2004 13:00:00,0,Suzuki GSX 1000R [2004],World Superbikes,
24,Rider,Piergiorgio Bontempi,29.47478046242536,0.972790466456651,30/09/2004 13:00:00,0,Suzuki GSX 1000R [2004],World Superbikes,
24,Rider,Piergiorgio Bontempi,29.474406206973335,0.9759442268247577,01/10/2004 13:00:00,0,Suzuki GSX 1000R [2004],World Superbikes,
24,Rider,Piergiorgio Bontempi,29.47350899522372,0.9792522629392519,02/10/2004 13:00:00,0,Suzuki GSX 1000R [2004],World Superbikes,
25,Rider,Igor Jerman,25.584983087245934,0.8750107394263877,21/03/1998 13:00:00,0,Kawasaki ZX7R 750 [1998],World Superbikes,
25,Rider,Igor Jerman,25.584579540963954,0.8712735979361338,21/03/1998 13:00:00,1,Kawasaki ZX7R 750 [1998],World Superbikes,
25,Rider,Igor Jerman,25.584384129274873,0.8676693705747537,12/04/1998 13:00:00,0,Kawasaki ZX7R 750 [1998],World Superbikes,
25,Rider,Igor Jerman,25.584790314826353,0.8641887404896063,12/04/1998 13:00:00,1,Kawasaki ZX7R 750 [1998],World Superbikes,
25,Rider,Igor Jerman,25.58614174942182,0.8608280571063813,09/05/1998 13:00:00,0,Kawasaki ZX7R 750 [1998],World Superbikes,
25,Rider,Igor Jerman,25.587055034343415,0.8575924927223895,09/05/1998 13:00:00,1,Kawasaki ZX7R 750 [1998],World Superbikes,
25,Rider,Igor Jerman,25.587156787549173,0.8544819460908233,09/05/1998 13:00:00,2,Kawasaki ZX7R 750 [1998],World Superbikes,
25,Rider,Igor Jerman,25.586556000876282,0.8514918345835152,23/05/1998 13:00:00,0,Kawasaki ZX7R 750 [1998],World Superbikes,
25,Rider,Igor Jerman,25.585074025431965,0.8486283345029739,23/05/1998 13:00:00,1,Kawasaki ZX7R 750 [1998],World Superbikes,
25,Rider,Igor Jerman,25.58463291352741,0.8458743406983739,06/06/1998 13:00:00,0,Kawasaki ZX7R 750 [1998],World Superbikes,
25,Rider,Igor Jerman,25.58423408457414,0.8432421358209583,06/06/1998 13:00:00,1,Kawasaki ZX7R 750 [1998],World Superbikes,
25,Rider,Igor Jerman,25.584506973518042,0.8407306313745049,20/06/1998 13:00:00,0,Kawasaki ZX7R 750 [1998],World Superbikes,
25,Rider,Igor Jerman,25.584755115113236,0.838341880396179,20/06/1998 13:00:00,1,Kawasaki ZX7R 750 [1998],World Superbikes,
25,Rider,Igor Jerman,25.58490411044732,0.836075036502015,04/07/1998 13:00:00,0,Kawasaki ZX7R 750 [1998],World Superbikes,
25,Rider,Igor Jerman,25.58500385194658,0.8339212118021686,04/07/1998 13:00:00,1,Kawasaki ZX7R 750 [1998],World Superbikes,
25,Rider,Igor Jerman,25.585520301654807,0.8318773394823071,04/07/1998 13:00:00,2,Kawasaki ZX7R 750 [1998],World Superbikes,
25,Rider,Igor Jerman,25.58736458873973,0.8299028728560872,11/07/1998 13:00:00,0,Kawasaki ZX7R 750 [1998],World Superbikes,
25,Rider,Igor Jerman,25.58991142887764,0.8280379459296286,11/07/1998 13:00:00,1,Kawasaki ZX7R 750 [1998],World Superbikes,
25,Rider,Igor Jerman,25.593566674308118,0.8262787665909511,29/08/1998 13:00:00,0,Kawasaki ZX7R 750 [1998],World Superbikes,
25,Rider,Igor Jerman,25.59681714746396,0.8246343276985073,29/08/1998 13:00:00,1,Kawasaki ZX7R 750 [1998],World Superbikes,
25,Rider,Igor Jerman,25.600701542856502,0.8231069893921408,05/09/1998 13:00:00,0,Kawasaki ZX7R 750 [1998],World Superbikes,
25,Rider,Igor Jerman,25.603898288380986,0.8216837484091802,05/09/1998 13:00:00,1,Kawasaki ZX7R 750 [1998],World Superbikes,
25,Rider,Igor Jerman,25.60610951917882,0.8203688114742237,05/09/1998 13:00:00,2,Kawasaki ZX7R 750 [1998],World Superbikes,
25,Rider,Igor Jerman,25.607961016106447,0.8191559956443768,03/10/1998 13:00:00,0,Kawasaki ZX7R 750 [1998],World Superbikes,
25,Rider,Igor Jerman,25.610693050071355,0.8180386380104727,03/10/1998 13:00:00,1,Kawasaki ZX7R 750 [1998],World Superbikes,
25,Rider,Igor Jerman,25.614264692897,0.8170173919787733,27/03/1999 13:00:00,0,Kawasaki ZX7R 750 [1999],World Superbikes,
25,Rider,Igor Jerman,25.618400396787447,0.8161008999260563,27/03/1999 13:00:00,1,Kawasaki ZX7R 750 [1999],World Superbikes,
25,Rider,Igor Jerman,25.623627653745704,0.815286234878898,17/04/1999 13:00:00,0,Kawasaki ZX7R 750 [1999],World Superbikes,
25,Rider,Igor Jerman,25.628986318279654,0.8145859763941414,17/04/1999 13:00:00,1,Kawasaki ZX7R 750 [1999],World Superbikes,
25,Rider,Igor Jerman,25.634173626761775,0.8140013886322286,01/05/1999 13:00:00,0,Kawasaki ZX7R 750 [1999],World Superbikes,
25,Rider,Igor Jerman,25.639135124273018,0.8135339893604814,01/05/1999 13:00:00,1,Kawasaki ZX7R 750 [1999],World Superbikes,
25,Rider,Igor Jerman,25.644567236155613,0.8131791744546877,15/05/1999 13:00:00,0,Kawasaki ZX7R 750 [1999],World Superbikes,
25,Rider,Igor Jerman,25.649816391895943,0.8129325416030552,15/05/1999 13:00:00,1,Kawasaki ZX7R 750 [1999],World Superbikes,
25,Rider,Igor Jerman,25.654652747253273,0.8127962554210706,15/05/1999 13:00:00,2,Kawasaki ZX7R 750 [1999],World Superbikes,
25,Rider,Igor Jerman,25.65840743154945,0.8127658442547694,29/05/1999 13:00:00,0,Kawasaki ZX7R 750 [1999],World Superbikes,
25,Rider,Igor Jerman,25.66011428008647,0.812851466351407,29/05/1999 13:00:00,1,Kawasaki ZX7R 750 [1999],World Superbikes,
25,Rider,Igor Jerman,25.659986231996463,0.8130542915700806,29/05/1999 13:00:00,2,Kawasaki ZX7R 750 [1999],World Superbikes,
25,Rider,Igor Jerman,25.660413619866766,0.8133544833350852,12/06/1999 13:00:00,0,Kawasaki ZX7R 750 [1999],World Superbikes,
25,Rider,Igor Jerman,25.65936703302588,0.8137721287556638,12/06/1999 13:00:00,1,Kawasaki ZX7R 750 [1999],World Superbikes,
25,Rider,Igor Jerman,25.656824397818962,0.8143054700050241,12/06/1999 13:00:00,2,Kawasaki ZX7R 750 [1999],World Superbikes,
25,Rider,Igor Jerman,25.653822404632248,0.8149482099736791,26/06/1999 13:00:00,0,Kawasaki ZX7R 750 [1999],World Superbikes,
25,Rider,Igor Jerman,25.64971147763296,0.8157033521772395,26/06/1999 13:00:00,1,Kawasaki ZX7R 750 [1999],World Superbikes,
25,Rider,Igor Jerman,25.64625688100444,0.816571431874809,26/06/1999 13:00:00,2,Kawasaki ZX7R 750 [1999],World Superbikes,
25,Rider,Igor Jerman,25.64408427365314,0.8175303426162923,10/07/1999 13:00:00,0,Kawasaki ZX7R 750 [1999],World Superbikes,
25,Rider,Igor Jerman,25.640859601556503,0.8186051189162334,10/07/1999 13:00:00,1,Kawasaki ZX7R 750 [1999],World Superbikes,
25,Rider,Igor Jerman,25.636455588799166,0.8197967245655061,10/07/1999 13:00:00,2,Kawasaki ZX7R 750 [1999],World Superbikes,
25,Rider,Igor Jerman,25.631566311683414,0.8210925475200761,31/07/1999 13:00:00,0,Kawasaki ZX7R 750 [1999],World Superbikes,
25,Rider,Igor Jerman,25.62678385114055,0.8225064892944645,31/07/1999 13:00:00,1,Kawasaki ZX7R 750 [1999],World Superbikes,
25,Rider,Igor Jerman,25.62235195871681,0.824040420263828,28/08/1999 13:00:00,0,Kawasaki ZX7R 750 [1999],World Superbikes,
25,Rider,Igor Jerman,25.617314554654342,0.8256918497234008,28/08/1999 13:00:00,1,Kawasaki ZX7R 750 [1999],World Superbikes,
25,Rider,Igor Jerman,25.611998323024388,0.8274603373833049,28/08/1999 13:00:00,2,Kawasaki ZX7R 750 [1999],World Superbikes,
25,Rider,Igor Jerman,25.607688719762415,0.8293165412594872,04/09/1999 13:00:00,0,Kawasaki ZX7R 750 [1999],World Superbikes,
25,Rider,Igor Jerman,25.60255526386951,0.8312958510691258,04/09/1999 13:00:00,1,Kawasaki ZX7R 750 [1999],World Superbikes,
25,Rider,Igor Jerman,25.596449770977927,0.8333975422685349,04/09/1999 13:00:00,2,Kawasaki ZX7R 750 [1999],World Superbikes,
25,Rider,Igor Jerman,25.58911531823785,0.8356159599521664,11/09/1999 13:00:00,0,Kawasaki ZX7R 750 [1999],World Superbikes,
25,Rider,Igor Jerman,25.581188740245622,0.8379553033945356,11/09/1999 13:00:00,1,Kawasaki ZX7R 750 [1999],World Superbikes,
25,Rider,Igor Jerman,25.572979923158933,0.8404152493056409,11/09/1999 13:00:00,2,Kawasaki ZX7R 750 [1999],World Superbikes,
25,Rider,Igor Jerman,25.564882531667482,0.8429797981452628,08/07/2000 13:00:00,0,Kawasaki ZX-7 RR [2000],World Superbikes,
25,Rider,Igor Jerman,25.55784229671928,0.8456563140890287,08/07/2000 13:00:00,1,Kawasaki ZX-7 RR [2000],World Superbikes,
25,Rider,Igor Jerman,25.551992967568676,0.8484441581994795,05/08/2000 13:00:00,0,Kawasaki ZX-7 RR [2000],World Superbikes,
25,Rider,Igor Jerman,25.545440777810555,0.8513610999186002,05/08/2000 13:00:00,1,Kawasaki ZX-7 RR [2000],World Superbikes,
25,Rider,Igor Jerman,25.53998873300957,0.8544004201981016,02/09/2000 13:00:00,0,Kawasaki ZX-7 RR [2000],World Superbikes,
25,Rider,Igor Jerman,25.535424037994808,0.8575648876064548,02/09/2000 13:00:00,1,Kawasaki ZX-7 RR [2000],World Superbikes,
25,Rider,Igor Jerman,25.529832937607924,0.8608617289610436,02/09/2000 13:00:00,2,Kawasaki ZX-7 RR [2000],World Superbikes,
25,Rider,Igor Jerman,25.52534280180517,0.864231258472891,09/09/2000 13:00:00,0,Kawasaki ZX-7 RR [2000],World Superbikes,
25,Rider,Igor Jerman,25.52086252133975,0.8677331324577398,09/09/2000 13:00:00,1,Kawasaki ZX-7 RR [2000],World Superbikes,
25,Rider,Igor Jerman,25.516501316560465,0.8713664270708612,14/10/2000 13:00:00,0,Kawasaki ZX-7 RR [2000],World Superbikes,
25,Rider,Igor Jerman,25.514727087544006,0.8751132360738012,14/10/2000 13:00:00,1,Kawasaki ZX-7 RR [2000],World Superbikes,
26,Rider,Shawn Giles,27.562218061418996,2.582284990365824,21/03/1998 13:00:00,0,Honda [1998],World Superbikes,
26,Rider,Shawn Giles,27.562699082254024,2.5816388373029793,21/03/1998 13:00:00,1,Honda [1998],World Superbikes,
26,Rider,Shawn Giles,27.56325133166206,2.5814326213226795,17/04/1999 13:00:00,0,Suzuki GSX-R 750 [1999],World Superbikes,
26,Rider,Shawn Giles,27.56319293221093,2.581670153227977,17/04/1999 13:00:00,1,Suzuki GSX-R 750 [1999],World Superbikes,
26,Rider,Shawn Giles,27.5627757486139,2.582348261164681,17/04/1999 13:00:00,2,Suzuki GSX-R 750 [1999],World Superbikes,
27,Bike,Honda [1998],27.831151439246753,1.431669100683731,21/03/1998 13:00:00,0,,World Superbikes,
27,Bike,Honda [1998],27.831555443304456,1.4296166459663064,21/03/1998 13:00:00,1,,World Superbikes,
27,Bike,Honda [1998],27.83206065807202,1.4277886667059385,12/04/1998 13:00:00,0,,World Superbikes,
27,Bike,Honda [1998],27.832855909850863,1.426124894928286,12/04/1998 13:00:00,1,,World Superbikes,
27,Bike,Honda [1998],27.834455106958465,1.4246159382519492,09/05/1998 13:00:00,0,,World Superbikes,
27,Bike,Honda [1998],27.83524265751075,1.4233438421347668,09/05/1998 13:00:00,1,,World Superbikes,
27,Bike,Honda [1998],27.83541296561913,1.4223075939592387,23/05/1998 13:00:00,0,,World Superbikes,
27,Bike,Honda [1998],27.832041122864993,1.4215166350781618,23/05/1998 13:00:00,1,,World Superbikes,
27,Bike,Honda [1998],27.82895798331285,1.4208954679501429,06/06/1998 13:00:00,0,,World Superbikes,
27,Bike,Honda [1998],27.82714250826964,1.4204598601741882,06/06/1998 13:00:00,1,,World Superbikes,
27,Bike,Honda [1998],27.825241510521643,1.4202422132618329,20/06/1998 13:00:00,0,,World Superbikes,
27,Bike,Honda [1998],27.822729160535268,1.4202642793806373,20/06/1998 13:00:00,1,,World Superbikes,
27,Bike,Honda [1998],27.819868954651113,1.4205222057878077,11/07/1998 13:00:00,0,,World Superbikes,
27,Bike,Honda [1998],27.81803370017982,1.4209655071161227,11/07/1998 13:00:00,1,,World Superbikes,
27,Bike,Honda [1998],27.816096329109303,1.4216019365286383,11/07/1998 13:00:00,2,,World Superbikes,
27,Bike,Honda [1998],27.814224892450625,1.4224701190841287,01/08/1998 13:00:00,0,,World Superbikes,
27,Bike,Honda [1998],27.812036456270576,1.4235250870956413,01/08/1998 13:00:00,1,,World Superbikes,
27,Bike,Honda [1998],27.81000182913717,1.4247611498123582,29/08/1998 13:00:00,0,,World Superbikes,
27,Bike,Honda [1998],27.808450079761514,1.4262207526824895,29/08/1998 13:00:00,1,,World Superbikes,
27,Bike,Honda [1998],27.807191045326206,1.4279115313550443,03/10/1998 13:00:00,0,,World Superbikes,
27,Bike,Honda [1998],27.80617272038118,1.4297847873134688,03/10/1998 13:00:00,1,,World Superbikes,
27,Bike,Honda [1998],27.80567421790819,1.4318411264038042,03/10/1998 13:00:00,2,,World Superbikes,
28,Rider,Malcolm Campbell,27.52465387154152,3.5625462376930277,21/03/1998 13:00:00,0,Ducati [1998],World Superbikes,
28,Rider,Malcolm Campbell,27.524940533824278,3.56254539785062,21/03/1998 13:00:00,1,Ducati [1998],World Superbikes,
29,Rider,Gregorio Lavilla,35.71772307032488,0.7315856071296177,21/03/1998 13:00:00,0,Ducati [1998],World Superbikes,
29,Rider,Gregorio Lavilla,35.72061617936792,0.7270230495676403,21/03/1998 13:00:00,1,Ducati [1998],World Superbikes,
29,Rider,Gregorio Lavilla,35.72516399451868,0.7225552592026699,12/04/1998 13:00:00,0,Ducati [1998],World Superbikes,
29,Rider,Gregorio Lavilla,35.73048196757004,0.7181799924582298,12/04/1998 13:00:00,1,Ducati [1998],World Superbikes,
29,Rider,Gregorio Lavilla,35.7333950364867,0.7138935418403883,09/05/1998 13:00:00,0,Ducati [1998],World Superbikes,
29,Rider,Gregorio Lavilla,35.73505017147788,0.7096939958299375,09/05/1998 13:00:00,1,Ducati [1998],World Superbikes,
29,Rider,Gregorio Lavilla,35.737256321622816,0.7055800028491246,09/05/1998 13:00:00,2,Ducati [1998],World Superbikes,
29,Rider,Gregorio Lavilla,35.73912689402797,0.7015474465781333,23/05/1998 13:00:00,0,Ducati [1998],World Superbikes,
29,Rider,Gregorio Lavilla,35.74397254709362,0.6975818388527776,23/05/1998 13:00:00,1,Ducati [1998],World Superbikes,
29,Rider,Gregorio Lavilla,35.74563168398171,0.6936813683896519,06/06/1998 13:00:00,0,Ducati [1998],World Superbikes,
29,Rider,Gregorio Lavilla,35.74461158306059,0.6898549554171028,06/06/1998 13:00:00,1,Ducati [1998],World Superbikes,
29,Rider,Gregorio Lavilla,35.74146614433503,0.6861059289280795,06/06/1998 13:00:00,2,Ducati [1998],World Superbikes,
29,Rider,Gregorio Lavilla,35.73583584861429,0.6824288764995566,20/06/1998 13:00:00,0,Ducati [1998],World Superbikes,
29,Rider,Gregorio Lavilla,35.73063195930918,0.6788296706563134,20/06/1998 13:00:00,1,Ducati [1998],World Superbikes,
29,Rider,Gregorio Lavilla,35.723694108030074,0.675303781836574,20/06/1998 13:00:00,2,Ducati [1998],World Superbikes,
29,Rider,Gregorio Lavilla,35.716562624375875,0.6718498476554615,04/07/1998 13:00:00,0,Ducati [1998],World Superbikes,
29,Rider,Gregorio Lavilla,35.70859974038958,0.6684694862895826,04/07/1998 13:00:00,1,Ducati [1998],World Superbikes,
29,Rider,Gregorio Lavilla,35.700040727138216,0.6651607357080703,04/07/1998 13:00:00,2,Ducati [1998],World Superbikes,
29,Rider,Gregorio Lavilla,35.69027138967212,0.6619207894678213,11/07/1998 13:00:00,0,Ducati [1998],World Superbikes,
29,Rider,Gregorio Lavilla,35.680255396143124,0.6587535006579947,11/07/1998 13:00:00,1,Ducati [1998],World Superbikes,
29,Rider,Gregorio Lavilla,35.6708401924389,0.6556553814991296,11/07/1998 13:00:00,2,Ducati [1998],World Superbikes,
29,Rider,Gregorio Lavilla,35.66278708124745,0.6525896925238582,01/08/1998 13:00:00,0,Ducati [1998],World Superbikes,
29,Rider,Gregorio Lavilla,35.65590054134054,0.6495853024924817,01/08/1998 13:00:00,1,Ducati [1998],World Superbikes,
29,Rider,Gregorio Lavilla,35.649552667086034,0.646646078757496,29/08/1998 13:00:00,0,Ducati [1998],World Superbikes,
29,Rider,Gregorio Lavilla,35.64266455082841,0.6437722547622357,29/08/1998 13:00:00,1,Ducati [1998],World Superbikes,
29,Rider,Gregorio Lavilla,35.63542330845471,0.6409604024967024,29/08/1998 13:00:00,2,Ducati [1998],World Superbikes,
29,Rider,Gregorio Lavilla,35.629065385116256,0.6382003497325707,05/09/1998 13:00:00,0,Ducati [1998],World Superbikes,
29,Rider,Gregorio Lavilla,35.622102868811474,0.6355006792747872,05/09/1998 13:00:00,1,Ducati [1998],World Superbikes,
29,Rider,Gregorio Lavilla,35.613469694910954,0.6328561854317426,05/09/1998 13:00:00,2,Ducati [1998],World Superbikes,
29,Rider,Gregorio Lavilla,35.605615765158944,0.6302621719229102,03/10/1998 13:00:00,0,Ducati [1998],World Superbikes,
29,Rider,Gregorio Lavilla,35.5983006547834,0.6277277710579242,03/10/1998 13:00:00,1,Ducati [1998],World Superbikes,
29,Rider,Gregorio Lavilla,35.59293167993753,0.6252432479635927,27/03/1999 13:00:00,0,Kawasaki ZX-7 RR [1999],World Superbikes,
29,Rider,Gregorio Lavilla,35.58840860877535,0.6228132351779521,27/03/1999 13:00:00,1,Kawasaki ZX-7 RR [1999],World Superbikes,
29,Rider,Gregorio Lavilla,35.58550475499009,0.6204366934375747,27/03/1999 13:00:00,2,Kawasaki ZX-7 RR [1999],World Superbikes,
29,Rider,Gregorio Lavilla,35.583384219231874,0.6181134396777683,17/04/1999 13:00:00,0,Kawasaki ZX-7 RR [1999],World Superbikes,
29,Rider,Gregorio Lavilla,35.58234514314822,0.6158452104724301,17/04/1999 13:00:00,1,Kawasaki ZX-7 RR [1999],World Superbikes,
29,Rider,Gregorio Lavilla,35.581549046164376,0.6136313509254966,17/04/1999 13:00:00,2,Kawasaki ZX-7 RR [1999],World Superbikes,
29,Rider,Gregorio Lavilla,35.57986045895876,0.6114667904236124,01/05/1999 13:00:00,0,Kawasaki ZX-7 RR [1999],World Superbikes,
29,Rider,Gregorio Lavilla,35.57596772172379,0.6093515902802468,01/05/1999 13:00:00,1,Kawasaki ZX-7 RR [1999],World Superbikes,
29,Rider,Gregorio Lavilla,35.57266428236836,0.6072891469201859,01/05/1999 13:00:00,2,Kawasaki ZX-7 RR [1999],World Superbikes,
29,Rider,Gregorio Lavilla,35.57105353007748,0.6052485723384792,15/05/1999 13:00:00,0,Kawasaki ZX-7 RR [1999],World Superbikes,
29,Rider,Gregorio Lavilla,35.566606318844926,0.6032405251145505,15/05/1999 13:00:00,1,Kawasaki ZX-7 RR [1999],World Superbikes,
29,Rider,Gregorio Lavilla,35.560805454724644,0.601274724804845,15/05/1999 13:00:00,2,Kawasaki ZX-7 RR [1999],World Superbikes,
29,Rider,Gregorio Lavilla,35.55402616653748,0.5993525644147076,29/05/1999 13:00:00,0,Kawasaki ZX-7 RR [1999],World Superbikes,
29,Rider,Gregorio Lavilla,35.54749504439957,0.5974778375786999,29/05/1999 13:00:00,1,Kawasaki ZX-7 RR [1999],World Superbikes,
29,Rider,Gregorio Lavilla,35.541434623912565,0.5956503462390168,29/05/1999 13:00:00,2,Kawasaki ZX-7 RR [1999],World Superbikes,
29,Rider,Gregorio Lavilla,35.53567481131947,0.5938636514536811,12/06/1999 13:00:00,0,Kawasaki ZX-7 RR [1999],World Superbikes,
29,Rider,Gregorio Lavilla,35.53078143605326,0.5921224682654409,12/06/1999 13:00:00,1,Kawasaki ZX-7 RR [1999],World Superbikes,
29,Rider,Gregorio Lavilla,35.525863958649815,0.5904223408497452,12/06/1999 13:00:00,2,Kawasaki ZX-7 RR [1999],World Superbikes,
29,Rider,Gregorio Lavilla,35.52080381649463,0.5887587112632191,26/06/1999 13:00:00,0,Kawasaki ZX-7 RR [1999],World Superbikes,
29,Rider,Gregorio Lavilla,35.51522853804481,0.5871310601447665,26/06/1999 13:00:00,1,Kawasaki ZX-7 RR [1999],World Superbikes,
29,Rider,Gregorio Lavilla,35.509130521449194,0.5855386258333123,26/06/1999 13:00:00,2,Kawasaki ZX-7 RR [1999],World Superbikes,
29,Rider,Gregorio Lavilla,35.5039677612665,0.5839809786780409,10/07/1999 13:00:00,0,Kawasaki ZX-7 RR [1999],World Superbikes,
29,Rider,Gregorio Lavilla,35.499823198637465,0.5824614146687742,10/07/1999 13:00:00,1,Kawasaki ZX-7 RR [1999],World Superbikes,
29,Rider,Gregorio Lavilla,35.49712554649797,0.5809786902943063,10/07/1999 13:00:00,2,Kawasaki ZX-7 RR [1999],World Superbikes,
29,Rider,Gregorio Lavilla,35.49675111722454,0.5795109828693285,31/07/1999 13:00:00,0,Kawasaki ZX-7 RR [1999],World Superbikes,
29,Rider,Gregorio Lavilla,35.49643193531973,0.5780820568761398,31/07/1999 13:00:00,1,Kawasaki ZX-7 RR [1999],World Superbikes,
29,Rider,Gregorio Lavilla,35.49544115028847,0.5766912907012927,31/07/1999 13:00:00,2,Kawasaki ZX-7 RR [1999],World Superbikes,
29,Rider,Gregorio Lavilla,35.496027006826004,0.5753250029493597,28/08/1999 13:00:00,0,Kawasaki ZX-7 RR [1999],World Superbikes,
29,Rider,Gregorio Lavilla,35.49755803644037,0.5739925428313751,28/08/1999 13:00:00,1,Kawasaki ZX-7 RR [1999],World Superbikes,
29,Rider,Gregorio Lavilla,35.49905615823956,0.5726929292115976,28/08/1999 13:00:00,2,Kawasaki ZX-7 RR [1999],World Superbikes,
29,Rider,Gregorio Lavilla,35.50057268638085,0.5714232410230653,04/09/1999 13:00:00,0,Kawasaki ZX-7 RR [1999],World Superbikes,
29,Rider,Gregorio Lavilla,35.50136615064613,0.5701835477578302,04/09/1999 13:00:00,1,Kawasaki ZX-7 RR [1999],World Superbikes,
29,Rider,Gregorio Lavilla,35.50271274742096,0.5689764575410748,04/09/1999 13:00:00,2,Kawasaki ZX-7 RR [1999],World Superbikes,
29,Rider,Gregorio Lavilla,35.503956064709506,0.5677966961095258,11/09/1999 13:00:00,0,Kawasaki ZX-7 RR [1999],World Superbikes,
29,Rider,Gregorio Lavilla,35.50474520730254,0.5666435291030978,11/09/1999 13:00:00,1,Kawasaki ZX-7 RR [1999],World Superbikes,
29,Rider,Gregorio Lavilla,35.50488387185096,0.5655185057485285,11/09/1999 13:00:00,2,Kawasaki ZX-7 RR [1999],World Superbikes,
29,Rider,Gregorio Lavilla,35.506383454749795,0.5644153339819403,09/10/1999 13:00:00,0,Kawasaki ZX-7 RR [1999],World Superbikes,
29,Rider,Gregorio Lavilla,35.50865603625682,0.5633433391874777,09/10/1999 13:00:00,1,Kawasaki ZX-7 RR [1999],World Superbikes,
29,Rider,Gregorio Lavilla,35.51121924877804,0.5623028363347335,01/04/2000 13:00:00,0,Kawasaki ZX-7 RR [2000],World Superbikes,
29,Rider,Gregorio Lavilla,35.51300181176831,0.5612884387936572,01/04/2000 13:00:00,1,Kawasaki ZX-7 RR [2000],World Superbikes,
29,Rider,Gregorio Lavilla,35.513603814099724,0.560299639772887,01/04/2000 13:00:00,2,Kawasaki ZX-7 RR [2000],World Superbikes,
29,Rider,Gregorio Lavilla,35.51356576558699,0.5593340075801218,22/04/2000 13:00:00,0,Kawasaki ZX-7 RR [2000],World Superbikes,
29,Rider,Gregorio Lavilla,35.512742501429855,0.558394733342892,22/04/2000 13:00:00,1,Kawasaki ZX-7 RR [2000],World Superbikes,
29,Rider,Gregorio Lavilla,35.51162580906596,0.557483622886566,22/04/2000 13:00:00,2,Kawasaki ZX-7 RR [2000],World Superbikes,
29,Rider,Gregorio Lavilla,35.51053059743016,0.5565977278163544,29/04/2000 13:00:00,0,Kawasaki ZX-7 RR [2000],World Superbikes,
29,Rider,Gregorio Lavilla,35.50919807593893,0.5557401182969669,29/04/2000 13:00:00,1,Kawasaki ZX-7 RR [2000],World Superbikes,
29,Rider,Gregorio Lavilla,35.50865487383642,0.554910519219406,29/04/2000 13:00:00,2,Kawasaki ZX-7 RR [2000],World Superbikes,
29,Rider,Gregorio Lavilla,35.50863232995842,0.5540954179906983,13/05/2000 13:00:00,0,Kawasaki ZX-7 RR [2000],World Superbikes,
29,Rider,Gregorio Lavilla,35.507688011746374,0.5533081556108362,13/05/2000 13:00:00,1,Kawasaki ZX-7 RR [2000],World Superbikes,
29,Rider,Gregorio Lavilla,35.50567011675048,0.552547924383694,13/05/2000 13:00:00,2,Kawasaki ZX-7 RR [2000],World Superbikes,
29,Rider,Gregorio Lavilla,35.50444701616422,0.5518029438938672,20/05/2000 13:00:00,0,Kawasaki ZX-7 RR [2000],World Superbikes,
29,Rider,Gregorio Lavilla,35.50251342191716,0.5510830802850538,20/05/2000 13:00:00,1,Kawasaki ZX-7 RR [2000],World Superbikes,
29,Rider,Gregorio Lavilla,35.500199938085494,0.5503878724668548,20/05/2000 13:00:00,2,Kawasaki ZX-7 RR [2000],World Superbikes,
29,Rider,Gregorio Lavilla,35.498014358928366,0.5497130475076105,05/08/2000 13:00:00,0,Kawasaki ZX-7 RR [2000],World Superbikes,
29,Rider,Gregorio Lavilla,35.49564496122654,0.5490617634412995,05/08/2000 13:00:00,1,Kawasaki ZX-7 RR [2000],World Superbikes,
29,Rider,Gregorio Lavilla,35.493519765613364,0.5484342611862442,05/08/2000 13:00:00,2,Kawasaki ZX-7 RR [2000],World Superbikes,
29,Rider,Gregorio Lavilla,35.49252382130174,0.5478108455918279,02/09/2000 13:00:00,0,Kawasaki ZX-7 RR [2000],World Superbikes,
29,Rider,Gregorio Lavilla,35.49134595293928,0.5472106419691156,02/09/2000 13:00:00,1,Kawasaki ZX-7 RR [2000],World Superbikes,
29,Rider,Gregorio Lavilla,35.48837736852353,0.5466282524138794,02/09/2000 13:00:00,2,Kawasaki ZX-7 RR [2000],World Superbikes,
29,Rider,Gregorio Lavilla,35.484950334386156,0.5460642246315198,09/09/2000 13:00:00,0,Kawasaki ZX-7 RR [2000],World Superbikes,
29,Rider,Gregorio Lavilla,35.480990595033944,0.5455227999636149,09/09/2000 13:00:00,1,Kawasaki ZX-7 RR [2000],World Superbikes,
29,Rider,Gregorio Lavilla,35.47732996662056,0.5450055573142132,09/09/2000 13:00:00,2,Kawasaki ZX-7 RR [2000],World Superbikes,
29,Rider,Gregorio Lavilla,35.47399503476573,0.5445048379522164,14/10/2000 13:00:00,0,Kawasaki ZX-7 RR [2000],World Superbikes,
29,Rider,Gregorio Lavilla,35.4708578597711,0.5440259451950359,14/10/2000 13:00:00,1,Kawasaki ZX-7 RR [2000],World Superbikes,
29,Rider,Gregorio Lavilla,35.46734876278916,0.5435688771953463,14/10/2000 13:00:00,2,Kawasaki ZX-7 RR [2000],World Superbikes,
29,Rider,Gregorio Lavilla,35.46525285348777,0.5431187699933694,09/03/2001 13:00:00,0,Kawasaki ZX-7 RR [2001],World Superbikes,
29,Rider,Gregorio Lavilla,35.4613610455122,0.5426871595274647,09/03/2001 13:00:00,1,Kawasaki ZX-7 RR [2001],World Superbikes,
29,Rider,Gregorio Lavilla,35.45613382614214,0.542274484248336,10/03/2001 13:00:00,0,Kawasaki ZX-7 RR [2001],World Superbikes,
29,Rider,Gregorio Lavilla,35.45055678422601,0.541876854961161,29/03/2001 13:00:00,0,Kawasaki ZX-7 RR [2001],World Superbikes,
29,Rider,Gregorio Lavilla,35.44411540677455,0.54149813436916,30/03/2001 13:00:00,0,Kawasaki ZX-7 RR [2001],World Superbikes,
29,Rider,Gregorio Lavilla,35.43720310844236,0.5411380378145465,31/03/2001 13:00:00,0,Kawasaki ZX-7 RR [2001],World Superbikes,
29,Rider,Gregorio Lavilla,35.4302732303889,0.5407914819137487,19/04/2001 13:00:00,0,Kawasaki ZX-7 RR [2001],World Superbikes,
29,Rider,Gregorio Lavilla,35.42222133438217,0.5404631026632383,20/04/2001 13:00:00,0,Kawasaki ZX-7 RR [2001],World Superbikes,
29,Rider,Gregorio Lavilla,35.4146554942542,0.540154689756079,20/04/2001 13:00:00,1,Kawasaki ZX-7 RR [2001],World Superbikes,
29,Rider,Gregorio Lavilla,35.40599982339587,0.5398611066058262,26/04/2001 13:00:00,0,Kawasaki ZX-7 RR [2001],World Superbikes,
29,Rider,Gregorio Lavilla,35.395246815854605,0.539586131640551,27/04/2001 13:00:00,0,Kawasaki ZX-7 RR [2001],World Superbikes,
29,Rider,Gregorio Lavilla,35.38402156456008,0.5393317937090125,27/04/2001 13:00:00,1,Kawasaki ZX-7 RR [2001],World Superbikes,
29,Rider,Gregorio Lavilla,35.3731431458414,0.5390871078851823,10/05/2001 13:00:00,0,Kawasaki ZX-7 RR [2001],World Superbikes,
29,Rider,Gregorio Lavilla,35.36211408945012,0.5388618700125233,11/05/2001 13:00:00,0,Kawasaki ZX-7 RR [2001],World Superbikes,
29,Rider,Gregorio Lavilla,35.3507924836767,0.5386547269766994,12/05/2001 13:00:00,0,Kawasaki ZX-7 RR [2001],World Superbikes,
29,Rider,Gregorio Lavilla,35.339615904651986,0.5384594479869951,25/05/2001 13:00:00,0,Kawasaki ZX-7 RR [2001],World Superbikes,
29,Rider,Gregorio Lavilla,35.32933005192495,0.5382812736801288,25/05/2001 13:00:00,1,Kawasaki ZX-7 RR [2001],World Superbikes,
29,Rider,Gregorio Lavilla,35.31857485353717,0.5381214000904966,26/05/2001 13:00:00,0,Kawasaki ZX-7 RR [2001],World Superbikes,
29,Rider,Gregorio Lavilla,35.30782489051882,0.5379725496675815,07/06/2001 13:00:00,0,Kawasaki ZX-7 RR [2001],World Superbikes,
29,Rider,Gregorio Lavilla,35.29666744677298,0.537842737471493,08/06/2001 13:00:00,0,Kawasaki ZX-7 RR [2001],World Superbikes,
29,Rider,Gregorio Lavilla,35.28451217095424,0.5377303684636546,09/06/2001 13:00:00,0,Kawasaki ZX-7 RR [2001],World Superbikes,
29,Rider,Gregorio Lavilla,35.27219714914459,0.5376312621082807,21/06/2001 13:00:00,0,Kawasaki ZX-7 RR [2001],World Superbikes,
29,Rider,Gregorio Lavilla,35.25981645512977,0.5375505681811681,22/06/2001 13:00:00,0,Kawasaki ZX-7 RR [2001],World Superbikes,
29,Rider,Gregorio Lavilla,35.2465065496636,0.5374869350784329,23/06/2001 13:00:00,0,Kawasaki ZX-7 RR [2001],World Superbikes,
29,Rider,Gregorio Lavilla,35.232052745553645,0.5374365961596891,06/07/2001 13:00:00,0,Kawasaki ZX-7 RR [2001],World Superbikes,
29,Rider,Gregorio Lavilla,35.21706152411328,0.5374034624397357,07/07/2001 13:00:00,0,Kawasaki ZX-7 RR [2001],World Superbikes,
29,Rider,Gregorio Lavilla,35.202154880346335,0.5373872539838054,07/07/2001 13:00:00,1,Kawasaki ZX-7 RR [2001],World Superbikes,
29,Rider,Gregorio Lavilla,35.188842936349275,0.5373586454596572,27/07/2001 13:00:00,0,Kawasaki ZX-7 RR [2001],World Superbikes,
29,Rider,Gregorio Lavilla,35.175726201880885,0.5373469601471812,27/07/2001 13:00:00,1,Kawasaki ZX-7 RR [2001],World Superbikes,
29,Rider,Gregorio Lavilla,35.16301504657679,0.537352685967493,30/08/2001 13:00:00,0,Kawasaki ZX-7 RR [2001],World Superbikes,
29,Rider,Gregorio Lavilla,35.14944872132216,0.5373748329141553,31/08/2001 13:00:00,0,Kawasaki ZX-7 RR [2001],World Superbikes,
29,Rider,Gregorio Lavilla,35.135368401192714,0.53741360800507,01/09/2001 13:00:00,0,Kawasaki ZX-7 RR [2001],World Superbikes,
29,Rider,Gregorio Lavilla,35.12142526684652,0.5374639581134152,06/09/2001 13:00:00,0,Kawasaki ZX-7 RR [2001],World Superbikes,
29,Rider,Gregorio Lavilla,35.105860478193605,0.5375299947210633,07/09/2001 13:00:00,0,Kawasaki ZX-7 RR [2001],World Superbikes,
29,Rider,Gregorio Lavilla,35.09040132118369,0.5376130929326249,08/09/2001 13:00:00,0,Kawasaki ZX-7 RR [2001],World Superbikes,
29,Rider,Gregorio Lavilla,35.073422560209295,0.5377111149541848,27/09/2001 13:00:00,0,Kawasaki ZX-7 RR [2001],World Superbikes,
29,Rider,Gregorio Lavilla,35.05750473801364,0.537826436641252,28/09/2001 13:00:00,0,Kawasaki ZX-7 RR [2001],World Superbikes,
29,Rider,Gregorio Lavilla,35.04255095728808,0.5379590639691707,08/03/2002 13:00:00,0,Suzuki GSX-R 750 [2002],World Superbikes,
29,Rider,Gregorio Lavilla,35.027195368231155,0.5380855339235646,08/03/2002 13:00:00,1,Suzuki GSX-R 750 [2002],World Superbikes,
29,Rider,Gregorio Lavilla,35.01331803944876,0.5382051029042475,09/03/2002 13:00:00,0,Suzuki GSX-R 750 [2002],World Superbikes,
29,Rider,Gregorio Lavilla,34.99945883883589,0.5383170520260115,21/03/2002 13:00:00,0,Suzuki GSX-R750 Y [2002],World Superbikes,
29,Rider,Gregorio Lavilla,34.9838727362395,0.5384420940195722,22/03/2002 13:00:00,0,Suzuki GSX-R750 Y [2002],World Superbikes,
29,Rider,Gregorio Lavilla,34.96857200415706,0.5385833403640534,22/03/2002 13:00:00,1,Suzuki GSX-R750 Y [2002],World Superbikes,
29,Rider,Gregorio Lavilla,34.954823772733306,0.5387285571051389,04/04/2002 13:00:00,0,Suzuki GSX-R750 Y [2002],World Superbikes,
29,Rider,Gregorio Lavilla,34.94277310768646,0.5388852637190675,05/04/2002 13:00:00,0,Suzuki GSX-R750 Y [2002],World Superbikes,
29,Rider,Gregorio Lavilla,34.93175937138298,0.5390554231494253,06/04/2002 13:00:00,0,Suzuki GSX-R750 Y [2002],World Superbikes,
29,Rider,Gregorio Lavilla,34.92199206757796,0.5392314681846153,18/04/2002 13:00:00,0,Suzuki GSX-R750 Y [2002],World Superbikes,
29,Rider,Gregorio Lavilla,34.91121939407083,0.5394244725405374,19/04/2002 13:00:00,0,Suzuki GSX-R750 Y [2002],World Superbikes,
29,Rider,Gregorio Lavilla,34.89972700428977,0.5396351549649123,19/04/2002 13:00:00,1,Suzuki GSX-R750 Y [2002],World Superbikes,
29,Rider,Gregorio Lavilla,34.88911507597833,0.5398445859349723,09/05/2002 13:00:00,0,Suzuki GSX-R750 Y [2002],World Superbikes,
29,Rider,Gregorio Lavilla,34.87759142870102,0.5400705800462858,10/05/2002 13:00:00,0,Suzuki GSX-R750 Y [2002],World Superbikes,
29,Rider,Gregorio Lavilla,34.86620312652439,0.5403140189378886,11/05/2002 13:00:00,0,Suzuki GSX-R750 Y [2002],World Superbikes,
29,Rider,Gregorio Lavilla,34.8558055977987,0.5405679423400707,24/05/2002 13:00:00,0,Suzuki GSX-R750 Y [2002],World Superbikes,
29,Rider,Gregorio Lavilla,34.846225514716934,0.5408411512531889,24/05/2002 13:00:00,1,Suzuki GSX-R750 Y [2002],World Superbikes,
29,Rider,Gregorio Lavilla,34.83620241816819,0.5411331486485756,25/05/2002 13:00:00,0,Suzuki GSX-R750 Y [2002],World Superbikes,
29,Rider,Gregorio Lavilla,34.82712660158327,0.5414287231725415,06/06/2002 13:00:00,0,Suzuki GSX-R750 Y [2002],World Superbikes,
29,Rider,Gregorio Lavilla,34.816854562449635,0.5417413890043608,07/06/2002 13:00:00,0,Suzuki GSX-R750 Y [2002],World Superbikes,
29,Rider,Gregorio Lavilla,34.80504596687044,0.542067726262882,08/06/2002 13:00:00,0,Suzuki GSX-R750 Y [2002],World Superbikes,
29,Rider,Gregorio Lavilla,34.79273046000956,0.5424067765459611,20/06/2002 13:00:00,0,Suzuki GSX-R750 Y [2002],World Superbikes,
29,Rider,Gregorio Lavilla,34.78004406420676,0.542763333820072,21/06/2002 13:00:00,0,Suzuki GSX-R750 Y [2002],World Superbikes,
29,Rider,Gregorio Lavilla,34.7678547843653,0.5431383601761288,22/06/2002 13:00:00,0,Suzuki GSX-R750 Y [2002],World Superbikes,
29,Rider,Gregorio Lavilla,34.756544654186634,0.5435245942389044,26/07/2002 13:00:00,0,Suzuki GSX-R750 Y [2002],World Superbikes,
29,Rider,Gregorio Lavilla,34.744501614809614,0.5439309329936289,26/07/2002 13:00:00,1,Suzuki GSX-R750 Y [2002],World Superbikes,
29,Rider,Gregorio Lavilla,34.73315194059311,0.5443572596847935,27/07/2002 13:00:00,0,Suzuki GSX-R750 Y [2002],World Superbikes,
29,Rider,Gregorio Lavilla,34.72292983770124,0.5447876808549602,29/08/2002 13:00:00,0,Suzuki GSX-R750 Y [2002],World Superbikes,
29,Rider,Gregorio Lavilla,34.712419990510895,0.5452364734670236,30/08/2002 13:00:00,0,Suzuki GSX-R750 Y [2002],World Superbikes,
29,Rider,Gregorio Lavilla,34.70088995414155,0.5457010227791022,31/08/2002 13:00:00,0,Suzuki GSX-R750 Y [2002],World Superbikes,
29,Rider,Gregorio Lavilla,34.68902621271964,0.5461769147037085,05/09/2002 13:00:00,0,Suzuki GSX-R750 Y [2002],World Superbikes,
29,Rider,Gregorio Lavilla,34.67689219017173,0.5466705911858434,06/09/2002 13:00:00,0,Suzuki GSX-R750 Y [2002],World Superbikes,
29,Rider,Gregorio Lavilla,34.664056105879645,0.5471839105086095,07/09/2002 13:00:00,0,Suzuki GSX-R750 Y [2002],World Superbikes,
29,Rider,Gregorio Lavilla,34.651452882085444,0.5477123282294187,26/09/2002 13:00:00,0,Suzuki GSX-R750 Y [2002],World Superbikes,
29,Rider,Gregorio Lavilla,34.63890162197178,0.5482631423408961,27/09/2002 13:00:00,0,Suzuki GSX-R750 Y [2002],World Superbikes,
29,Rider,Gregorio Lavilla,34.625412684001255,0.5488259955299793,28/09/2002 13:00:00,0,Suzuki GSX-R750 Y [2002],World Superbikes,
29,Rider,Gregorio Lavilla,34.61325668991591,0.5494009840563571,28/02/2003 13:00:00,0,Suzuki GSX 1000R [2003],World Superbikes,
29,Rider,Gregorio Lavilla,34.60242885669731,0.5499987486170764,28/02/2003 13:00:00,1,Suzuki GSX 1000R [2003],World Superbikes,
29,Rider,Gregorio Lavilla,34.59265895884476,0.5506197213786294,01/03/2003 13:00:00,0,Suzuki GSX 1000R [2003],World Superbikes,
29,Rider,Gregorio Lavilla,34.584776787417965,0.5512540200628606,27/03/2003 13:00:00,0,Suzuki GSX 1000R [2003],World Superbikes,
29,Rider,Gregorio Lavilla,34.57733283937935,0.5519110054809919,28/03/2003 13:00:00,0,Suzuki GSX 1000R [2003],World Superbikes,
29,Rider,Gregorio Lavilla,34.57153322015814,0.5525919797992028,28/03/2003 13:00:00,1,Suzuki GSX 1000R [2003],World Superbikes,
29,Rider,Gregorio Lavilla,34.565859008326264,0.5532951470044443,24/04/2003 13:00:00,0,Suzuki GSX 1000R [2003],World Superbikes,
29,Rider,Gregorio Lavilla,34.55944933919368,0.5540196273347857,25/04/2003 13:00:00,0,Suzuki GSX 1000R [2003],World Superbikes,
29,Rider,Gregorio Lavilla,34.55230417700636,0.5547666718198226,25/04/2003 13:00:00,1,Suzuki GSX 1000R [2003],World Superbikes,
29,Rider,Gregorio Lavilla,34.54381912760324,0.5555322976096339,15/05/2003 13:00:00,0,Suzuki GSX 1000R [2003],World Superbikes,
29,Rider,Gregorio Lavilla,34.535040634964396,0.5563195633852688,16/05/2003 13:00:00,0,Suzuki GSX 1000R [2003],World Superbikes,
29,Rider,Gregorio Lavilla,34.5259054840418,0.5571274169302242,17/05/2003 13:00:00,0,Suzuki GSX 1000R [2003],World Superbikes,
29,Rider,Gregorio Lavilla,34.51652231291341,0.557954523098543,29/05/2003 13:00:00,0,Suzuki GSX 1000R [2003],World Superbikes,
29,Rider,Gregorio Lavilla,34.50644408320513,0.5588050563759149,30/05/2003 13:00:00,0,Suzuki GSX 1000R [2003],World Superbikes,
29,Rider,Gregorio Lavilla,34.49600232723064,0.5596773463429776,31/05/2003 13:00:00,0,Suzuki GSX 1000R [2003],World Superbikes,
29,Rider,Gregorio Lavilla,34.48562334871187,0.5605741029783452,13/06/2003 13:00:00,0,Suzuki GSX 1000R [2003],World Superbikes,
29,Rider,Gregorio Lavilla,34.47283507727463,0.5614806310656919,13/06/2003 13:00:00,1,Suzuki GSX 1000R [2003],World Superbikes,
29,Rider,Gregorio Lavilla,34.459490900225646,0.5624157268002202,14/06/2003 13:00:00,0,Suzuki GSX 1000R [2003],World Superbikes,
29,Rider,Gregorio Lavilla,34.44498158285366,0.5633760965523833,19/06/2003 13:00:00,0,Suzuki GSX 1000R [2003],World Superbikes,
29,Rider,Gregorio Lavilla,34.43114558299001,0.5643669025790878,20/06/2003 13:00:00,0,Suzuki GSX 1000R [2003],World Superbikes,
29,Rider,Gregorio Lavilla,34.41803748115533,0.5653892823662136,21/06/2003 13:00:00,0,Suzuki GSX 1000R [2003],World Superbikes,
29,Rider,Gregorio Lavilla,34.40554337741647,0.5664424243804608,11/07/2003 13:00:00,0,Suzuki GSX 1000R [2003],World Superbikes,
29,Rider,Gregorio Lavilla,34.393037411106114,0.5675270285125122,12/07/2003 13:00:00,0,Suzuki GSX 1000R [2003],World Superbikes,
29,Rider,Gregorio Lavilla,34.38051698942649,0.5686429728928389,12/07/2003 13:00:00,1,Suzuki GSX 1000R [2003],World Superbikes,
29,Rider,Gregorio Lavilla,34.36695729730944,0.5697877966913786,25/07/2003 13:00:00,0,Suzuki GSX 1000R [2003],World Superbikes,
29,Rider,Gregorio Lavilla,34.35342170311517,0.5709675701098182,25/07/2003 13:00:00,1,Suzuki GSX 1000R [2003],World Superbikes,
29,Rider,Gregorio Lavilla,34.33930486968813,0.5721823609901486,26/07/2003 13:00:00,0,Suzuki GSX 1000R [2003],World Superbikes,
29,Rider,Gregorio Lavilla,34.3263529482711,0.5734242584895385,04/09/2003 13:00:00,0,Suzuki GSX 1000R [2003],World Superbikes,
29,Rider,Gregorio Lavilla,34.311018078551314,0.5746813131247506,05/09/2003 13:00:00,0,Suzuki GSX 1000R [2003],World Superbikes,
29,Rider,Gregorio Lavilla,34.295702276418886,0.575970897662939,06/09/2003 13:00:00,0,Suzuki GSX 1000R [2003],World Superbikes,
29,Rider,Gregorio Lavilla,34.278914785492454,0.5772894085018361,25/09/2003 13:00:00,0,Suzuki GSX 1000R [2003],World Superbikes,
29,Rider,Gregorio Lavilla,34.26171873876718,0.5786417717416392,26/09/2003 13:00:00,0,Suzuki GSX 1000R [2003],World Superbikes,
29,Rider,Gregorio Lavilla,34.24471548282784,0.5800302096696556,27/09/2003 13:00:00,0,Suzuki GSX 1000R [2003],World Superbikes,
29,Rider,Gregorio Lavilla,34.22833002579374,0.5814544936187761,16/10/2003 13:00:00,0,Suzuki GSX 1000R [2003],World Superbikes,
29,Rider,Gregorio Lavilla,34.21055770379022,0.582911851911863,17/10/2003 13:00:00,0,Suzuki GSX 1000R [2003],World Superbikes,
29,Rider,Gregorio Lavilla,34.19281690105394,0.5844073368830787,18/10/2003 13:00:00,0,Suzuki GSX 1000R [2003],World Superbikes,
29,Rider,Gregorio Lavilla,34.17495141954428,0.5859395961662016,20/02/2008 13:00:00,0,Honda CBR1000RR [2008],World Superbikes,
29,Rider,Gregorio Lavilla,34.15714032417689,0.5875164896443039,21/02/2008 13:00:00,0,Honda CBR1000RR [2008],World Superbikes,
29,Rider,Gregorio Lavilla,34.13943841630283,0.5891387367236707,22/02/2008 13:00:00,0,Honda CBR1000RR [2008],World Superbikes,
29,Rider,Gregorio Lavilla,34.12214235883916,0.5907966746514733,28/02/2008 13:00:00,0,Honda CBR1000RR [2008],World Superbikes,
29,Rider,Gregorio Lavilla,34.10485427498998,0.5925012328142464,29/02/2008 13:00:00,0,Honda CBR1000RR [2008],World Superbikes,
29,Rider,Gregorio Lavilla,34.08780910027649,0.5942531956625147,29/02/2008 13:00:00,1,Honda CBR1000RR [2008],World Superbikes,
29,Rider,Gregorio Lavilla,34.07209665318027,0.5960377953700802,03/04/2008 13:00:00,0,Honda CBR1000RR [2008],World Superbikes,
29,Rider,Gregorio Lavilla,34.056820540610204,0.5978724177795324,04/04/2008 13:00:00,0,Honda CBR1000RR [2008],World Superbikes,
29,Rider,Gregorio Lavilla,34.041664835092426,0.5997573789879629,24/04/2008 13:00:00,0,Honda CBR1000RR [2008],World Superbikes,
29,Rider,Gregorio Lavilla,34.027144432010736,0.6016929140361692,25/04/2008 13:00:00,0,Honda CBR1000RR [2008],World Superbikes,
29,Rider,Gregorio Lavilla,34.012175091370835,0.6036806172484789,26/04/2008 13:00:00,0,Honda CBR1000RR [2008],World Superbikes,
29,Rider,Gregorio Lavilla,33.99831396665158,0.6057065002931721,08/05/2008 13:00:00,0,Honda CBR1000RR [2008],World Superbikes,
29,Rider,Gregorio Lavilla,33.983574833702704,0.6077873598124118,09/05/2008 13:00:00,0,Honda CBR1000RR [2008],World Superbikes,
29,Rider,Gregorio Lavilla,33.9688844053249,0.6099210275310779,10/05/2008 13:00:00,0,Honda CBR1000RR [2008],World Superbikes,
29,Rider,Gregorio Lavilla,33.95571071017004,0.6120772135446958,30/05/2008 13:00:00,0,Honda CBR1000RR [2008],World Superbikes,
29,Rider,Gregorio Lavilla,33.94387758140956,0.6142887632167263,30/05/2008 13:00:00,1,Honda CBR1000RR [2008],World Superbikes,
29,Rider,Gregorio Lavilla,33.933217940497244,0.616558725199982,12/06/2008 13:00:00,0,Honda CBR1000RR [2008],World Superbikes,
29,Rider,Gregorio Lavilla,33.92177346769711,0.6188870527743364,13/06/2008 13:00:00,0,Honda CBR1000RR [2008],World Superbikes,
29,Rider,Gregorio Lavilla,33.91088524796498,0.6212738955790057,26/06/2008 13:00:00,0,Honda CBR1000RR [2008],World Superbikes,
29,Rider,Gregorio Lavilla,33.90011739722473,0.6237219396972076,27/06/2008 13:00:00,0,Honda CBR1000RR [2008],World Superbikes,
29,Rider,Gregorio Lavilla,33.889986040944045,0.6262313270247623,17/07/2008 13:00:00,0,Honda CBR1000RR [2008],World Superbikes,
29,Rider,Gregorio Lavilla,33.88083975411588,0.6288020966739181,18/07/2008 13:00:00,0,Honda CBR1000RR [2008],World Superbikes,
29,Rider,Gregorio Lavilla,33.87240034492204,0.6314360928971648,01/08/2008 13:00:00,0,Honda CBR1000RR [2008],World Superbikes,
29,Rider,Gregorio Lavilla,33.86212310817225,0.6341346091870692,01/08/2008 13:00:00,1,Honda CBR1000RR [2008],World Superbikes,
29,Rider,Gregorio Lavilla,33.85100347789738,0.6368994665046579,02/08/2008 13:00:00,0,Honda CBR1000RR [2008],World Superbikes,
29,Rider,Gregorio Lavilla,33.84013290794831,0.6397187975000065,05/09/2008 13:00:00,0,Honda CBR1000RR [2008],World Superbikes,
29,Rider,Gregorio Lavilla,33.82770221987652,0.6426074506688924,05/09/2008 13:00:00,1,Honda CBR1000RR [2008],World Superbikes,
29,Rider,Gregorio Lavilla,33.81396248956228,0.6455667834924051,06/09/2008 13:00:00,0,Honda CBR1000RR [2008],World Superbikes,
29,Rider,Gregorio Lavilla,33.80068829006593,0.6485799963447559,18/09/2008 13:00:00,0,Honda CBR1000RR [2008],World Superbikes,
29,Rider,Gregorio Lavilla,33.78576044572617,0.6516629763042849,19/09/2008 13:00:00,0,Honda CBR1000RR [2008],World Superbikes,
29,Rider,Gregorio Lavilla,33.771138172343804,0.6548191319881074,02/10/2008 13:00:00,0,Honda CBR1000RR [2008],World Superbikes,
29,Rider,Gregorio Lavilla,33.75668301780175,0.6580500029517193,03/10/2008 13:00:00,0,Honda CBR1000RR [2008],World Superbikes,
29,Rider,Gregorio Lavilla,33.74233624012133,0.6613541639201403,04/10/2008 13:00:00,0,Honda CBR1000RR [2008],World Superbikes,
29,Rider,Gregorio Lavilla,33.729586274293546,0.6647004980553923,31/10/2008 13:00:00,0,Honda CBR1000RR [2008],World Superbikes,
29,Rider,Gregorio Lavilla,33.71699888800441,0.6681239246221247,31/10/2008 13:00:00,1,Honda CBR1000RR [2008],World Superbikes,
29,Rider,Gregorio Lavilla,33.70419143205667,0.6716265766496486,15/05/2009 13:00:00,0,Ducati 1098R [2009],World Superbikes,
29,Rider,Gregorio Lavilla,33.69208678596445,0.6752099577632724,15/05/2009 13:00:00,1,Ducati 1098R [2009],World Superbikes,
29,Rider,Gregorio Lavilla,33.680168597107524,0.6788762200329587,16/05/2009 13:00:00,0,Ducati 1098R [2009],World Superbikes,
29,Rider,Gregorio Lavilla,33.669849976469386,0.6826207844901738,16/05/2009 13:00:00,1,Ducati 1098R [2009],World Superbikes,
29,Rider,Gregorio Lavilla,33.66195988951416,0.68642365093285,29/05/2009 13:00:00,0,Ducati 1098R [2009],World Superbikes,
29,Rider,Gregorio Lavilla,33.65497247828627,0.6903137219896999,29/05/2009 13:00:00,1,Ducati 1098R [2009],World Superbikes,
29,Rider,Gregorio Lavilla,33.64899634816012,0.6942924705644653,30/05/2009 13:00:00,0,Ducati 1098R [2009],World Superbikes,
29,Rider,Gregorio Lavilla,33.644867535973574,0.6983534421909856,19/06/2009 13:00:00,0,Ducati 1098R [2009],World Superbikes,
29,Rider,Gregorio Lavilla,33.64133622474785,0.7025066514403742,19/06/2009 13:00:00,1,Ducati 1098R [2009],World Superbikes,
29,Rider,Gregorio Lavilla,33.64021210882299,0.7067504395431488,20/06/2009 13:00:00,0,Ducati 1098R [2009],World Superbikes,
29,Rider,Gregorio Lavilla,33.640598532887026,0.7110816425188762,26/06/2009 13:00:00,0,Ducati 1098R [2009],World Superbikes,
29,Rider,Gregorio Lavilla,33.63967574152711,0.7155031589729614,26/06/2009 13:00:00,1,Ducati 1098R [2009],World Superbikes,
29,Rider,Gregorio Lavilla,33.638268894174885,0.7200204340512264,27/06/2009 13:00:00,0,Ducati 1098R [2009],World Superbikes,
29,Rider,Gregorio Lavilla,33.63632570392571,0.7246330693611339,27/06/2009 13:00:00,1,Ducati 1098R [2009],World Superbikes,
30,Rider,Alistair Maxwell,21.797847655452326,1.8992919466089675,21/03/1998 13:00:00,0,Kawasaki ZX7R 750 [1998],World Superbikes,
30,Rider,Alistair Maxwell,21.797250339725334,1.8979784628890486,21/03/1998 13:00:00,1,Kawasaki ZX7R 750 [1998],World Superbikes,
30,Rider,Alistair Maxwell,21.79662135877375,1.8969890795471984,17/04/1999 13:00:00,0,Kawasaki [1999],World Superbikes,
30,Rider,Alistair Maxwell,21.795372125093376,1.8962855822530627,17/04/1999 13:00:00,1,Kawasaki [1999],World Superbikes,
30,Rider,Alistair Maxwell,21.793455911341145,1.8958682947249068,22/04/2000 13:00:00,0,Kawasaki ZX-7 RR [2000],World Superbikes,
30,Rider,Alistair Maxwell,21.79161458817835,1.8957682362358137,22/04/2000 13:00:00,1,Kawasaki ZX-7 RR [2000],World Superbikes,
30,Rider,Alistair Maxwell,21.790872919789187,1.895982894854735,19/04/2001 13:00:00,0,Kawasaki ZX-7 RR [2001],World Superbikes,
30,Rider,Alistair Maxwell,21.790445849048137,1.8965031576172158,20/04/2001 13:00:00,0,Kawasaki ZX-7 RR [2001],World Superbikes,
30,Rider,Alistair Maxwell,21.787532273379348,1.897358913968827,21/03/2002 13:00:00,0,Kawasaki ZX-7 RR [2002],World Superbikes,
30,Rider,Alistair Maxwell,21.784414145251713,1.8985170977195966,22/03/2002 13:00:00,0,Kawasaki ZX-7 RR [2002],World Superbikes,
30,Rider,Alistair Maxwell,21.782789516819914,1.8998883664151183,27/03/2003 13:00:00,0,Honda CBR 900 RR [2003],World Superbikes,
30,Rider,Alistair Maxwell,21.78215636929853,1.9013929372258822,28/03/2003 13:00:00,0,Honda CBR 900 RR [2003],World Superbikes,
31,Rider,Tony Rees,21.29671642027236,3.5813647984825754,21/03/1998 13:00:00,0,Suzuki GSX-R 750 [1998],World Superbikes,
31,Rider,Tony Rees,21.29659270752219,3.581364642282598,21/03/1998 13:00:00,1,Suzuki GSX-R 750 [1998],World Superbikes,
32,Rider,Daniel Vanolini,22.0527562681794,3.5957022993235666,21/03/1998 13:00:00,0,Ducati [1998],World Superbikes,
32,Rider,Daniel Vanolini,22.05249153203756,3.5957060230334847,21/03/1998 13:00:00,1,Ducati [1998],World Superbikes,
33,Rider,Jean-Marc Delétang,19.09071426534295,1.8549780347348643,21/03/1998 13:00:00,0,Yamaha [1998],World Superbikes,
33,Rider,Jean-Marc Delétang,19.089910997583896,1.8535960114413912,21/03/1998 13:00:00,1,Yamaha [1998],World Superbikes,
33,Rider,Jean-Marc Delétang,19.089474473608515,1.85251070149283,12/04/1998 13:00:00,0,Yamaha [1998],World Superbikes,
33,Rider,Jean-Marc Delétang,19.0893823443395,1.8516945749711637,12/04/1998 13:00:00,1,Yamaha [1998],World Superbikes,
33,Rider,Jean-Marc Delétang,19.089149487519382,1.8511592624198048,09/05/1998 13:00:00,0,Yamaha [1998],World Superbikes,
33,Rider,Jean-Marc Delétang,19.088847062186666,1.8509241349067942,09/05/1998 13:00:00,1,Yamaha [1998],World Superbikes,
33,Rider,Jean-Marc Delétang,19.088546429966463,1.8509882310330565,23/05/1998 13:00:00,0,Yamaha [1998],World Superbikes,
33,Rider,Jean-Marc Delétang,19.089109293013394,1.8512266603248353,23/05/1998 13:00:00,1,Yamaha [1998],World Superbikes,
33,Rider,Jean-Marc Delétang,19.088751942674065,1.8517405365822217,06/06/1998 13:00:00,0,Yamaha [1998],World Superbikes,
33,Rider,Jean-Marc Delétang,19.089211949888053,1.8525315454008113,06/06/1998 13:00:00,1,Yamaha [1998],World Superbikes,
33,Rider,Jean-Marc Delétang,19.090372958598433,1.853605672220752,20/06/1998 13:00:00,0,Yamaha [1998],World Superbikes,
33,Rider,Jean-Marc Delétang,19.091399076880716,1.8549852508465292,20/06/1998 13:00:00,1,Yamaha [1998],World Superbikes,
34,Bike,Yamaha [1998],25.88926671722974,1.522540686169539,21/03/1998 13:00:00,0,,World Superbikes,
34,Bike,Yamaha [1998],25.889607810016606,1.5206260223209855,21/03/1998 13:00:00,1,,World Superbikes,
34,Bike,Yamaha [1998],25.89084205503191,1.5189044484096377,12/04/1998 13:00:00,0,,World Superbikes,
34,Bike,Yamaha [1998],25.892019144341205,1.5174178383866181,12/04/1998 13:00:00,1,,World Superbikes,
34,Bike,Yamaha [1998],25.89311516028438,1.5161732539582873,09/05/1998 13:00:00,0,,World Superbikes,
34,Bike,Yamaha [1998],25.894462017110737,1.5151443088254242,09/05/1998 13:00:00,1,,World Superbikes,
34,Bike,Yamaha [1998],25.89646028712802,1.5143253527027212,23/05/1998 13:00:00,0,,World Superbikes,
34,Bike,Yamaha [1998],25.899322052412433,1.5136447165522566,23/05/1998 13:00:00,1,,World Superbikes,
34,Bike,Yamaha [1998],25.901263604310596,1.5131812177087072,06/06/1998 13:00:00,0,,World Superbikes,
34,Bike,Yamaha [1998],25.904022513762065,1.512936005575358,06/06/1998 13:00:00,1,,World Superbikes,
34,Bike,Yamaha [1998],25.907482424709926,1.512913530739289,20/06/1998 13:00:00,0,,World Superbikes,
34,Bike,Yamaha [1998],25.911440871723812,1.5130918143507293,20/06/1998 13:00:00,1,,World Superbikes,
34,Bike,Yamaha [1998],25.91555036924562,1.5134733462068883,11/07/1998 13:00:00,0,,World Superbikes,
34,Bike,Yamaha [1998],25.918753521587266,1.5140654551255088,11/07/1998 13:00:00,1,,World Superbikes,
34,Bike,Yamaha [1998],25.92113311703298,1.5148698113221293,01/08/1998 13:00:00,0,,World Superbikes,
34,Bike,Yamaha [1998],25.922435889850526,1.5159101411238556,01/08/1998 13:00:00,1,,World Superbikes,
34,Bike,Yamaha [1998],25.923766923751344,1.5171967708112581,01/08/1998 13:00:00,2,,World Superbikes,
34,Bike,Yamaha [1998],25.925652077556627,1.5187253072855011,03/10/1998 13:00:00,0,,World Superbikes,
34,Bike,Yamaha [1998],25.927082799907915,1.5204559930896757,03/10/1998 13:00:00,1,,World Superbikes,
34,Bike,Yamaha [1998],25.927111615578134,1.5223896836668414,03/10/1998 13:00:00,2,,World Superbikes,
35,Rider,Andrew Stroud,19.52025837563593,1.3846010907287944,21/03/1998 13:00:00,0,Kawasaki ZX7R 750 [1998],World Superbikes,
35,Rider,Andrew Stroud,19.52010916346638,1.3824624770258638,21/03/1998 13:00:00,1,Kawasaki ZX7R 750 [1998],World Superbikes,
35,Rider,Andrew Stroud,19.51858622598076,1.3805600848228545,12/04/1998 13:00:00,0,Kawasaki ZX7R 750 [1998],World Superbikes,
35,Rider,Andrew Stroud,19.518319243107946,1.3788427683365658,12/04/1998 13:00:00,1,Kawasaki ZX7R 750 [1998],World Superbikes,
35,Rider,Andrew Stroud,19.518701760162717,1.3773290079607206,23/05/1998 13:00:00,1,Kawasaki ZX7R 750 [1998],World Superbikes,
35,Rider,Andrew Stroud,19.520057383644918,1.3760045113422044,06/06/1998 13:00:00,0,Kawasaki ZX7R 750 [1998],World Superbikes,
35,Rider,Andrew Stroud,19.521417370012916,1.3748968871638403,06/06/1998 13:00:00,1,Kawasaki ZX7R 750 [1998],World Superbikes,
35,Rider,Andrew Stroud,19.52266583374311,1.3740100436040235,20/06/1998 13:00:00,0,Kawasaki ZX7R 750 [1998],World Superbikes,
35,Rider,Andrew Stroud,19.52541787364844,1.3733478095894036,20/06/1998 13:00:00,1,Kawasaki ZX7R 750 [1998],World Superbikes,
35,Rider,Andrew Stroud,19.527794780452027,1.3729148588808975,04/07/1998 13:00:00,0,Kawasaki ZX7R 750 [1998],World Superbikes,
35,Rider,Andrew Stroud,19.52985138443941,1.3726870656421062,04/07/1998 13:00:00,1,Kawasaki ZX7R 750 [1998],World Superbikes,
35,Rider,Andrew Stroud,19.531647324316904,1.372664921934079,11/07/1998 13:00:00,0,Kawasaki ZX7R 750 [1998],World Superbikes,
35,Rider,Andrew Stroud,19.533495588281777,1.372845628165789,11/07/1998 13:00:00,1,Kawasaki ZX7R 750 [1998],World Superbikes,
35,Rider,Andrew Stroud,19.534881760647192,1.3732387900976852,01/08/1998 13:00:00,0,Kawasaki ZX7R 750 [1998],World Superbikes,
35,Rider,Andrew Stroud,19.53609954059674,1.3738399147478806,01/08/1998 13:00:00,1,Kawasaki ZX7R 750 [1998],World Superbikes,
35,Rider,Andrew Stroud,19.536529413731213,1.3746568194083781,29/08/1998 13:00:00,0,Kawasaki ZX7R 750 [1998],World Superbikes,
35,Rider,Andrew Stroud,19.53675720851647,1.3756962197793465,29/08/1998 13:00:00,1,Kawasaki ZX7R 750 [1998],World Superbikes,
35,Rider,Andrew Stroud,19.53677235514687,1.3769619892805485,05/09/1998 13:00:00,0,Kawasaki ZX7R 750 [1998],World Superbikes,
35,Rider,Andrew Stroud,19.538144351377582,1.3784058825327428,05/09/1998 13:00:00,1,Kawasaki ZX7R 750 [1998],World Superbikes,
35,Rider,Andrew Stroud,19.53815318438991,1.3800646594800747,03/10/1998 13:00:00,0,Kawasaki ZX7R 750 [1998],World Superbikes,
35,Rider,Andrew Stroud,19.538753722768387,1.3818827745907687,03/10/1998 13:00:00,1,Kawasaki ZX7R 750 [1998],World Superbikes,
35,Rider,Andrew Stroud,19.53991886011603,1.3838599950798038,31/03/2005 13:00:00,0,Suzuki GSX 1000R [2005],World Superbikes,
35,Rider,Andrew Stroud,19.54058587043868,1.386036193429985,01/04/2005 13:00:00,0,Suzuki GSX 1000R [2005],World Superbikes,
36,Rider,Jiri Mrkyvka,10.854885163229918,0.807986418573001,21/03/1998 13:00:00,0,Honda [1998],World Superbikes,
36,Rider,Jiri Mrkyvka,10.852621060501251,0.8038906016782262,21/03/1998 13:00:00,1,Honda [1998],World Superbikes,
36,Rider,Jiri Mrkyvka,10.850463067151155,0.7998960913830844,09/05/1998 13:00:00,0,Honda [1998],World Superbikes,
36,Rider,Jiri Mrkyvka,10.847588005072707,0.7960081624208912,09/05/1998 13:00:00,1,Honda [1998],World Superbikes,
36,Rider,Jiri Mrkyvka,10.844080196083354,0.7922257639387196,23/05/1998 13:00:00,0,Honda [1998],World Superbikes,
36,Rider,Jiri Mrkyvka,10.837030236231483,0.7885530243468265,23/05/1998 13:00:00,1,Honda [1998],World Superbikes,
36,Rider,Jiri Mrkyvka,10.8302689795816,0.7849497813966817,06/06/1998 13:00:00,0,Honda [1998],World Superbikes,
36,Rider,Jiri Mrkyvka,10.824775387440653,0.7814235461755058,06/06/1998 13:00:00,1,Honda [1998],World Superbikes,
36,Rider,Jiri Mrkyvka,10.819196272594912,0.7779902827303257,20/06/1998 13:00:00,0,Honda [1998],World Superbikes,
36,Rider,Jiri Mrkyvka,10.813005805510802,0.77466022774556,20/06/1998 13:00:00,1,Honda [1998],World Superbikes,
36,Rider,Jiri Mrkyvka,10.806467482528912,0.7714305310340945,01/08/1998 13:00:00,0,Honda [1998],World Superbikes,
36,Rider,Jiri Mrkyvka,10.798673301449213,0.768292927481559,01/08/1998 13:00:00,1,Honda [1998],World Superbikes,
36,Rider,Jiri Mrkyvka,10.790241245628872,0.7652426249054765,29/08/1998 13:00:00,0,Honda [1998],World Superbikes,
36,Rider,Jiri Mrkyvka,10.781303997085441,0.7622895420995466,29/08/1998 13:00:00,1,Honda [1998],World Superbikes,
36,Rider,Jiri Mrkyvka,10.772608996155446,0.7594303519162847,03/10/1998 13:00:00,0,Honda [1998],World Superbikes,
36,Rider,Jiri Mrkyvka,10.76437346509593,0.756592799589741,03/10/1998 13:00:00,1,Honda [1998],World Superbikes,
36,Rider,Jiri Mrkyvka,10.756593788301506,0.753776131766139,27/03/1999 13:00:00,0,Ducati [1999],World Superbikes,
36,Rider,Jiri Mrkyvka,10.748773741829089,0.7510355349006164,27/03/1999 13:00:00,1,Ducati [1999],World Superbikes,
36,Rider,Jiri Mrkyvka,10.740896145035103,0.7483699720678327,17/04/1999 13:00:00,0,Ducati [1999],World Superbikes,
36,Rider,Jiri Mrkyvka,10.731587883715319,0.7457942378129645,17/04/1999 13:00:00,1,Ducati [1999],World Superbikes,
36,Rider,Jiri Mrkyvka,10.721250035971515,0.7433054736076806,15/05/1999 13:00:00,0,Ducati [1999],World Superbikes,
36,Rider,Jiri Mrkyvka,10.710969743462908,0.7408835030942641,15/05/1999 13:00:00,1,Ducati [1999],World Superbikes,
36,Rider,Jiri Mrkyvka,10.701382427271305,0.7385189915254488,29/05/1999 13:00:00,0,Ducati [1999],World Superbikes,
36,Rider,Jiri Mrkyvka,10.69175622569739,0.7362388885025626,29/05/1999 13:00:00,1,Ducati [1999],World Superbikes,
36,Rider,Jiri Mrkyvka,10.683876869300702,0.7340149476131428,31/07/1999 13:00:00,0,Ducati [1999],World Superbikes,
36,Rider,Jiri Mrkyvka,10.676139824752624,0.731868707735008,31/07/1999 13:00:00,1,Ducati [1999],World Superbikes,
36,Rider,Jiri Mrkyvka,10.668084740419683,0.7298059271203462,28/08/1999 13:00:00,0,Ducati [1999],World Superbikes,
36,Rider,Jiri Mrkyvka,10.659656237819105,0.7278302793448722,28/08/1999 13:00:00,1,Ducati [1999],World Superbikes,
36,Rider,Jiri Mrkyvka,10.651476410198798,0.7259402989210605,04/09/1999 13:00:00,0,Ducati [1999],World Superbikes,
36,Rider,Jiri Mrkyvka,10.644034476286306,0.7241331510337121,04/09/1999 13:00:00,1,Ducati [1999],World Superbikes,
36,Rider,Jiri Mrkyvka,10.636928459212958,0.7224120410430493,11/09/1999 13:00:00,0,Ducati [1999],World Superbikes,
36,Rider,Jiri Mrkyvka,10.629742292032988,0.7207742278557503,11/09/1999 13:00:00,1,Ducati [1999],World Superbikes,
36,Rider,Jiri Mrkyvka,10.622847324454483,0.7192180630107282,09/10/1999 13:00:00,0,Ducati [1999],World Superbikes,
36,Rider,Jiri Mrkyvka,10.61493096767404,0.7177125496672643,09/10/1999 13:00:00,1,Ducati [1999],World Superbikes,
36,Rider,Jiri Mrkyvka,10.606008355947901,0.7162584751627411,01/04/2000 13:00:00,0,Ducati 996 R [2000],World Superbikes,
36,Rider,Jiri Mrkyvka,10.598340422559058,0.7148598455822657,01/04/2000 13:00:00,1,Ducati 996 R [2000],World Superbikes,
36,Rider,Jiri Mrkyvka,10.591135344080769,0.7135242152302619,22/04/2000 13:00:00,0,Ducati 996 R [2000],World Superbikes,
36,Rider,Jiri Mrkyvka,10.582562562109894,0.7122711450102277,22/04/2000 13:00:00,1,Ducati 996 R [2000],World Superbikes,
36,Rider,Jiri Mrkyvka,10.57358966643,0.71109833623644,29/04/2000 13:00:00,0,Ducati 996 R [2000],World Superbikes,
36,Rider,Jiri Mrkyvka,10.565448279277607,0.7099780176258518,29/04/2000 13:00:00,1,Ducati 996 R [2000],World Superbikes,
36,Rider,Jiri Mrkyvka,10.558086532703612,0.7089093922048328,03/06/2000 13:00:00,0,Ducati 996 R [2000],World Superbikes,
36,Rider,Jiri Mrkyvka,10.551240554849015,0.7079089975803314,03/06/2000 13:00:00,1,Ducati 996 R [2000],World Superbikes,
36,Rider,Jiri Mrkyvka,10.545552781160142,0.706974604267872,17/06/2000 13:00:00,1,Ducati 996 R [2000],World Superbikes,
36,Rider,Jiri Mrkyvka,10.539731560047903,0.7061181787965772,24/06/2000 13:00:00,0,Ducati 996 R [2000],World Superbikes,
36,Rider,Jiri Mrkyvka,10.533961736248848,0.7053385039762234,24/06/2000 13:00:00,1,Ducati 996 R [2000],World Superbikes,
36,Rider,Jiri Mrkyvka,10.52776987022069,0.7046385526233884,05/08/2000 13:00:00,0,Ducati 996 R [2000],World Superbikes,
36,Rider,Jiri Mrkyvka,10.521473783865579,0.7040076798733909,05/08/2000 13:00:00,1,Ducati 996 R [2000],World Superbikes,
36,Rider,Jiri Mrkyvka,10.51455807450721,0.703452204276493,02/09/2000 13:00:00,0,Ducati 996 R [2000],World Superbikes,
36,Rider,Jiri Mrkyvka,10.507372944387743,0.7029754921231227,02/09/2000 13:00:00,1,Ducati 996 R [2000],World Superbikes,
36,Rider,Jiri Mrkyvka,10.50051236955462,0.7025738932167495,09/09/2000 13:00:00,0,Ducati 996 R [2000],World Superbikes,
36,Rider,Jiri Mrkyvka,10.492508846128176,0.7022540649162963,09/09/2000 13:00:00,1,Ducati 996 R [2000],World Superbikes,
36,Rider,Jiri Mrkyvka,10.483719941639663,0.7020144817678245,14/10/2000 13:00:00,0,Ducati 996 R [2000],World Superbikes,
36,Rider,Jiri Mrkyvka,10.474236838701861,0.7018509717942185,14/10/2000 13:00:00,1,Ducati 996 R [2000],World Superbikes,
36,Rider,Jiri Mrkyvka,10.465228174397355,0.7017448318507664,09/03/2001 13:00:00,0,Ducati 996 RS [2001],World Superbikes,
36,Rider,Jiri Mrkyvka,10.456241699460179,0.7017114870096126,09/03/2001 13:00:00,1,Ducati 996 RS [2001],World Superbikes,
36,Rider,Jiri Mrkyvka,10.44733796606567,0.7017512464362966,29/03/2001 13:00:00,0,Ducati 996 RS [2001],World Superbikes,
36,Rider,Jiri Mrkyvka,10.438576210399313,0.7018449542159106,30/03/2001 13:00:00,0,Ducati 996 RS [2001],World Superbikes,
36,Rider,Jiri Mrkyvka,10.430870597113797,0.7019704956798225,19/04/2001 13:00:00,0,Ducati 996 RS [2001],World Superbikes,
36,Rider,Jiri Mrkyvka,10.42222241069534,0.702171658686001,10/05/2001 13:00:00,0,Ducati 996 RS [2001],World Superbikes,
36,Rider,Jiri Mrkyvka,10.413971483859898,0.7024243258646007,11/05/2001 13:00:00,0,Ducati 996 RS [2001],World Superbikes,
36,Rider,Jiri Mrkyvka,10.40618129902151,0.702730518201404,25/05/2001 13:00:00,0,Ducati 996 RS [2001],World Superbikes,
36,Rider,Jiri Mrkyvka,10.399515478841344,0.7030671355487569,25/05/2001 13:00:00,1,Ducati 996 RS [2001],World Superbikes,
36,Rider,Jiri Mrkyvka,10.39298361633644,0.703453964960841,07/06/2001 13:00:00,0,Ducati 996 RS [2001],World Superbikes,
36,Rider,Jiri Mrkyvka,10.385020439460652,0.7039181589350384,08/06/2001 13:00:00,0,Ducati 996 RS [2001],World Superbikes,
36,Rider,Jiri Mrkyvka,10.378046263394175,0.704418442319477,21/06/2001 13:00:00,0,Ducati 996 RS [2001],World Superbikes,
36,Rider,Jiri Mrkyvka,10.371849265619124,0.704977696595425,22/06/2001 13:00:00,0,Ducati 996 RS [2001],World Superbikes,
36,Rider,Jiri Mrkyvka,10.365456377116928,0.7056115086430564,06/07/2001 13:00:00,0,Ducati 996 RS [2001],World Superbikes,
36,Rider,Jiri Mrkyvka,10.358530710875744,0.7063097924298765,07/07/2001 13:00:00,0,Ducati 996 RS [2001],World Superbikes,
36,Rider,Jiri Mrkyvka,10.350929001957393,0.7070721043601751,30/08/2001 13:00:00,0,Ducati 996 RS [2001],World Superbikes,
36,Rider,Jiri Mrkyvka,10.34425757241541,0.7078697657719762,31/08/2001 13:00:00,0,Ducati 996 RS [2001],World Superbikes,
36,Rider,Jiri Mrkyvka,10.338772896015799,0.7087026512459829,27/09/2001 13:00:00,0,Ducati 996 RS [2001],World Superbikes,
36,Rider,Jiri Mrkyvka,10.33393738979373,0.7095626155520873,28/09/2001 13:00:00,0,Ducati 996 RS [2001],World Superbikes,
36,Rider,Jiri Mrkyvka,10.329799272387687,0.7104501810481996,04/04/2002 13:00:00,0,Ducati 996 RS [2002],World Superbikes,
36,Rider,Jiri Mrkyvka,10.326203516724515,0.7113531272604445,05/04/2002 13:00:00,0,Ducati 996 RS [2002],World Superbikes,
36,Rider,Jiri Mrkyvka,10.323179494938067,0.7122730740248705,24/05/2002 13:00:00,0,Ducati 996 RS [2002],World Superbikes,
36,Rider,Jiri Mrkyvka,10.32043758757148,0.7131978825187444,24/05/2002 13:00:00,1,Ducati 996 RS [2002],World Superbikes,
36,Rider,Jiri Mrkyvka,10.318159601325036,0.7141386401295187,06/06/2002 13:00:00,0,Ducati 996 RS [2002],World Superbikes,
36,Rider,Jiri Mrkyvka,10.316527767276085,0.7151065324063235,07/06/2002 13:00:00,0,Ducati 996 RS [2002],World Superbikes,
36,Rider,Jiri Mrkyvka,10.315848510141842,0.7161059191565387,29/08/2002 13:00:00,0,Ducati 996 RS [2002],World Superbikes,
36,Rider,Jiri Mrkyvka,10.314717841468003,0.7171696405007321,30/08/2002 13:00:00,0,Ducati 996 RS [2002],World Superbikes,
36,Rider,Jiri Mrkyvka,10.314691762522195,0.7182691785276069,29/05/2003 13:00:00,0,Ducati 998 RS [2003],World Superbikes,
36,Rider,Jiri Mrkyvka,10.313625151210806,0.7194536259285573,30/05/2003 13:00:00,0,Ducati 998 RS [2003],World Superbikes,
36,Rider,Jiri Mrkyvka,10.310341479791608,0.7207255836570347,19/06/2003 13:00:00,0,Ducati 998 RS [2003],World Superbikes,
36,Rider,Jiri Mrkyvka,10.307329519215699,0.7220696213401103,20/06/2003 13:00:00,0,Ducati 998 RS [2003],World Superbikes,
36,Rider,Jiri Mrkyvka,10.30439330214826,0.723491477336522,11/07/2003 13:00:00,0,Ducati 998 RS [2003],World Superbikes,
36,Rider,Jiri Mrkyvka,10.30222308599167,0.7249471205930613,12/07/2003 13:00:00,0,Ducati 998 RS [2003],World Superbikes,
36,Rider,Jiri Mrkyvka,10.300937056300363,0.726438545339081,25/07/2003 13:00:00,0,Ducati 998 RS [2003],World Superbikes,
36,Rider,Jiri Mrkyvka,10.29964515551679,0.7279925413912296,25/07/2003 13:00:00,1,Ducati 998 RS [2003],World Superbikes,
36,Rider,Jiri Mrkyvka,10.298052494999023,0.7296244710047879,04/09/2003 13:00:00,0,Ducati 998 RS [2003],World Superbikes,
36,Rider,Jiri Mrkyvka,10.295666026616528,0.7313462224831023,05/09/2003 13:00:00,0,Ducati 998 RS [2003],World Superbikes,
36,Rider,Jiri Mrkyvka,10.292287327195714,0.7331633108152199,25/09/2003 13:00:00,0,Ducati 998 RS [2003],World Superbikes,
36,Rider,Jiri Mrkyvka,10.288659124615421,0.7350694129705474,26/09/2003 13:00:00,0,Ducati 998 RS [2003],World Superbikes,
36,Rider,Jiri Mrkyvka,10.28635376910725,0.7370301171082737,27/02/2004 13:00:00,0,Ducati 996 RS [2004],World Superbikes,
36,Rider,Jiri Mrkyvka,10.284451933726471,0.7390593760924323,15/04/2004 13:00:00,0,Ducati 996 RS [2004],World Superbikes,
36,Rider,Jiri Mrkyvka,10.280174737589842,0.7411825335670361,16/04/2004 13:00:00,0,Ducati 996 RS [2004],World Superbikes,
36,Rider,Jiri Mrkyvka,10.276094540183145,0.7433872643072029,13/05/2004 13:00:00,0,Ducati 996 RS [2004],World Superbikes,
36,Rider,Jiri Mrkyvka,10.273150628551717,0.7456404294835947,14/05/2004 13:00:00,0,Ducati 996 RS [2004],World Superbikes,
36,Rider,Jiri Mrkyvka,10.271457721876756,0.7479434251176796,27/05/2004 13:00:00,0,Ducati 996 RS [2004],World Superbikes,
36,Rider,Jiri Mrkyvka,10.269001789784484,0.7503294758243417,28/05/2004 13:00:00,0,Ducati 996 RS [2004],World Superbikes,
36,Rider,Jiri Mrkyvka,10.2657675616544,0.7528001869811143,11/06/2004 13:00:00,0,Ducati 996 RS [2004],World Superbikes,
36,Rider,Jiri Mrkyvka,10.262201993539337,0.755349776461075,11/06/2004 13:00:00,1,Ducati 996 RS [2004],World Superbikes,
36,Rider,Jiri Mrkyvka,10.259005443959623,0.7579770216058319,09/07/2004 13:00:00,0,Ducati 996 RS [2004],World Superbikes,
36,Rider,Jiri Mrkyvka,10.254161047704352,0.7606955346726542,10/07/2004 13:00:00,0,Ducati 996 RS [2004],World Superbikes,
36,Rider,Jiri Mrkyvka,10.248638310682143,0.7634958051223155,30/07/2004 13:00:00,0,Ducati 996 RS [2004],World Superbikes,
36,Rider,Jiri Mrkyvka,10.24422417317722,0.7663479387557263,30/07/2004 13:00:00,1,Ducati 996 RS [2004],World Superbikes,
36,Rider,Jiri Mrkyvka,10.239715963793985,0.7692881969747382,02/09/2004 13:00:00,0,Ducati 996 RS [2004],World Superbikes,
36,Rider,Jiri Mrkyvka,10.235464237523432,0.7723127213014492,03/09/2004 13:00:00,0,Ducati 996 RS [2004],World Superbikes,
36,Rider,Jiri Mrkyvka,10.232597977279259,0.7753969732524952,23/09/2004 13:00:00,0,Ducati 996 RS [2004],World Superbikes,
36,Rider,Jiri Mrkyvka,10.229228605065144,0.7785813783798644,24/09/2004 13:00:00,0,Ducati 996 RS [2004],World Superbikes,
36,Rider,Jiri Mrkyvka,10.22519311880362,0.7818695856951371,30/09/2004 13:00:00,0,Ducati 996 RS [2004],World Superbikes,
36,Rider,Jiri Mrkyvka,10.221594951459627,0.7852541921951491,01/10/2004 13:00:00,0,Ducati 996 RS [2004],World Superbikes,
36,Rider,Jiri Mrkyvka,10.219997413267736,0.7887085254742081,14/07/2005 13:00:00,0,Ducati 999 RS [2005],World Superbikes,
36,Rider,Jiri Mrkyvka,10.218296636402057,0.792262687012392,15/07/2005 13:00:00,0,Ducati 999 RS [2005],World Superbikes,
36,Rider,Jiri Mrkyvka,10.21652582894012,0.7959174540911305,01/09/2005 13:00:00,0,Ducati 999 RS [2005],World Superbikes,
36,Rider,Jiri Mrkyvka,10.21449662231688,0.7996665054315578,02/09/2005 13:00:00,0,Ducati 999 RS [2005],World Superbikes,
36,Rider,Jiri Mrkyvka,10.21351672257973,0.8034734850548817,08/09/2005 13:00:00,0,Ducati 999 RS [2005],World Superbikes,
36,Rider,Jiri Mrkyvka,10.213311661190687,0.8073294321373901,09/09/2005 13:00:00,0,Ducati 999 RS [2005],World Superbikes,
36,Rider,Jiri Mrkyvka,10.214054969113647,0.8112400164019368,29/09/2005 13:00:00,0,Ducati 999 RS [2005],World Superbikes,
36,Rider,Jiri Mrkyvka,10.214453853908509,0.8152346054388784,30/09/2005 13:00:00,0,Ducati 999 RS [2005],World Superbikes,
36,Rider,Jiri Mrkyvka,10.214861871530877,0.8193170903401985,21/07/2006 13:00:00,0,Ducati 999 RS [2006],World Superbikes,
37,Rider,Frédéric Protat,19.271719144536405,0.9798085422078422,21/03/1998 13:00:00,0,Honda [1998],World Superbikes,
37,Rider,Frédéric Protat,19.272133775408278,0.9765152381639226,21/03/1998 13:00:00,1,Honda [1998],World Superbikes,
37,Rider,Frédéric Protat,19.27267470045816,0.9733706214102684,12/04/1998 13:00:00,0,Honda [1998],World Superbikes,
37,Rider,Frédéric Protat,19.273522745718424,0.9703618539363651,12/04/1998 13:00:00,1,Honda [1998],World Superbikes,
37,Rider,Frédéric Protat,19.275636348701315,0.9674719503859543,09/05/1998 13:00:00,0,Honda [1998],World Superbikes,
37,Rider,Frédéric Protat,19.276843727301937,0.9647284312590316,09/05/1998 13:00:00,1,Honda [1998],World Superbikes,
37,Rider,Frédéric Protat,19.277449367925655,0.9621297979709353,23/05/1998 13:00:00,0,Ducati [1998],World Superbikes,
37,Rider,Frédéric Protat,19.276215505616218,0.9596831501221932,23/05/1998 13:00:00,1,Ducati [1998],World Superbikes,
37,Rider,Frédéric Protat,19.27500308812794,0.9573645025310674,20/06/1998 13:00:00,0,Ducati [1998],World Superbikes,
37,Rider,Frédéric Protat,19.274151074858786,0.9551940692078633,20/06/1998 13:00:00,1,Ducati [1998],World Superbikes,
37,Rider,Frédéric Protat,19.273882132550355,0.9531696458334143,04/07/1998 13:00:00,0,Ducati [1998],World Superbikes,
37,Rider,Frédéric Protat,19.273977393664303,0.9512650120415834,04/07/1998 13:00:00,1,Ducati [1998],World Superbikes,
37,Rider,Frédéric Protat,19.274471261597018,0.9494806588621099,11/07/1998 13:00:00,0,Ducati [1998],World Superbikes,
37,Rider,Frédéric Protat,19.27522938370214,0.9478169537112838,11/07/1998 13:00:00,1,Ducati [1998],World Superbikes,
37,Rider,Frédéric Protat,19.27686301120551,0.9462578085561564,01/08/1998 13:00:00,0,Ducati [1998],World Superbikes,
37,Rider,Frédéric Protat,19.279963162309507,0.9448231857863868,01/08/1998 13:00:00,1,Ducati [1998],World Superbikes,
37,Rider,Frédéric Protat,19.284580713199357,0.9435036836764803,29/08/1998 13:00:00,0,Ducati [1998],World Superbikes,
37,Rider,Frédéric Protat,19.290402882676464,0.9423230919568107,29/08/1998 13:00:00,1,Ducati [1998],World Superbikes,
37,Rider,Frédéric Protat,19.296791157623908,0.9412855292355434,05/09/1998 13:00:00,0,Ducati [1998],World Superbikes,
37,Rider,Frédéric Protat,19.303113971749692,0.9403699826582703,05/09/1998 13:00:00,1,Ducati [1998],World Superbikes,
37,Rider,Frédéric Protat,19.31079994197625,0.9395317320531708,01/05/1999 13:00:00,0,Ducati [1999],World Superbikes,
37,Rider,Frédéric Protat,19.31794469771077,0.9388294068637635,01/05/1999 13:00:00,1,Ducati [1999],World Superbikes,
37,Rider,Frédéric Protat,19.326275894294536,0.9382415202473161,29/05/1999 13:00:00,0,Ducati [1999],World Superbikes,
37,Rider,Frédéric Protat,19.333464148005717,0.9378017224267545,29/05/1999 13:00:00,1,Ducati [1999],World Superbikes,
37,Rider,Frédéric Protat,19.339520243338203,0.9375084486132592,12/06/1999 13:00:00,0,Ducati [1999],World Superbikes,
37,Rider,Frédéric Protat,19.345182390219207,0.9373613338485721,12/06/1999 13:00:00,1,Ducati [1999],World Superbikes,
37,Rider,Frédéric Protat,19.350910548667517,0.9373602090392663,10/07/1999 13:00:00,1,Ducati [1999],World Superbikes,
37,Rider,Frédéric Protat,19.355904105147985,0.9374930671874803,31/07/1999 13:00:00,0,Ducati [1999],World Superbikes,
37,Rider,Frédéric Protat,19.359751679173677,0.9377700548474559,31/07/1999 13:00:00,1,Ducati [1999],World Superbikes,
37,Rider,Frédéric Protat,19.361882434530866,0.9381939441851127,28/08/1999 13:00:00,0,Ducati [1999],World Superbikes,
37,Rider,Frédéric Protat,19.363723435872114,0.9387589199147662,28/08/1999 13:00:00,1,Ducati [1999],World Superbikes,
37,Rider,Frédéric Protat,19.36438813483834,0.9394670966356009,28/08/1999 13:00:00,2,Ducati [1999],World Superbikes,
37,Rider,Frédéric Protat,19.365685712863883,0.9402362622155974,04/09/1999 13:00:00,0,Ducati [1999],World Superbikes,
37,Rider,Frédéric Protat,19.36483530627578,0.9411556402906716,04/09/1999 13:00:00,1,Ducati [1999],World Superbikes,
37,Rider,Frédéric Protat,19.36197869118219,0.9422249508877297,04/09/1999 13:00:00,2,Ducati [1999],World Superbikes,
37,Rider,Frédéric Protat,19.35881411591286,0.943393695564478,11/09/1999 13:00:00,0,Ducati [1999],World Superbikes,
37,Rider,Frédéric Protat,19.355721386376203,0.9447064560369693,11/09/1999 13:00:00,1,Ducati [1999],World Superbikes,
37,Rider,Frédéric Protat,19.352429847913285,0.9461606129823122,20/05/2000 13:00:00,0,Ducati 996 [2000],World Superbikes,
37,Rider,Frédéric Protat,19.348363607484494,0.9477669182806908,20/05/2000 13:00:00,1,Ducati 996 [2000],World Superbikes,
37,Rider,Frédéric Protat,19.342672805294626,0.9495270246398861,17/06/2000 13:00:00,0,Ducati 996 [2000],World Superbikes,
37,Rider,Frédéric Protat,19.337912338234798,0.9514344977921048,17/06/2000 13:00:00,1,Ducati 996 [2000],World Superbikes,
37,Rider,Frédéric Protat,19.332959002153803,0.953494379208715,24/06/2000 13:00:00,0,Ducati 996 [2000],World Superbikes,
37,Rider,Frédéric Protat,19.327587667493074,0.9557054609307148,24/06/2000 13:00:00,1,Ducati 996 [2000],World Superbikes,
37,Rider,Frédéric Protat,19.31996977129914,0.9580719261344911,05/08/2000 13:00:00,0,Ducati 996 [2000],World Superbikes,
37,Rider,Frédéric Protat,19.312201610716382,0.9605895712709748,05/08/2000 13:00:00,1,Ducati 996 [2000],World Superbikes,
37,Rider,Frédéric Protat,19.306120788521653,0.963244562753865,09/03/2001 13:00:00,0,Ducati 996 RS [2001],World Superbikes,
37,Rider,Frédéric Protat,19.301296270380156,0.9660420842470736,09/03/2001 13:00:00,1,Ducati 996 RS [2001],World Superbikes,
37,Rider,Frédéric Protat,19.297810924833282,0.9689821646117952,07/06/2001 13:00:00,0,Ducati 996 RS [2001],World Superbikes,
37,Rider,Frédéric Protat,19.296383597533552,0.9720332844181466,08/06/2001 13:00:00,0,Ducati 996 RS [2001],World Superbikes,
37,Rider,Frédéric Protat,19.29571526527692,0.9752261547373524,16/10/2003 13:00:00,0,Yamaha YZF-R1 [2003],World Superbikes,
37,Rider,Frédéric Protat,19.29564465722869,0.9785454515239793,17/10/2003 13:00:00,0,Yamaha YZF-R1 [2003],World Superbikes,
38,Rider,Chris Ognenis,13.885349366563533,3.6892548193744945,21/03/1998 13:00:00,0,Suzuki GSX-R 750 [1998],World Superbikes,
38,Rider,Chris Ognenis,13.88476489283627,3.6892844454148115,21/03/1998 13:00:00,1,Suzuki GSX-R 750 [1998],World Superbikes,
39,Rider,Dean Fulton,21.02660644884382,3.6806806720899092,21/03/1998 13:00:00,0,Kawasaki [1998],World Superbikes,
39,Rider,Dean Fulton,21.02676703964424,3.6806755241807827,21/03/1998 13:00:00,1,Kawasaki [1998],World Superbikes,
40,Bike,Kawasaki [1998],20.089705262252657,1.5464989216230176,21/03/1998 13:00:00,0,,World Superbikes,
40,Bike,Kawasaki [1998],20.09016917897301,1.5445669720915467,21/03/1998 13:00:00,1,,World Superbikes,
40,Bike,Kawasaki [1998],20.090739191275176,1.542803349215537,09/05/1998 13:00:00,0,,World Superbikes,
40,Bike,Kawasaki [1998],20.092042257538207,1.5412247820628493,09/05/1998 13:00:00,1,,World Superbikes,
40,Bike,Kawasaki [1998],20.093227904382815,1.5398501421292023,23/05/1998 13:00:00,0,,World Superbikes,
40,Bike,Kawasaki [1998],20.092680636793357,1.5387126646821112,23/05/1998 13:00:00,1,,World Superbikes,
40,Bike,Kawasaki [1998],20.091719512006065,1.5377898319321415,06/06/1998 13:00:00,0,,World Superbikes,
40,Bike,Kawasaki [1998],20.09077929730625,1.5370377356998317,06/06/1998 13:00:00,1,,World Superbikes,
40,Bike,Kawasaki [1998],20.089388503198936,1.5364747324668921,20/06/1998 13:00:00,0,,World Superbikes,
40,Bike,Kawasaki [1998],20.088889411393964,1.5360685414383601,20/06/1998 13:00:00,1,,World Superbikes,
40,Bike,Kawasaki [1998],20.08937775376866,1.5358183484991137,11/07/1998 13:00:00,0,,World Superbikes,
40,Bike,Kawasaki [1998],20.090611330656923,1.5356606247461813,11/07/1998 13:00:00,1,,World Superbikes,
40,Bike,Kawasaki [1998],20.092573089940938,1.5355954475700246,01/08/1998 13:00:00,0,,World Superbikes,
40,Bike,Kawasaki [1998],20.094712879791864,1.5356975994286266,01/08/1998 13:00:00,1,,World Superbikes,
40,Bike,Kawasaki [1998],20.09683076322015,1.5359651949770614,29/08/1998 13:00:00,0,,World Superbikes,
40,Bike,Kawasaki [1998],20.098872937094775,1.5364290571112484,29/08/1998 13:00:00,1,,World Superbikes,
40,Bike,Kawasaki [1998],20.10093293360103,1.5370833910452408,29/08/1998 13:00:00,2,,World Superbikes,
40,Bike,Kawasaki [1998],20.10309016477558,1.5379246027132423,05/09/1998 13:00:00,0,,World Superbikes,
40,Bike,Kawasaki [1998],20.105467181560275,1.5389414255261067,05/09/1998 13:00:00,1,,World Superbikes,
40,Bike,Kawasaki [1998],20.10807591164499,1.540137234974195,05/09/1998 13:00:00,2,,World Superbikes,
40,Bike,Kawasaki [1998],20.110349651526136,1.5415340499848011,03/10/1998 13:00:00,0,,World Superbikes,
40,Bike,Kawasaki [1998],20.111885381864752,1.5431612529627858,03/10/1998 13:00:00,1,,World Superbikes,
40,Bike,Kawasaki [1998],20.112573962032116,1.5450238104126846,03/10/1998 13:00:00,2,,World Superbikes,
41,Rider,John Phelan,19.187673959352868,3.7256351161274694,21/03/1998 13:00:00,0,Kawasaki [1998],World Superbikes,
41,Rider,John Phelan,19.187701353764865,3.7256312867742367,21/03/1998 13:00:00,1,Kawasaki [1998],World Superbikes,
42,Rider,Scott Webster,11.643684336683094,2.673813222957541,21/03/1998 13:00:00,0,Yamaha [1998],World Superbikes,
42,Rider,Scott Webster,11.643065376532618,2.673150561676761,21/03/1998 13:00:00,1,Yamaha [1998],World Superbikes,
42,Rider,Scott Webster,11.643865977055368,2.6727866620406786,17/04/1999 13:00:00,0,Honda [1999],World Superbikes,
42,Rider,Scott Webster,11.644438208354048,2.6728164104491534,17/04/1999 13:00:00,1,Honda [1999],World Superbikes,
42,Rider,Scott Webster,11.64542933335112,2.6731992752946483,22/04/2000 13:00:00,0,Honda VTR 1000 [2000],World Superbikes,
42,Rider,Scott Webster,11.646583271751746,2.6739048730024644,22/04/2000 13:00:00,1,Honda VTR 1000 [2000],World Superbikes,
43,Rider,Ed Miller,18.869456346573312,3.8268331407278193,21/03/1998 13:00:00,0,Kawasaki [1998],World Superbikes,
43,Rider,Ed Miller,18.870541573618745,3.826747421053212,21/03/1998 13:00:00,1,Kawasaki [1998],World Superbikes,
44,Rider,Steve Hislop,44.81921947576146,1.4835416297259307,12/04/1998 13:00:00,0,Yamaha [1998],World Superbikes,
44,Rider,Steve Hislop,44.82047522243187,1.4815882351301901,12/04/1998 13:00:00,1,Yamaha [1998],World Superbikes,
44,Rider,Steve Hislop,44.822349143814606,1.4798856004217764,01/08/1998 13:00:00,0,Yamaha [1998],World Superbikes,
44,Rider,Steve Hislop,44.822814246152795,1.4784051666239302,01/08/1998 13:00:00,1,Yamaha [1998],World Superbikes,
44,Rider,Steve Hislop,44.82332746311786,1.4771665904691325,01/08/1998 13:00:00,2,Yamaha [1998],World Superbikes,
44,Rider,Steve Hislop,44.82536359455398,1.4761636755549534,01/05/1999 13:00:00,0,Kawasaki [1999],World Superbikes,
44,Rider,Steve Hislop,44.82861729584485,1.475399309506345,01/05/1999 13:00:00,1,Kawasaki [1999],World Superbikes,
44,Rider,Steve Hislop,44.83146686867875,1.4748735213338424,01/05/1999 13:00:00,2,Kawasaki [1999],World Superbikes,
44,Rider,Steve Hislop,44.83486390001344,1.4745793961206493,13/05/2000 13:00:00,0,Yamaha YZF 750 R [2000],World Superbikes,
44,Rider,Steve Hislop,44.83833025152428,1.474483018544509,13/05/2000 13:00:00,1,Yamaha YZF 750 R [2000],World Superbikes,
44,Rider,Steve Hislop,44.841679503489445,1.4745834328775695,13/05/2000 13:00:00,2,Yamaha YZF 750 R [2000],World Superbikes,
44,Rider,Steve Hislop,44.84604830150853,1.4748761584929795,25/05/2001 13:00:00,0,Ducati 996 R [2001],World Superbikes,
44,Rider,Steve Hislop,44.848945677200796,1.4753390545551044,25/05/2001 13:00:00,1,Ducati 996 R [2001],World Superbikes,
44,Rider,Steve Hislop,44.850450488102176,1.4759696987025037,26/05/2001 13:00:00,0,Ducati 996 R [2001],World Superbikes,
44,Rider,Steve Hislop,44.85039156073144,1.476772674223624,27/07/2001 13:00:00,0,Ducati 996 R [2001],World Superbikes,
44,Rider,Steve Hislop,44.8494888662748,1.4777934714331147,27/07/2001 13:00:00,1,Ducati 996 R [2001],World Superbikes,
44,Rider,Steve Hislop,44.84805013323063,1.4790430707426514,28/07/2001 13:00:00,0,Ducati 996 R [2001],World Superbikes,
44,Rider,Steve Hislop,44.845830937709515,1.4805068811376112,24/05/2002 13:00:00,0,Ducati 998 RS [2002],World Superbikes,
44,Rider,Steve Hislop,44.84429518712858,1.4822245042507982,24/05/2002 13:00:00,1,Ducati 998 RS [2002],World Superbikes,
44,Rider,Steve Hislop,44.84302702517092,1.4841894525982422,25/05/2002 13:00:00,0,Ducati 998 RS [2002],World Superbikes,
45,Rider,Niall Mackenzie,40.647696676512155,1.8481647442296456,12/04/1998 13:00:00,0,Yamaha [1998],World Superbikes,
45,Rider,Niall Mackenzie,40.649471759632554,1.8467861520215496,12/04/1998 13:00:00,1,Yamaha [1998],World Superbikes,
45,Rider,Niall Mackenzie,40.65052617549341,1.8457193376614156,01/08/1998 13:00:00,0,Yamaha [1998],World Superbikes,
45,Rider,Niall Mackenzie,40.650835765142524,1.8449610059455461,01/08/1998 13:00:00,1,Yamaha [1998],World Superbikes,
45,Rider,Niall Mackenzie,40.651153762331276,1.8445106101788469,01/08/1998 13:00:00,2,Yamaha [1998],World Superbikes,
45,Rider,Niall Mackenzie,40.65105708485791,1.844364007057527,01/05/1999 13:00:00,0,Yamaha [1999],World Superbikes,
45,Rider,Niall Mackenzie,40.651031200789625,1.8445352350758586,01/05/1999 13:00:00,1,Yamaha [1999],World Superbikes,
45,Rider,Niall Mackenzie,40.650684158341,1.8450246652588662,01/05/1999 13:00:00,2,Yamaha [1999],World Superbikes,
45,Rider,Niall Mackenzie,40.65140370283715,1.845789861779873,31/07/1999 13:00:00,0,Yamaha [1999],World Superbikes,
45,Rider,Niall Mackenzie,40.65151301551904,1.8468699517145954,31/07/1999 13:00:00,1,Yamaha [1999],World Superbikes,
45,Rider,Niall Mackenzie,40.64974837303765,1.848255998828738,31/07/1999 13:00:00,2,Yamaha [1999],World Superbikes,
46,Rider,Chris Walker,37.22765647244232,0.7340211827296741,12/04/1998 13:00:00,0,Kawasaki ZX7R 750 [1998],World Superbikes,
46,Rider,Chris Walker,37.22892451743001,0.7294779650018168,12/04/1998 13:00:00,1,Kawasaki ZX7R 750 [1998],World Superbikes,
46,Rider,Chris Walker,37.22983381281291,0.7250327607982271,01/05/1999 13:00:00,0,Kawasaki ZX7R 750 [1999],World Superbikes,
46,Rider,Chris Walker,37.22856075078498,0.7206693447875461,01/05/1999 13:00:00,1,Kawasaki ZX7R 750 [1999],World Superbikes,
46,Rider,Chris Walker,37.22642213087763,0.716397702331031,01/05/1999 13:00:00,2,Kawasaki ZX7R 750 [1999],World Superbikes,
46,Rider,Chris Walker,37.223561440840804,0.7122155858173658,31/07/1999 13:00:00,0,Kawasaki ZX7R 750 [1999],World Superbikes,
46,Rider,Chris Walker,37.22069864114509,0.708123356250418,31/07/1999 13:00:00,1,Kawasaki ZX7R 750 [1999],World Superbikes,
46,Rider,Chris Walker,37.217096433117874,0.7041194963433236,31/07/1999 13:00:00,2,Kawasaki ZX7R 750 [1999],World Superbikes,
46,Rider,Chris Walker,37.21378410196962,0.7001999290678146,04/09/1999 13:00:00,0,Kawasaki ZX7R 750 [1999],World Superbikes,
46,Rider,Chris Walker,37.21087841463659,0.6963624291951555,04/09/1999 13:00:00,1,Kawasaki ZX7R 750 [1999],World Superbikes,
46,Rider,Chris Walker,37.208012039219135,0.6926066573870128,04/09/1999 13:00:00,2,Kawasaki ZX7R 750 [1999],World Superbikes,
46,Rider,Chris Walker,37.20461822236824,0.6889256969498041,13/05/2000 13:00:00,0,Suzuki [2000],World Superbikes,
46,Rider,Chris Walker,37.20018737704932,0.6853061462642588,13/05/2000 13:00:00,1,Suzuki [2000],World Superbikes,
46,Rider,Chris Walker,37.195868641314604,0.6817591286498953,13/05/2000 13:00:00,2,Suzuki [2000],World Superbikes,
46,Rider,Chris Walker,37.1916900458501,0.678280484602017,05/08/2000 13:00:00,0,Suzuki [2000],World Superbikes,
46,Rider,Chris Walker,37.187748736186855,0.6748709241955061,05/08/2000 13:00:00,1,Suzuki [2000],World Superbikes,
46,Rider,Chris Walker,37.18265210740263,0.6715203467565222,05/08/2000 13:00:00,2,Suzuki [2000],World Superbikes,
46,Rider,Chris Walker,37.177887557229184,0.6682327172077935,14/10/2000 13:00:00,0,Suzuki [2000],World Superbikes,
46,Rider,Chris Walker,37.173896472396734,0.6650120942896866,14/10/2000 13:00:00,1,Suzuki [2000],World Superbikes,
46,Rider,Chris Walker,37.1681598452494,0.6618291761667574,14/10/2000 13:00:00,2,Suzuki [2000],World Superbikes,
46,Rider,Chris Walker,37.163257379212745,0.6587085455423937,08/03/2002 13:00:00,0,Kawasaki ZX-7 RR [2002],World Superbikes,
46,Rider,Chris Walker,37.15909971244962,0.655658473078187,08/03/2002 13:00:00,1,Kawasaki ZX-7 RR [2002],World Superbikes,
46,Rider,Chris Walker,37.15617441236223,0.6526779374113142,09/03/2002 13:00:00,0,Kawasaki ZX-7 RR [2002],World Superbikes,
46,Rider,Chris Walker,37.15328735699297,0.6497628014736341,21/03/2002 13:00:00,0,Kawasaki ZX-7 RR [2002],World Superbikes,
46,Rider,Chris Walker,37.150812401899515,0.6469142172607436,22/03/2002 13:00:00,0,Kawasaki ZX-7 RR [2002],World Superbikes,
46,Rider,Chris Walker,37.14887037314549,0.6441331895912004,22/03/2002 13:00:00,1,Kawasaki ZX-7 RR [2002],World Superbikes,
46,Rider,Chris Walker,37.148027989750425,0.6414101827711051,04/04/2002 13:00:00,0,Kawasaki ZX-7 RR [2002],World Superbikes,
46,Rider,Chris Walker,37.14830730773011,0.6387500615522841,05/04/2002 13:00:00,0,Kawasaki ZX-7 RR [2002],World Superbikes,
46,Rider,Chris Walker,37.148748978009394,0.6361513266947492,06/04/2002 13:00:00,0,Kawasaki ZX-7 RR [2002],World Superbikes,
46,Rider,Chris Walker,37.149570041636615,0.6336091749122891,18/04/2002 13:00:00,0,Kawasaki ZX-7 RR [2002],World Superbikes,
46,Rider,Chris Walker,37.14969050346631,0.6311302944525555,19/04/2002 13:00:00,0,Kawasaki ZX-7 RR [2002],World Superbikes,
46,Rider,Chris Walker,37.14848320493888,0.6287134224830406,19/04/2002 13:00:00,1,Kawasaki ZX-7 RR [2002],World Superbikes,
46,Rider,Chris Walker,37.14755947800449,0.6263442056757013,09/05/2002 13:00:00,0,Kawasaki ZX-7 RR [2002],World Superbikes,
46,Rider,Chris Walker,37.14551589215623,0.6240328142391579,10/05/2002 13:00:00,0,Kawasaki ZX-7 RR [2002],World Superbikes,
46,Rider,Chris Walker,37.1413918856568,0.6217739356685092,11/05/2002 13:00:00,0,Kawasaki ZX-7 RR [2002],World Superbikes,
46,Rider,Chris Walker,37.13928365699175,0.6195471222227599,24/05/2002 13:00:00,0,Kawasaki ZX-7 RR [2002],World Superbikes,
46,Rider,Chris Walker,37.13473267351336,0.6173740420455187,24/05/2002 13:00:00,1,Kawasaki ZX-7 RR [2002],World Superbikes,
46,Rider,Chris Walker,37.12834561616913,0.6152557258071147,25/05/2002 13:00:00,0,Kawasaki ZX-7 RR [2002],World Superbikes,
46,Rider,Chris Walker,37.121485765510634,0.613189531123192,06/06/2002 13:00:00,0,Kawasaki ZX-7 RR [2002],World Superbikes,
46,Rider,Chris Walker,37.11226499280216,0.611170336352458,07/06/2002 13:00:00,0,Kawasaki ZX-7 RR [2002],World Superbikes,
46,Rider,Chris Walker,37.10296817421547,0.609203691497507,08/06/2002 13:00:00,0,Kawasaki ZX-7 RR [2002],World Superbikes,
46,Rider,Chris Walker,37.09434164953987,0.6072821140128583,20/06/2002 13:00:00,0,Kawasaki ZX-7 RR [2002],World Superbikes,
46,Rider,Chris Walker,37.08624707197028,0.6054115596143936,21/06/2002 13:00:00,0,Kawasaki ZX-7 RR [2002],World Superbikes,
46,Rider,Chris Walker,37.07819125838248,0.6035908905804196,22/06/2002 13:00:00,0,Kawasaki ZX-7 RR [2002],World Superbikes,
46,Rider,Chris Walker,37.07067190192585,0.6018139430811925,12/07/2002 13:00:00,0,Kawasaki ZX-7 RR [2002],World Superbikes,
46,Rider,Chris Walker,37.06333247673255,0.6000842971116135,13/07/2002 13:00:00,0,Kawasaki ZX-7 RR [2002],World Superbikes,
46,Rider,Chris Walker,37.056452364657936,0.5984016366037598,26/07/2002 13:00:00,0,Kawasaki ZX-7 RR [2002],World Superbikes,
46,Rider,Chris Walker,37.04827312887448,0.5967664209555772,26/07/2002 13:00:00,1,Kawasaki ZX-7 RR [2002],World Superbikes,
46,Rider,Chris Walker,37.039943722022066,0.5951788355205102,27/07/2002 13:00:00,0,Kawasaki ZX-7 RR [2002],World Superbikes,
46,Rider,Chris Walker,37.030902424359454,0.593635209369481,29/08/2002 13:00:00,0,Kawasaki ZX-7 RR [2002],World Superbikes,
46,Rider,Chris Walker,37.020435215594375,0.5921318562739363,30/08/2002 13:00:00,0,Kawasaki ZX-7 RR [2002],World Superbikes,
46,Rider,Chris Walker,37.00939725265225,0.5906691980879681,31/08/2002 13:00:00,0,Kawasaki ZX-7 RR [2002],World Superbikes,
46,Rider,Chris Walker,36.99854348475081,0.5892402351100285,05/09/2002 13:00:00,0,Kawasaki ZX-7 RR [2002],World Superbikes,
46,Rider,Chris Walker,36.988591388047645,0.5878532620180609,06/09/2002 13:00:00,0,Kawasaki ZX-7 RR [2002],World Superbikes,
46,Rider,Chris Walker,36.97909630003406,0.5865072220971012,07/09/2002 13:00:00,0,Kawasaki ZX-7 RR [2002],World Superbikes,
46,Rider,Chris Walker,36.97026868671722,0.5851951911449824,26/09/2002 13:00:00,0,Kawasaki ZX-7 RR [2002],World Superbikes,
46,Rider,Chris Walker,36.961961333445196,0.5839260323775675,27/09/2002 13:00:00,0,Kawasaki ZX-7 RR [2002],World Superbikes,
46,Rider,Chris Walker,36.95535933609409,0.5827005488145987,28/09/2002 13:00:00,0,Kawasaki ZX-7 RR [2002],World Superbikes,
46,Rider,Chris Walker,36.94907897475474,0.5815099771565313,28/02/2003 13:00:00,0,Ducati 998 F02 [2003],World Superbikes,
46,Rider,Chris Walker,36.94182144211922,0.5803428084203731,28/02/2003 13:00:00,1,Ducati 998 F02 [2003],World Superbikes,
46,Rider,Chris Walker,36.93481684768411,0.5792116231056236,01/03/2003 13:00:00,0,Ducati 998 F02 [2003],World Superbikes,
46,Rider,Chris Walker,36.92902478605493,0.5781149627559312,27/03/2003 13:00:00,0,Ducati 998 F02 [2003],World Superbikes,
46,Rider,Chris Walker,36.924751453703024,0.5770549647914703,28/03/2003 13:00:00,0,Ducati 998 F02 [2003],World Superbikes,
46,Rider,Chris Walker,36.92043018806467,0.576025698543201,28/03/2003 13:00:00,1,Ducati 998 F02 [2003],World Superbikes,
46,Rider,Chris Walker,36.91624727746469,0.5750286022871556,24/04/2003 13:00:00,0,Ducati 998 F02 [2003],World Superbikes,
46,Rider,Chris Walker,36.91035553198678,0.5740403748154195,25/04/2003 13:00:00,0,Ducati 998 F02 [2003],World Superbikes,
46,Rider,Chris Walker,36.90507412271891,0.5730870665922149,25/04/2003 13:00:00,1,Ducati 998 F02 [2003],World Superbikes,
46,Rider,Chris Walker,36.90019669622997,0.5721651484631608,15/05/2003 13:00:00,0,Ducati 998 F02 [2003],World Superbikes,
46,Rider,Chris Walker,36.89615574730193,0.5712742630499742,16/05/2003 13:00:00,0,Ducati 998 F02 [2003],World Superbikes,
46,Rider,Chris Walker,36.893262087146525,0.5704144246129459,17/05/2003 13:00:00,0,Ducati 998 F02 [2003],World Superbikes,
46,Rider,Chris Walker,36.89172322539394,0.569582641868406,29/05/2003 13:00:00,0,Ducati 998 F02 [2003],World Superbikes,
46,Rider,Chris Walker,36.88961149606591,0.5687769091059476,30/05/2003 13:00:00,0,Ducati 998 F02 [2003],World Superbikes,
46,Rider,Chris Walker,36.88595857159283,0.5679734674154767,31/05/2003 13:00:00,0,Ducati 998 F02 [2003],World Superbikes,
46,Rider,Chris Walker,36.88214939615127,0.5671957320672484,13/06/2003 13:00:00,0,Ducati 998 F02 [2003],World Superbikes,
46,Rider,Chris Walker,36.87796390374947,0.5664479755596689,13/06/2003 13:00:00,1,Ducati 998 F02 [2003],World Superbikes,
46,Rider,Chris Walker,36.87430231973369,0.56573203400755,14/06/2003 13:00:00,0,Ducati 998 F02 [2003],World Superbikes,
46,Rider,Chris Walker,36.871060464998656,0.5650450345370862,19/06/2003 13:00:00,0,Ducati 998 F02 [2003],World Superbikes,
46,Rider,Chris Walker,36.86878887013855,0.5643886825907242,20/06/2003 13:00:00,0,Ducati 998 F02 [2003],World Superbikes,
46,Rider,Chris Walker,36.8682926574552,0.5637640581484612,21/06/2003 13:00:00,0,Ducati 998 F02 [2003],World Superbikes,
46,Rider,Chris Walker,36.870252189754964,0.5631662394966965,11/07/2003 13:00:00,0,Ducati 998 F02 [2003],World Superbikes,
46,Rider,Chris Walker,36.873539054294625,0.5625978799890953,12/07/2003 13:00:00,0,Ducati 998 F02 [2003],World Superbikes,
46,Rider,Chris Walker,36.877149862024595,0.5620577045051242,12/07/2003 13:00:00,1,Ducati 998 F02 [2003],World Superbikes,
46,Rider,Chris Walker,36.88174303018078,0.5615424481541573,25/07/2003 13:00:00,0,Ducati 998 F02 [2003],World Superbikes,
46,Rider,Chris Walker,36.885069498583626,0.5610481527128381,25/07/2003 13:00:00,1,Ducati 998 F02 [2003],World Superbikes,
46,Rider,Chris Walker,36.888175635372235,0.5605828507326234,26/07/2003 13:00:00,0,Ducati 998 F02 [2003],World Superbikes,
46,Rider,Chris Walker,36.890089868681294,0.5601352063789066,04/09/2003 13:00:00,0,Ducati 998 F02 [2003],World Superbikes,
46,Rider,Chris Walker,36.89097116399955,0.5597063561913106,05/09/2003 13:00:00,0,Ducati 998 F02 [2003],World Superbikes,
46,Rider,Chris Walker,36.89212199293472,0.559302103228905,25/09/2003 13:00:00,0,Ducati 998 F02 [2003],World Superbikes,
46,Rider,Chris Walker,36.89334414018267,0.5589213749142143,26/09/2003 13:00:00,0,Ducati 998 F02 [2003],World Superbikes,
46,Rider,Chris Walker,36.89393495264392,0.5585602843537971,27/09/2003 13:00:00,0,Ducati 998 F02 [2003],World Superbikes,
46,Rider,Chris Walker,36.89629055600527,0.5582235102799983,16/10/2003 13:00:00,0,Ducati 998 F02 [2003],World Superbikes,
46,Rider,Chris Walker,36.89698694221419,0.5578873134090492,17/10/2003 13:00:00,0,Ducati 998 F02 [2003],World Superbikes,
46,Rider,Chris Walker,36.897687710813216,0.557575053683419,18/10/2003 13:00:00,0,Ducati 998 F02 [2003],World Superbikes,
46,Rider,Chris Walker,36.89879531687566,0.5572856023942869,27/02/2004 13:00:00,0,Petronas FP1 [2004],World Superbikes,
46,Rider,Chris Walker,36.899360389085295,0.5570226318915629,27/02/2004 13:00:00,1,Petronas FP1 [2004],World Superbikes,
46,Rider,Chris Walker,36.89977215835984,0.556786113005426,28/02/2004 13:00:00,0,Petronas FP1 [2004],World Superbikes,
46,Rider,Chris Walker,36.90017557365562,0.5565751242007615,25/03/2004 13:00:00,0,Petronas FP1 [2004],World Superbikes,
46,Rider,Chris Walker,36.90045997523412,0.5563888539901368,26/03/2004 13:00:00,0,Petronas FP1 [2004],World Superbikes,
46,Rider,Chris Walker,36.90152604053252,0.5562260172771558,26/03/2004 13:00:00,1,Petronas FP1 [2004],World Superbikes,
46,Rider,Chris Walker,36.90303258786069,0.5560844050513118,15/04/2004 13:00:00,0,Petronas FP1 [2004],World Superbikes,
46,Rider,Chris Walker,36.90198939288807,0.5559596508118253,16/04/2004 13:00:00,0,Petronas FP1 [2004],World Superbikes,
46,Rider,Chris Walker,36.90085668501352,0.5558622547469207,17/04/2004 13:00:00,0,Petronas FP1 [2004],World Superbikes,
46,Rider,Chris Walker,36.89906683197876,0.5557897351666206,13/05/2004 13:00:00,0,Petronas FP1 [2004],World Superbikes,
46,Rider,Chris Walker,36.89714616375169,0.5557437698676022,14/05/2004 13:00:00,0,Petronas FP1 [2004],World Superbikes,
46,Rider,Chris Walker,36.894899682474296,0.5557236869691309,15/05/2004 13:00:00,0,Petronas FP1 [2004],World Superbikes,
46,Rider,Chris Walker,36.892176667901786,0.5557282527546634,27/05/2004 13:00:00,0,Petronas FP1 [2004],World Superbikes,
46,Rider,Chris Walker,36.88974740932992,0.5557600210722357,28/05/2004 13:00:00,0,Petronas FP1 [2004],World Superbikes,
46,Rider,Chris Walker,36.88763741922116,0.5558193310997349,29/05/2004 13:00:00,0,Petronas FP1 [2004],World Superbikes,
46,Rider,Chris Walker,36.88442476487089,0.5559025451313381,11/06/2004 13:00:00,0,Petronas FP1 [2004],World Superbikes,
46,Rider,Chris Walker,36.88159715911404,0.5560109510777582,11/06/2004 13:00:00,1,Petronas FP1 [2004],World Superbikes,
46,Rider,Chris Walker,36.8795241292032,0.5561443537614056,12/06/2004 13:00:00,0,Petronas FP1 [2004],World Superbikes,
46,Rider,Chris Walker,36.877933292260394,0.5563011585959089,09/07/2004 13:00:00,0,Petronas FP1 [2004],World Superbikes,
46,Rider,Chris Walker,36.87688478990812,0.5564816152245533,10/07/2004 13:00:00,0,Petronas FP1 [2004],World Superbikes,
46,Rider,Chris Walker,36.877839775895396,0.5566797112803906,30/07/2004 13:00:00,0,Petronas FP1 [2004],World Superbikes,
46,Rider,Chris Walker,36.87882559393035,0.5569062223853276,30/07/2004 13:00:00,1,Petronas FP1 [2004],World Superbikes,
46,Rider,Chris Walker,36.87944445506473,0.557160681095064,31/07/2004 13:00:00,0,Petronas FP1 [2004],World Superbikes,
46,Rider,Chris Walker,36.88073620808544,0.5574328476785968,02/09/2004 13:00:00,0,Petronas FP1 [2004],World Superbikes,
46,Rider,Chris Walker,36.88294266324909,0.5577297694907987,03/09/2004 13:00:00,0,Petronas FP1 [2004],World Superbikes,
46,Rider,Chris Walker,36.88497952872024,0.5580542613840171,04/09/2004 13:00:00,0,Petronas FP1 [2004],World Superbikes,
46,Rider,Chris Walker,36.8879195269058,0.558400533865884,23/09/2004 13:00:00,0,Petronas FP1 [2004],World Superbikes,
46,Rider,Chris Walker,36.89222989977157,0.558776092271311,24/09/2004 13:00:00,0,Petronas FP1 [2004],World Superbikes,
46,Rider,Chris Walker,36.89555464008527,0.5591805023783902,30/09/2004 13:00:00,0,Petronas FP1 [2004],World Superbikes,
46,Rider,Chris Walker,36.89751762407516,0.5596126185305125,01/10/2004 13:00:00,0,Petronas FP1 [2004],World Superbikes,
46,Rider,Chris Walker,36.89841767029164,0.5600736092713445,02/10/2004 13:00:00,0,Petronas FP1 [2004],World Superbikes,
46,Rider,Chris Walker,36.899101430472385,0.560559590359433,23/02/2005 13:00:00,0,Kawasaki ZX-10 [2005],World Superbikes,
46,Rider,Chris Walker,36.90035334032992,0.5610766380250924,24/02/2005 13:00:00,0,Kawasaki ZX-10 [2005],World Superbikes,
46,Rider,Chris Walker,36.89993941315561,0.561618070764519,25/02/2005 13:00:00,0,Kawasaki ZX-10 [2005],World Superbikes,
46,Rider,Chris Walker,36.89995675325162,0.562186790452079,31/03/2005 13:00:00,0,Kawasaki ZX-10 [2005],World Superbikes,
46,Rider,Chris Walker,36.900659321444344,0.5627886748367046,01/04/2005 13:00:00,0,Kawasaki ZX-10 [2005],World Superbikes,
46,Rider,Chris Walker,36.90154233724149,0.5634243738199466,01/04/2005 13:00:00,1,Kawasaki ZX-10 [2005],World Superbikes,
46,Rider,Chris Walker,36.903874931451575,0.5640840385884409,21/04/2005 13:00:00,0,Kawasaki ZX-10 [2005],World Superbikes,
46,Rider,Chris Walker,36.90419993310079,0.5647630646716406,22/04/2005 13:00:00,0,Kawasaki ZX-10 [2005],World Superbikes,
46,Rider,Chris Walker,36.90327918945852,0.5654706651942938,23/04/2005 13:00:00,0,Kawasaki ZX-10 [2005],World Superbikes,
46,Rider,Chris Walker,36.901903922804266,0.5662070600244511,05/05/2005 13:00:00,0,Kawasaki ZX-10 [2005],World Superbikes,
46,Rider,Chris Walker,36.900377037460636,0.5669768179089966,06/05/2005 13:00:00,0,Kawasaki ZX-10 [2005],World Superbikes,
46,Rider,Chris Walker,36.898454779801746,0.5677784361318002,07/05/2005 13:00:00,0,Kawasaki ZX-10 [2005],World Superbikes,
46,Rider,Chris Walker,36.89613816532354,0.5686097125233103,27/05/2005 13:00:00,0,Kawasaki ZX-10 [2005],World Superbikes,
46,Rider,Chris Walker,36.89393000777311,0.5694755257448301,27/05/2005 13:00:00,1,Kawasaki ZX-10 [2005],World Superbikes,
46,Rider,Chris Walker,36.8913780388777,0.5703759565705172,28/05/2005 13:00:00,0,Kawasaki ZX-10 [2005],World Superbikes,
46,Rider,Chris Walker,36.88852643907061,0.5713089049892836,23/06/2005 13:00:00,0,Kawasaki ZX-10 [2005],World Superbikes,
46,Rider,Chris Walker,36.88725080778759,0.5722798829988572,24/06/2005 13:00:00,0,Kawasaki ZX-10 [2005],World Superbikes,
46,Rider,Chris Walker,36.88558450856728,0.5732882754186085,25/06/2005 13:00:00,0,Kawasaki ZX-10 [2005],World Superbikes,
46,Rider,Chris Walker,36.88593672254814,0.5743220831968767,14/07/2005 13:00:00,0,Kawasaki ZX-10 [2005],World Superbikes,
46,Rider,Chris Walker,36.88371240124046,0.5753718061755111,15/07/2005 13:00:00,0,Kawasaki ZX-10 [2005],World Superbikes,
46,Rider,Chris Walker,36.88193046537887,0.5764617575507354,16/07/2005 13:00:00,0,Kawasaki ZX-10 [2005],World Superbikes,
46,Rider,Chris Walker,36.879584951803885,0.5775852182086192,05/08/2005 13:00:00,0,Kawasaki ZX-10 [2005],World Superbikes,
46,Rider,Chris Walker,36.875405148531335,0.5787410466931796,05/08/2005 13:00:00,1,Kawasaki ZX-10 [2005],World Superbikes,
46,Rider,Chris Walker,36.870683742286616,0.5799365687487522,06/08/2005 13:00:00,0,Kawasaki ZX-10 [2005],World Superbikes,
46,Rider,Chris Walker,36.865040062037245,0.5811666282515568,01/09/2005 13:00:00,0,Kawasaki ZX-10 [2005],World Superbikes,
46,Rider,Chris Walker,36.86013077909217,0.5824391846541108,02/09/2005 13:00:00,0,Kawasaki ZX-10 [2005],World Superbikes,
46,Rider,Chris Walker,36.85419283071631,0.5837513829684206,03/09/2005 13:00:00,0,Kawasaki ZX-10 [2005],World Superbikes,
46,Rider,Chris Walker,36.84966576663355,0.5850986889367321,29/09/2005 13:00:00,0,Kawasaki ZX-10 [2005],World Superbikes,
46,Rider,Chris Walker,36.84562099411186,0.5864897564736796,30/09/2005 13:00:00,0,Kawasaki ZX-10 [2005],World Superbikes,
46,Rider,Chris Walker,36.84152495952657,0.5879250619807803,01/10/2005 13:00:00,0,Kawasaki ZX-10 [2005],World Superbikes,
46,Rider,Chris Walker,36.83970859738161,0.5893808774414913,06/10/2005 13:00:00,0,Kawasaki ZX-10 [2005],World Superbikes,
46,Rider,Chris Walker,36.83772805322086,0.5908826111688882,07/10/2005 13:00:00,0,Kawasaki ZX-10 [2005],World Superbikes,
46,Rider,Chris Walker,36.834626035184826,0.5924271490548402,08/10/2005 13:00:00,0,Kawasaki ZX-10 [2005],World Superbikes,
46,Rider,Chris Walker,36.831672418162505,0.5940145854900586,22/02/2006 13:00:00,0,Kawasaki ZX-10R [2006],World Superbikes,
46,Rider,Chris Walker,36.827339329504476,0.5956452190428143,23/02/2006 13:00:00,0,Kawasaki ZX-10R [2006],World Superbikes,
46,Rider,Chris Walker,36.823294596718874,0.5973254899983487,24/02/2006 13:00:00,0,Kawasaki ZX-10R [2006],World Superbikes,
46,Rider,Chris Walker,36.82008968396325,0.5990496234597071,02/03/2006 13:00:00,0,Kawasaki ZX-10R [2006],World Superbikes,
46,Rider,Chris Walker,36.816336422167346,0.6008239220550429,03/03/2006 13:00:00,0,Kawasaki ZX-10R [2006],World Superbikes,
46,Rider,Chris Walker,36.81257714132888,0.602650705278412,03/03/2006 13:00:00,1,Kawasaki ZX-10R [2006],World Superbikes,
46,Rider,Chris Walker,36.80901260803649,0.6045257669281509,20/04/2006 13:00:00,0,Kawasaki ZX-10R [2006],World Superbikes,
46,Rider,Chris Walker,36.80605352363236,0.6064552771949059,21/04/2006 13:00:00,0,Kawasaki ZX-10R [2006],World Superbikes,
46,Rider,Chris Walker,36.80131044563977,0.6084237339424405,22/04/2006 13:00:00,0,Kawasaki ZX-10R [2006],World Superbikes,
46,Rider,Chris Walker,36.796151270547355,0.6104439314292539,04/05/2006 13:00:00,0,Kawasaki ZX-10R [2006],World Superbikes,
46,Rider,Chris Walker,36.791086282529804,0.612519992662784,05/05/2006 13:00:00,0,Kawasaki ZX-10R [2006],World Superbikes,
46,Rider,Chris Walker,36.78591156621379,0.6146527828981542,06/05/2006 13:00:00,0,Kawasaki ZX-10R [2006],World Superbikes,
46,Rider,Chris Walker,36.77980017860746,0.6168370397277044,26/05/2006 13:00:00,0,Kawasaki ZX-10R [2006],World Superbikes,
46,Rider,Chris Walker,36.77318119040828,0.6190798968711665,26/05/2006 13:00:00,1,Kawasaki ZX-10R [2006],World Superbikes,
46,Rider,Chris Walker,36.76865893361486,0.6213722369560367,27/05/2006 13:00:00,0,Kawasaki ZX-10R [2006],World Superbikes,
46,Rider,Chris Walker,36.76247390677446,0.6237156391297296,22/06/2006 13:00:00,0,Kawasaki ZX-10R [2006],World Superbikes,
46,Rider,Chris Walker,36.754805954571246,0.6261159679733712,23/06/2006 13:00:00,0,Kawasaki ZX-10R [2006],World Superbikes,
46,Rider,Chris Walker,36.74702754417922,0.6285793332110416,24/06/2006 13:00:00,0,Kawasaki ZX-10R [2006],World Superbikes,
46,Rider,Chris Walker,36.73820790783206,0.6311009032364384,20/07/2006 13:00:00,0,Kawasaki ZX-10R [2006],World Superbikes,
46,Rider,Chris Walker,36.72868259186713,0.6336874271274148,21/07/2006 13:00:00,0,Kawasaki ZX-10R [2006],World Superbikes,
46,Rider,Chris Walker,36.71810729501156,0.6363382021349743,22/07/2006 13:00:00,0,Kawasaki ZX-10R [2006],World Superbikes,
46,Rider,Chris Walker,36.70846875297225,0.6390495180889492,04/08/2006 13:00:00,0,Kawasaki ZX-10R [2006],World Superbikes,
46,Rider,Chris Walker,36.69775421780066,0.6418263044040551,04/08/2006 13:00:00,1,Kawasaki ZX-10R [2006],World Superbikes,
46,Rider,Chris Walker,36.686268122216184,0.644670733564128,05/08/2006 13:00:00,0,Kawasaki ZX-10R [2006],World Superbikes,
46,Rider,Chris Walker,36.67432166516848,0.6475811672420324,31/08/2006 13:00:00,0,Kawasaki ZX-10R [2006],World Superbikes,
46,Rider,Chris Walker,36.662518227699614,0.6505630189662361,01/09/2006 13:00:00,0,Kawasaki ZX-10R [2006],World Superbikes,
46,Rider,Chris Walker,36.650558626076084,0.6536175523906381,02/09/2006 13:00:00,0,Kawasaki ZX-10R [2006],World Superbikes,
46,Rider,Chris Walker,36.639577856413524,0.6567372609639283,07/09/2006 13:00:00,0,Kawasaki ZX-10R [2006],World Superbikes,
46,Rider,Chris Walker,36.62836018570102,0.6599309689987569,08/09/2006 13:00:00,0,Kawasaki ZX-10R [2006],World Superbikes,
46,Rider,Chris Walker,36.61816005702157,0.6631996098915756,09/09/2006 13:00:00,0,Kawasaki ZX-10R [2006],World Superbikes,
46,Rider,Chris Walker,36.608989634070106,0.6665364575673793,28/09/2006 13:00:00,0,Kawasaki ZX-10R [2006],World Superbikes,
46,Rider,Chris Walker,36.60038289825669,0.6699522330734324,29/09/2006 13:00:00,0,Kawasaki ZX-10R [2006],World Superbikes,
46,Rider,Chris Walker,36.593696173665656,0.6734469872121742,05/10/2006 13:00:00,0,Kawasaki ZX-10R [2006],World Superbikes,
46,Rider,Chris Walker,36.586903071238275,0.6770219015084323,06/10/2006 13:00:00,0,Kawasaki ZX-10R [2006],World Superbikes,
46,Rider,Chris Walker,36.5798485764474,0.680665411489404,07/10/2006 13:00:00,0,Kawasaki ZX-10R [2006],World Superbikes,
46,Rider,Chris Walker,36.57319453519938,0.6843863039152066,01/08/2008 13:00:00,0,Honda CBR1000RR [2008],World Superbikes,
46,Rider,Chris Walker,36.56776455021557,0.6881899447339124,01/08/2008 13:00:00,1,Honda CBR1000RR [2008],World Superbikes,
46,Rider,Chris Walker,36.563771537113496,0.6920777993254178,05/09/2008 13:00:00,0,Honda CBR1000RR [2008],World Superbikes,
46,Rider,Chris Walker,36.559046372866206,0.6960547409887391,05/09/2008 13:00:00,1,Honda CBR1000RR [2008],World Superbikes,
46,Rider,Chris Walker,36.5538450990501,0.7001221160324187,06/09/2008 13:00:00,0,Honda CBR1000RR [2008],World Superbikes,
46,Rider,Chris Walker,36.54885021276071,0.7042715576013568,18/09/2008 13:00:00,0,Honda CBR1000RR [2008],World Superbikes,
46,Rider,Chris Walker,36.54347677939072,0.708512996819152,19/09/2008 13:00:00,0,Honda CBR1000RR [2008],World Superbikes,
46,Rider,Chris Walker,36.54090202190384,0.7128389202956591,02/10/2008 13:00:00,0,Honda CBR1000RR [2008],World Superbikes,
46,Rider,Chris Walker,36.54032128302215,0.7172566347461728,03/10/2008 13:00:00,0,Honda CBR1000RR [2008],World Superbikes,
46,Rider,Chris Walker,36.538134600167744,0.7217612138695707,31/10/2008 13:00:00,0,Honda CBR1000RR [2008],World Superbikes,
46,Rider,Chris Walker,36.534324915258765,0.7263615644586222,31/10/2008 13:00:00,1,Honda CBR1000RR [2008],World Superbikes,
47,Rider,Troy Bayliss,40.73447193884562,0.7421345183113748,12/04/1998 13:00:00,0,Ducati [1998],World Superbikes,
47,Rider,Troy Bayliss,40.73690788799821,0.7376451548637347,12/04/1998 13:00:00,1,Ducati [1998],World Superbikes,
47,Rider,Troy Bayliss,40.74099983361266,0.7332525226326009,01/08/1998 13:00:00,0,Ducati [1998],World Superbikes,
47,Rider,Troy Bayliss,40.74647429665482,0.7289522366517925,01/08/1998 13:00:00,1,Ducati [1998],World Superbikes,
47,Rider,Troy Bayliss,40.75378115971019,0.7247413531578242,29/04/2000 13:00:00,0,Ducati 996 [2000],World Superbikes,
47,Rider,Troy Bayliss,40.76272191934176,0.7206267835896345,29/04/2000 13:00:00,1,Ducati 996 [2000],World Superbikes,
47,Rider,Troy Bayliss,40.7729693132429,0.7166077676054428,29/04/2000 13:00:00,2,Ducati 996 [2000],World Superbikes,
47,Rider,Troy Bayliss,40.78452451407346,0.7126755416392649,20/05/2000 13:00:00,0,Ducati 996 [2000],World Superbikes,
47,Rider,Troy Bayliss,40.796771379484646,0.7088347537729845,20/05/2000 13:00:00,1,Ducati 996 [2000],World Superbikes,
47,Rider,Troy Bayliss,40.80858009029791,0.7050730493155648,20/05/2000 13:00:00,2,Ducati 996 [2000],World Superbikes,
47,Rider,Troy Bayliss,40.82078696015798,0.7013914242117459,03/06/2000 13:00:00,0,Ducati 996 [2000],World Superbikes,
47,Rider,Troy Bayliss,40.8327498149279,0.69779102428526,03/06/2000 13:00:00,1,Ducati 996 [2000],World Superbikes,
47,Rider,Troy Bayliss,40.84358744364354,0.6942601467273137,03/06/2000 13:00:00,2,Ducati 996 [2000],World Superbikes,
47,Rider,Troy Bayliss,40.85339420150636,0.690794956563431,17/06/2000 13:00:00,0,Ducati 996 [2000],World Superbikes,
47,Rider,Troy Bayliss,40.862699844214454,0.6874040617949037,17/06/2000 13:00:00,1,Ducati 996 [2000],World Superbikes,
47,Rider,Troy Bayliss,40.87235390984262,0.6840940633661512,17/06/2000 13:00:00,2,Ducati 996 [2000],World Superbikes,
47,Rider,Troy Bayliss,40.88302508334869,0.6808608662992351,24/06/2000 13:00:00,0,Ducati 996 [2000],World Superbikes,
47,Rider,Troy Bayliss,40.892950337384335,0.6776903271939858,24/06/2000 13:00:00,1,Ducati 996 [2000],World Superbikes,
47,Rider,Troy Bayliss,40.9036495995234,0.6745981033815781,24/06/2000 13:00:00,2,Ducati 996 [2000],World Superbikes,
47,Rider,Troy Bayliss,40.91518350240501,0.6715834620113741,08/07/2000 13:00:00,0,Ducati 996 [2000],World Superbikes,
47,Rider,Troy Bayliss,40.926563965421636,0.6686403424394572,08/07/2000 13:00:00,1,Ducati 996 [2000],World Superbikes,
47,Rider,Troy Bayliss,40.937782918168956,0.6657685017467938,08/07/2000 13:00:00,2,Ducati 996 [2000],World Superbikes,
47,Rider,Troy Bayliss,40.947365488814945,0.6629363099484746,05/08/2000 13:00:00,0,Ducati 996 [2000],World Superbikes,
47,Rider,Troy Bayliss,40.95519338050752,0.6601498724934636,05/08/2000 13:00:00,1,Ducati 996 [2000],World Superbikes,
47,Rider,Troy Bayliss,40.96403502801625,0.6574370911984605,05/08/2000 13:00:00,2,Ducati 996 [2000],World Superbikes,
47,Rider,Troy Bayliss,40.972258529772716,0.6547874754185848,02/09/2000 13:00:00,0,Ducati 996 [2000],World Superbikes,
47,Rider,Troy Bayliss,40.98236765416296,0.6522107551939673,02/09/2000 13:00:00,1,Ducati 996 [2000],World Superbikes,
47,Rider,Troy Bayliss,40.9936351260872,0.6497039712896285,02/09/2000 13:00:00,2,Ducati 996 [2000],World Superbikes,
47,Rider,Troy Bayliss,41.00395866667554,0.6472488695351708,09/09/2000 13:00:00,0,Ducati 996 [2000],World Superbikes,
47,Rider,Troy Bayliss,41.01251568752007,0.6448304510679607,09/09/2000 13:00:00,1,Ducati 996 [2000],World Superbikes,
47,Rider,Troy Bayliss,41.02059013485448,0.6424692186879939,09/09/2000 13:00:00,2,Ducati 996 [2000],World Superbikes,
47,Rider,Troy Bayliss,41.02876637656623,0.6401667364043659,14/10/2000 13:00:00,0,Ducati 996 [2000],World Superbikes,
47,Rider,Troy Bayliss,41.03585758555148,0.637917358789662,14/10/2000 13:00:00,1,Ducati 996 [2000],World Superbikes,
47,Rider,Troy Bayliss,41.044507824799396,0.6357351044656647,14/10/2000 13:00:00,2,Ducati 996 [2000],World Superbikes,
47,Rider,Troy Bayliss,41.0531702066319,0.6336133379870469,09/03/2001 13:00:00,0,Ducati 996 R F01 [2001],World Superbikes,
47,Rider,Troy Bayliss,41.06217544568125,0.6315514090437202,09/03/2001 13:00:00,1,Ducati 996 R F01 [2001],World Superbikes,
47,Rider,Troy Bayliss,41.0710359916725,0.6295436076002091,10/03/2001 13:00:00,0,Ducati 996 R F01 [2001],World Superbikes,
47,Rider,Troy Bayliss,41.0807355749981,0.6275928591637582,29/03/2001 13:00:00,0,Ducati 996 R F01 [2001],World Superbikes,
47,Rider,Troy Bayliss,41.09094742903249,0.6257002474094229,30/03/2001 13:00:00,0,Ducati 996 R F01 [2001],World Superbikes,
47,Rider,Troy Bayliss,41.102888818804985,0.6238677409383788,31/03/2001 13:00:00,0,Ducati 996 R F01 [2001],World Superbikes,
47,Rider,Troy Bayliss,41.11419211963954,0.6220798191419477,19/04/2001 13:00:00,0,Ducati 996 R F01 [2001],World Superbikes,
47,Rider,Troy Bayliss,41.12410280443678,0.6203146216244936,20/04/2001 13:00:00,0,Ducati 996 R F01 [2001],World Superbikes,
47,Rider,Troy Bayliss,41.1335382348747,0.6185923214976172,20/04/2001 13:00:00,1,Ducati 996 R F01 [2001],World Superbikes,
47,Rider,Troy Bayliss,41.143624522723854,0.6169211034199377,26/04/2001 13:00:00,0,Ducati 996 R F01 [2001],World Superbikes,
47,Rider,Troy Bayliss,41.155589422016824,0.6153099999839775,27/04/2001 13:00:00,0,Ducati 996 R F01 [2001],World Superbikes,
47,Rider,Troy Bayliss,41.169766112454816,0.6137580787238005,10/05/2001 13:00:00,0,Ducati 996 R F01 [2001],World Superbikes,
47,Rider,Troy Bayliss,41.182641459585774,0.6122248002146992,11/05/2001 13:00:00,0,Ducati 996 R F01 [2001],World Superbikes,
47,Rider,Troy Bayliss,41.19497426819892,0.6107342799279156,12/05/2001 13:00:00,0,Ducati 996 R F01 [2001],World Superbikes,
47,Rider,Troy Bayliss,41.20605233628781,0.6092608612028735,25/05/2001 13:00:00,0,Ducati 996 R F01 [2001],World Superbikes,
47,Rider,Troy Bayliss,41.21722807169156,0.607837115438786,25/05/2001 13:00:00,1,Ducati 996 R F01 [2001],World Superbikes,
47,Rider,Troy Bayliss,41.22967228815697,0.6064674676811227,26/05/2001 13:00:00,0,Ducati 996 R F01 [2001],World Superbikes,
47,Rider,Troy Bayliss,41.24245140861007,0.6051453403758867,07/06/2001 13:00:00,0,Ducati 996 R F01 [2001],World Superbikes,
47,Rider,Troy Bayliss,41.255899896614295,0.6038722615250387,08/06/2001 13:00:00,0,Ducati 996 R F01 [2001],World Superbikes,
47,Rider,Troy Bayliss,41.268894065676356,0.6026341179369588,09/06/2001 13:00:00,0,Ducati 996 R F01 [2001],World Superbikes,
47,Rider,Troy Bayliss,41.28342298516185,0.6014442126015992,21/06/2001 13:00:00,0,Ducati 996 R F01 [2001],World Superbikes,
47,Rider,Troy Bayliss,41.296661380560565,0.6002681761954167,22/06/2001 13:00:00,0,Ducati 996 R F01 [2001],World Superbikes,
47,Rider,Troy Bayliss,41.30880211887161,0.5991041924651149,23/06/2001 13:00:00,0,Ducati 996 R F01 [2001],World Superbikes,
47,Rider,Troy Bayliss,41.32198965228795,0.5979843281556916,06/07/2001 13:00:00,0,Ducati 996 R F01 [2001],World Superbikes,
47,Rider,Troy Bayliss,41.33493557402111,0.5969067644849457,07/07/2001 13:00:00,0,Ducati 996 R F01 [2001],World Superbikes,
47,Rider,Troy Bayliss,41.34650985982126,0.5958437912510561,07/07/2001 13:00:00,1,Ducati 996 R F01 [2001],World Superbikes,
47,Rider,Troy Bayliss,41.35854728310633,0.5948244217373411,27/07/2001 13:00:00,0,Ducati 996 R F01 [2001],World Superbikes,
47,Rider,Troy Bayliss,41.372092378199035,0.5938535432486057,27/07/2001 13:00:00,1,Ducati 996 R F01 [2001],World Superbikes,
47,Rider,Troy Bayliss,41.385912735974664,0.5929273345456402,28/07/2001 13:00:00,0,Ducati 996 R F01 [2001],World Superbikes,
47,Rider,Troy Bayliss,41.40236081858342,0.5920418020992503,30/08/2001 13:00:00,0,Ducati 996 R F01 [2001],World Superbikes,
47,Rider,Troy Bayliss,41.418185443564525,0.591185615493524,31/08/2001 13:00:00,0,Ducati 996 R F01 [2001],World Superbikes,
47,Rider,Troy Bayliss,41.435809451707435,0.590374819522894,01/09/2001 13:00:00,0,Ducati 996 R F01 [2001],World Superbikes,
47,Rider,Troy Bayliss,41.454264491727855,0.5896043317893963,06/09/2001 13:00:00,0,Ducati 996 R F01 [2001],World Superbikes,
47,Rider,Troy Bayliss,41.472724171887066,0.588869967387151,07/09/2001 13:00:00,0,Ducati 996 R F01 [2001],World Superbikes,
47,Rider,Troy Bayliss,41.491840834513475,0.5881759635119028,08/09/2001 13:00:00,0,Ducati 996 R F01 [2001],World Superbikes,
47,Rider,Troy Bayliss,41.50988083992096,0.5874866475154891,27/09/2001 13:00:00,0,Ducati 996 R F01 [2001],World Superbikes,
47,Rider,Troy Bayliss,41.52819115841077,0.586835314995476,28/09/2001 13:00:00,0,Ducati 996 R F01 [2001],World Superbikes,
47,Rider,Troy Bayliss,41.54614745206148,0.5862129582913038,29/09/2001 13:00:00,0,Ducati 996 R F01 [2001],World Superbikes,
47,Rider,Troy Bayliss,41.564139875811435,0.5856228812677019,08/03/2002 13:00:00,0,Ducati 998 F02 [2002],World Superbikes,
47,Rider,Troy Bayliss,41.58176278310564,0.5850594662738862,08/03/2002 13:00:00,1,Ducati 998 F02 [2002],World Superbikes,
47,Rider,Troy Bayliss,41.599455614305135,0.5845240822343545,09/03/2002 13:00:00,0,Ducati 998 F02 [2002],World Superbikes,
47,Rider,Troy Bayliss,41.61595456362082,0.5839916866963404,21/03/2002 13:00:00,0,Ducati 998 F02 [2002],World Superbikes,
47,Rider,Troy Bayliss,41.631158077729005,0.583461638835139,22/03/2002 13:00:00,0,Ducati 998 F02 [2002],World Superbikes,
47,Rider,Troy Bayliss,41.64656278691053,0.5829586090553127,22/03/2002 13:00:00,1,Ducati 998 F02 [2002],World Superbikes,
47,Rider,Troy Bayliss,41.66146143447983,0.582474182660421,04/04/2002 13:00:00,0,Ducati 998 F02 [2002],World Superbikes,
47,Rider,Troy Bayliss,41.67502548681357,0.5819915035992747,05/04/2002 13:00:00,0,Ducati 998 F02 [2002],World Superbikes,
47,Rider,Troy Bayliss,41.68824423080297,0.5815304155343761,06/04/2002 13:00:00,0,Ducati 998 F02 [2002],World Superbikes,
47,Rider,Troy Bayliss,41.70106215887726,0.5810845703745563,18/04/2002 13:00:00,0,Ducati 998 F02 [2002],World Superbikes,
47,Rider,Troy Bayliss,41.714933403765365,0.5806769508539208,19/04/2002 13:00:00,0,Ducati 998 F02 [2002],World Superbikes,
47,Rider,Troy Bayliss,41.72969448446645,0.5803065143533862,19/04/2002 13:00:00,1,Ducati 998 F02 [2002],World Superbikes,
47,Rider,Troy Bayliss,41.74562926940357,0.5799731603633537,09/05/2002 13:00:00,0,Ducati 998 F02 [2002],World Superbikes,
47,Rider,Troy Bayliss,41.76169134336599,0.5796646305620565,10/05/2002 13:00:00,0,Ducati 998 F02 [2002],World Superbikes,
47,Rider,Troy Bayliss,41.777481275735745,0.579370944632661,11/05/2002 13:00:00,0,Ducati 998 F02 [2002],World Superbikes,
47,Rider,Troy Bayliss,41.79354616158009,0.5790998312768114,24/05/2002 13:00:00,0,Ducati 998 F02 [2002],World Superbikes,
47,Rider,Troy Bayliss,41.81151972129878,0.5788677411297637,24/05/2002 13:00:00,1,Ducati 998 F02 [2002],World Superbikes,
47,Rider,Troy Bayliss,41.828767645874784,0.5786566970440246,25/05/2002 13:00:00,0,Ducati 998 F02 [2002],World Superbikes,
47,Rider,Troy Bayliss,41.84458650364236,0.5784487945081142,06/06/2002 13:00:00,0,Ducati 998 F02 [2002],World Superbikes,
47,Rider,Troy Bayliss,41.861387506843684,0.5782738786750837,07/06/2002 13:00:00,0,Ducati 998 F02 [2002],World Superbikes,
47,Rider,Troy Bayliss,41.87775514747698,0.5781192353302251,08/06/2002 13:00:00,0,Ducati 998 F02 [2002],World Superbikes,
47,Rider,Troy Bayliss,41.89288643231867,0.5779662613831293,20/06/2002 13:00:00,0,Ducati 998 F02 [2002],World Superbikes,
47,Rider,Troy Bayliss,41.90683922130493,0.5778133702460435,21/06/2002 13:00:00,0,Ducati 998 F02 [2002],World Superbikes,
47,Rider,Troy Bayliss,41.91944826667765,0.5776609825649258,22/06/2002 13:00:00,0,Ducati 998 F02 [2002],World Superbikes,
47,Rider,Troy Bayliss,41.93088219792733,0.5775084658147791,12/07/2002 13:00:00,0,Ducati 998 F02 [2002],World Superbikes,
47,Rider,Troy Bayliss,41.941123876281296,0.5773585250817719,13/07/2002 13:00:00,0,Ducati 998 F02 [2002],World Superbikes,
47,Rider,Troy Bayliss,41.949984552802405,0.5772104474748955,13/07/2002 13:00:00,1,Ducati 998 F02 [2002],World Superbikes,
47,Rider,Troy Bayliss,41.95887912453405,0.5770890959788609,26/07/2002 13:00:00,0,Ducati 998 F02 [2002],World Superbikes,
47,Rider,Troy Bayliss,41.966396792216955,0.5769693041557145,27/07/2002 13:00:00,0,Ducati 998 F02 [2002],World Superbikes,
47,Rider,Troy Bayliss,41.97446155355555,0.5768781637874391,29/08/2002 13:00:00,0,Ducati 998 F02 [2002],World Superbikes,
47,Rider,Troy Bayliss,41.98205396542252,0.5768015228405204,30/08/2002 13:00:00,0,Ducati 998 F02 [2002],World Superbikes,
47,Rider,Troy Bayliss,41.99133585045254,0.5767571392360711,31/08/2002 13:00:00,0,Ducati 998 F02 [2002],World Superbikes,
47,Rider,Troy Bayliss,42.00197826390759,0.5767420881408829,05/09/2002 13:00:00,0,Ducati 998 F02 [2002],World Superbikes,
47,Rider,Troy Bayliss,42.01359087189365,0.5767580793861365,06/09/2002 13:00:00,0,Ducati 998 F02 [2002],World Superbikes,
47,Rider,Troy Bayliss,42.024876271789346,0.5767939793738576,07/09/2002 13:00:00,0,Ducati 998 F02 [2002],World Superbikes,
47,Rider,Troy Bayliss,42.03635106295718,0.5768536859565931,26/09/2002 13:00:00,0,Ducati 998 F02 [2002],World Superbikes,
47,Rider,Troy Bayliss,42.04847909860168,0.5769417399351492,27/09/2002 13:00:00,0,Ducati 998 F02 [2002],World Superbikes,
47,Rider,Troy Bayliss,42.06052092939133,0.5770356839016668,28/09/2002 13:00:00,0,Ducati 998 F02 [2002],World Superbikes,
47,Rider,Troy Bayliss,42.07270441325991,0.5771542072494127,22/02/2006 13:00:00,0,Ducati 999 F06 [2006],World Superbikes,
47,Rider,Troy Bayliss,42.083885423125324,0.5772716250889149,23/02/2006 13:00:00,0,Ducati 999 F06 [2006],World Superbikes,
47,Rider,Troy Bayliss,42.09395321116982,0.577391836235825,24/02/2006 13:00:00,0,Ducati 999 F06 [2006],World Superbikes,
47,Rider,Troy Bayliss,42.102973802635205,0.5775119790194753,02/03/2006 13:00:00,0,Ducati 999 F06 [2006],World Superbikes,
47,Rider,Troy Bayliss,42.11093612270639,0.5776332988060731,03/03/2006 13:00:00,0,Ducati 999 F06 [2006],World Superbikes,
47,Rider,Troy Bayliss,42.117658111780145,0.5777563896336486,03/03/2006 13:00:00,1,Ducati 999 F06 [2006],World Superbikes,
47,Rider,Troy Bayliss,42.123238285048686,0.5778786514270208,20/04/2006 13:00:00,0,Ducati 999 F06 [2006],World Superbikes,
47,Rider,Troy Bayliss,42.128484658912505,0.5780229106813575,21/04/2006 13:00:00,0,Ducati 999 F06 [2006],World Superbikes,
47,Rider,Troy Bayliss,42.13291032354101,0.5781618207662333,22/04/2006 13:00:00,0,Ducati 999 F06 [2006],World Superbikes,
47,Rider,Troy Bayliss,42.137125605983215,0.5783196442860123,04/05/2006 13:00:00,0,Ducati 999 F06 [2006],World Superbikes,
47,Rider,Troy Bayliss,42.140930096049715,0.5785016011788617,05/05/2006 13:00:00,0,Ducati 999 F06 [2006],World Superbikes,
47,Rider,Troy Bayliss,42.144353035932795,0.5787058293965603,06/05/2006 13:00:00,0,Ducati 999 F06 [2006],World Superbikes,
47,Rider,Troy Bayliss,42.14756827505254,0.5789295357149561,26/05/2006 13:00:00,0,Ducati 999 F06 [2006],World Superbikes,
47,Rider,Troy Bayliss,42.14957281138234,0.5791559739762251,27/05/2006 13:00:00,0,Ducati 999 F06 [2006],World Superbikes,
47,Rider,Troy Bayliss,42.15147711960462,0.5794071423228002,22/06/2006 13:00:00,0,Ducati 999 F06 [2006],World Superbikes,
47,Rider,Troy Bayliss,42.15219371487451,0.5796604328926959,23/06/2006 13:00:00,0,Ducati 999 F06 [2006],World Superbikes,
47,Rider,Troy Bayliss,42.151683281910415,0.5799168933047285,24/06/2006 13:00:00,0,Ducati 999 F06 [2006],World Superbikes,
47,Rider,Troy Bayliss,42.15264341367969,0.5802102604467031,20/07/2006 13:00:00,0,Ducati 999 F06 [2006],World Superbikes,
47,Rider,Troy Bayliss,42.155408247173646,0.5805456475333655,21/07/2006 13:00:00,0,Ducati 999 F06 [2006],World Superbikes,
47,Rider,Troy Bayliss,42.1580118035448,0.5809097825129097,22/07/2006 13:00:00,0,Ducati 999 F06 [2006],World Superbikes,
47,Rider,Troy Bayliss,42.16114163524863,0.5813085221806834,04/08/2006 13:00:00,0,Ducati 999 F06 [2006],World Superbikes,
47,Rider,Troy Bayliss,42.16298973665726,0.581711973722865,04/08/2006 13:00:00,1,Ducati 999 F06 [2006],World Superbikes,
47,Rider,Troy Bayliss,42.164887942056886,0.5821502598218311,05/08/2006 13:00:00,0,Ducati 999 F06 [2006],World Superbikes,
47,Rider,Troy Bayliss,42.165680950156045,0.5825910618364296,31/08/2006 13:00:00,0,Ducati 999 F06 [2006],World Superbikes,
47,Rider,Troy Bayliss,42.165416818470085,0.5830356584360303,01/09/2006 13:00:00,0,Ducati 999 F06 [2006],World Superbikes,
47,Rider,Troy Bayliss,42.16406670381797,0.5834841034944226,02/09/2006 13:00:00,0,Ducati 999 F06 [2006],World Superbikes,
47,Rider,Troy Bayliss,42.16332529132992,0.5839675579899725,07/09/2006 13:00:00,0,Ducati 999 F06 [2006],World Superbikes,
47,Rider,Troy Bayliss,42.1613381355582,0.584456189273674,08/09/2006 13:00:00,0,Ducati 999 F06 [2006],World Superbikes,
47,Rider,Troy Bayliss,42.15813877135201,0.584949700827629,09/09/2006 13:00:00,0,Ducati 999 F06 [2006],World Superbikes,
47,Rider,Troy Bayliss,42.153797455456484,0.5854475752013405,28/09/2006 13:00:00,0,Ducati 999 F06 [2006],World Superbikes,
47,Rider,Troy Bayliss,42.14954521276205,0.5859798976469875,29/09/2006 13:00:00,0,Ducati 999 F06 [2006],World Superbikes,
47,Rider,Troy Bayliss,42.146283616894266,0.5865544444088759,30/09/2006 13:00:00,0,Ducati 999 F06 [2006],World Superbikes,
47,Rider,Troy Bayliss,42.14193888935594,0.5871329997717074,05/10/2006 13:00:00,0,Ducati 999 F06 [2006],World Superbikes,
47,Rider,Troy Bayliss,42.13896116083793,0.587755189743794,06/10/2006 13:00:00,0,Ducati 999 F06 [2006],World Superbikes,
47,Rider,Troy Bayliss,42.14009468086568,0.588409736453978,07/10/2006 13:00:00,0,Ducati 999 F06 [2006],World Superbikes,
47,Rider,Troy Bayliss,42.14234971816398,0.5891050373898036,21/02/2007 13:00:00,0,Ducati 999 F07 [2007],World Superbikes,
47,Rider,Troy Bayliss,42.145913967959025,0.5898406342035507,22/02/2007 13:00:00,0,Ducati 999 F07 [2007],World Superbikes,
47,Rider,Troy Bayliss,42.151092145824514,0.5906185352017346,23/02/2007 13:00:00,0,Ducati 999 F07 [2007],World Superbikes,
47,Rider,Troy Bayliss,42.15766290227491,0.5914373600156858,01/03/2007 13:00:00,0,Ducati 999 F07 [2007],World Superbikes,
47,Rider,Troy Bayliss,42.164227830021325,0.5922868435483817,02/03/2007 13:00:00,0,Ducati 999 F07 [2007],World Superbikes,
47,Rider,Troy Bayliss,42.16980473004492,0.5931395870225723,02/03/2007 13:00:00,1,Ducati 999 F07 [2007],World Superbikes,
47,Rider,Troy Bayliss,42.17441546598926,0.5939948913201152,30/03/2007 13:00:00,0,Ducati 999 F07 [2007],World Superbikes,
47,Rider,Troy Bayliss,42.17796423810501,0.5948543242038752,30/03/2007 13:00:00,1,Ducati 999 F07 [2007],World Superbikes,
47,Rider,Troy Bayliss,42.18042269468321,0.5957188506698073,31/03/2007 13:00:00,0,Ducati 999 F07 [2007],World Superbikes,
47,Rider,Troy Bayliss,42.18194683111329,0.5965870759122225,12/04/2007 13:00:00,0,Ducati 999 F07 [2007],World Superbikes,
47,Rider,Troy Bayliss,42.18251310969257,0.5974608056724015,13/04/2007 13:00:00,0,Ducati 999 F07 [2007],World Superbikes,
47,Rider,Troy Bayliss,42.184933123844075,0.5983816978252331,14/04/2007 13:00:00,0,Ducati 999 F07 [2007],World Superbikes,
47,Rider,Troy Bayliss,42.18651372165614,0.5993054575356944,26/04/2007 13:00:00,0,Ducati 999 F07 [2007],World Superbikes,
47,Rider,Troy Bayliss,42.18895418727088,0.6002714987508101,27/04/2007 13:00:00,0,Ducati 999 F07 [2007],World Superbikes,
47,Rider,Troy Bayliss,42.19034851984994,0.6012431543867449,28/04/2007 13:00:00,0,Ducati 999 F07 [2007],World Superbikes,
47,Rider,Troy Bayliss,42.19220865375455,0.6022557907011016,10/05/2007 13:00:00,0,Ducati 999 F07 [2007],World Superbikes,
47,Rider,Troy Bayliss,42.1957742484571,0.6033191305917142,11/05/2007 13:00:00,0,Ducati 999 F07 [2007],World Superbikes,
47,Rider,Troy Bayliss,42.20068468307373,0.6044317950467738,12/05/2007 13:00:00,0,Ducati 999 F07 [2007],World Superbikes,
47,Rider,Troy Bayliss,42.20551941923984,0.605579160222919,25/05/2007 13:00:00,0,Ducati 999 F07 [2007],World Superbikes,
47,Rider,Troy Bayliss,42.209393899357394,0.6067355278351582,25/05/2007 13:00:00,1,Ducati 999 F07 [2007],World Superbikes,
47,Rider,Troy Bayliss,42.21488384051438,0.6079424297819308,26/05/2007 13:00:00,0,Ducati 999 F07 [2007],World Superbikes,
47,Rider,Troy Bayliss,42.219393091094126,0.6091587368798157,14/06/2007 13:00:00,0,Ducati 999 F07 [2007],World Superbikes,
47,Rider,Troy Bayliss,42.222880625709784,0.6103838416729844,15/06/2007 13:00:00,0,Ducati 999 F07 [2007],World Superbikes,
47,Rider,Troy Bayliss,42.22528793040196,0.6116198017063634,16/06/2007 13:00:00,0,Ducati 999 F07 [2007],World Superbikes,
47,Rider,Troy Bayliss,42.227483771525755,0.6128894336898694,19/07/2007 13:00:00,0,Ducati 999 F07 [2007],World Superbikes,
47,Rider,Troy Bayliss,42.23090522069348,0.614208715995092,20/07/2007 13:00:00,0,Ducati 999 F07 [2007],World Superbikes,
47,Rider,Troy Bayliss,42.23421273437384,0.6155659483125379,21/07/2007 13:00:00,0,Ducati 999 F07 [2007],World Superbikes,
47,Rider,Troy Bayliss,42.237954589699214,0.6169696214966044,03/08/2007 13:00:00,0,Ducati 999 F07 [2007],World Superbikes,
47,Rider,Troy Bayliss,42.241551679670245,0.6184134570047289,03/08/2007 13:00:00,1,Ducati 999 F07 [2007],World Superbikes,
47,Rider,Troy Bayliss,42.24407634264007,0.6198707404797636,04/08/2007 13:00:00,0,Ducati 999 F07 [2007],World Superbikes,
47,Rider,Troy Bayliss,42.24564196689813,0.6213415094930721,06/09/2007 13:00:00,0,Ducati 999 F07 [2007],World Superbikes,
47,Rider,Troy Bayliss,42.24612472504334,0.6228268855558642,07/09/2007 13:00:00,0,Ducati 999 F07 [2007],World Superbikes,
47,Rider,Troy Bayliss,42.2476066203415,0.6243616558282957,08/09/2007 13:00:00,0,Ducati 999 F07 [2007],World Superbikes,
47,Rider,Troy Bayliss,42.249719658614005,0.625948847544999,27/09/2007 13:00:00,0,Ducati 999 F07 [2007],World Superbikes,
47,Rider,Troy Bayliss,42.251699805272274,0.627574543457278,28/09/2007 13:00:00,0,Ducati 999 F07 [2007],World Superbikes,
47,Rider,Troy Bayliss,42.25271035084663,0.6292165154751261,29/09/2007 13:00:00,0,Ducati 999 F07 [2007],World Superbikes,
47,Rider,Troy Bayliss,42.252704601524535,0.6308734927945047,04/10/2007 13:00:00,0,Ducati 999 F07 [2007],World Superbikes,
47,Rider,Troy Bayliss,42.252727014177395,0.6325770747067792,05/10/2007 13:00:00,0,Ducati 999 F07 [2007],World Superbikes,
47,Rider,Troy Bayliss,42.2518316449837,0.6342970136856233,06/10/2007 13:00:00,0,Ducati 999 F07 [2007],World Superbikes,
47,Rider,Troy Bayliss,42.25263021198576,0.636076727146862,20/02/2008 13:00:00,0,Ducati 1098 F08 [2008],World Superbikes,
47,Rider,Troy Bayliss,42.25311900335264,0.6379037061774847,21/02/2008 13:00:00,0,Ducati 1098 F08 [2008],World Superbikes,
47,Rider,Troy Bayliss,42.25322208908994,0.6397789308663642,22/02/2008 13:00:00,0,Ducati 1098 F08 [2008],World Superbikes,
47,Rider,Troy Bayliss,42.25474333786796,0.6417183137055978,28/02/2008 13:00:00,0,Ducati 1098 F08 [2008],World Superbikes,
47,Rider,Troy Bayliss,42.25588735076116,0.643706483719953,29/02/2008 13:00:00,0,Ducati 1098 F08 [2008],World Superbikes,
47,Rider,Troy Bayliss,42.25582370604602,0.6457212213489018,29/02/2008 13:00:00,1,Ducati 1098 F08 [2008],World Superbikes,
47,Rider,Troy Bayliss,42.254664995278624,0.6477588854731067,03/04/2008 13:00:00,0,Ducati 1098 F08 [2008],World Superbikes,
47,Rider,Troy Bayliss,42.2540413546916,0.6498623539874222,04/04/2008 13:00:00,0,Ducati 1098 F08 [2008],World Superbikes,
47,Rider,Troy Bayliss,42.25460104255526,0.652036571177509,05/04/2008 13:00:00,0,Ducati 1098 F08 [2008],World Superbikes,
47,Rider,Troy Bayliss,42.25551459910828,0.6542736395054104,24/04/2008 13:00:00,0,Ducati 1098 F08 [2008],World Superbikes,
47,Rider,Troy Bayliss,42.25541426175751,0.6565381951247096,25/04/2008 13:00:00,0,Ducati 1098 F08 [2008],World Superbikes,
47,Rider,Troy Bayliss,42.25550629458656,0.658869126373028,26/04/2008 13:00:00,0,Ducati 1098 F08 [2008],World Superbikes,
47,Rider,Troy Bayliss,42.254573528888024,0.6612284975403661,08/05/2008 13:00:00,0,Ducati 1098 F08 [2008],World Superbikes,
47,Rider,Troy Bayliss,42.253608400900816,0.6636462152157713,09/05/2008 13:00:00,0,Ducati 1098 F08 [2008],World Superbikes,
47,Rider,Troy Bayliss,42.25482924336826,0.6661405733498929,10/05/2008 13:00:00,0,Ducati 1098 F08 [2008],World Superbikes,
47,Rider,Troy Bayliss,42.25503707514788,0.6686651599668842,30/05/2008 13:00:00,0,Ducati 1098 F08 [2008],World Superbikes,
47,Rider,Troy Bayliss,42.25408663321821,0.6712228236445279,30/05/2008 13:00:00,1,Ducati 1098 F08 [2008],World Superbikes,
47,Rider,Troy Bayliss,42.25441970317419,0.6738578068185335,31/05/2008 13:00:00,0,Ducati 1098 F08 [2008],World Superbikes,
47,Rider,Troy Bayliss,42.25496578882768,0.6765626150496632,12/06/2008 13:00:00,0,Ducati 1098 F08 [2008],World Superbikes,
47,Rider,Troy Bayliss,42.2551145149198,0.6793296052965981,13/06/2008 13:00:00,0,Ducati 1098 F08 [2008],World Superbikes,
47,Rider,Troy Bayliss,42.25419039555583,0.6821330626554133,14/06/2008 13:00:00,0,Ducati 1098 F08 [2008],World Superbikes,
47,Rider,Troy Bayliss,42.253049243991235,0.6850020993234146,26/06/2008 13:00:00,0,Ducati 1098 F08 [2008],World Superbikes,
47,Rider,Troy Bayliss,42.25086705633186,0.6879084862081999,27/06/2008 13:00:00,0,Ducati 1098 F08 [2008],World Superbikes,
47,Rider,Troy Bayliss,42.2483873577085,0.6908798234825515,28/06/2008 13:00:00,0,Ducati 1098 F08 [2008],World Superbikes,
47,Rider,Troy Bayliss,42.24563809121312,0.6939150361785312,17/07/2008 13:00:00,0,Ducati 1098 F08 [2008],World Superbikes,
47,Rider,Troy Bayliss,42.24303112839904,0.6970283709536296,18/07/2008 13:00:00,0,Ducati 1098 F08 [2008],World Superbikes,
47,Rider,Troy Bayliss,42.24008664314187,0.7002140568715184,19/07/2008 13:00:00,0,Ducati 1098 F08 [2008],World Superbikes,
47,Rider,Troy Bayliss,42.23595803928268,0.7034418457306434,01/08/2008 13:00:00,0,Ducati 1098 F08 [2008],World Superbikes,
47,Rider,Troy Bayliss,42.23382086462725,0.706761334778297,01/08/2008 13:00:00,1,Ducati 1098 F08 [2008],World Superbikes,
47,Rider,Troy Bayliss,42.230627798951815,0.7101254029858348,02/08/2008 13:00:00,0,Ducati 1098 F08 [2008],World Superbikes,
47,Rider,Troy Bayliss,42.226408297882614,0.7135327138492495,05/09/2008 13:00:00,0,Ducati 1098 F08 [2008],World Superbikes,
47,Rider,Troy Bayliss,42.22099680955021,0.7169907140887184,05/09/2008 13:00:00,1,Ducati 1098 F08 [2008],World Superbikes,
47,Rider,Troy Bayliss,42.216015780440955,0.7205414716245061,06/09/2008 13:00:00,0,Ducati 1098 F08 [2008],World Superbikes,
47,Rider,Troy Bayliss,42.20993943787118,0.7241415154347048,18/09/2008 13:00:00,0,Ducati 1098 F08 [2008],World Superbikes,
47,Rider,Troy Bayliss,42.20417079035514,0.7278287427596304,19/09/2008 13:00:00,0,Ducati 1098 F08 [2008],World Superbikes,
47,Rider,Troy Bayliss,42.19727396227341,0.7315666173349149,20/09/2008 13:00:00,0,Ducati 1098 F08 [2008],World Superbikes,
47,Rider,Troy Bayliss,42.18923952487869,0.7353531557166163,02/10/2008 13:00:00,0,Ducati 1098 F08 [2008],World Superbikes,
47,Rider,Troy Bayliss,42.181102672402005,0.7392216936326965,03/10/2008 13:00:00,0,Ducati 1098 F08 [2008],World Superbikes,
47,Rider,Troy Bayliss,42.17218917822198,0.7431325850839015,04/10/2008 13:00:00,0,Ducati 1098 F08 [2008],World Superbikes,
47,Rider,Troy Bayliss,42.16384662817217,0.7471350079698786,31/10/2008 13:00:00,0,Ducati 1098 F08 [2008],World Superbikes,
47,Rider,Troy Bayliss,42.15687826949252,0.7512424823998515,31/10/2008 13:00:00,1,Ducati 1098 F08 [2008],World Superbikes,
47,Rider,Troy Bayliss,42.151771295987075,0.7554565565396761,01/11/2008 13:00:00,0,Ducati 1098 F08 [2008],World Superbikes,
47,Rider,Troy Bayliss,42.14532415342305,0.7597307675208725,20/02/2015 13:00:00,0,Ducati Panigale R [2015],World Superbikes,
47,Rider,Troy Bayliss,42.14168277449817,0.7640908499211255,20/03/2015 13:00:00,1,Ducati Panigale R [2015],World Superbikes,
48,Rider,James Haydon,35.99189485788923,1.024024841663458,12/04/1998 13:00:00,0,Suzuki GSX-R 750 [1998],World Superbikes,
48,Rider,James Haydon,35.99375917306064,1.0209099824515828,12/04/1998 13:00:00,1,Suzuki GSX-R 750 [1998],World Superbikes,
48,Rider,James Haydon,35.99574811794269,1.0179642379170866,01/08/1998 13:00:00,0,Suzuki GSX-R 750 [1998],World Superbikes,
48,Rider,James Haydon,35.99854061387277,1.015180457913303,01/08/1998 13:00:00,1,Suzuki GSX-R 750 [1998],World Superbikes,
48,Rider,James Haydon,36.000616995952306,1.0125592868910978,01/08/1998 13:00:00,2,Suzuki GSX-R 750 [1998],World Superbikes,
48,Rider,James Haydon,36.00220821287824,1.010099228913114,01/05/1999 13:00:00,0,Suzuki GSX-R 750 [1999],World Superbikes,
48,Rider,James Haydon,36.00275057698706,1.0078040177146848,01/05/1999 13:00:00,1,Suzuki GSX-R 750 [1999],World Superbikes,
48,Rider,James Haydon,36.00335975233375,1.005672911283689,01/05/1999 13:00:00,2,Suzuki GSX-R 750 [1999],World Superbikes,
48,Rider,James Haydon,36.003245484440384,1.0037019672390373,31/07/1999 13:00:00,0,Suzuki GSX-R 750 [1999],World Superbikes,
48,Rider,James Haydon,36.00414075765737,1.0018932745343558,31/07/1999 13:00:00,1,Suzuki GSX-R 750 [1999],World Superbikes,
48,Rider,James Haydon,36.00552320904494,1.0002461192677716,31/07/1999 13:00:00,2,Suzuki GSX-R 750 [1999],World Superbikes,
48,Rider,James Haydon,36.00822022886685,0.9987474868233267,13/05/2000 13:00:00,0,Ducati 996 RS [2000],World Superbikes,
48,Rider,James Haydon,36.00886000645615,0.9974078880367755,13/05/2000 13:00:00,1,Ducati 996 RS [2000],World Superbikes,
48,Rider,James Haydon,36.00767640650462,0.9962293771718443,13/05/2000 13:00:00,2,Ducati 996 RS [2000],World Superbikes,
48,Rider,James Haydon,36.0055036115846,0.995210276551807,03/06/2000 13:00:00,0,Ducati 996 RS [2000],World Superbikes,
48,Rider,James Haydon,36.003832230450094,0.9943566677374726,03/06/2000 13:00:00,1,Ducati 996 RS [2000],World Superbikes,
48,Rider,James Haydon,36.001964277601445,0.9936677915079538,03/06/2000 13:00:00,2,Ducati 996 RS [2000],World Superbikes,
48,Rider,James Haydon,36.0016156285047,0.9931199449095138,14/10/2000 13:00:00,0,Ducati 996 RS [2000],World Superbikes,
48,Rider,James Haydon,35.99885021823788,0.9927250114616083,14/10/2000 13:00:00,1,Ducati 996 RS [2000],World Superbikes,
48,Rider,James Haydon,35.995042655877505,0.9924931017911572,14/10/2000 13:00:00,2,Ducati 996 RS [2000],World Superbikes,
48,Rider,James Haydon,35.98997795844712,0.9924182861623256,27/07/2001 13:00:00,0,Yamaha [2001],World Superbikes,
48,Rider,James Haydon,35.98339338677291,0.9924659690911654,27/07/2001 13:00:00,1,Yamaha [2001],World Superbikes,
48,Rider,James Haydon,35.977991119275885,0.9926355324066908,28/07/2001 13:00:00,0,Yamaha [2001],World Superbikes,
48,Rider,James Haydon,35.973153291333944,0.9929169810259896,28/02/2003 13:00:00,0,Petronas FP1 [2003],World Superbikes,
48,Rider,James Haydon,35.96747670531034,0.9933589225051201,28/02/2003 13:00:00,1,Petronas FP1 [2003],World Superbikes,
48,Rider,James Haydon,35.959959543399535,0.9939602794932909,01/03/2003 13:00:00,0,Petronas FP1 [2003],World Superbikes,
48,Rider,James Haydon,35.95350580804882,0.9946504938866525,27/03/2003 13:00:00,0,Petronas FP1 [2003],World Superbikes,
48,Rider,James Haydon,35.94745118147625,0.9954933910267222,28/03/2003 13:00:00,0,Petronas FP1 [2003],World Superbikes,
48,Rider,James Haydon,35.941105284876414,0.9964955049916457,28/03/2003 13:00:00,1,Petronas FP1 [2003],World Superbikes,
48,Rider,James Haydon,35.934986975501076,0.9976381884738112,25/04/2003 13:00:00,0,Petronas FP1 [2003],World Superbikes,
48,Rider,James Haydon,35.92996830142265,0.9989144963383514,15/05/2003 13:00:00,0,Petronas FP1 [2003],World Superbikes,
48,Rider,James Haydon,35.9257012913562,1.0003457982304111,16/05/2003 13:00:00,0,Petronas FP1 [2003],World Superbikes,
48,Rider,James Haydon,35.92219364179761,1.0019304922036323,29/05/2003 13:00:00,0,Petronas FP1 [2003],World Superbikes,
48,Rider,James Haydon,35.92116494346104,1.0036396922709405,30/05/2003 13:00:00,0,Petronas FP1 [2003],World Superbikes,
48,Rider,James Haydon,35.919227825398636,1.0055041321936542,11/07/2003 13:00:00,0,Petronas FP1 [2003],World Superbikes,
48,Rider,James Haydon,35.91928817901747,1.0074975793756344,12/07/2003 13:00:00,0,Petronas FP1 [2003],World Superbikes,
48,Rider,James Haydon,35.92022121307513,1.009632661959422,25/07/2003 13:00:00,0,Petronas FP1 [2003],World Superbikes,
48,Rider,James Haydon,35.92062977347283,1.0119339401327088,25/07/2003 13:00:00,1,Petronas FP1 [2003],World Superbikes,
48,Rider,James Haydon,35.92106664110966,1.0143978932974753,25/09/2003 13:00:00,0,Petronas FP1 [2003],World Superbikes,
48,Rider,James Haydon,35.92193542580895,1.0170264651148704,26/09/2003 13:00:00,0,Petronas FP1 [2003],World Superbikes,
48,Rider,James Haydon,35.92321484793592,1.0198193234494055,16/10/2003 13:00:00,0,Petronas FP1 [2003],World Superbikes,
48,Rider,James Haydon,35.924153593837964,1.022776027647906,17/10/2003 13:00:00,0,Petronas FP1 [2003],World Superbikes,
48,Rider,James Haydon,35.92340869857288,1.02589821709252,18/10/2003 13:00:00,0,Petronas FP1 [2003],World Superbikes,
49,Rider,Terry Rymer,26.9224278884302,2.8241122875281337,12/04/1998 13:00:00,0,Suzuki GSX-R 750 [1998],World Superbikes,
49,Rider,Terry Rymer,26.921867660813497,2.823657783665252,12/04/1998 13:00:00,1,Suzuki GSX-R 750 [1998],World Superbikes,
49,Rider,Terry Rymer,26.92126741576592,2.823684750381916,01/08/1998 13:00:00,0,Suzuki GSX-R 750 [1998],World Superbikes,
49,Rider,Terry Rymer,26.92040230523814,2.824175660041353,01/08/1998 13:00:00,1,Suzuki GSX-R 750 [1998],World Superbikes,
50,Rider,Sean Emmett,36.451873483121396,1.411245890933886,12/04/1998 13:00:00,0,Ducati [1998],World Superbikes,
50,Rider,Sean Emmett,36.45418781475014,1.4091655072509284,12/04/1998 13:00:00,1,Ducati [1998],World Superbikes,
50,Rider,Sean Emmett,36.456233591862485,1.407329228870572,01/08/1998 13:00:00,0,Ducati [1998],World Superbikes,
50,Rider,Sean Emmett,36.4582978543787,1.405730089407575,01/08/1998 13:00:00,1,Ducati [1998],World Superbikes,
50,Rider,Sean Emmett,36.46077307139913,1.4043654368383127,01/08/1998 13:00:00,2,Ducati [1998],World Superbikes,
50,Rider,Sean Emmett,36.46139370403596,1.4032303726908077,01/05/1999 13:00:00,0,Ducati [1999],World Superbikes,
50,Rider,Sean Emmett,36.462149107661496,1.402333889288189,01/05/1999 13:00:00,1,Ducati [1999],World Superbikes,
50,Rider,Sean Emmett,36.46312260260412,1.4016766514763725,01/05/1999 13:00:00,2,Ducati [1999],World Superbikes,
50,Rider,Sean Emmett,36.46453781426322,1.401238255179994,31/07/1999 13:00:00,0,Ducati [1999],World Superbikes,
50,Rider,Sean Emmett,36.46491799224398,1.4010351499204126,31/07/1999 13:00:00,1,Ducati [1999],World Superbikes,
50,Rider,Sean Emmett,36.46475396286482,1.4010707752492737,31/07/1999 13:00:00,2,Ducati [1999],World Superbikes,
50,Rider,Sean Emmett,36.46494238988245,1.4013343018092512,27/07/2001 13:00:00,0,Ducati 996 R [2001],World Superbikes,
50,Rider,Sean Emmett,36.46550045754226,1.4018289373263118,27/07/2001 13:00:00,1,Ducati 996 R [2001],World Superbikes,
50,Rider,Sean Emmett,36.46611330848315,1.4025553604870302,28/07/2001 13:00:00,0,Ducati 996 R [2001],World Superbikes,
50,Rider,Sean Emmett,36.466696668968176,1.4035069854423707,13/06/2003 13:00:00,0,Ducati [2003],World Superbikes,
50,Rider,Sean Emmett,36.46751727462053,1.404686713736578,13/06/2003 13:00:00,1,Ducati [2003],World Superbikes,
50,Rider,Sean Emmett,36.468508684605574,1.406094886980874,14/06/2003 13:00:00,0,Ducati [2003],World Superbikes,
50,Rider,Sean Emmett,36.46988094394122,1.4077129327398843,25/07/2003 13:00:00,0,Ducati 998 RS [2003],World Superbikes,
50,Rider,Sean Emmett,36.47051347581812,1.409569108445392,25/07/2003 13:00:00,1,Ducati 998 RS [2003],World Superbikes,
50,Rider,Sean Emmett,36.46948382203506,1.4116476177595427,26/07/2003 13:00:00,0,Ducati 998 RS [2003],World Superbikes,
51,Rider,Ian Simpson,25.08841143974788,3.62211617975466,12/04/1998 13:00:00,0,Honda [1998],World Superbikes,
51,Rider,Ian Simpson,25.088109662642694,3.6221227588218827,12/04/1998 13:00:00,1,Honda [1998],World Superbikes,
52,Rider,Jamie Robinson,23.632148313598364,3.639751864031751,12/04/1998 13:00:00,0,Ducati [1998],World Superbikes,
52,Rider,Jamie Robinson,23.63236301290876,3.639747246850417,12/04/1998 13:00:00,1,Ducati [1998],World Superbikes,
53,Rider,Oddgeir Havnen,11.410237738988185,3.3623734230085423,12/04/1998 13:00:00,0,Honda [1998],World Superbikes,
53,Rider,Oddgeir Havnen,11.40975237183471,3.3619829714257867,12/04/1998 13:00:00,1,Honda [1998],World Superbikes,
53,Rider,Oddgeir Havnen,11.410120316805955,3.361896410550605,09/09/2000 13:00:00,0,Yamaha [2000],World Superbikes,
53,Rider,Oddgeir Havnen,11.411346394096569,3.362182845376362,09/09/2000 13:00:00,1,Yamaha [2000],World Superbikes,
54,Rider,Andreas Meklau,31.412991489712674,0.8412822199636802,09/05/1998 13:00:00,0,Ducati [1998],World Superbikes,
54,Rider,Andreas Meklau,31.413710414211266,0.837368793103133,09/05/1998 13:00:00,1,Ducati [1998],World Superbikes,
54,Rider,Andreas Meklau,31.414819617080582,0.8335750948467608,09/05/1998 13:00:00,2,Ducati [1998],World Superbikes,
54,Rider,Andreas Meklau,31.415753265745682,0.8298976049459391,06/06/1998 13:00:00,0,Ducati [1998],World Superbikes,
54,Rider,Andreas Meklau,31.41571101653304,0.8263400586742226,06/06/1998 13:00:00,1,Ducati [1998],World Superbikes,
54,Rider,Andreas Meklau,31.415514706750134,0.8229005016930802,06/06/1998 13:00:00,2,Ducati [1998],World Superbikes,
54,Rider,Andreas Meklau,31.416340924272177,0.8195545619577681,20/06/1998 13:00:00,0,Ducati [1998],World Superbikes,
54,Rider,Andreas Meklau,31.417389317416244,0.8163257612814535,20/06/1998 13:00:00,1,Ducati [1998],World Superbikes,
54,Rider,Andreas Meklau,31.41857480294198,0.8132129987973303,20/06/1998 13:00:00,2,Ducati [1998],World Superbikes,
54,Rider,Andreas Meklau,31.420214411125595,0.8101994081630015,29/08/1998 13:00:00,0,Ducati [1998],World Superbikes,
54,Rider,Andreas Meklau,31.41906577261674,0.8072978468863273,29/08/1998 13:00:00,1,Ducati [1998],World Superbikes,
54,Rider,Andreas Meklau,31.417784663806355,0.8045070539030964,29/08/1998 13:00:00,2,Ducati [1998],World Superbikes,
54,Rider,Andreas Meklau,31.415412991955428,0.801824516374402,27/03/1999 13:00:00,0,Ducati [1999],World Superbikes,
54,Rider,Andreas Meklau,31.413890810622235,0.7992464366079026,27/03/1999 13:00:00,1,Ducati [1999],World Superbikes,
54,Rider,Andreas Meklau,31.413234995798426,0.796774008492393,27/03/1999 13:00:00,2,Ducati [1999],World Superbikes,
54,Rider,Andreas Meklau,31.412554140478765,0.794409275299299,17/04/1999 13:00:00,0,Ducati [1999],World Superbikes,
54,Rider,Andreas Meklau,31.413411376549924,0.7921492301921911,17/04/1999 13:00:00,1,Ducati [1999],World Superbikes,
54,Rider,Andreas Meklau,31.41450408395459,0.7899992739333666,17/04/1999 13:00:00,2,Ducati [1999],World Superbikes,
54,Rider,Andreas Meklau,31.41565103436243,0.7879527208950081,15/05/1999 13:00:00,0,Ducati [1999],World Superbikes,
54,Rider,Andreas Meklau,31.418118040118955,0.7860054066651083,15/05/1999 13:00:00,1,Ducati [1999],World Superbikes,
54,Rider,Andreas Meklau,31.42342766576285,0.7841502703426803,29/05/1999 13:00:00,0,Ducati [1999],World Superbikes,
54,Rider,Andreas Meklau,31.42891798519017,0.782405964579548,29/05/1999 13:00:00,1,Ducati [1999],World Superbikes,
54,Rider,Andreas Meklau,31.434762941252785,0.7807713376460157,29/05/1999 13:00:00,2,Ducati [1999],World Superbikes,
54,Rider,Andreas Meklau,31.440205910414566,0.7792381768036037,12/06/1999 13:00:00,0,Ducati [1999],World Superbikes,
54,Rider,Andreas Meklau,31.44613467698673,0.7778148344286417,12/06/1999 13:00:00,1,Ducati [1999],World Superbikes,
54,Rider,Andreas Meklau,31.45213967839801,0.7764996876864774,12/06/1999 13:00:00,2,Ducati [1999],World Superbikes,
54,Rider,Andreas Meklau,31.458825573165136,0.7752823485532764,31/07/1999 13:00:00,0,Ducati [1999],World Superbikes,
54,Rider,Andreas Meklau,31.465764592749675,0.774172284737556,31/07/1999 13:00:00,1,Ducati [1999],World Superbikes,
54,Rider,Andreas Meklau,31.473035652744855,0.7731694977353653,28/08/1999 13:00:00,0,Ducati [1999],World Superbikes,
54,Rider,Andreas Meklau,31.47734596440618,0.7722629727983823,28/08/1999 13:00:00,1,Ducati [1999],World Superbikes,
54,Rider,Andreas Meklau,31.480247146675037,0.7714586548781225,28/08/1999 13:00:00,2,Ducati [1999],World Superbikes,
54,Rider,Andreas Meklau,31.48070891606857,0.7707508025496844,04/09/1999 13:00:00,0,Ducati [1999],World Superbikes,
54,Rider,Andreas Meklau,31.480802697599383,0.770148506857985,04/09/1999 13:00:00,1,Ducati [1999],World Superbikes,
54,Rider,Andreas Meklau,31.47917471552475,0.7696481698647959,04/09/1999 13:00:00,2,Ducati [1999],World Superbikes,
54,Rider,Andreas Meklau,31.476760324319056,0.769247443523872,11/09/1999 13:00:00,0,Ducati [1999],World Superbikes,
54,Rider,Andreas Meklau,31.473249767287417,0.7689474162490448,11/09/1999 13:00:00,1,Ducati [1999],World Superbikes,
54,Rider,Andreas Meklau,31.466476700556964,0.7687424065491192,11/09/1999 13:00:00,2,Ducati [1999],World Superbikes,
54,Rider,Andreas Meklau,31.456704934239138,0.7686331167732449,09/10/1999 13:00:00,0,Ducati [1999],World Superbikes,
54,Rider,Andreas Meklau,31.447968195705982,0.7686175977428102,09/10/1999 13:00:00,1,Ducati [1999],World Superbikes,
54,Rider,Andreas Meklau,31.440350610045186,0.768697281593952,01/04/2000 13:00:00,0,Ducati 996 RS2000 [2000],World Superbikes,
54,Rider,Andreas Meklau,31.433490093927336,0.7688841569637568,01/04/2000 13:00:00,1,Ducati 996 RS2000 [2000],World Superbikes,
54,Rider,Andreas Meklau,31.42571888722114,0.7691760495221285,01/04/2000 13:00:00,2,Ducati 996 RS2000 [2000],World Superbikes,
54,Rider,Andreas Meklau,31.418463783372275,0.7695709566396209,22/04/2000 13:00:00,0,Ducati 996 RS2000 [2000],World Superbikes,
54,Rider,Andreas Meklau,31.411626718064603,0.7700747902110606,22/04/2000 13:00:00,1,Ducati 996 RS2000 [2000],World Superbikes,
54,Rider,Andreas Meklau,31.40468697525556,0.7706875290341554,22/04/2000 13:00:00,2,Ducati 996 RS2000 [2000],World Superbikes,
54,Rider,Andreas Meklau,31.39966221602857,0.7713743455932419,29/04/2000 13:00:00,0,Ducati 996 RS2000 [2000],World Superbikes,
54,Rider,Andreas Meklau,31.39613829371957,0.7721685088274417,29/04/2000 13:00:00,1,Ducati 996 RS2000 [2000],World Superbikes,
54,Rider,Andreas Meklau,31.3936942981882,0.7730713219204398,13/05/2000 13:00:00,0,Ducati 996 RS2000 [2000],World Superbikes,
54,Rider,Andreas Meklau,31.391758674355017,0.7740852090142673,13/05/2000 13:00:00,1,Ducati 996 RS2000 [2000],World Superbikes,
54,Rider,Andreas Meklau,31.389945315570742,0.7752111244131844,20/05/2000 13:00:00,0,Ducati 996 RS2000 [2000],World Superbikes,
54,Rider,Andreas Meklau,31.38596989402091,0.7764430205512164,20/05/2000 13:00:00,1,Ducati 996 RS2000 [2000],World Superbikes,
54,Rider,Andreas Meklau,31.38250979641299,0.7777864100632594,20/05/2000 13:00:00,2,Ducati 996 RS2000 [2000],World Superbikes,
54,Rider,Andreas Meklau,31.379830551241515,0.779229552932739,03/06/2000 13:00:00,0,Ducati 996 RS2000 [2000],World Superbikes,
54,Rider,Andreas Meklau,31.37644662948729,0.7807858828952248,03/06/2000 13:00:00,1,Ducati 996 RS2000 [2000],World Superbikes,
54,Rider,Andreas Meklau,31.372757198912534,0.782456065821894,03/06/2000 13:00:00,2,Ducati 996 RS2000 [2000],World Superbikes,
54,Rider,Andreas Meklau,31.368135035890056,0.7842344866956418,17/06/2000 13:00:00,0,Ducati 996 RS2000 [2000],World Superbikes,
54,Rider,Andreas Meklau,31.36314747869206,0.7861256622316869,17/06/2000 13:00:00,1,Ducati 996 RS2000 [2000],World Superbikes,
54,Rider,Andreas Meklau,31.35796483958639,0.7881315485894189,17/06/2000 13:00:00,2,Ducati 996 RS2000 [2000],World Superbikes,
54,Rider,Andreas Meklau,31.353262959390737,0.7902408378767444,24/06/2000 13:00:00,0,Ducati 996 RS2000 [2000],World Superbikes,
54,Rider,Andreas Meklau,31.347654651569563,0.7924659830710867,24/06/2000 13:00:00,1,Ducati 996 RS2000 [2000],World Superbikes,
54,Rider,Andreas Meklau,31.340349041911555,0.7948021885757801,24/06/2000 13:00:00,2,Ducati 996 RS2000 [2000],World Superbikes,
54,Rider,Andreas Meklau,31.334860464904573,0.7972133449675193,08/07/2000 13:00:00,0,Ducati 996 RS2000 [2000],World Superbikes,
54,Rider,Andreas Meklau,31.33021649168788,0.7997380352284753,08/07/2000 13:00:00,1,Ducati 996 RS2000 [2000],World Superbikes,
54,Rider,Andreas Meklau,31.32565161594678,0.802377369700697,08/07/2000 13:00:00,2,Ducati 996 RS2000 [2000],World Superbikes,
54,Rider,Andreas Meklau,31.321870859818382,0.8051192531204006,05/08/2000 13:00:00,0,Ducati 996 RS2000 [2000],World Superbikes,
54,Rider,Andreas Meklau,31.317586645399253,0.8079788613059538,05/08/2000 13:00:00,1,Ducati 996 RS2000 [2000],World Superbikes,
54,Rider,Andreas Meklau,31.31344711538434,0.8109573325226238,02/09/2000 13:00:00,0,Ducati 996 RS2000 [2000],World Superbikes,
54,Rider,Andreas Meklau,31.30956667521283,0.814055939205466,02/09/2000 13:00:00,1,Ducati 996 RS2000 [2000],World Superbikes,
54,Rider,Andreas Meklau,31.306201136718503,0.8172757625364784,09/09/2000 13:00:00,0,Ducati 996 RS2000 [2000],World Superbikes,
54,Rider,Andreas Meklau,31.302754220418038,0.8206197291429872,09/09/2000 13:00:00,1,Ducati 996 RS2000 [2000],World Superbikes,
54,Rider,Andreas Meklau,31.299456581976298,0.8240891433187504,14/10/2000 13:00:00,0,Ducati 996 RS2000 [2000],World Superbikes,
54,Rider,Andreas Meklau,31.295561114809356,0.827682697200713,14/10/2000 13:00:00,1,Ducati 996 RS2000 [2000],World Superbikes,
54,Rider,Andreas Meklau,31.29318945399623,0.8314002750732759,14/10/2000 13:00:00,2,Ducati 996 RS2000 [2000],World Superbikes,
54,Rider,Andreas Meklau,31.29237321326314,0.8351982995033832,27/05/2004 13:00:00,0,Suzuki GSX 1000R [2004],World Superbikes,
54,Rider,Andreas Meklau,31.29096432430314,0.8391213661222066,28/05/2004 13:00:00,0,Suzuki GSX 1000R [2004],World Superbikes,
55,Rider,Erkka Korpiaho,30.105619067945863,2.1027126384202885,09/05/1998 13:00:00,0,Kawasaki [1998],World Superbikes,
55,Rider,Erkka Korpiaho,30.106456676162846,2.1016152191500352,09/05/1998 13:00:00,1,Kawasaki [1998],World Superbikes,
55,Rider,Erkka Korpiaho,30.107597836781945,2.1008588400525854,23/05/1998 13:00:00,0,Kawasaki [1998],World Superbikes,
55,Rider,Erkka Korpiaho,30.10700608296698,2.1004481678533335,23/05/1998 13:00:00,1,Kawasaki [1998],World Superbikes,
55,Rider,Erkka Korpiaho,30.10600047195417,2.100348930537055,29/08/1998 13:00:00,0,Kawasaki [1998],World Superbikes,
55,Rider,Erkka Korpiaho,30.104778172201904,2.1005865354915567,29/08/1998 13:00:00,1,Kawasaki [1998],World Superbikes,
55,Rider,Erkka Korpiaho,30.103112977104878,2.101166114236934,29/08/1998 13:00:00,2,Kawasaki [1998],World Superbikes,
55,Rider,Erkka Korpiaho,30.101545016676166,2.1020157188086115,05/09/1998 13:00:00,0,Kawasaki [1998],World Superbikes,
55,Rider,Erkka Korpiaho,30.100329806560055,2.103170230040122,05/09/1998 13:00:00,1,Kawasaki [1998],World Superbikes,
56,Rider,Paolo Blora,20.2791038415404,1.0471197599329465,09/05/1998 13:00:00,0,Ducati [1998],World Superbikes,
56,Rider,Paolo Blora,20.278459059376104,1.0440785059594713,09/05/1998 13:00:00,1,Ducati [1998],World Superbikes,
56,Rider,Paolo Blora,20.27769651243197,1.0412007307815327,20/06/1998 13:00:00,0,Ducati [1998],World Superbikes,
56,Rider,Paolo Blora,20.276464312739815,1.0384891779835441,20/06/1998 13:00:00,1,Ducati [1998],World Superbikes,
56,Rider,Paolo Blora,20.274440367452417,1.0359429106952123,29/05/1999 13:00:00,0,Ducati [1999],World Superbikes,
56,Rider,Paolo Blora,20.272767306672353,1.033559675100773,29/05/1999 13:00:00,1,Ducati [1999],World Superbikes,
56,Rider,Paolo Blora,20.272154295796554,1.0313352930602757,26/06/1999 13:00:00,0,Ducati [1999],World Superbikes,
56,Rider,Paolo Blora,20.27151695507941,1.0292690030711482,26/06/1999 13:00:00,1,Ducati [1999],World Superbikes,
56,Rider,Paolo Blora,20.269775885264707,1.027361608997754,26/06/1999 13:00:00,2,Ducati [1999],World Superbikes,
56,Rider,Paolo Blora,20.267382887422812,1.0255920189377128,13/05/2000 13:00:00,0,Ducati 996 RS2000 [2000],World Superbikes,
56,Rider,Paolo Blora,20.2655502081868,1.0239823257836471,13/05/2000 13:00:00,1,Ducati 996 RS2000 [2000],World Superbikes,
56,Rider,Paolo Blora,20.26502110523131,1.0225234674897856,20/05/2000 13:00:00,1,Ducati 996 RS2000 [2000],World Superbikes,
56,Rider,Paolo Blora,20.263509490660923,1.021233175792784,03/06/2000 13:00:00,0,Ducati 996 RS2000 [2000],World Superbikes,
56,Rider,Paolo Blora,20.262465199428764,1.0201048463748712,03/06/2000 13:00:00,1,Ducati 996 RS2000 [2000],World Superbikes,
56,Rider,Paolo Blora,20.261946523152837,1.0191386785226642,17/06/2000 13:00:00,0,Ducati 996 RS2000 [2000],World Superbikes,
56,Rider,Paolo Blora,20.26048661562506,1.0183405489964672,17/06/2000 13:00:00,1,Ducati 996 RS2000 [2000],World Superbikes,
56,Rider,Paolo Blora,20.258175142982836,1.0177098116404075,24/06/2000 13:00:00,0,Ducati 996 RS2000 [2000],World Superbikes,
56,Rider,Paolo Blora,20.256070863944615,1.017241922309557,24/06/2000 13:00:00,1,Ducati 996 RS2000 [2000],World Superbikes,
56,Rider,Paolo Blora,20.252915591923486,1.0169430039471188,08/07/2000 13:00:00,0,Ducati 996 RS2000 [2000],World Superbikes,
56,Rider,Paolo Blora,20.250676704174047,1.0167740966576333,08/07/2000 13:00:00,1,Ducati 996 RS2000 [2000],World Superbikes,
56,Rider,Paolo Blora,20.250152604206686,1.0167137384834704,10/05/2001 13:00:00,0,Ducati 996 R [2001],World Superbikes,
56,Rider,Paolo Blora,20.248493818739025,1.0168112868215038,11/05/2001 13:00:00,0,Ducati 996 R [2001],World Superbikes,
56,Rider,Paolo Blora,20.245946221766584,1.0170661963362178,21/06/2001 13:00:00,0,Ducati 996 R [2001],World Superbikes,
56,Rider,Paolo Blora,20.242348565020976,1.0174825391723954,22/06/2001 13:00:00,0,Ducati 996 R [2001],World Superbikes,
56,Rider,Paolo Blora,20.237724937594027,1.0180591944216033,27/09/2001 13:00:00,0,Ducati 996 R [2001],World Superbikes,
56,Rider,Paolo Blora,20.233921146921702,1.0187801148474747,28/09/2001 13:00:00,0,Ducati 996 R [2001],World Superbikes,
56,Rider,Paolo Blora,20.23034045764067,1.0196537133855006,09/05/2002 13:00:00,0,Ducati 996 RS [2002],World Superbikes,
56,Rider,Paolo Blora,20.225984900350515,1.0206871070348391,10/05/2002 13:00:00,0,Ducati 996 RS [2002],World Superbikes,
56,Rider,Paolo Blora,20.221431976530322,1.0218808684811067,21/06/2002 13:00:00,0,Ducati 996 RS [2002],World Superbikes,
56,Rider,Paolo Blora,20.21833167014181,1.0232139178555992,26/09/2002 13:00:00,0,Ducati 996 RS [2002],World Superbikes,
56,Rider,Paolo Blora,20.217005941495703,1.0246637711903892,27/09/2002 13:00:00,0,Ducati 996 RS [2002],World Superbikes,
56,Rider,Paolo Blora,20.213396091199414,1.0262789986746124,19/06/2003 13:00:00,0,Ducati 996 RS [2003],World Superbikes,
56,Rider,Paolo Blora,20.21018981354827,1.0280317974973523,20/06/2003 13:00:00,0,Ducati 996 RS [2003],World Superbikes,
56,Rider,Paolo Blora,20.20561052664667,1.0299295975560172,13/05/2004 13:00:00,0,Ducati 999 RS [2004],World Superbikes,
56,Rider,Paolo Blora,20.202775344495706,1.0319726712572952,14/05/2004 13:00:00,0,Ducati 999 RS [2004],World Superbikes,
56,Rider,Paolo Blora,20.19952671558668,1.0341715810574414,15/05/2004 13:00:00,0,Ducati 999 RS [2004],World Superbikes,
56,Rider,Paolo Blora,20.197701683034033,1.0364755350640635,23/09/2004 13:00:00,0,Yamaha YZF-R1 [2004],World Superbikes,
56,Rider,Paolo Blora,20.197153549594525,1.0389329727943475,24/09/2004 13:00:00,0,Yamaha YZF-R1 [2004],World Superbikes,
56,Rider,Paolo Blora,20.195556019125195,1.0415570202209494,05/05/2005 13:00:00,0,Yamaha YZF-R1 [2005],World Superbikes,
56,Rider,Paolo Blora,20.19535945099316,1.0443342518938985,06/05/2005 13:00:00,0,Yamaha YZF-R1 [2005],World Superbikes,
56,Rider,Paolo Blora,20.196059979694507,1.0472678657074759,23/06/2005 13:00:00,0,Ducati 998 RS [2005],World Superbikes,
56,Rider,Paolo Blora,20.196999077113148,1.0503313225786088,24/06/2005 13:00:00,0,Ducati 998 RS [2005],World Superbikes,
57,Rider,Giorgio Cantalupo,18.317292745392937,2.413137915132679,09/05/1998 13:00:00,0,Ducati [1998],World Superbikes,
57,Rider,Giorgio Cantalupo,18.316688825191704,2.4123422853804213,09/05/1998 13:00:00,1,Ducati [1998],World Superbikes,
57,Rider,Giorgio Cantalupo,18.316223703084702,2.411947119247693,20/06/1998 13:00:00,0,Ducati [1998],World Superbikes,
57,Rider,Giorgio Cantalupo,18.314647730595524,2.4119609333939667,20/06/1998 13:00:00,1,Ducati [1998],World Superbikes,
57,Rider,Giorgio Cantalupo,18.31268950660431,2.4123836321691945,26/06/1999 13:00:00,0,Ducati [1999],World Superbikes,
57,Rider,Giorgio Cantalupo,18.312040385653088,2.4131941536222627,26/06/1999 13:00:00,1,Ducati [1999],World Superbikes,
58,Rider,Fausto Pojer,17.23892395566025,3.6230508732079065,09/05/1998 13:00:00,0,Ducati [1998],World Superbikes,
58,Rider,Fausto Pojer,17.238587994574942,3.6230541618536214,09/05/1998 13:00:00,1,Ducati [1998],World Superbikes,
59,Rider,Michal Bursa,21.489054942497066,3.650090291326236,09/05/1998 13:00:00,0,Kawasaki [1998],World Superbikes,
59,Rider,Michal Bursa,21.48918273714138,3.6500871248097972,09/05/1998 13:00:00,1,Kawasaki [1998],World Superbikes,
60,Rider,Paolo Malvini,13.900075561943815,2.8664833777391245,09/05/1998 13:00:00,0,Ducati [1998],World Superbikes,
60,Rider,Paolo Malvini,13.89938864864295,2.866020310596705,09/05/1998 13:00:00,1,Ducati [1998],World Superbikes,
60,Rider,Paolo Malvini,13.899808828861358,2.8660063092432044,20/06/1998 13:00:00,0,Ducati [1998],World Superbikes,
60,Rider,Paolo Malvini,13.900099350589558,2.8664738517142436,20/06/1998 13:00:00,1,Ducati [1998],World Superbikes,
61,Rider,Gianni Valtulini,12.755960510732159,2.9161168478521007,09/05/1998 13:00:00,0,Yamaha [1998],World Superbikes,
61,Rider,Gianni Valtulini,12.755307357062152,2.91566746133458,09/05/1998 13:00:00,1,Yamaha [1998],World Superbikes,
61,Rider,Gianni Valtulini,12.755955236661505,2.9156392138103366,20/06/1998 13:00:00,0,Yamaha [1998],World Superbikes,
61,Rider,Gianni Valtulini,12.757194264023457,2.9160689569136706,20/06/1998 13:00:00,1,Yamaha [1998],World Superbikes,
62,Rider,Vladimir Karban,5.760316267336627,1.1956261468979252,09/05/1998 13:00:00,0,Suzuki GSX-R 750 [1998],World Superbikes,
62,Rider,Vladimir Karban,5.758693426596208,1.1930185114937935,09/05/1998 13:00:00,1,Suzuki GSX-R 750 [1998],World Superbikes,
62,Rider,Vladimir Karban,5.756935407985692,1.1905947611158811,23/05/1998 13:00:00,0,Suzuki GSX-R 750 [1998],World Superbikes,
62,Rider,Vladimir Karban,5.752697704913383,1.1883426184351744,23/05/1998 13:00:00,1,Suzuki GSX-R 750 [1998],World Superbikes,
62,Rider,Vladimir Karban,5.749205599100701,1.1861811360211907,06/06/1998 13:00:00,0,Suzuki GSX-R 750 [1998],World Superbikes,
62,Rider,Vladimir Karban,5.7456608971289675,1.1841816016601134,06/06/1998 13:00:00,1,Suzuki GSX-R 750 [1998],World Superbikes,
62,Rider,Vladimir Karban,5.742840907153444,1.1823387471425708,20/06/1998 13:00:00,0,Suzuki GSX-R 750 [1998],World Superbikes,
62,Rider,Vladimir Karban,5.741501624539347,1.180624244716194,20/06/1998 13:00:00,1,Suzuki GSX-R 750 [1998],World Superbikes,
62,Rider,Vladimir Karban,5.740513764908752,1.1790826242910404,01/08/1998 13:00:00,0,Suzuki GSX-R 750 [1998],World Superbikes,
62,Rider,Vladimir Karban,5.738666907843259,1.1777125243579454,01/08/1998 13:00:00,1,Suzuki GSX-R 750 [1998],World Superbikes,
62,Rider,Vladimir Karban,5.737543309500716,1.1764376954671463,29/08/1998 13:00:00,0,Suzuki GSX-R 750 [1998],World Superbikes,
62,Rider,Vladimir Karban,5.737911585734274,1.1752848340310955,29/08/1998 13:00:00,1,Suzuki GSX-R 750 [1998],World Superbikes,
62,Rider,Vladimir Karban,5.738210558195787,1.174309992455316,27/03/1999 13:00:00,0,Suzuki GSX-R 750 [1999],World Superbikes,
62,Rider,Vladimir Karban,5.7386027257375485,1.173485833249383,27/03/1999 13:00:00,1,Suzuki GSX-R 750 [1999],World Superbikes,
62,Rider,Vladimir Karban,5.739086796977822,1.1728118394564302,01/05/1999 13:00:00,0,Suzuki GSX-R 750 [1999],World Superbikes,
62,Rider,Vladimir Karban,5.739644506974211,1.1722550329769583,01/05/1999 13:00:00,1,Suzuki GSX-R 750 [1999],World Superbikes,
62,Rider,Vladimir Karban,5.740277155749106,1.171818711185566,15/05/1999 13:00:00,0,Suzuki GSX-R 750 [1999],World Superbikes,
62,Rider,Vladimir Karban,5.741255526398953,1.1715129444598313,15/05/1999 13:00:00,1,Suzuki GSX-R 750 [1999],World Superbikes,
62,Rider,Vladimir Karban,5.741563680095824,1.1713475651540333,12/06/1999 13:00:00,0,Suzuki GSX-R 750 [1999],World Superbikes,
62,Rider,Vladimir Karban,5.741262349629609,1.1713591373950794,12/06/1999 13:00:00,1,Suzuki GSX-R 750 [1999],World Superbikes,
62,Rider,Vladimir Karban,5.740843748111047,1.1715354405611043,10/07/1999 13:00:00,0,Suzuki GSX-R 750 [1999],World Superbikes,
62,Rider,Vladimir Karban,5.74093129568866,1.1717845005213328,10/07/1999 13:00:00,1,Suzuki GSX-R 750 [1999],World Superbikes,
62,Rider,Vladimir Karban,5.741581046532192,1.1721113914032588,31/07/1999 13:00:00,0,Suzuki GSX-R 750 [1999],World Superbikes,
62,Rider,Vladimir Karban,5.7424491090408205,1.1725964595268212,31/07/1999 13:00:00,1,Suzuki GSX-R 750 [1999],World Superbikes,
62,Rider,Vladimir Karban,5.742895656859433,1.1732544518519277,28/08/1999 13:00:00,0,Suzuki GSX-R 750 [1999],World Superbikes,
62,Rider,Vladimir Karban,5.7431331240474925,1.1740965920331117,28/08/1999 13:00:00,1,Suzuki GSX-R 750 [1999],World Superbikes,
62,Rider,Vladimir Karban,5.7434542616816655,1.1751183540883947,04/09/1999 13:00:00,0,Suzuki GSX-R 750 [1999],World Superbikes,
62,Rider,Vladimir Karban,5.743611983427574,1.176322531836638,04/09/1999 13:00:00,1,Suzuki GSX-R 750 [1999],World Superbikes,
62,Rider,Vladimir Karban,5.743262423030589,1.1777138784895393,11/09/1999 13:00:00,0,Suzuki GSX-R 750 [1999],World Superbikes,
62,Rider,Vladimir Karban,5.741514424178655,1.1792898860633316,11/09/1999 13:00:00,1,Suzuki GSX-R 750 [1999],World Superbikes,
62,Rider,Vladimir Karban,5.73845583469013,1.1810513955748334,09/10/1999 13:00:00,0,Suzuki GSX-R 750 [1999],World Superbikes,
62,Rider,Vladimir Karban,5.735953877818853,1.18288878329816,09/10/1999 13:00:00,1,Suzuki GSX-R 750 [1999],World Superbikes,
62,Rider,Vladimir Karban,5.7340119910665726,1.1848027304365145,01/04/2000 13:00:00,0,Suzuki GSX-R 750 [2000],World Superbikes,
62,Rider,Vladimir Karban,5.731906588164384,1.1868739472741578,01/04/2000 13:00:00,1,Suzuki GSX-R 750 [2000],World Superbikes,
62,Rider,Vladimir Karban,5.730388002921441,1.189076776722809,13/05/2000 13:00:00,0,Suzuki GSX-R 750 [2000],World Superbikes,
62,Rider,Vladimir Karban,5.7291388770979,1.1914305745557199,13/05/2000 13:00:00,1,Suzuki GSX-R 750 [2000],World Superbikes,
62,Rider,Vladimir Karban,5.728148316192929,1.1939328251967833,03/06/2000 13:00:00,0,Suzuki GSX-R 750 [2000],World Superbikes,
62,Rider,Vladimir Karban,5.728275427083771,1.1965821726072978,03/06/2000 13:00:00,1,Suzuki GSX-R 750 [2000],World Superbikes,
63,Rider,Jesus Rodriguez Pineda,11.002327005773592,3.872547558298553,09/05/1998 13:00:00,0,Ducati [1998],World Superbikes,
63,Rider,Jesus Rodriguez Pineda,11.002060691368436,3.872592046364898,09/05/1998 13:00:00,1,Ducati [1998],World Superbikes,
64,Rider,Bruno Scatola,14.004768684535305,2.984281653621425,09/05/1998 13:00:00,0,Kawasaki [1998],World Superbikes,
64,Rider,Bruno Scatola,14.005062387826086,2.9837403192989647,09/05/1998 13:00:00,1,Kawasaki [1998],World Superbikes,
64,Rider,Bruno Scatola,14.004476993377533,2.9836766363860234,20/06/1998 13:00:00,0,Yamaha [1998],World Superbikes,
64,Rider,Bruno Scatola,14.005061932829674,2.984067279151367,20/06/1998 13:00:00,1,Yamaha [1998],World Superbikes,
65,Rider,Udo Mark,25.912507258513827,2.5944108420355056,06/06/1998 13:00:00,0,Suzuki GSX-R 750 [1998],World Superbikes,
65,Rider,Udo Mark,25.912229956936365,2.5937690330176015,06/06/1998 13:00:00,1,Suzuki GSX-R 750 [1998],World Superbikes,
65,Rider,Udo Mark,25.91113978160454,2.5935643826086467,06/06/1998 13:00:00,2,Suzuki GSX-R 750 [1998],World Superbikes,
65,Rider,Udo Mark,25.909682276375236,2.5937623071765645,20/06/1998 13:00:00,0,Suzuki GSX-R 750 [1998],World Superbikes,
65,Rider,Udo Mark,25.908942105270107,2.594400774921357,20/06/1998 13:00:00,1,Suzuki GSX-R 750 [1998],World Superbikes,
66,Rider,Ruben Xaus,35.37013514232329,0.7299910700145159,06/06/1998 13:00:00,0,Suzuki GSX-R 750 [1998],World Superbikes,
66,Rider,Ruben Xaus,35.3737590462413,0.725412906435435,06/06/1998 13:00:00,1,Suzuki GSX-R 750 [1998],World Superbikes,
66,Rider,Ruben Xaus,35.38001672263609,0.7209259727174522,09/03/2001 13:00:00,0,Ducati 996 R F01 [2001],World Superbikes,
66,Rider,Ruben Xaus,35.3852321778289,0.716526166989814,09/03/2001 13:00:00,1,Ducati 996 R F01 [2001],World Superbikes,
66,Rider,Ruben Xaus,35.38880002422419,0.7122034988183036,10/03/2001 13:00:00,0,Ducati 996 R F01 [2001],World Superbikes,
66,Rider,Ruben Xaus,35.3927402779326,0.7079671312020098,29/03/2001 13:00:00,0,Ducati 996 R F01 [2001],World Superbikes,
66,Rider,Ruben Xaus,35.39663447391041,0.7038190657733284,30/03/2001 13:00:00,0,Ducati 996 R F01 [2001],World Superbikes,
66,Rider,Ruben Xaus,35.40050298575631,0.6997582313271602,31/03/2001 13:00:00,0,Ducati 996 R F01 [2001],World Superbikes,
66,Rider,Ruben Xaus,35.40531436015598,0.6957793918589408,19/04/2001 13:00:00,0,Ducati 996 R F01 [2001],World Superbikes,
66,Rider,Ruben Xaus,35.41056037372203,0.6918868116248985,20/04/2001 13:00:00,0,Ducati 996 R F01 [2001],World Superbikes,
66,Rider,Ruben Xaus,35.41366639389207,0.6880486937331767,20/04/2001 13:00:00,1,Ducati 996 R F01 [2001],World Superbikes,
66,Rider,Ruben Xaus,35.41802965380057,0.6842903663062689,26/04/2001 13:00:00,0,Ducati 996 R F01 [2001],World Superbikes,
66,Rider,Ruben Xaus,35.42347436834027,0.6806176755718605,27/04/2001 13:00:00,0,Ducati 996 R F01 [2001],World Superbikes,
66,Rider,Ruben Xaus,35.4302011302975,0.6770290925472231,10/05/2001 13:00:00,0,Ducati 996 R F01 [2001],World Superbikes,
66,Rider,Ruben Xaus,35.437951286671954,0.673522594631373,11/05/2001 13:00:00,0,Ducati 996 R F01 [2001],World Superbikes,
66,Rider,Ruben Xaus,35.44540206403224,0.67009214947804,12/05/2001 13:00:00,0,Ducati 996 R F01 [2001],World Superbikes,
66,Rider,Ruben Xaus,35.45322800514965,0.6667359495092967,25/05/2001 13:00:00,0,Ducati 996 R F01 [2001],World Superbikes,
66,Rider,Ruben Xaus,35.45973263817926,0.6634489740274938,25/05/2001 13:00:00,1,Ducati 996 R F01 [2001],World Superbikes,
66,Rider,Ruben Xaus,35.46560917818609,0.6602359175384107,26/05/2001 13:00:00,0,Ducati 996 R F01 [2001],World Superbikes,
66,Rider,Ruben Xaus,35.471281715231754,0.6570926705778192,07/06/2001 13:00:00,0,Ducati 996 R F01 [2001],World Superbikes,
66,Rider,Ruben Xaus,35.47955992472634,0.6540232345363529,08/06/2001 13:00:00,0,Ducati 996 R F01 [2001],World Superbikes,
66,Rider,Ruben Xaus,35.488042084261956,0.6510257416637573,09/06/2001 13:00:00,0,Ducati 996 R F01 [2001],World Superbikes,
66,Rider,Ruben Xaus,35.49834584907504,0.6480920118781079,21/06/2001 13:00:00,0,Ducati 996 R F01 [2001],World Superbikes,
66,Rider,Ruben Xaus,35.50899156133297,0.6452284874150901,22/06/2001 13:00:00,0,Ducati 996 R F01 [2001],World Superbikes,
66,Rider,Ruben Xaus,35.51985999199046,0.6424332251625788,23/06/2001 13:00:00,0,Ducati 996 R F01 [2001],World Superbikes,
66,Rider,Ruben Xaus,35.532229442334554,0.6397011517532464,06/07/2001 13:00:00,0,Ducati 996 R F01 [2001],World Superbikes,
66,Rider,Ruben Xaus,35.545861125728834,0.6370359468646908,07/07/2001 13:00:00,0,Ducati 996 R F01 [2001],World Superbikes,
66,Rider,Ruben Xaus,35.56033077807074,0.6344366825741006,07/07/2001 13:00:00,1,Ducati 996 R F01 [2001],World Superbikes,
66,Rider,Ruben Xaus,35.57660019717646,0.6318927190797744,27/07/2001 13:00:00,0,Ducati 996 R F01 [2001],World Superbikes,
66,Rider,Ruben Xaus,35.593825696018556,0.6294130875760927,27/07/2001 13:00:00,1,Ducati 996 R F01 [2001],World Superbikes,
66,Rider,Ruben Xaus,35.61068259076828,0.6269954508460488,28/07/2001 13:00:00,0,Ducati 996 R F01 [2001],World Superbikes,
66,Rider,Ruben Xaus,35.62996376658249,0.624615643901749,30/08/2001 13:00:00,0,Ducati 996 R F01 [2001],World Superbikes,
66,Rider,Ruben Xaus,35.64841069806146,0.6222895849490068,31/08/2001 13:00:00,0,Ducati 996 R F01 [2001],World Superbikes,
66,Rider,Ruben Xaus,35.665721292129135,0.6200148418339736,01/09/2001 13:00:00,0,Ducati 996 R F01 [2001],World Superbikes,
66,Rider,Ruben Xaus,35.681826160449724,0.6177894583474491,06/09/2001 13:00:00,0,Ducati 996 R F01 [2001],World Superbikes,
66,Rider,Ruben Xaus,35.69581715028141,0.6155947049404611,07/09/2001 13:00:00,0,Ducati 996 R F01 [2001],World Superbikes,
66,Rider,Ruben Xaus,35.70877925230976,0.6134493632713834,08/09/2001 13:00:00,0,Ducati 996 R F01 [2001],World Superbikes,
66,Rider,Ruben Xaus,35.72044503367532,0.6113441953753139,27/09/2001 13:00:00,0,Ducati 996 R F01 [2001],World Superbikes,
66,Rider,Ruben Xaus,35.7305820354913,0.6092816929335172,28/09/2001 13:00:00,0,Ducati 996 R F01 [2001],World Superbikes,
66,Rider,Ruben Xaus,35.73866748442402,0.6072454164426363,29/09/2001 13:00:00,0,Ducati 996 R F01 [2001],World Superbikes,
66,Rider,Ruben Xaus,35.74735143948929,0.6052573423251166,08/03/2002 13:00:00,0,Ducati 998 F02 [2002],World Superbikes,
66,Rider,Ruben Xaus,35.75396978227177,0.603292711660978,08/03/2002 13:00:00,1,Ducati 998 F02 [2002],World Superbikes,
66,Rider,Ruben Xaus,35.76087349860922,0.6013728372676124,09/03/2002 13:00:00,0,Ducati 998 F02 [2002],World Superbikes,
66,Rider,Ruben Xaus,35.7690986761624,0.5994989642392021,21/03/2002 13:00:00,0,Ducati 998 F02 [2002],World Superbikes,
66,Rider,Ruben Xaus,35.777196626523526,0.5976682762171727,22/03/2002 13:00:00,0,Ducati 998 F02 [2002],World Superbikes,
66,Rider,Ruben Xaus,35.7838584898256,0.5958654593836058,22/03/2002 13:00:00,1,Ducati 998 F02 [2002],World Superbikes,
66,Rider,Ruben Xaus,35.79080436441782,0.594102301166892,04/04/2002 13:00:00,0,Ducati 998 F02 [2002],World Superbikes,
66,Rider,Ruben Xaus,35.797280964561715,0.5923736784666267,05/04/2002 13:00:00,0,Ducati 998 F02 [2002],World Superbikes,
66,Rider,Ruben Xaus,35.803390546554404,0.590678968445552,06/04/2002 13:00:00,0,Ducati 998 F02 [2002],World Superbikes,
66,Rider,Ruben Xaus,35.81136485818708,0.5890236148557456,18/04/2002 13:00:00,0,Ducati 998 F02 [2002],World Superbikes,
66,Rider,Ruben Xaus,35.82002096646389,0.587411521634067,19/04/2002 13:00:00,0,Ducati 998 F02 [2002],World Superbikes,
66,Rider,Ruben Xaus,35.829444646521,0.5858424777350061,19/04/2002 13:00:00,1,Ducati 998 F02 [2002],World Superbikes,
66,Rider,Ruben Xaus,35.84019736848623,0.5843109048338857,09/05/2002 13:00:00,0,Ducati 998 F02 [2002],World Superbikes,
66,Rider,Ruben Xaus,35.85395114326954,0.5828204102084142,10/05/2002 13:00:00,0,Ducati 998 F02 [2002],World Superbikes,
66,Rider,Ruben Xaus,35.86839934897266,0.5813676039446314,24/05/2002 13:00:00,0,Ducati 998 F02 [2002],World Superbikes,
66,Rider,Ruben Xaus,35.882569901238455,0.579952844370498,24/05/2002 13:00:00,1,Ducati 998 F02 [2002],World Superbikes,
66,Rider,Ruben Xaus,35.895445958153125,0.5785678729127599,25/05/2002 13:00:00,0,Ducati 998 F02 [2002],World Superbikes,
66,Rider,Ruben Xaus,35.90857936092477,0.5772175723446075,06/06/2002 13:00:00,0,Ducati 998 F02 [2002],World Superbikes,
66,Rider,Ruben Xaus,35.9218863241244,0.5759012936665703,07/06/2002 13:00:00,0,Ducati 998 F02 [2002],World Superbikes,
66,Rider,Ruben Xaus,35.93516661568234,0.5746138945406193,08/06/2002 13:00:00,0,Ducati 998 F02 [2002],World Superbikes,
66,Rider,Ruben Xaus,35.94828442871545,0.5733545471931952,20/06/2002 13:00:00,0,Ducati 998 F02 [2002],World Superbikes,
66,Rider,Ruben Xaus,35.962438183633374,0.5721289662664999,21/06/2002 13:00:00,0,Ducati 998 F02 [2002],World Superbikes,
66,Rider,Ruben Xaus,35.97716694623575,0.5709334985466107,22/06/2002 13:00:00,0,Ducati 998 F02 [2002],World Superbikes,
66,Rider,Ruben Xaus,35.993000899242936,0.5697683304295141,12/07/2002 13:00:00,0,Ducati 998 F02 [2002],World Superbikes,
66,Rider,Ruben Xaus,36.010587807414645,0.5686356327139362,13/07/2002 13:00:00,0,Ducati 998 F02 [2002],World Superbikes,
66,Rider,Ruben Xaus,36.02971431972172,0.5675359844959142,13/07/2002 13:00:00,1,Ducati 998 F02 [2002],World Superbikes,
66,Rider,Ruben Xaus,36.049081036748014,0.5664664123354265,26/07/2002 13:00:00,0,Ducati 998 F02 [2002],World Superbikes,
66,Rider,Ruben Xaus,36.06735553452952,0.5654181007956788,26/07/2002 13:00:00,1,Ducati 998 F02 [2002],World Superbikes,
66,Rider,Ruben Xaus,36.085233362446814,0.5643957974924492,27/07/2002 13:00:00,0,Ducati 998 F02 [2002],World Superbikes,
66,Rider,Ruben Xaus,36.1048819721931,0.5634004694954663,29/08/2002 13:00:00,0,Ducati 998 F02 [2002],World Superbikes,
66,Rider,Ruben Xaus,36.1241310751543,0.562425428602154,30/08/2002 13:00:00,0,Ducati 998 F02 [2002],World Superbikes,
66,Rider,Ruben Xaus,36.14331372010663,0.561474795780792,31/08/2002 13:00:00,0,Ducati 998 F02 [2002],World Superbikes,
66,Rider,Ruben Xaus,36.16201034271089,0.5605448660242679,05/09/2002 13:00:00,0,Ducati 998 F02 [2002],World Superbikes,
66,Rider,Ruben Xaus,36.17932246795196,0.559627321890866,06/09/2002 13:00:00,0,Ducati 998 F02 [2002],World Superbikes,
66,Rider,Ruben Xaus,36.194598683796535,0.558710945656912,07/09/2002 13:00:00,0,Ducati 998 F02 [2002],World Superbikes,
66,Rider,Ruben Xaus,36.20844109049942,0.5578045029159291,26/09/2002 13:00:00,0,Ducati 998 F02 [2002],World Superbikes,
66,Rider,Ruben Xaus,36.220894581065544,0.5569084403987387,27/09/2002 13:00:00,0,Ducati 998 F02 [2002],World Superbikes,
66,Rider,Ruben Xaus,36.23374057519838,0.5560216838222709,28/09/2002 13:00:00,0,Ducati 998 F02 [2002],World Superbikes,
66,Rider,Ruben Xaus,36.24511581854343,0.5551440732226134,28/02/2003 13:00:00,0,Ducati 999 F03 [2003],World Superbikes,
66,Rider,Ruben Xaus,36.25561930121572,0.5542833363338892,28/02/2003 13:00:00,1,Ducati 999 F03 [2003],World Superbikes,
66,Rider,Ruben Xaus,36.264230525808564,0.5534222692222053,01/03/2003 13:00:00,0,Ducati 999 F03 [2003],World Superbikes,
66,Rider,Ruben Xaus,36.272099457662456,0.5525771437041813,27/03/2003 13:00:00,0,Ducati 999 F03 [2003],World Superbikes,
66,Rider,Ruben Xaus,36.28012765455823,0.5517548329759845,28/03/2003 13:00:00,0,Ducati 999 F03 [2003],World Superbikes,
66,Rider,Ruben Xaus,36.287294151778454,0.5509472910850475,28/03/2003 13:00:00,1,Ducati 999 F03 [2003],World Superbikes,
66,Rider,Ruben Xaus,36.29526281410351,0.5501609484985674,24/04/2003 13:00:00,0,Ducati 999 F03 [2003],World Superbikes,
66,Rider,Ruben Xaus,36.30537159490376,0.5493966901637689,25/04/2003 13:00:00,0,Ducati 999 F03 [2003],World Superbikes,
66,Rider,Ruben Xaus,36.31640841365293,0.5486541966383504,25/04/2003 13:00:00,1,Ducati 999 F03 [2003],World Superbikes,
66,Rider,Ruben Xaus,36.32943483237248,0.5479276152662568,15/05/2003 13:00:00,0,Ducati 999 F03 [2003],World Superbikes,
66,Rider,Ruben Xaus,36.34225814764413,0.547217510635119,29/05/2003 13:00:00,0,Ducati 999 F03 [2003],World Superbikes,
66,Rider,Ruben Xaus,36.35515775924723,0.546525471884872,30/05/2003 13:00:00,0,Ducati 999 F03 [2003],World Superbikes,
66,Rider,Ruben Xaus,36.367394365015336,0.5458447399024532,31/05/2003 13:00:00,0,Ducati 999 F03 [2003],World Superbikes,
66,Rider,Ruben Xaus,36.38047785452316,0.5451809822950988,13/06/2003 13:00:00,0,Ducati 999 F03 [2003],World Superbikes,
66,Rider,Ruben Xaus,36.39370206125987,0.5445382977892631,13/06/2003 13:00:00,1,Ducati 999 F03 [2003],World Superbikes,
66,Rider,Ruben Xaus,36.407600157299605,0.5439159140993532,14/06/2003 13:00:00,0,Ducati 999 F03 [2003],World Superbikes,
66,Rider,Ruben Xaus,36.42243659662641,0.5433077988889219,19/06/2003 13:00:00,0,Ducati 999 F03 [2003],World Superbikes,
66,Rider,Ruben Xaus,36.43687583631238,0.542715794824426,20/06/2003 13:00:00,0,Ducati 999 F03 [2003],World Superbikes,
66,Rider,Ruben Xaus,36.451240217551366,0.5421395318982747,21/06/2003 13:00:00,0,Ducati 999 F03 [2003],World Superbikes,
66,Rider,Ruben Xaus,36.46741349147325,0.5415797363551182,11/07/2003 13:00:00,0,Ducati 999 F03 [2003],World Superbikes,
66,Rider,Ruben Xaus,36.48432910560189,0.5410374569767243,12/07/2003 13:00:00,0,Ducati 999 F03 [2003],World Superbikes,
66,Rider,Ruben Xaus,36.500989470431485,0.5405105386786294,12/07/2003 13:00:00,1,Ducati 999 F03 [2003],World Superbikes,
66,Rider,Ruben Xaus,36.51769654666916,0.5399977691621265,25/07/2003 13:00:00,0,Ducati 999 F03 [2003],World Superbikes,
66,Rider,Ruben Xaus,36.532263797843974,0.5394823763973294,25/07/2003 13:00:00,1,Ducati 999 F03 [2003],World Superbikes,
66,Rider,Ruben Xaus,36.54722797786392,0.5389849575163923,26/07/2003 13:00:00,0,Ducati 999 F03 [2003],World Superbikes,
66,Rider,Ruben Xaus,36.561963633384416,0.5385025179465166,04/09/2003 13:00:00,0,Ducati 999 F03 [2003],World Superbikes,
66,Rider,Ruben Xaus,36.57636595314946,0.538034307330763,05/09/2003 13:00:00,0,Ducati 999 F03 [2003],World Superbikes,
66,Rider,Ruben Xaus,36.58866437643489,0.5375590067668137,06/09/2003 13:00:00,0,Ducati 999 F03 [2003],World Superbikes,
66,Rider,Ruben Xaus,36.6003932722384,0.537093796490452,25/09/2003 13:00:00,0,Ducati 999 F03 [2003],World Superbikes,
66,Rider,Ruben Xaus,36.61120210272642,0.5366363422449122,26/09/2003 13:00:00,0,Ducati 999 F03 [2003],World Superbikes,
66,Rider,Ruben Xaus,36.619987814507226,0.5361701764636787,27/09/2003 13:00:00,0,Ducati 999 F03 [2003],World Superbikes,
66,Rider,Ruben Xaus,36.62686538019785,0.535694081270929,16/10/2003 13:00:00,0,Ducati 999 F03 [2003],World Superbikes,
66,Rider,Ruben Xaus,36.633842836241215,0.5352309096347884,17/10/2003 13:00:00,0,Ducati 999 F03 [2003],World Superbikes,
66,Rider,Ruben Xaus,36.6388751744197,0.5347589764453349,18/10/2003 13:00:00,0,Ducati 999 F03 [2003],World Superbikes,
66,Rider,Ruben Xaus,36.64334419779393,0.5342947014001582,22/02/2006 13:00:00,0,Ducati 999 F05 [2006],World Superbikes,
66,Rider,Ruben Xaus,36.64918236462602,0.5338464515763118,23/02/2006 13:00:00,0,Ducati 999 F05 [2006],World Superbikes,
66,Rider,Ruben Xaus,36.65647384690055,0.5334126588404801,02/03/2006 13:00:00,0,Ducati 999 F05 [2006],World Superbikes,
66,Rider,Ruben Xaus,36.664713873292875,0.5329946846458924,03/03/2006 13:00:00,0,Ducati 999 F05 [2006],World Superbikes,
66,Rider,Ruben Xaus,36.6745765842291,0.5325900501955061,20/04/2006 13:00:00,0,Ducati 999 F05 [2006],World Superbikes,
66,Rider,Ruben Xaus,36.68334380693257,0.5321988647565481,22/04/2006 13:00:00,0,Ducati 999 F05 [2006],World Superbikes,
66,Rider,Ruben Xaus,36.69296594438076,0.5318159843705369,04/05/2006 13:00:00,0,Ducati 999 F05 [2006],World Superbikes,
66,Rider,Ruben Xaus,36.70191645215881,0.5314464648296987,05/05/2006 13:00:00,0,Ducati 999 F05 [2006],World Superbikes,
66,Rider,Ruben Xaus,36.71036050839859,0.5310908492111458,26/05/2006 13:00:00,0,Ducati 999 F05 [2006],World Superbikes,
66,Rider,Ruben Xaus,36.71882723181821,0.5307498229097177,27/05/2006 13:00:00,0,Ducati 999 F05 [2006],World Superbikes,
66,Rider,Ruben Xaus,36.72652686294851,0.5304201100605098,22/06/2006 13:00:00,0,Ducati 999 F05 [2006],World Superbikes,
66,Rider,Ruben Xaus,36.73490234507118,0.5301048013787847,23/06/2006 13:00:00,0,Ducati 999 F05 [2006],World Superbikes,
66,Rider,Ruben Xaus,36.74402364337046,0.5298035653022884,20/07/2006 13:00:00,0,Ducati 999 F05 [2006],World Superbikes,
66,Rider,Ruben Xaus,36.75348095071283,0.5295152670778975,21/07/2006 13:00:00,0,Ducati 999 F05 [2006],World Superbikes,
66,Rider,Ruben Xaus,36.76389931705555,0.5292396424391199,04/08/2006 13:00:00,0,Ducati 999 F05 [2006],World Superbikes,
66,Rider,Ruben Xaus,36.77330683269828,0.5289756865139493,04/08/2006 13:00:00,1,Ducati 999 F05 [2006],World Superbikes,
66,Rider,Ruben Xaus,36.78219885053087,0.5287241306584844,05/08/2006 13:00:00,0,Ducati 999 F05 [2006],World Superbikes,
66,Rider,Ruben Xaus,36.79178635847621,0.5284790354901258,31/08/2006 13:00:00,0,Ducati 999 F05 [2006],World Superbikes,
66,Rider,Ruben Xaus,36.80051545292651,0.5282461853024628,01/09/2006 13:00:00,0,Ducati 999 F05 [2006],World Superbikes,
66,Rider,Ruben Xaus,36.8096666354091,0.528025981081201,02/09/2006 13:00:00,0,Ducati 999 F05 [2006],World Superbikes,
66,Rider,Ruben Xaus,36.81937554244624,0.5278127448480628,07/09/2006 13:00:00,0,Ducati 999 F05 [2006],World Superbikes,
66,Rider,Ruben Xaus,36.82947395387838,0.5276115002849608,08/09/2006 13:00:00,0,Ducati 999 F05 [2006],World Superbikes,
66,Rider,Ruben Xaus,36.839510061756876,0.5274220957229077,09/09/2006 13:00:00,0,Ducati 999 F05 [2006],World Superbikes,
66,Rider,Ruben Xaus,36.85086355536893,0.5272332975368634,28/09/2006 13:00:00,0,Ducati 999 F05 [2006],World Superbikes,
66,Rider,Ruben Xaus,36.86105823015804,0.527054204414685,29/09/2006 13:00:00,0,Ducati 999 F05 [2006],World Superbikes,
66,Rider,Ruben Xaus,36.86958377451755,0.5268829498599658,30/09/2006 13:00:00,0,Ducati 999 F05 [2006],World Superbikes,
66,Rider,Ruben Xaus,36.877934259350134,0.5267186573907234,21/02/2007 13:00:00,0,Ducati 999 F06 [2007],World Superbikes,
66,Rider,Ruben Xaus,36.88642922818484,0.5265615116783552,22/02/2007 13:00:00,0,Ducati 999 F06 [2007],World Superbikes,
66,Rider,Ruben Xaus,36.89624343742281,0.5264121498030723,23/02/2007 13:00:00,0,Ducati 999 F06 [2007],World Superbikes,
66,Rider,Ruben Xaus,36.90704625464005,0.5262697626107739,01/03/2007 13:00:00,0,Ducati 999 F06 [2007],World Superbikes,
66,Rider,Ruben Xaus,36.918173426406824,0.5261356534535246,02/03/2007 13:00:00,0,Ducati 999 F06 [2007],World Superbikes,
66,Rider,Ruben Xaus,36.92929259242041,0.5260086547270758,02/03/2007 13:00:00,1,Ducati 999 F06 [2007],World Superbikes,
66,Rider,Ruben Xaus,36.94088002611622,0.5258878958806642,30/03/2007 13:00:00,0,Ducati 999 F06 [2007],World Superbikes,
66,Rider,Ruben Xaus,36.95110801232892,0.5257676686702742,30/03/2007 13:00:00,1,Ducati 999 F06 [2007],World Superbikes,
66,Rider,Ruben Xaus,36.96000701176639,0.5256477170747924,31/03/2007 13:00:00,0,Ducati 999 F06 [2007],World Superbikes,
66,Rider,Ruben Xaus,36.96857614433857,0.5255341480147914,12/04/2007 13:00:00,0,Ducati 999 F06 [2007],World Superbikes,
66,Rider,Ruben Xaus,36.975360466265904,0.525417165565562,14/04/2007 13:00:00,0,Ducati 999 F06 [2007],World Superbikes,
66,Rider,Ruben Xaus,36.98055585973835,0.5252964543209581,26/04/2007 13:00:00,0,Ducati 999 F06 [2007],World Superbikes,
66,Rider,Ruben Xaus,36.98448103275367,0.525177572806277,27/04/2007 13:00:00,0,Ducati 999 F06 [2007],World Superbikes,
66,Rider,Ruben Xaus,36.987596659393766,0.525061405865514,28/04/2007 13:00:00,0,Ducati 999 F06 [2007],World Superbikes,
66,Rider,Ruben Xaus,36.99009962533522,0.5249499710272572,10/05/2007 13:00:00,0,Ducati 999 F06 [2007],World Superbikes,
66,Rider,Ruben Xaus,36.99229112781093,0.5248473668172581,11/05/2007 13:00:00,0,Ducati 999 F06 [2007],World Superbikes,
66,Rider,Ruben Xaus,36.99559495321989,0.5247531422589776,12/05/2007 13:00:00,0,Ducati 999 F06 [2007],World Superbikes,
66,Rider,Ruben Xaus,37.001178537277504,0.5246575585077443,25/05/2007 13:00:00,0,Ducati 999 F06 [2007],World Superbikes,
66,Rider,Ruben Xaus,37.00577087774031,0.5245656690279304,25/05/2007 13:00:00,1,Ducati 999 F06 [2007],World Superbikes,
66,Rider,Ruben Xaus,37.009096599502065,0.5244760685934132,26/05/2007 13:00:00,0,Ducati 999 F06 [2007],World Superbikes,
66,Rider,Ruben Xaus,37.012105904938814,0.5243911579186707,14/06/2007 13:00:00,0,Ducati 999 F06 [2007],World Superbikes,
66,Rider,Ruben Xaus,37.01425237226117,0.5243092448998166,15/06/2007 13:00:00,0,Ducati 999 F06 [2007],World Superbikes,
66,Rider,Ruben Xaus,37.01578822881176,0.5242318123356925,16/06/2007 13:00:00,0,Ducati 999 F06 [2007],World Superbikes,
66,Rider,Ruben Xaus,37.01738109232721,0.5241589096712668,19/07/2007 13:00:00,0,Ducati 999 F06 [2007],World Superbikes,
66,Rider,Ruben Xaus,37.02112273102758,0.524091008622323,20/07/2007 13:00:00,0,Ducati 999 F06 [2007],World Superbikes,
66,Rider,Ruben Xaus,37.027432963389984,0.5240253495541274,21/07/2007 13:00:00,0,Ducati 999 F06 [2007],World Superbikes,
66,Rider,Ruben Xaus,37.03575703138932,0.5239617029758825,03/08/2007 13:00:00,0,Ducati 999 F06 [2007],World Superbikes,
66,Rider,Ruben Xaus,37.04307171154746,0.5239002154922062,03/08/2007 13:00:00,1,Ducati 999 F06 [2007],World Superbikes,
66,Rider,Ruben Xaus,37.05031885753172,0.5238452592785787,04/08/2007 13:00:00,0,Ducati 999 F06 [2007],World Superbikes,
66,Rider,Ruben Xaus,37.05749088388258,0.523795495767575,06/09/2007 13:00:00,0,Ducati 999 F06 [2007],World Superbikes,
66,Rider,Ruben Xaus,37.06406580449535,0.5237490336316987,08/09/2007 13:00:00,0,Ducati 999 F06 [2007],World Superbikes,
66,Rider,Ruben Xaus,37.0703524895406,0.5237072056479086,27/09/2007 13:00:00,0,Ducati 999 F06 [2007],World Superbikes,
66,Rider,Ruben Xaus,37.07750181891974,0.5236728740182098,28/09/2007 13:00:00,0,Ducati 999 F06 [2007],World Superbikes,
66,Rider,Ruben Xaus,37.08285589107932,0.5236325820930308,29/09/2007 13:00:00,0,Ducati 999 F06 [2007],World Superbikes,
66,Rider,Ruben Xaus,37.08699356736297,0.5235893635608267,04/10/2007 13:00:00,0,Ducati 999 F06 [2007],World Superbikes,
66,Rider,Ruben Xaus,37.090831138552176,0.5235511475488634,05/10/2007 13:00:00,0,Ducati 999 F06 [2007],World Superbikes,
66,Rider,Ruben Xaus,37.09493738188426,0.5235185425357612,06/10/2007 13:00:00,0,Ducati 999 F06 [2007],World Superbikes,
66,Rider,Ruben Xaus,37.09992042052372,0.5234894873412355,20/02/2008 13:00:00,0,Ducati 1098 RS08 [2008],World Superbikes,
66,Rider,Ruben Xaus,37.10428941816221,0.5234678862867442,21/02/2008 13:00:00,0,Ducati 1098 RS08 [2008],World Superbikes,
66,Rider,Ruben Xaus,37.10880536801964,0.5234551298429677,22/02/2008 13:00:00,0,Ducati 1098 RS08 [2008],World Superbikes,
66,Rider,Ruben Xaus,37.111556150404404,0.5234401425041161,28/02/2008 13:00:00,0,Ducati 1098 RS08 [2008],World Superbikes,
66,Rider,Ruben Xaus,37.11398359672069,0.5234325116522938,29/02/2008 13:00:00,0,Ducati 1098 RS08 [2008],World Superbikes,
66,Rider,Ruben Xaus,37.1155509063228,0.5234303469906009,29/02/2008 13:00:00,1,Ducati 1098 RS08 [2008],World Superbikes,
66,Rider,Ruben Xaus,37.11840138498466,0.5234317839197773,03/04/2008 13:00:00,0,Ducati 1098 RS08 [2008],World Superbikes,
66,Rider,Ruben Xaus,37.12259752229715,0.5234433874682427,04/04/2008 13:00:00,0,Ducati 1098 RS08 [2008],World Superbikes,
66,Rider,Ruben Xaus,37.12662319128262,0.523464100405964,05/04/2008 13:00:00,0,Ducati 1098 RS08 [2008],World Superbikes,
66,Rider,Ruben Xaus,37.12961347962077,0.523489073216896,24/04/2008 13:00:00,0,Ducati 1098 RS08 [2008],World Superbikes,
66,Rider,Ruben Xaus,37.133930317300425,0.5235237895829137,25/04/2008 13:00:00,0,Ducati 1098 RS08 [2008],World Superbikes,
66,Rider,Ruben Xaus,37.13642014628509,0.5235589239264857,26/04/2008 13:00:00,0,Ducati 1098 RS08 [2008],World Superbikes,
66,Rider,Ruben Xaus,37.13752120240444,0.5235949310894351,08/05/2008 13:00:00,0,Ducati 1098 RS08 [2008],World Superbikes,
66,Rider,Ruben Xaus,37.13871963906242,0.5236412942260844,09/05/2008 13:00:00,0,Ducati 1098 RS08 [2008],World Superbikes,
66,Rider,Ruben Xaus,37.1398314905406,0.5236970774842229,10/05/2008 13:00:00,0,Ducati 1098 RS08 [2008],World Superbikes,
66,Rider,Ruben Xaus,37.140493102136006,0.5237592475905629,30/05/2008 13:00:00,0,Ducati 1098 RS08 [2008],World Superbikes,
66,Rider,Ruben Xaus,37.14110571603239,0.5238302386969401,30/05/2008 13:00:00,1,Ducati 1098 RS08 [2008],World Superbikes,
66,Rider,Ruben Xaus,37.14151185622105,0.5239098385476721,31/05/2008 13:00:00,0,Ducati 1098 RS08 [2008],World Superbikes,
66,Rider,Ruben Xaus,37.14138945312995,0.5239947064134356,12/06/2008 13:00:00,0,Ducati 1098 RS08 [2008],World Superbikes,
66,Rider,Ruben Xaus,37.14119601126729,0.5240888055030699,13/06/2008 13:00:00,0,Ducati 1098 RS08 [2008],World Superbikes,
66,Rider,Ruben Xaus,37.14034880076556,0.5241915827949922,14/06/2008 13:00:00,0,Ducati 1098 RS08 [2008],World Superbikes,
66,Rider,Ruben Xaus,37.139942987123106,0.5243013787556354,26/06/2008 13:00:00,0,Ducati 1098 RS08 [2008],World Superbikes,
66,Rider,Ruben Xaus,37.13938031618984,0.524420943004274,27/06/2008 13:00:00,0,Ducati 1098 RS08 [2008],World Superbikes,
66,Rider,Ruben Xaus,37.13903089581983,0.5245502359813565,28/06/2008 13:00:00,0,Ducati 1098 RS08 [2008],World Superbikes,
66,Rider,Ruben Xaus,37.13725350876476,0.5246799028582007,17/07/2008 13:00:00,0,Ducati 1098 RS08 [2008],World Superbikes,
66,Rider,Ruben Xaus,37.13549307363303,0.5248200645646335,18/07/2008 13:00:00,0,Ducati 1098 RS08 [2008],World Superbikes,
66,Rider,Ruben Xaus,37.13394276699775,0.5249704623753215,19/07/2008 13:00:00,0,Ducati 1098 RS08 [2008],World Superbikes,
66,Rider,Ruben Xaus,37.132975623056005,0.525128079263469,05/09/2008 13:00:00,0,Ducati 1098 RS08 [2008],World Superbikes,
66,Rider,Ruben Xaus,37.131238918164705,0.5252963113726992,05/09/2008 13:00:00,1,Ducati 1098 RS08 [2008],World Superbikes,
66,Rider,Ruben Xaus,37.12899604480654,0.5254758185007704,06/09/2008 13:00:00,0,Ducati 1098 RS08 [2008],World Superbikes,
66,Rider,Ruben Xaus,37.1254754419827,0.5256618228167476,18/09/2008 13:00:00,0,Ducati 1098 RS08 [2008],World Superbikes,
66,Rider,Ruben Xaus,37.12017816233016,0.5258484090189606,19/09/2008 13:00:00,0,Ducati 1098 RS08 [2008],World Superbikes,
66,Rider,Ruben Xaus,37.113953404930584,0.5260433541437799,20/09/2008 13:00:00,0,Ducati 1098 RS08 [2008],World Superbikes,
66,Rider,Ruben Xaus,37.10852413707593,0.5262450224390611,02/10/2008 13:00:00,0,Ducati 1098 RS08 [2008],World Superbikes,
66,Rider,Ruben Xaus,37.103031498308816,0.5264577382236254,03/10/2008 13:00:00,0,Ducati 1098 RS08 [2008],World Superbikes,
66,Rider,Ruben Xaus,37.09682151467303,0.5266778030042484,04/10/2008 13:00:00,0,Ducati 1098 RS08 [2008],World Superbikes,
66,Rider,Ruben Xaus,37.091403267412105,0.5269064611981372,31/10/2008 13:00:00,0,Ducati 1098 RS08 [2008],World Superbikes,
66,Rider,Ruben Xaus,37.08452442547599,0.5271441657897694,31/10/2008 13:00:00,1,Ducati 1098 RS08 [2008],World Superbikes,
66,Rider,Ruben Xaus,37.077327041982436,0.527394462293031,01/11/2008 13:00:00,0,Ducati 1098 RS08 [2008],World Superbikes,
66,Rider,Ruben Xaus,37.06980745574795,0.5276535790252204,26/02/2009 13:00:00,0,BMW S1000 RR [2009],World Superbikes,
66,Rider,Ruben Xaus,37.06267866636226,0.5279248783618129,27/02/2009 13:00:00,0,BMW S1000 RR [2009],World Superbikes,
66,Rider,Ruben Xaus,37.054953745917565,0.5282103266954608,27/02/2009 13:00:00,1,BMW S1000 RR [2009],World Superbikes,
66,Rider,Ruben Xaus,37.04860368869398,0.5284944006082303,11/03/2009 13:00:00,0,BMW S1000 RR [2009],World Superbikes,
66,Rider,Ruben Xaus,37.042147241671785,0.5287923799336092,12/03/2009 13:00:00,0,BMW S1000 RR [2009],World Superbikes,
66,Rider,Ruben Xaus,37.035504976485385,0.529104875104388,12/03/2009 13:00:00,1,BMW S1000 RR [2009],World Superbikes,
66,Rider,Ruben Xaus,37.02804459624169,0.5294314345102303,12/03/2009 13:00:00,2,BMW S1000 RR [2009],World Superbikes,
66,Rider,Ruben Xaus,37.021459095246,0.5297602560963558,03/04/2009 13:00:00,0,BMW S1000 RR [2009],World Superbikes,
66,Rider,Ruben Xaus,37.015728424257965,0.5301024521888588,03/04/2009 13:00:00,1,BMW S1000 RR [2009],World Superbikes,
66,Rider,Ruben Xaus,37.00962051495154,0.5304601101219719,04/04/2009 13:00:00,0,BMW S1000 RR [2009],World Superbikes,
66,Rider,Ruben Xaus,37.0049448480986,0.5308042326878908,24/04/2009 13:00:00,0,BMW S1000 RR [2009],World Superbikes,
66,Rider,Ruben Xaus,37.00047247542484,0.5311620803840678,24/04/2009 13:00:00,1,BMW S1000 RR [2009],World Superbikes,
66,Rider,Ruben Xaus,36.99581242005655,0.5315349155571057,25/04/2009 13:00:00,0,BMW S1000 RR [2009],World Superbikes,
66,Rider,Ruben Xaus,36.9929343887631,0.5318964108639166,08/05/2009 13:00:00,0,BMW S1000 RR [2009],World Superbikes,
66,Rider,Ruben Xaus,36.98944139488944,0.5322738750621445,08/05/2009 13:00:00,1,BMW S1000 RR [2009],World Superbikes,
66,Rider,Ruben Xaus,36.986454820727374,0.532666352394515,09/05/2009 13:00:00,0,BMW S1000 RR [2009],World Superbikes,
66,Rider,Ruben Xaus,36.98290737623434,0.5330738684479731,09/05/2009 13:00:00,1,BMW S1000 RR [2009],World Superbikes,
66,Rider,Ruben Xaus,36.97974258547242,0.5334892133980653,15/05/2009 13:00:00,0,BMW S1000 RR [2009],World Superbikes,
66,Rider,Ruben Xaus,36.975522532605346,0.5339203554707879,15/05/2009 13:00:00,1,BMW S1000 RR [2009],World Superbikes,
66,Rider,Ruben Xaus,36.97087686758458,0.5343678221276837,16/05/2009 13:00:00,0,BMW S1000 RR [2009],World Superbikes,
66,Rider,Ruben Xaus,36.96524644846005,0.5348310738989525,16/05/2009 13:00:00,1,BMW S1000 RR [2009],World Superbikes,
66,Rider,Ruben Xaus,36.960349950197106,0.535300352124914,29/05/2009 13:00:00,0,BMW S1000 RR [2009],World Superbikes,
66,Rider,Ruben Xaus,36.95550976305919,0.5357875189737484,29/05/2009 13:00:00,1,BMW S1000 RR [2009],World Superbikes,
66,Rider,Ruben Xaus,36.95205415517151,0.5362854238552164,19/06/2009 13:00:00,0,BMW S1000 RR [2009],World Superbikes,
66,Rider,Ruben Xaus,36.94785815513648,0.5368029481510302,19/06/2009 13:00:00,1,BMW S1000 RR [2009],World Superbikes,
66,Rider,Ruben Xaus,36.9420787121493,0.5373395229365805,20/06/2009 13:00:00,0,BMW S1000 RR [2009],World Superbikes,
66,Rider,Ruben Xaus,36.93696765262255,0.5378875400529528,26/06/2009 13:00:00,0,BMW S1000 RR [2009],World Superbikes,
66,Rider,Ruben Xaus,36.931629756957925,0.5384560319333989,26/06/2009 13:00:00,1,BMW S1000 RR [2009],World Superbikes,
66,Rider,Ruben Xaus,36.92521198193666,0.5390450193544168,27/06/2009 13:00:00,0,BMW S1000 RR [2009],World Superbikes,
66,Rider,Ruben Xaus,36.91893825572815,0.5396509966623553,27/06/2009 13:00:00,1,BMW S1000 RR [2009],World Superbikes,
66,Rider,Ruben Xaus,36.91413397048022,0.5402465276188788,24/07/2009 13:00:00,0,BMW S1000 RR [2009],World Superbikes,
66,Rider,Ruben Xaus,36.907843920695996,0.5408633208169664,24/07/2009 13:00:00,1,BMW S1000 RR [2009],World Superbikes,
66,Rider,Ruben Xaus,36.90051127838844,0.5415018254184036,25/07/2009 13:00:00,0,BMW S1000 RR [2009],World Superbikes,
66,Rider,Ruben Xaus,36.89223070497215,0.542161443178973,25/07/2009 13:00:00,1,BMW S1000 RR [2009],World Superbikes,
66,Rider,Ruben Xaus,36.882676686394646,0.5428400496048883,25/07/2009 13:00:00,2,BMW S1000 RR [2009],World Superbikes,
66,Rider,Ruben Xaus,36.873040549954595,0.5435186909347626,25/09/2009 13:00:00,0,BMW S1000 RR [2009],World Superbikes,
66,Rider,Ruben Xaus,36.86394799707714,0.5442181023502223,26/09/2009 13:00:00,0,BMW S1000 RR [2009],World Superbikes,
66,Rider,Ruben Xaus,36.85604829900091,0.5449280090559447,02/10/2009 13:00:00,0,BMW S1000 RR [2009],World Superbikes,
66,Rider,Ruben Xaus,36.84894809979041,0.5456582752719726,02/10/2009 13:00:00,1,BMW S1000 RR [2009],World Superbikes,
66,Rider,Ruben Xaus,36.84147711955568,0.5464113394339282,03/10/2009 13:00:00,0,BMW S1000 RR [2009],World Superbikes,
66,Rider,Ruben Xaus,36.83380965969892,0.5471861366044568,03/10/2009 13:00:00,1,BMW S1000 RR [2009],World Superbikes,
66,Rider,Ruben Xaus,36.82676486126998,0.5479714866905363,23/10/2009 13:00:00,0,BMW S1000 RR [2009],World Superbikes,
66,Rider,Ruben Xaus,36.81894259364516,0.5487816353385747,23/10/2009 13:00:00,1,BMW S1000 RR [2009],World Superbikes,
66,Rider,Ruben Xaus,36.81148075335403,0.5496158158618871,24/10/2009 13:00:00,0,BMW S1000 RR [2009],World Superbikes,
66,Rider,Ruben Xaus,36.80544205224656,0.5504626276863495,25/02/2010 13:00:00,0,BMW S1000 RR [2010],World Superbikes,
66,Rider,Ruben Xaus,36.80130198041341,0.5513250749529186,26/02/2010 13:00:00,0,BMW S1000 RR [2010],World Superbikes,
66,Rider,Ruben Xaus,36.798244797032496,0.5522125619082259,26/02/2010 13:00:00,1,BMW S1000 RR [2010],World Superbikes,
66,Rider,Ruben Xaus,36.79607885726562,0.5531230266355621,26/02/2010 13:00:00,2,BMW S1000 RR [2010],World Superbikes,
66,Rider,Ruben Xaus,36.79526813234297,0.55404870315181,26/03/2010 13:00:00,0,BMW S1000 RR [2010],World Superbikes,
66,Rider,Ruben Xaus,36.79599659302295,0.5549960543941556,26/03/2010 13:00:00,1,BMW S1000 RR [2010],World Superbikes,
66,Rider,Ruben Xaus,36.796679595801265,0.5559717904403939,27/03/2010 13:00:00,0,BMW S1000 RR [2010],World Superbikes,
66,Rider,Ruben Xaus,36.79684217037589,0.5569769629661407,27/03/2010 13:00:00,1,BMW S1000 RR [2010],World Superbikes,
66,Rider,Ruben Xaus,36.79685306330366,0.5580082665272171,09/04/2010 13:00:00,0,BMW S1000 RR [2010],World Superbikes,
66,Rider,Ruben Xaus,36.797946245627855,0.5590654953079472,09/04/2010 13:00:00,1,BMW S1000 RR [2010],World Superbikes,
66,Rider,Ruben Xaus,36.80032299702991,0.5601474950041904,10/04/2010 13:00:00,0,BMW S1000 RR [2010],World Superbikes,
66,Rider,Ruben Xaus,36.80370396116138,0.5612557374350318,23/04/2010 13:00:00,0,BMW S1000 RR [2010],World Superbikes,
66,Rider,Ruben Xaus,36.80864207198793,0.5623862900359446,23/04/2010 13:00:00,1,BMW S1000 RR [2010],World Superbikes,
66,Rider,Ruben Xaus,36.813651161500744,0.5635491729196936,24/04/2010 13:00:00,0,BMW S1000 RR [2010],World Superbikes,
66,Rider,Ruben Xaus,36.817926064736305,0.5647450600528818,24/04/2010 13:00:00,1,BMW S1000 RR [2010],World Superbikes,
66,Rider,Ruben Xaus,36.822317914608234,0.5659706826027114,07/05/2010 13:00:00,0,BMW S1000 RR [2010],World Superbikes,
66,Rider,Ruben Xaus,36.82543085170322,0.5672293472128961,07/05/2010 13:00:00,1,BMW S1000 RR [2010],World Superbikes,
66,Rider,Ruben Xaus,36.82905510232941,0.5685223450250103,08/05/2010 13:00:00,0,BMW S1000 RR [2010],World Superbikes,
66,Rider,Ruben Xaus,36.83229874008135,0.5698512810039124,08/05/2010 13:00:00,1,BMW S1000 RR [2010],World Superbikes,
66,Rider,Ruben Xaus,36.834534816811015,0.5712142540856112,08/05/2010 13:00:00,2,BMW S1000 RR [2010],World Superbikes,
66,Rider,Ruben Xaus,36.836727501027326,0.5725971959686342,14/05/2010 13:00:00,0,BMW S1000 RR [2010],World Superbikes,
66,Rider,Ruben Xaus,36.83938234924244,0.5740162224275157,14/05/2010 13:00:00,1,BMW S1000 RR [2010],World Superbikes,
66,Rider,Ruben Xaus,36.843072245178675,0.5754704633254014,15/05/2010 13:00:00,0,BMW S1000 RR [2010],World Superbikes,
66,Rider,Ruben Xaus,36.84774957650895,0.5769594168574312,15/05/2010 13:00:00,1,BMW S1000 RR [2010],World Superbikes,
66,Rider,Ruben Xaus,36.853747603315995,0.578477419059428,29/05/2010 13:00:00,0,BMW S1000 RR [2010],World Superbikes,
66,Rider,Ruben Xaus,36.86062424829851,0.5800314918382715,29/05/2010 13:00:00,1,BMW S1000 RR [2010],World Superbikes,
66,Rider,Ruben Xaus,36.86832054114264,0.5816228510224135,30/05/2010 13:00:00,0,BMW S1000 RR [2010],World Superbikes,
66,Rider,Ruben Xaus,36.87650091512808,0.5832545470121715,30/05/2010 13:00:00,1,BMW S1000 RR [2010],World Superbikes,
66,Rider,Ruben Xaus,36.884214176771934,0.584927301541589,25/06/2010 13:00:00,0,BMW S1000 RR [2010],World Superbikes,
66,Rider,Ruben Xaus,36.8924900404645,0.5866424444059647,25/06/2010 13:00:00,1,BMW S1000 RR [2010],World Superbikes,
66,Rider,Ruben Xaus,36.899889899526954,0.5884032346332113,26/06/2010 13:00:00,0,BMW S1000 RR [2010],World Superbikes,
66,Rider,Ruben Xaus,36.90830804909164,0.5902038773336886,26/06/2010 13:00:00,1,BMW S1000 RR [2010],World Superbikes,
66,Rider,Ruben Xaus,36.916942211211996,0.5920482392640415,09/07/2010 13:00:00,0,BMW S1000 RR [2010],World Superbikes,
66,Rider,Ruben Xaus,36.92434118587097,0.5939383410857756,09/07/2010 13:00:00,1,BMW S1000 RR [2010],World Superbikes,
66,Rider,Ruben Xaus,36.93044614960912,0.5958756873415889,10/07/2010 13:00:00,0,BMW S1000 RR [2010],World Superbikes,
66,Rider,Ruben Xaus,36.9357731581089,0.5978611342559159,10/07/2010 13:00:00,1,BMW S1000 RR [2010],World Superbikes,
66,Rider,Ruben Xaus,36.938855093970055,0.5998848308340274,10/07/2010 13:00:00,2,BMW S1000 RR [2010],World Superbikes,
66,Rider,Ruben Xaus,36.94109701807985,0.6019465320577493,30/07/2010 13:00:00,0,BMW S1000 RR [2010],World Superbikes,
66,Rider,Ruben Xaus,36.944178473084435,0.6040578933419755,30/07/2010 13:00:00,1,BMW S1000 RR [2010],World Superbikes,
66,Rider,Ruben Xaus,36.94580195413909,0.6062202229176256,31/07/2010 13:00:00,0,BMW S1000 RR [2010],World Superbikes,
66,Rider,Ruben Xaus,36.948251782764316,0.608431977538948,31/07/2010 13:00:00,1,BMW S1000 RR [2010],World Superbikes,
66,Rider,Ruben Xaus,36.94951704380233,0.6106964834287275,31/07/2010 13:00:00,2,BMW S1000 RR [2010],World Superbikes,
66,Rider,Ruben Xaus,36.9518930099322,0.6129732335669461,03/09/2010 13:00:00,0,BMW S1000 RR [2010],World Superbikes,
66,Rider,Ruben Xaus,36.954789048773485,0.6153051673497952,03/09/2010 13:00:00,1,BMW S1000 RR [2010],World Superbikes,
66,Rider,Ruben Xaus,36.956943044988876,0.6176939544820852,04/09/2010 13:00:00,0,BMW S1000 RR [2010],World Superbikes,
66,Rider,Ruben Xaus,36.95842037799974,0.6201409170984737,04/09/2010 13:00:00,1,BMW S1000 RR [2010],World Superbikes,
66,Rider,Ruben Xaus,36.95990588427546,0.6226449105845653,24/09/2010 13:00:00,0,BMW S1000 RR [2010],World Superbikes,
66,Rider,Ruben Xaus,36.961115456570624,0.6252091075460118,25/09/2010 13:00:00,0,BMW S1000 RR [2010],World Superbikes,
66,Rider,Ruben Xaus,36.96130877343463,0.6278342136928051,25/09/2010 13:00:00,1,BMW S1000 RR [2010],World Superbikes,
66,Rider,Ruben Xaus,36.96050397156685,0.6305218584160724,25/09/2010 13:00:00,2,BMW S1000 RR [2010],World Superbikes,
66,Rider,Ruben Xaus,36.96104110058419,0.6332355821864901,01/10/2010 13:00:00,0,BMW S1000 RR [2010],World Superbikes,
66,Rider,Ruben Xaus,36.96284157996025,0.6360036427578601,01/10/2010 13:00:00,1,BMW S1000 RR [2010],World Superbikes,
66,Rider,Ruben Xaus,36.96393187760496,0.6388381098769977,02/10/2010 13:00:00,0,BMW S1000 RR [2010],World Superbikes,
66,Rider,Ruben Xaus,36.965076158125115,0.6417387759724918,02/10/2010 13:00:00,1,BMW S1000 RR [2010],World Superbikes,
66,Rider,Ruben Xaus,36.96622028016308,0.6447044001759807,24/02/2011 13:00:00,0,Honda CBR1000RR [2011],World Superbikes,
66,Rider,Ruben Xaus,36.968067967058126,0.6477327412436246,25/02/2011 13:00:00,0,Honda CBR1000RR [2011],World Superbikes,
66,Rider,Ruben Xaus,36.96913292903072,0.6508317814695715,25/02/2011 13:00:00,1,Honda CBR1000RR [2011],World Superbikes,
66,Rider,Ruben Xaus,36.97144006479253,0.6539620321137793,25/03/2011 13:00:00,0,Honda CBR1000RR [2011],World Superbikes,
66,Rider,Ruben Xaus,36.97214320363118,0.6571645014400951,25/03/2011 13:00:00,1,Honda CBR1000RR [2011],World Superbikes,
66,Rider,Ruben Xaus,36.97148270183922,0.6604422174555475,26/03/2011 13:00:00,0,Honda CBR1000RR [2011],World Superbikes,
66,Rider,Ruben Xaus,36.97201445275945,0.663751553705467,15/04/2011 13:00:00,0,Honda CBR1000RR [2011],World Superbikes,
66,Rider,Ruben Xaus,36.97205215895703,0.6671355208513114,15/04/2011 13:00:00,1,Honda CBR1000RR [2011],World Superbikes,
66,Rider,Ruben Xaus,36.9701138847611,0.6705973329997781,16/04/2011 13:00:00,0,Honda CBR1000RR [2011],World Superbikes,
66,Rider,Ruben Xaus,36.9680570514304,0.6741284496314917,06/05/2011 13:00:00,0,Honda CBR1000RR [2011],World Superbikes,
66,Rider,Ruben Xaus,36.96581480510545,0.6777364594678236,06/05/2011 13:00:00,1,Honda CBR1000RR [2011],World Superbikes,
66,Rider,Ruben Xaus,36.96391063269392,0.6814171532422363,28/05/2011 13:00:00,0,Honda CBR1000RR [2011],World Superbikes,
66,Rider,Ruben Xaus,36.96141906412321,0.6851796164881846,28/05/2011 13:00:00,1,Honda CBR1000RR [2011],World Superbikes,
66,Rider,Ruben Xaus,36.95778776576834,0.689027007212114,29/05/2011 13:00:00,0,Honda CBR1000RR [2011],World Superbikes,
66,Rider,Ruben Xaus,36.95416198848266,0.692948661003415,10/06/2011 13:00:00,0,Honda CBR1000RR [2011],World Superbikes,
66,Rider,Ruben Xaus,36.950734799760006,0.6969548741909983,10/06/2011 13:00:00,1,Honda CBR1000RR [2011],World Superbikes,
66,Rider,Ruben Xaus,36.94643658171968,0.7010504161220248,11/06/2011 13:00:00,0,Honda CBR1000RR [2011],World Superbikes,
66,Rider,Ruben Xaus,36.943330027077344,0.7051908292479813,17/06/2011 13:00:00,0,Honda CBR1000RR [2011],World Superbikes,
66,Rider,Ruben Xaus,36.939704710384206,0.7094216218741122,17/06/2011 13:00:00,1,Honda CBR1000RR [2011],World Superbikes,
66,Rider,Ruben Xaus,36.936477641529784,0.7137380908456037,08/07/2011 13:00:00,0,Honda CBR1000RR [2011],World Superbikes,
66,Rider,Ruben Xaus,36.93351703460312,0.718146200805661,08/07/2011 13:00:00,1,Honda CBR1000RR [2011],World Superbikes,
66,Rider,Ruben Xaus,36.93086649228386,0.7226470930745084,23/09/2011 13:00:00,0,Honda CBR1000RR [2011],World Superbikes,
66,Rider,Ruben Xaus,36.92843125027998,0.7272439401061143,23/09/2011 13:00:00,1,Honda CBR1000RR [2011],World Superbikes,
67,Rider,Jonnie Ekerold,22.20469081884098,1.4742690496324435,06/06/1998 13:00:00,0,Kawasaki [1998],World Superbikes,
67,Rider,Jonnie Ekerold,22.20321765179953,1.4722920907135018,06/06/1998 13:00:00,1,Kawasaki [1998],World Superbikes,
67,Rider,Jonnie Ekerold,22.199658186632828,1.4705551968048276,12/06/1999 13:00:00,0,Kawasaki [1999],World Superbikes,
67,Rider,Jonnie Ekerold,22.196906361113708,1.4690412835488846,12/06/1999 13:00:00,1,Kawasaki [1999],World Superbikes,
67,Rider,Jonnie Ekerold,22.193699683243754,1.467764813859517,04/09/1999 13:00:00,0,Kawasaki [1999],World Superbikes,
67,Rider,Jonnie Ekerold,22.189792783986363,1.4667283287625823,04/09/1999 13:00:00,1,Kawasaki [1999],World Superbikes,
67,Rider,Jonnie Ekerold,22.185251451072627,1.4659314313548615,01/04/2000 13:00:00,0,Honda VTR 1000 [2000],World Superbikes,
67,Rider,Jonnie Ekerold,22.181168546573666,1.4653425103531674,01/04/2000 13:00:00,1,Honda VTR 1000 [2000],World Superbikes,
67,Rider,Jonnie Ekerold,22.177429480288737,1.4649640665556938,22/04/2000 13:00:00,0,Honda VTR 1000 [2000],World Superbikes,
67,Rider,Jonnie Ekerold,22.173252962724025,1.4648208974887234,22/04/2000 13:00:00,1,Honda VTR 1000 [2000],World Superbikes,
67,Rider,Jonnie Ekerold,22.1684047827677,1.4649155520079615,29/04/2000 13:00:00,0,Honda VTR 1000 [2000],World Superbikes,
67,Rider,Jonnie Ekerold,22.16353847547888,1.4652252743174885,29/04/2000 13:00:00,1,Honda VTR 1000 [2000],World Superbikes,
67,Rider,Jonnie Ekerold,22.159153531751425,1.465739544567805,13/05/2000 13:00:00,0,Honda VTR 1000 [2000],World Superbikes,
67,Rider,Jonnie Ekerold,22.15554342168003,1.4664620845197662,13/05/2000 13:00:00,1,Honda VTR 1000 [2000],World Superbikes,
67,Rider,Jonnie Ekerold,22.15267144776238,1.4673926175460434,20/05/2000 13:00:00,0,Honda VTR 1000 [2000],World Superbikes,
67,Rider,Jonnie Ekerold,22.15046149309693,1.4685008755442988,20/05/2000 13:00:00,1,Honda VTR 1000 [2000],World Superbikes,
67,Rider,Jonnie Ekerold,22.149190407277867,1.4697971154683183,03/06/2000 13:00:00,0,Honda VTR 1000 [2000],World Superbikes,
67,Rider,Jonnie Ekerold,22.14838905230734,1.4713139717122212,03/06/2000 13:00:00,1,Honda VTR 1000 [2000],World Superbikes,
67,Rider,Jonnie Ekerold,22.147639890043266,1.473059631128267,17/06/2000 13:00:00,0,Honda VTR 1000 [2000],World Superbikes,
67,Rider,Jonnie Ekerold,22.147103752211006,1.4750387549232897,17/06/2000 13:00:00,1,Honda VTR 1000 [2000],World Superbikes,
68,Rider,Robert Hueber,25.095466365295362,3.6748929018460217,06/06/1998 13:00:00,0,Kawasaki [1998],World Superbikes,
68,Rider,Robert Hueber,25.095532125614024,3.6748893482846245,06/06/1998 13:00:00,1,Kawasaki [1998],World Superbikes,
69,Rider,Franky Heidger,23.82597310191686,3.6876692532622752,06/06/1998 13:00:00,0,Kawasaki [1998],World Superbikes,
69,Rider,Franky Heidger,23.826038058752097,3.6876653804527173,06/06/1998 13:00:00,1,Kawasaki [1998],World Superbikes,
70,Rider,Uwe Pollheide,20.102621217936104,3.7437167178244164,06/06/1998 13:00:00,0,Kawasaki [1998],World Superbikes,
70,Rider,Uwe Pollheide,20.102487016980483,3.7437146383920603,06/06/1998 13:00:00,1,Kawasaki [1998],World Superbikes,
71,Rider,Lothar Kraus,9.703943577869007,2.7590994235370734,06/06/1998 13:00:00,0,Kawasaki [1998],World Superbikes,
71,Rider,Lothar Kraus,9.703118048657732,2.7583412164538763,06/06/1998 13:00:00,1,Kawasaki [1998],World Superbikes,
71,Rider,Lothar Kraus,9.701524842452676,2.757975612394963,12/06/1999 13:00:00,0,Kawasaki [1999],World Superbikes,
71,Rider,Lothar Kraus,9.701264814773616,2.757893916240271,12/06/1999 13:00:00,1,Kawasaki [1999],World Superbikes,
71,Rider,Lothar Kraus,9.701565419549205,2.7581685662341724,11/09/1999 13:00:00,0,Kawasaki [1999],World Superbikes,
71,Rider,Lothar Kraus,9.701591432073421,2.758852140115836,11/09/1999 13:00:00,1,Kawasaki [1999],World Superbikes,
72,Rider,Norman Manz,9.080294941053246,3.304459590657911,06/06/1998 13:00:00,1,Suzuki GSX-R 750 [1998],World Superbikes,
72,Rider,Norman Manz,9.080678294796751,3.3041400025500436,11/09/1999 13:00:00,0,Suzuki GSX-R 750 [1999],World Superbikes,
72,Rider,Norman Manz,9.081469676369776,3.304344889150701,11/09/1999 13:00:00,1,Suzuki GSX-R 750 [1999],World Superbikes,
73,Rider,Massimo Accornero,19.544091656967954,3.583200926125994,20/06/1998 13:00:00,0,Suzuki GSX-R 750 [1998],World Superbikes,
73,Rider,Massimo Accornero,19.543869283013635,3.5832023321759556,20/06/1998 13:00:00,1,Suzuki GSX-R 750 [1998],World Superbikes,
74,Rider,Marco Dall'Aglio,20.464014601082074,3.6163859920618546,20/06/1998 13:00:00,0,Yamaha [1998],World Superbikes,
74,Rider,Marco Dall'Aglio,20.463928555571016,3.61638801168799,20/06/1998 13:00:00,1,Yamaha [1998],World Superbikes,
75,Rider,Stavros Stavroulakis,8.998484732416438,2.5767246603274954,20/06/1998 13:00:00,0,Ducati [1998],World Superbikes,
75,Rider,Stavros Stavroulakis,8.996403371330212,2.576056410910618,20/06/1998 13:00:00,1,Ducati [1998],World Superbikes,
75,Rider,Stavros Stavroulakis,8.995834356558444,2.575681925689119,29/05/1999 13:00:00,0,Ducati [1999],World Superbikes,
75,Rider,Stavros Stavroulakis,8.995993637429127,2.5756528798302005,29/05/1999 13:00:00,1,Ducati [1999],World Superbikes,
75,Rider,Stavros Stavroulakis,8.995873432472395,2.576024398864035,26/06/1999 13:00:00,0,Ducati [1999],World Superbikes,
75,Rider,Stavros Stavroulakis,8.996640152455733,2.5767460493604624,26/06/1999 13:00:00,1,Ducati [1999],World Superbikes,
76,Rider,Enzo Chiapello,15.604341521742478,3.788569612882304,20/06/1998 13:00:00,0,Kawasaki [1998],World Superbikes,
76,Rider,Enzo Chiapello,15.604293658196978,3.7885717362673264,20/06/1998 13:00:00,1,Kawasaki [1998],World Superbikes,
77,Rider,Noel Haarhoff,21.73517567849754,3.724180313967215,04/07/1998 13:00:00,0,Ducati [1998],World Superbikes,
77,Rider,Noel Haarhoff,21.73515165004842,3.724179004881538,04/07/1998 13:00:00,1,Ducati [1998],World Superbikes,
78,Rider,Clinton Pienaar,17.753690546136568,3.887501723412987,04/07/1998 13:00:00,0,Ducati [1998],World Superbikes,
78,Rider,Clinton Pienaar,17.753678616212504,3.887499999798739,04/07/1998 13:00:00,1,Ducati [1998],World Superbikes,
79,Rider,Issy Zimmerman,14.39166040794673,4.242717000093382,04/07/1998 13:00:00,0,Ducati [1998],World Superbikes,
79,Rider,Issy Zimmerman,14.391653219309696,4.242715093294665,04/07/1998 13:00:00,1,Ducati [1998],World Superbikes,
80,Rider,Mathew Mladin,44.61854686533847,2.1566435785937688,11/07/1998 13:00:00,0,Suzuki GSX-R 750 [1998],World Superbikes,
80,Rider,Mathew Mladin,44.619438161449196,2.1555703250341334,11/07/1998 13:00:00,1,Suzuki GSX-R 750 [1998],World Superbikes,
80,Rider,Mathew Mladin,44.62057277001734,2.154864682393539,11/07/1998 13:00:00,2,Suzuki GSX-R 750 [1998],World Superbikes,
80,Rider,Mathew Mladin,44.62081166878546,2.1544721849834674,12/07/2002 13:00:00,0,Suzuki GSX-R750 Y [2002],World Superbikes,
80,Rider,Mathew Mladin,44.62029257645958,2.1544382486381437,13/07/2002 13:00:00,0,Suzuki GSX-R750 Y [2002],World Superbikes,
80,Rider,Mathew Mladin,44.620780901689,2.1547777151775938,13/07/2002 13:00:00,1,Suzuki GSX-R750 Y [2002],World Superbikes,
80,Rider,Mathew Mladin,44.622194686230195,2.155477127000065,11/07/2003 13:00:00,0,Suzuki GSX 1000R [2003],World Superbikes,
80,Rider,Mathew Mladin,44.62251837623468,2.1564055061438694,12/07/2003 13:00:00,0,Suzuki GSX 1000R [2003],World Superbikes,
80,Rider,Mathew Mladin,44.62166868296209,2.157567442674909,12/07/2003 13:00:00,1,Suzuki GSX 1000R [2003],World Superbikes,
81,Rider,Doug Chandler,42.223767984606326,2.109314735119853,11/07/1998 13:00:00,0,Kawasaki ZX7R 750 [1998],World Superbikes,
81,Rider,Doug Chandler,42.22406008773691,2.108217979198852,11/07/1998 13:00:00,1,Kawasaki ZX7R 750 [1998],World Superbikes,
81,Rider,Doug Chandler,42.22206086603443,2.107410035397528,11/07/1998 13:00:00,2,Kawasaki ZX7R 750 [1998],World Superbikes,
81,Rider,Doug Chandler,42.21981893144482,2.106952220909863,06/07/2001 13:00:00,0,Kawasaki ZX-7 RR [2001],World Superbikes,
81,Rider,Doug Chandler,42.217248763224966,2.106858397449414,07/07/2001 13:00:00,0,Kawasaki ZX-7 RR [2001],World Superbikes,
81,Rider,Doug Chandler,42.21397169931306,2.1071247208313313,07/07/2001 13:00:00,1,Kawasaki ZX-7 RR [2001],World Superbikes,
81,Rider,Doug Chandler,42.211258251373955,2.1077514567803504,12/07/2002 13:00:00,0,Ducati 998 R [2002],World Superbikes,
81,Rider,Doug Chandler,42.20855785676711,2.1086543932799113,13/07/2002 13:00:00,0,Ducati 998 R [2002],World Superbikes,
81,Rider,Doug Chandler,42.205494741594414,2.109833629153259,13/07/2002 13:00:00,1,Ducati 998 R [2002],World Superbikes,
82,Rider,Jamie Hacking,35.281719294117856,1.625860481122066,11/07/1998 13:00:00,0,Yamaha [1998],World Superbikes,
82,Rider,Jamie Hacking,35.280936742597845,1.6241595230739834,11/07/1998 13:00:00,1,Yamaha [1998],World Superbikes,
82,Rider,Jamie Hacking,35.2793872609294,1.6227293069415931,10/07/1999 13:00:00,0,Yamaha [1999],World Superbikes,
82,Rider,Jamie Hacking,35.27727507266431,1.6215676536562234,10/07/1999 13:00:00,1,Yamaha [1999],World Superbikes,
82,Rider,Jamie Hacking,35.275084517099046,1.620676923144082,10/07/1999 13:00:00,2,Yamaha [1999],World Superbikes,
82,Rider,Jamie Hacking,35.27232707223683,1.6200418074731537,29/05/2009 13:00:00,0,Kawasaki ZX 10R [2009],World Superbikes,
82,Rider,Jamie Hacking,35.26826093836421,1.6196891548720316,29/05/2009 13:00:00,1,Kawasaki ZX 10R [2009],World Superbikes,
82,Rider,Jamie Hacking,35.26387879527755,1.6196257299989931,30/05/2009 13:00:00,0,Kawasaki ZX 10R [2009],World Superbikes,
82,Rider,Jamie Hacking,35.256526028273676,1.6197936425107986,30/05/2009 13:00:00,1,Kawasaki ZX 10R [2009],World Superbikes,
82,Rider,Jamie Hacking,35.24846177116615,1.62024223348816,30/05/2009 13:00:00,2,Kawasaki ZX 10R [2009],World Superbikes,
82,Rider,Jamie Hacking,35.24200492742576,1.6208700183341278,19/06/2009 13:00:00,0,Kawasaki ZX 10R [2009],World Superbikes,
82,Rider,Jamie Hacking,35.23649297678739,1.621783628234872,19/06/2009 13:00:00,1,Kawasaki ZX 10R [2009],World Superbikes,
82,Rider,Jamie Hacking,35.22925701488023,1.622976342707778,20/06/2009 13:00:00,0,Kawasaki ZX 10R [2009],World Superbikes,
82,Rider,Jamie Hacking,35.22430964266991,1.624389016418931,26/06/2009 13:00:00,0,Kawasaki ZX 10R [2009],World Superbikes,
82,Rider,Jamie Hacking,35.22131997931891,1.6260804091203998,26/06/2009 13:00:00,1,Kawasaki ZX 10R [2009],World Superbikes,
83,Rider,Aaron Yates,40.091178137854875,2.0334289786795887,11/07/1998 13:00:00,0,Suzuki GSX-R 750 [1998],World Superbikes,
83,Rider,Aaron Yates,40.09284966032634,2.0322783724358064,11/07/1998 13:00:00,1,Suzuki GSX-R 750 [1998],World Superbikes,
83,Rider,Aaron Yates,40.09488107967273,2.0314777283119576,11/07/1998 13:00:00,2,Suzuki GSX-R 750 [1998],World Superbikes,
83,Rider,Aaron Yates,40.09844672538349,2.030998609082882,12/07/2002 13:00:00,0,Suzuki GSX-R750 Y [2002],World Superbikes,
83,Rider,Aaron Yates,40.101134911863774,2.030868727295446,13/07/2002 13:00:00,0,Suzuki GSX-R750 Y [2002],World Superbikes,
83,Rider,Aaron Yates,40.10256647666097,2.031079005483074,13/07/2002 13:00:00,1,Suzuki GSX-R750 Y [2002],World Superbikes,
83,Rider,Aaron Yates,40.10306103667289,2.0316305573813094,11/07/2003 13:00:00,0,Suzuki GSX 1000R [2003],World Superbikes,
83,Rider,Aaron Yates,40.102988899183735,2.032505075803654,12/07/2003 13:00:00,0,Suzuki GSX 1000R [2003],World Superbikes,
83,Rider,Aaron Yates,40.10173795115226,2.0336770030199336,12/07/2003 13:00:00,1,Suzuki GSX 1000R [2003],World Superbikes,
84,Rider,Ben Bostrom,35.6811413286178,0.7454092631836362,11/07/1998 13:00:00,0,Honda [1998],World Superbikes,
84,Rider,Ben Bostrom,35.68318247972523,0.740934561518657,11/07/1998 13:00:00,1,Honda [1998],World Superbikes,
84,Rider,Ben Bostrom,35.68469833951667,0.7365558321574667,11/07/1998 13:00:00,2,Honda [1998],World Superbikes,
84,Rider,Ben Bostrom,35.686280133719954,0.7322647489904396,10/07/1999 13:00:00,0,Ducati 996 [1999],World Superbikes,
84,Rider,Ben Bostrom,35.686851189745255,0.7280304074426289,10/07/1999 13:00:00,1,Ducati 996 [1999],World Superbikes,
84,Rider,Ben Bostrom,35.68653653420576,0.7238520981060964,10/07/1999 13:00:00,2,Ducati 996 [1999],World Superbikes,
84,Rider,Ben Bostrom,35.68593042588373,0.7197304779571398,01/04/2000 13:00:00,0,Ducati 996 [2000],World Superbikes,
84,Rider,Ben Bostrom,35.68662091111235,0.7157027238022892,01/04/2000 13:00:00,1,Ducati 996 [2000],World Superbikes,
84,Rider,Ben Bostrom,35.68787039081141,0.7117652969703661,01/04/2000 13:00:00,2,Ducati 996 [2000],World Superbikes,
84,Rider,Ben Bostrom,35.691084733419125,0.7079130857824516,22/04/2000 13:00:00,0,Ducati 996 [2000],World Superbikes,
84,Rider,Ben Bostrom,35.697261471245284,0.704148519157451,22/04/2000 13:00:00,1,Ducati 996 [2000],World Superbikes,
84,Rider,Ben Bostrom,35.705132403784376,0.7004727377192574,22/04/2000 13:00:00,2,Ducati 996 [2000],World Superbikes,
84,Rider,Ben Bostrom,35.714727595101614,0.6968785827063753,29/04/2000 13:00:00,0,Ducati 996 [2000],World Superbikes,
84,Rider,Ben Bostrom,35.725823108988436,0.6933722716806745,29/04/2000 13:00:00,1,Ducati 996 [2000],World Superbikes,
84,Rider,Ben Bostrom,35.73706433310458,0.6899528914084329,29/04/2000 13:00:00,2,Ducati 996 [2000],World Superbikes,
84,Rider,Ben Bostrom,35.74901015049465,0.6866085155091735,13/05/2000 13:00:00,0,Ducati 996 [2000],World Superbikes,
84,Rider,Ben Bostrom,35.7618627991147,0.6833495294920993,13/05/2000 13:00:00,1,Ducati 996 [2000],World Superbikes,
84,Rider,Ben Bostrom,35.77566516511003,0.6801750862997143,13/05/2000 13:00:00,2,Ducati 996 [2000],World Superbikes,
84,Rider,Ben Bostrom,35.790198186709944,0.6770771397350567,20/05/2000 13:00:00,0,Ducati 996 [2000],World Superbikes,
84,Rider,Ben Bostrom,35.80576408083906,0.6740596351911923,20/05/2000 13:00:00,1,Ducati 996 [2000],World Superbikes,
84,Rider,Ben Bostrom,35.82266624778412,0.6711221818301433,20/05/2000 13:00:00,2,Ducati 996 [2000],World Superbikes,
84,Rider,Ben Bostrom,35.840649921254794,0.6682576673747144,03/06/2000 13:00:00,0,Ducati 996 RS [2000],World Superbikes,
84,Rider,Ben Bostrom,35.859672599505195,0.6654718831391842,03/06/2000 13:00:00,1,Ducati 996 RS [2000],World Superbikes,
84,Rider,Ben Bostrom,35.87828993918874,0.6627632545420499,03/06/2000 13:00:00,2,Ducati 996 RS [2000],World Superbikes,
84,Rider,Ben Bostrom,35.89798153465452,0.660121654033944,17/06/2000 13:00:00,0,Ducati 996 RS [2000],World Superbikes,
84,Rider,Ben Bostrom,35.91729968921748,0.6575540827361162,17/06/2000 13:00:00,1,Ducati 996 RS [2000],World Superbikes,
84,Rider,Ben Bostrom,35.93461648815446,0.6550515063931901,17/06/2000 13:00:00,2,Ducati 996 RS [2000],World Superbikes,
84,Rider,Ben Bostrom,35.95426034901809,0.6525936133087774,24/06/2000 13:00:00,0,Ducati 996 RS [2000],World Superbikes,
84,Rider,Ben Bostrom,35.9723065100851,0.6502028234834921,24/06/2000 13:00:00,1,Ducati 996 RS [2000],World Superbikes,
84,Rider,Ben Bostrom,35.98961175834852,0.6478814044218993,24/06/2000 13:00:00,2,Ducati 996 RS [2000],World Superbikes,
84,Rider,Ben Bostrom,36.00623004756591,0.6456278532755828,08/07/2000 13:00:00,0,Ducati 996 RS [2000],World Superbikes,
84,Rider,Ben Bostrom,36.02027600810181,0.6434304267908685,08/07/2000 13:00:00,1,Ducati 996 RS [2000],World Superbikes,
84,Rider,Ben Bostrom,36.03132169052425,0.6412805648486897,08/07/2000 13:00:00,2,Ducati 996 RS [2000],World Superbikes,
84,Rider,Ben Bostrom,36.040955736304994,0.6391913370098632,05/08/2000 13:00:00,0,Ducati 996 RS [2000],World Superbikes,
84,Rider,Ben Bostrom,36.0507775326315,0.6371680512938066,05/08/2000 13:00:00,1,Ducati 996 RS [2000],World Superbikes,
84,Rider,Ben Bostrom,36.06032019758114,0.6352101712185622,05/08/2000 13:00:00,2,Ducati 996 RS [2000],World Superbikes,
84,Rider,Ben Bostrom,36.06984294814001,0.6333053980542676,02/09/2000 13:00:00,0,Ducati 996 RS [2000],World Superbikes,
84,Rider,Ben Bostrom,36.07987865653217,0.6314650297306347,02/09/2000 13:00:00,1,Ducati 996 RS [2000],World Superbikes,
84,Rider,Ben Bostrom,36.08985838095465,0.6296871127598123,02/09/2000 13:00:00,2,Ducati 996 RS [2000],World Superbikes,
84,Rider,Ben Bostrom,36.10136925246642,0.6279601226347531,09/09/2000 13:00:00,0,Ducati 996 RS [2000],World Superbikes,
84,Rider,Ben Bostrom,36.113179459101666,0.6262970144703132,09/09/2000 13:00:00,1,Ducati 996 RS [2000],World Superbikes,
84,Rider,Ben Bostrom,36.12550352980658,0.624697659296816,14/10/2000 13:00:00,0,Ducati 996 RS [2000],World Superbikes,
84,Rider,Ben Bostrom,36.13750497962255,0.623159288697894,14/10/2000 13:00:00,1,Ducati 996 RS [2000],World Superbikes,
84,Rider,Ben Bostrom,36.15050742044955,0.6216824687764771,14/10/2000 13:00:00,2,Ducati 996 RS [2000],World Superbikes,
84,Rider,Ben Bostrom,36.163315625543596,0.6202607598384369,09/03/2001 13:00:00,0,Ducati 996 R F01 [2001],World Superbikes,
84,Rider,Ben Bostrom,36.17604562193839,0.6188966951568718,09/03/2001 13:00:00,1,Ducati 996 R F01 [2001],World Superbikes,
84,Rider,Ben Bostrom,36.18912448450307,0.6175901203835903,10/03/2001 13:00:00,0,Ducati 996 R F01 [2001],World Superbikes,
84,Rider,Ben Bostrom,36.20181370088022,0.6163351977743531,29/03/2001 13:00:00,0,Ducati 996 R F01 [2001],World Superbikes,
84,Rider,Ben Bostrom,36.212596851838235,0.6151114003601561,30/03/2001 13:00:00,0,Ducati 996 R F01 [2001],World Superbikes,
84,Rider,Ben Bostrom,36.221286928079195,0.6139171925760577,31/03/2001 13:00:00,0,Ducati 996 R F01 [2001],World Superbikes,
84,Rider,Ben Bostrom,36.227836160967094,0.6127517137421769,19/04/2001 13:00:00,0,Ducati 996 R F01 [2001],World Superbikes,
84,Rider,Ben Bostrom,36.23424896459902,0.6116390856341495,20/04/2001 13:00:00,0,Ducati 996 R F01 [2001],World Superbikes,
84,Rider,Ben Bostrom,36.24358816919928,0.6105826185583245,20/04/2001 13:00:00,1,Ducati 996 R F01 [2001],World Superbikes,
84,Rider,Ben Bostrom,36.25230164374736,0.6095725854691806,26/04/2001 13:00:00,0,Ducati 996 R F01 [2001],World Superbikes,
84,Rider,Ben Bostrom,36.261398474989186,0.608619334295112,27/04/2001 13:00:00,0,Ducati 996 R F01 [2001],World Superbikes,
84,Rider,Ben Bostrom,36.27146026105272,0.6077226195301901,27/04/2001 13:00:00,1,Ducati 996 R F01 [2001],World Superbikes,
84,Rider,Ben Bostrom,36.28091780034232,0.6068752313694069,10/05/2001 13:00:00,0,Ducati 996 R F01 [2001],World Superbikes,
84,Rider,Ben Bostrom,36.28892491939196,0.6060647795368188,11/05/2001 13:00:00,0,Ducati 996 R F01 [2001],World Superbikes,
84,Rider,Ben Bostrom,36.29649429245415,0.605302746643381,12/05/2001 13:00:00,0,Ducati 996 R F01 [2001],World Superbikes,
84,Rider,Ben Bostrom,36.30346286348726,0.6045867392948412,25/05/2001 13:00:00,0,Ducati 996 R F01 [2001],World Superbikes,
84,Rider,Ben Bostrom,36.31031454036339,0.6039222137787577,25/05/2001 13:00:00,1,Ducati 996 R F01 [2001],World Superbikes,
84,Rider,Ben Bostrom,36.31807467378437,0.6033103369328717,26/05/2001 13:00:00,0,Ducati 996 R F01 [2001],World Superbikes,
84,Rider,Ben Bostrom,36.324628251597545,0.6027414748285602,07/06/2001 13:00:00,0,Ducati 996 R F01 [2001],World Superbikes,
84,Rider,Ben Bostrom,36.33357142335735,0.6022257801268734,08/06/2001 13:00:00,0,Ducati 996 R F01 [2001],World Superbikes,
84,Rider,Ben Bostrom,36.34430285253821,0.6017617526946472,09/06/2001 13:00:00,0,Ducati 996 R F01 [2001],World Superbikes,
84,Rider,Ben Bostrom,36.35485392122103,0.6013436438289022,21/06/2001 13:00:00,0,Ducati 996 R F01 [2001],World Superbikes,
84,Rider,Ben Bostrom,36.36396184580261,0.6009603064357597,22/06/2001 13:00:00,0,Ducati 996 R F01 [2001],World Superbikes,
84,Rider,Ben Bostrom,36.37276862714108,0.6006250633647894,23/06/2001 13:00:00,0,Ducati 996 R F01 [2001],World Superbikes,
84,Rider,Ben Bostrom,36.38101095625032,0.6003321690791676,06/07/2001 13:00:00,0,Ducati 996 R F01 [2001],World Superbikes,
84,Rider,Ben Bostrom,36.38717082637519,0.6000657553629258,07/07/2001 13:00:00,0,Ducati 996 R F01 [2001],World Superbikes,
84,Rider,Ben Bostrom,36.391768271788315,0.59983570752952,07/07/2001 13:00:00,1,Ducati 996 R F01 [2001],World Superbikes,
84,Rider,Ben Bostrom,36.3943215861659,0.5996302148981311,27/07/2001 13:00:00,0,Ducati 996 R F01 [2001],World Superbikes,
84,Rider,Ben Bostrom,36.396247911652885,0.5994724966216307,27/07/2001 13:00:00,1,Ducati 996 R F01 [2001],World Superbikes,
84,Rider,Ben Bostrom,36.398747597304826,0.5993650966092738,28/07/2001 13:00:00,0,Ducati 996 R F01 [2001],World Superbikes,
84,Rider,Ben Bostrom,36.40019647489695,0.5992994448811848,30/08/2001 13:00:00,0,Ducati 996 R F01 [2001],World Superbikes,
84,Rider,Ben Bostrom,36.40058016843339,0.5992735192922809,31/08/2001 13:00:00,0,Ducati 996 R F01 [2001],World Superbikes,
84,Rider,Ben Bostrom,36.398945121480324,0.5992705123951055,01/09/2001 13:00:00,0,Ducati 996 R F01 [2001],World Superbikes,
84,Rider,Ben Bostrom,36.3968811348274,0.599311374273334,06/09/2001 13:00:00,0,Ducati 996 R F01 [2001],World Superbikes,
84,Rider,Ben Bostrom,36.39579771620745,0.59940145228951,07/09/2001 13:00:00,0,Ducati 996 R F01 [2001],World Superbikes,
84,Rider,Ben Bostrom,36.39574709017642,0.5995400624125045,08/09/2001 13:00:00,0,Ducati 996 R F01 [2001],World Superbikes,
84,Rider,Ben Bostrom,36.39700794953666,0.5997243491212718,27/09/2001 13:00:00,0,Ducati 996 R F01 [2001],World Superbikes,
84,Rider,Ben Bostrom,36.39628305298491,0.5999326082771077,28/09/2001 13:00:00,0,Ducati 996 R F01 [2001],World Superbikes,
84,Rider,Ben Bostrom,36.395050166242044,0.6001848937407901,29/09/2001 13:00:00,0,Ducati 996 R F01 [2001],World Superbikes,
84,Rider,Ben Bostrom,36.393649185743286,0.6004801382625514,08/03/2002 13:00:00,0,Ducati 998 F02 [2002],World Superbikes,
84,Rider,Ben Bostrom,36.39214528896864,0.6008171900769678,08/03/2002 13:00:00,1,Ducati 998 F02 [2002],World Superbikes,
84,Rider,Ben Bostrom,36.388584790950816,0.6011734240405066,09/03/2002 13:00:00,0,Ducati 998 F02 [2002],World Superbikes,
84,Rider,Ben Bostrom,36.38367144616366,0.6015598846436857,21/03/2002 13:00:00,0,Ducati 998 F02 [2002],World Superbikes,
84,Rider,Ben Bostrom,36.37932880552496,0.6019925495587493,22/03/2002 13:00:00,0,Ducati 998 F02 [2002],World Superbikes,
84,Rider,Ben Bostrom,36.374694970177764,0.6024643639058241,22/03/2002 13:00:00,1,Ducati 998 F02 [2002],World Superbikes,
84,Rider,Ben Bostrom,36.37005544470519,0.6029775752983474,04/04/2002 13:00:00,0,Ducati 998 F02 [2002],World Superbikes,
84,Rider,Ben Bostrom,36.36455872472369,0.6035254344607868,05/04/2002 13:00:00,0,Ducati 998 F02 [2002],World Superbikes,
84,Rider,Ben Bostrom,36.35709301791895,0.6040928580185052,06/04/2002 13:00:00,0,Ducati 998 F02 [2002],World Superbikes,
84,Rider,Ben Bostrom,36.34892077832853,0.6046941315693187,18/04/2002 13:00:00,0,Ducati 998 F02 [2002],World Superbikes,
84,Rider,Ben Bostrom,36.34052300523716,0.6053440120972827,19/04/2002 13:00:00,0,Ducati 998 F02 [2002],World Superbikes,
84,Rider,Ben Bostrom,36.33170689552114,0.6060415778778079,19/04/2002 13:00:00,1,Ducati 998 F02 [2002],World Superbikes,
84,Rider,Ben Bostrom,36.322225726047805,0.6067861797758596,09/05/2002 13:00:00,0,Ducati 998 F02 [2002],World Superbikes,
84,Rider,Ben Bostrom,36.31239081924238,0.6075714987648254,10/05/2002 13:00:00,0,Ducati 998 F02 [2002],World Superbikes,
84,Rider,Ben Bostrom,36.30417361336419,0.6084077602615056,11/05/2002 13:00:00,0,Ducati 998 F02 [2002],World Superbikes,
84,Rider,Ben Bostrom,36.29794851349092,0.6092920065974284,24/05/2002 13:00:00,0,Ducati 998 F02 [2002],World Superbikes,
84,Rider,Ben Bostrom,36.29085263482325,0.6102206028471244,24/05/2002 13:00:00,1,Ducati 998 F02 [2002],World Superbikes,
84,Rider,Ben Bostrom,36.28434502846389,0.6112019329552634,25/05/2002 13:00:00,0,Ducati 998 F02 [2002],World Superbikes,
84,Rider,Ben Bostrom,36.27984758372228,0.6122313847960144,06/06/2002 13:00:00,0,Ducati 998 F02 [2002],World Superbikes,
84,Rider,Ben Bostrom,36.273765267648415,0.6132829644395377,07/06/2002 13:00:00,0,Ducati 998 F02 [2002],World Superbikes,
84,Rider,Ben Bostrom,36.26723922907588,0.6143774225304962,08/06/2002 13:00:00,0,Ducati 998 F02 [2002],World Superbikes,
84,Rider,Ben Bostrom,36.259219356631796,0.615508869872641,20/06/2002 13:00:00,0,Ducati 998 F02 [2002],World Superbikes,
84,Rider,Ben Bostrom,36.249786706981375,0.6166766484312121,21/06/2002 13:00:00,0,Ducati 998 F02 [2002],World Superbikes,
84,Rider,Ben Bostrom,36.23939125396161,0.6178862711441001,22/06/2002 13:00:00,0,Ducati 998 F02 [2002],World Superbikes,
84,Rider,Ben Bostrom,36.22757908443071,0.6191331167940171,12/07/2002 13:00:00,0,Ducati 998 F02 [2002],World Superbikes,
84,Rider,Ben Bostrom,36.214314013295976,0.6204227216802236,13/07/2002 13:00:00,0,Ducati 998 F02 [2002],World Superbikes,
84,Rider,Ben Bostrom,36.201716438710925,0.621769325785818,13/07/2002 13:00:00,1,Ducati 998 F02 [2002],World Superbikes,
84,Rider,Ben Bostrom,36.18963304082178,0.6231710292848945,26/07/2002 13:00:00,0,Ducati 998 F02 [2002],World Superbikes,
84,Rider,Ben Bostrom,36.17902254263877,0.6246320858353799,26/07/2002 13:00:00,1,Ducati 998 F02 [2002],World Superbikes,
84,Rider,Ben Bostrom,36.1691742775215,0.6261502719452618,27/07/2002 13:00:00,0,Ducati 998 F02 [2002],World Superbikes,
84,Rider,Ben Bostrom,36.160101139027084,0.6277257281572602,29/08/2002 13:00:00,0,Ducati 998 F02 [2002],World Superbikes,
84,Rider,Ben Bostrom,36.15108975321942,0.6293529473183079,30/08/2002 13:00:00,0,Ducati 998 F02 [2002],World Superbikes,
84,Rider,Ben Bostrom,36.14125280684551,0.6310294174201032,31/08/2002 13:00:00,0,Ducati 998 F02 [2002],World Superbikes,
84,Rider,Ben Bostrom,36.13050248439828,0.6327548542588752,05/09/2002 13:00:00,0,Ducati 998 F02 [2002],World Superbikes,
84,Rider,Ben Bostrom,36.12031576087272,0.6345365077719105,06/09/2002 13:00:00,0,Ducati 998 F02 [2002],World Superbikes,
84,Rider,Ben Bostrom,36.11114882823202,0.6363789120787213,07/09/2002 13:00:00,0,Ducati 998 F02 [2002],World Superbikes,
84,Rider,Ben Bostrom,36.10344161994363,0.6382789845739877,26/09/2002 13:00:00,0,Ducati 998 F02 [2002],World Superbikes,
84,Rider,Ben Bostrom,36.097007214532546,0.6402421372028255,27/09/2002 13:00:00,0,Ducati 998 F02 [2002],World Superbikes,
84,Rider,Ben Bostrom,36.094032404409894,0.6422743208589238,28/09/2002 13:00:00,0,Ducati 998 F02 [2002],World Superbikes,
84,Rider,Ben Bostrom,36.09133670053508,0.6443640646105538,23/02/2005 13:00:00,0,Honda [2005],World Superbikes,
84,Rider,Ben Bostrom,36.091314067407225,0.6465066138958179,24/02/2005 13:00:00,0,Honda [2005],World Superbikes,
84,Rider,Ben Bostrom,36.08918414424141,0.6487186012655023,31/03/2005 13:00:00,0,Honda [2005],World Superbikes,
84,Rider,Ben Bostrom,36.087235489015676,0.6510023646428892,01/04/2005 13:00:00,0,Honda [2005],World Superbikes,
84,Rider,Ben Bostrom,36.08589012290185,0.6533562976650356,21/04/2005 13:00:00,0,Honda [2005],World Superbikes,
84,Rider,Ben Bostrom,36.08466404759089,0.6557840987563998,22/04/2005 13:00:00,0,Honda [2005],World Superbikes,
84,Rider,Ben Bostrom,36.082481922905444,0.6582866954278179,23/04/2005 13:00:00,0,Honda [2005],World Superbikes,
84,Rider,Ben Bostrom,36.081801283496205,0.6608257820169307,05/05/2005 13:00:00,0,Honda [2005],World Superbikes,
84,Rider,Ben Bostrom,36.08122908435321,0.6634405474452095,06/05/2005 13:00:00,0,Honda [2005],World Superbikes,
84,Rider,Ben Bostrom,36.081182359072756,0.6661312921007716,27/05/2005 13:00:00,0,Honda [2005],World Superbikes,
84,Rider,Ben Bostrom,36.07967357085331,0.6688975646907119,27/05/2005 13:00:00,1,Honda [2005],World Superbikes,
84,Rider,Ben Bostrom,36.07741688401408,0.6717427199542877,28/05/2005 13:00:00,0,Honda [2005],World Superbikes,
84,Rider,Ben Bostrom,36.07602785590186,0.6746431413886309,23/06/2005 13:00:00,0,Honda [2005],World Superbikes,
84,Rider,Ben Bostrom,36.075079421903965,0.6776250178947132,24/06/2005 13:00:00,0,Honda [2005],World Superbikes,
84,Rider,Ben Bostrom,36.073443484180316,0.68068957733334,25/06/2005 13:00:00,0,Honda [2005],World Superbikes,
84,Rider,Ben Bostrom,36.073274975437364,0.6837996194255711,14/07/2005 13:00:00,0,Honda [2005],World Superbikes,
84,Rider,Ben Bostrom,36.07455936768813,0.6869896565164126,15/07/2005 13:00:00,0,Honda [2005],World Superbikes,
84,Rider,Ben Bostrom,36.077984758765396,0.6902578364127792,05/08/2005 13:00:00,0,Honda [2005],World Superbikes,
84,Rider,Ben Bostrom,36.08100254768849,0.6936118724515459,05/08/2005 13:00:00,1,Honda [2005],World Superbikes,
84,Rider,Ben Bostrom,36.082713480202294,0.6970534553267116,06/08/2005 13:00:00,0,Honda [2005],World Superbikes,
84,Rider,Ben Bostrom,36.086136697098496,0.7005445034561489,01/09/2005 13:00:00,0,Honda [2005],World Superbikes,
84,Rider,Ben Bostrom,36.0898023648647,0.7041255691080085,02/09/2005 13:00:00,0,Honda [2005],World Superbikes,
84,Rider,Ben Bostrom,36.09250495769944,0.7077969924624108,03/09/2005 13:00:00,0,Honda [2005],World Superbikes,
84,Rider,Ben Bostrom,36.09691044193533,0.7115218754312297,08/09/2005 13:00:00,0,Honda [2005],World Superbikes,
84,Rider,Ben Bostrom,36.10036703162281,0.7153378681186741,09/09/2005 13:00:00,0,Honda [2005],World Superbikes,
84,Rider,Ben Bostrom,36.1035356149422,0.7192470140749958,10/09/2005 13:00:00,0,Honda [2005],World Superbikes,
84,Rider,Ben Bostrom,36.10715267629035,0.7232341841762736,29/09/2005 13:00:00,0,Honda [2005],World Superbikes,
84,Rider,Ben Bostrom,36.111278485528,0.7273178476494908,30/09/2005 13:00:00,0,Honda [2005],World Superbikes,
84,Rider,Ben Bostrom,36.115063441248815,0.731499230718518,01/10/2005 13:00:00,0,Honda [2005],World Superbikes,
84,Rider,Ben Bostrom,36.11723788697895,0.7357748407200969,06/10/2005 13:00:00,0,Honda [2005],World Superbikes,
84,Rider,Ben Bostrom,36.11828814018747,0.7401513323224882,07/10/2005 13:00:00,0,Honda [2005],World Superbikes,
84,Rider,Ben Bostrom,36.11801973845847,0.7446282382184161,08/10/2005 13:00:00,0,Honda [2005],World Superbikes,
85,Rider,Richard Oliver,29.410533228521,3.626603009849723,11/07/1998 13:00:00,0,Yamaha [1998],World Superbikes,
85,Rider,Richard Oliver,29.410972314932952,3.6265950258202455,11/07/1998 13:00:00,1,Yamaha [1998],World Superbikes,
86,Rider,James Randolph,18.010191214154915,3.8435265089437327,11/07/1998 13:00:00,0,Honda [1998],World Superbikes,
86,Rider,James Randolph,18.010569099127444,3.8434983202825266,11/07/1998 13:00:00,1,Honda [1998],World Superbikes,
87,Rider,Ricky Orlando,17.63291119056945,4.413596020606339,11/07/1998 13:00:00,0,Kawasaki [1998],World Superbikes,
87,Rider,Ricky Orlando,17.632919716202085,4.413595803070771,11/07/1998 13:00:00,1,Kawasaki [1998],World Superbikes,
88,Rider,John Reynolds,40.69651949821575,1.0983539791816372,01/08/1998 13:00:00,0,Ducati [1998],World Superbikes,
88,Rider,John Reynolds,40.69867463436649,1.0954876495021064,01/08/1998 13:00:00,1,Ducati [1998],World Superbikes,
88,Rider,John Reynolds,40.70060471957688,1.0928004061856487,01/08/1998 13:00:00,2,Ducati [1998],World Superbikes,
88,Rider,John Reynolds,40.70176826728124,1.0902882454257783,01/05/1999 13:00:00,0,Ducati [1999],World Superbikes,
88,Rider,John Reynolds,40.702748161378565,1.0879574382475996,01/05/1999 13:00:00,1,Ducati [1999],World Superbikes,
88,Rider,John Reynolds,40.70362414471478,1.0858057539211885,01/05/1999 13:00:00,2,Ducati [1999],World Superbikes,
88,Rider,John Reynolds,40.705379882094206,1.0838232219892212,31/07/1999 13:00:00,0,Ducati [1999],World Superbikes,
88,Rider,John Reynolds,40.70632653114375,1.08201444942889,31/07/1999 13:00:00,1,Ducati [1999],World Superbikes,
88,Rider,John Reynolds,40.70659905078436,1.0803812605188927,31/07/1999 13:00:00,2,Ducati [1999],World Superbikes,
88,Rider,John Reynolds,40.706570572775405,1.0789194613048037,13/05/2000 13:00:00,0,Ducati 996 RS [2000],World Superbikes,
88,Rider,John Reynolds,40.70507637096124,1.0776271327660127,13/05/2000 13:00:00,1,Ducati 996 RS [2000],World Superbikes,
88,Rider,John Reynolds,40.70395203215106,1.0765180952598454,13/05/2000 13:00:00,2,Ducati 996 RS [2000],World Superbikes,
88,Rider,John Reynolds,40.70226318023619,1.075583526902946,03/06/2000 13:00:00,0,Ducati 996 RS [2000],World Superbikes,
88,Rider,John Reynolds,40.70109019061351,1.074830562108773,03/06/2000 13:00:00,1,Ducati 996 RS [2000],World Superbikes,
88,Rider,John Reynolds,40.701316784284565,1.074259847852471,03/06/2000 13:00:00,2,Ducati 996 RS [2000],World Superbikes,
88,Rider,John Reynolds,40.703232067300476,1.0738599161199034,05/08/2000 13:00:00,0,Ducati 996 RS [2000],World Superbikes,
88,Rider,John Reynolds,40.70383507370524,1.073633063495244,05/08/2000 13:00:00,1,Ducati 996 RS [2000],World Superbikes,
88,Rider,John Reynolds,40.70410604978619,1.0735839341053597,05/08/2000 13:00:00,2,Ducati 996 RS [2000],World Superbikes,
88,Rider,John Reynolds,40.70480845253399,1.0736987587955418,14/10/2000 13:00:00,0,Ducati 996 RS [2000],World Superbikes,
88,Rider,John Reynolds,40.70453018349853,1.0739888179659596,14/10/2000 13:00:00,1,Ducati 996 RS [2000],World Superbikes,
88,Rider,John Reynolds,40.703717867887434,1.074456582655098,14/10/2000 13:00:00,2,Ducati 996 RS [2000],World Superbikes,
88,Rider,John Reynolds,40.70110072062475,1.0750849353509027,25/05/2001 13:00:00,0,Ducati 996 R [2001],World Superbikes,
88,Rider,John Reynolds,40.69988084007039,1.0758843651560859,25/05/2001 13:00:00,1,Ducati 996 R [2001],World Superbikes,
88,Rider,John Reynolds,40.69979860937838,1.076855440711279,26/05/2001 13:00:00,0,Ducati 996 R [2001],World Superbikes,
88,Rider,John Reynolds,40.69928829316771,1.077989876979428,27/07/2001 13:00:00,0,Ducati 996 R [2001],World Superbikes,
88,Rider,John Reynolds,40.69849680043678,1.0792946819429357,27/07/2001 13:00:00,1,Ducati 996 R [2001],World Superbikes,
88,Rider,John Reynolds,40.69718143260112,1.080768345546519,28/07/2001 13:00:00,0,Ducati 996 R [2001],World Superbikes,
88,Rider,John Reynolds,40.69576064303821,1.0824103205950262,13/06/2003 13:00:00,0,Suzuki [2003],World Superbikes,
88,Rider,John Reynolds,40.69397911881642,1.0842078519288458,13/06/2003 13:00:00,1,Suzuki [2003],World Superbikes,
88,Rider,John Reynolds,40.69218770171925,1.086165909538266,14/06/2003 13:00:00,0,Suzuki [2003],World Superbikes,
88,Rider,John Reynolds,40.69123164087556,1.0882836429037348,25/07/2003 13:00:00,0,Suzuki [2003],World Superbikes,
88,Rider,John Reynolds,40.69046489171284,1.0905659982688871,25/07/2003 13:00:00,1,Suzuki [2003],World Superbikes,
88,Rider,John Reynolds,40.68916014905361,1.0930069660729738,26/07/2003 13:00:00,0,Suzuki [2003],World Superbikes,
88,Rider,John Reynolds,40.68623252949467,1.0955675851365534,04/09/2003 13:00:00,0,Suzuki [2003],World Superbikes,
88,Rider,John Reynolds,40.68477031503624,1.0982938780622493,05/09/2003 13:00:00,0,Suzuki [2003],World Superbikes,
88,Rider,John Reynolds,40.68284738072294,1.1011732546047233,06/09/2003 13:00:00,0,Suzuki [2003],World Superbikes,
89,Rider,Max Vincent,24.392275175622018,4.107670170923381,01/08/1998 13:00:00,0,Kawasaki ZX-7 RR [1998],World Superbikes,
89,Rider,Max Vincent,24.391941244947006,4.107668351277878,01/08/1998 13:00:00,1,Kawasaki ZX-7 RR [1998],World Superbikes,
90,Bike,Kawasaki ZX-7 RR [1998],24.392275175622014,4.107670170923381,01/08/1998 13:00:00,0,,World Superbikes,
90,Bike,Kawasaki ZX-7 RR [1998],24.39194124494701,4.107668351277878,01/08/1998 13:00:00,1,,World Superbikes,
91,Rider,Steve Marks,24.21932929690556,3.7093877885682875,01/08/1998 13:00:00,0,Kawasaki [1998],World Superbikes,
91,Rider,Steve Marks,24.21942926040217,3.709393139393372,01/08/1998 13:00:00,1,Kawasaki [1998],World Superbikes,
92,Rider,Brett Sampson,17.163321459406202,3.7224598351324243,01/08/1998 13:00:00,0,Honda [1998],World Superbikes,
92,Rider,Brett Sampson,17.16315965060722,3.722471721816383,01/08/1998 13:00:00,1,Honda [1998],World Superbikes,
93,Rider,Matt Llewellyn,20.888998500969556,3.752006849560477,01/08/1998 13:00:00,0,Ducati [1998],World Superbikes,
93,Rider,Matt Llewellyn,20.89090061627378,3.751947963125998,01/08/1998 13:00:00,1,Ducati [1998],World Superbikes,
94,Rider,Mario Innamorati,30.618709413046314,2.3366440586277983,29/08/1998 13:00:00,0,Kawasaki [1998],World Superbikes,
94,Rider,Mario Innamorati,30.61947001704211,2.3357676123322917,29/08/1998 13:00:00,1,Kawasaki [1998],World Superbikes,
94,Rider,Mario Innamorati,30.62016433312598,2.3352726550273637,05/09/1998 13:00:00,0,Kawasaki [1998],World Superbikes,
94,Rider,Mario Innamorati,30.62081288218358,2.3351214698775644,05/09/1998 13:00:00,1,Kawasaki [1998],World Superbikes,
94,Rider,Mario Innamorati,30.621684315928157,2.335310735689293,05/09/1998 13:00:00,2,Kawasaki [1998],World Superbikes,
94,Rider,Mario Innamorati,30.622220759469165,2.3358321091244876,03/10/1998 13:00:00,0,Kawasaki [1998],World Superbikes,
94,Rider,Mario Innamorati,30.622210605945348,2.3367168969908128,03/10/1998 13:00:00,1,Kawasaki [1998],World Superbikes,
95,Rider,Manfred Kainz,25.73954351159563,3.6363084108925756,29/08/1998 13:00:00,0,Kawasaki [1998],World Superbikes,
95,Rider,Manfred Kainz,25.739558042031653,3.636304116863906,29/08/1998 13:00:00,1,Kawasaki [1998],World Superbikes,
96,Rider,Gerhard Esterer,22.859301577921684,3.644656882739868,29/08/1998 13:00:00,0,Kawasaki [1998],World Superbikes,
96,Rider,Gerhard Esterer,22.858806153745935,3.6446575881232497,29/08/1998 13:00:00,1,Kawasaki [1998],World Superbikes,
97,Rider,Johann Wolfsteiner,19.02957692215662,2.4884532726229853,29/08/1998 13:00:00,0,Kawasaki [1998],World Superbikes,
97,Rider,Johann Wolfsteiner,19.028281932152595,2.4877082373222144,29/08/1998 13:00:00,1,Kawasaki [1998],World Superbikes,
97,Rider,Johann Wolfsteiner,19.025940109758487,2.4873692333438466,28/08/1999 13:00:00,0,Kawasaki [1999],World Superbikes,
97,Rider,Johann Wolfsteiner,19.023562699023845,2.4874139313669055,28/08/1999 13:00:00,1,Kawasaki [1999],World Superbikes,
97,Rider,Johann Wolfsteiner,19.020670702304702,2.487847954284291,09/03/2001 13:00:00,0,Kawasaki ZX-7 RR [2001],World Superbikes,
97,Rider,Johann Wolfsteiner,19.019488025414937,2.4886366306583145,09/03/2001 13:00:00,1,Kawasaki ZX-7 RR [2001],World Superbikes,
98,Rider,Gernot Szakolczai,22.843152138133323,3.6364092721113312,29/08/1998 13:00:00,0,Kawasaki [1998],World Superbikes,
98,Rider,Gernot Szakolczai,22.843456172583693,3.63640420198346,29/08/1998 13:00:00,1,Kawasaki [1998],World Superbikes,
99,Rider,Ossi Niederkircher,10.60124828776624,3.780583777346115,29/08/1998 13:00:00,0,Suzuki GSX-R 750 [1998],World Superbikes,
99,Rider,Ossi Niederkircher,10.600402779049555,3.7806491014082937,29/08/1998 13:00:00,1,Suzuki GSX-R 750 [1998],World Superbikes,
100,Rider,Christian Zaiser,14.615554721952456,1.2495845466912379,29/08/1998 13:00:00,0,Honda [1998],World Superbikes,
100,Rider,Christian Zaiser,14.615987225663247,1.2471148631158826,29/08/1998 13:00:00,1,Honda [1998],World Superbikes,
100,Rider,Christian Zaiser,14.616762911641302,1.2448425726735126,19/06/2003 13:00:00,0,Suzuki GSX 1000R [2003],World Superbikes,
100,Rider,Christian Zaiser,14.617691925619859,1.2427650403567259,20/06/2003 13:00:00,0,Suzuki GSX 1000R [2003],World Superbikes,
100,Rider,Christian Zaiser,14.618747202724517,1.2408851062078257,16/10/2003 13:00:00,0,Suzuki GSX 1000R [2003],World Superbikes,
100,Rider,Christian Zaiser,14.61951328395896,1.2392000250625779,17/10/2003 13:00:00,0,Suzuki GSX 1000R [2003],World Superbikes,
100,Rider,Christian Zaiser,14.62043275219528,1.2376978343103393,21/02/2007 13:00:00,0,MV Agusta F4 1000 MT [2007],World Superbikes,
100,Rider,Christian Zaiser,14.622766157048838,1.236321258434339,22/02/2007 13:00:00,0,MV Agusta F4 1000 MT [2007],World Superbikes,
100,Rider,Christian Zaiser,14.623783329520888,1.235124651127174,01/03/2007 13:00:00,0,MV Agusta F4 1000 MT [2007],World Superbikes,
100,Rider,Christian Zaiser,14.624016704421846,1.234093387073269,02/03/2007 13:00:00,0,MV Agusta F4 1000 MT [2007],World Superbikes,
100,Rider,Christian Zaiser,14.62407616435822,1.2332205098385314,30/03/2007 13:00:00,0,MV Agusta F4 1000 MT [2007],World Superbikes,
100,Rider,Christian Zaiser,14.625316603138598,1.2324726201598561,30/03/2007 13:00:00,1,MV Agusta F4 1000 MT [2007],World Superbikes,
100,Rider,Christian Zaiser,14.628036577989821,1.231848962695168,12/04/2007 13:00:00,0,MV Agusta F4 1000 MT [2007],World Superbikes,
100,Rider,Christian Zaiser,14.629269099118405,1.2314066902212129,13/04/2007 13:00:00,0,MV Agusta F4 1000 MT [2007],World Superbikes,
100,Rider,Christian Zaiser,14.63133605410896,1.2310686135791888,26/04/2007 13:00:00,0,MV Agusta F4 1000 MT [2007],World Superbikes,
100,Rider,Christian Zaiser,14.63279859963133,1.2308662206440315,27/04/2007 13:00:00,0,MV Agusta F4 1000 MT [2007],World Superbikes,
100,Rider,Christian Zaiser,14.63377055756135,1.230809791060805,14/06/2007 13:00:00,0,MV Agusta F4 1000 MT [2007],World Superbikes,
100,Rider,Christian Zaiser,14.633996575160833,1.2309268479299742,15/06/2007 13:00:00,0,MV Agusta F4 1000 MT [2007],World Superbikes,
100,Rider,Christian Zaiser,14.634696804077619,1.2311940754319128,19/07/2007 13:00:00,0,MV Agusta F4 1000 MT [2007],World Superbikes,
100,Rider,Christian Zaiser,14.635358987041226,1.2316297780963714,20/07/2007 13:00:00,0,MV Agusta F4 1000 MT [2007],World Superbikes,
100,Rider,Christian Zaiser,14.63607169935365,1.2322318232688176,17/07/2008 13:00:00,0,Yamaha YZF-R1 [2008],World Superbikes,
100,Rider,Christian Zaiser,14.637824901485825,1.233001223903094,18/07/2008 13:00:00,0,Yamaha YZF-R1 [2008],World Superbikes,
100,Rider,Christian Zaiser,14.64007676386638,1.2339504105189325,01/08/2008 13:00:00,0,Yamaha YZF-R1 [2008],World Superbikes,
100,Rider,Christian Zaiser,14.64367813943384,1.2350310942341995,01/08/2008 13:00:00,1,Yamaha YZF-R1 [2008],World Superbikes,
100,Rider,Christian Zaiser,14.647822103781682,1.236280936161921,05/09/2008 13:00:00,0,Yamaha YZF-R1 [2008],World Superbikes,
100,Rider,Christian Zaiser,14.651531006212114,1.2377229197595816,05/09/2008 13:00:00,1,Yamaha YZF-R1 [2008],World Superbikes,
100,Rider,Christian Zaiser,14.655232103976063,1.2393473995499333,18/09/2008 13:00:00,0,Yamaha YZF-R1 [2008],World Superbikes,
100,Rider,Christian Zaiser,14.658028426575878,1.2411673686182472,19/09/2008 13:00:00,0,Yamaha YZF-R1 [2008],World Superbikes,
100,Rider,Christian Zaiser,14.660564936311761,1.2431706731425884,02/10/2008 13:00:00,0,Yamaha YZF-R1 [2008],World Superbikes,
100,Rider,Christian Zaiser,14.661729851865173,1.2453823736346938,03/10/2008 13:00:00,0,Yamaha YZF-R1 [2008],World Superbikes,
100,Rider,Christian Zaiser,14.663693900728525,1.2477010720668433,31/10/2008 13:00:00,0,Yamaha YZF-R1 [2008],World Superbikes,
100,Rider,Christian Zaiser,14.66388342419725,1.250232278280391,31/10/2008 13:00:00,1,Yamaha YZF-R1 [2008],World Superbikes,
101,Rider,Ali Guettouche,11.155428908834725,2.9902700188498277,29/08/1998 13:00:00,0,Kawasaki [1998],World Superbikes,
101,Rider,Ali Guettouche,11.154051447243308,2.989808175875727,29/08/1998 13:00:00,1,Kawasaki [1998],World Superbikes,
101,Rider,Ali Guettouche,11.152728631013332,2.9897604763877936,28/08/1999 13:00:00,0,Ducati [1999],World Superbikes,
101,Rider,Ali Guettouche,11.152686303097099,2.990175870192508,28/08/1999 13:00:00,1,Ducati [1999],World Superbikes,
102,Rider,Franz Mundsperger,19.44362957061877,4.447649139150045,29/08/1998 13:00:00,1,Kawasaki [1998],World Superbikes,
103,Rider,Heinz Platacis,19.365103043696955,3.2605156826304413,05/09/1998 13:00:00,0,Kawasaki [1998],World Superbikes,
103,Rider,Heinz Platacis,19.364007498547018,3.2602315431682785,04/09/1999 13:00:00,0,Kawasaki [1999],World Superbikes,
103,Rider,Heinz Platacis,19.363108621774817,3.260471442495366,04/09/1999 13:00:00,1,Kawasaki [1999],World Superbikes,
104,Rider,Gijsbert Spilt,20.64320230192402,4.065959578289608,05/09/1998 13:00:00,0,Kawasaki [1998],World Superbikes,
104,Rider,Gijsbert Spilt,20.643870836762723,4.065906004525935,05/09/1998 13:00:00,1,Kawasaki [1998],World Superbikes,
105,Rider,Shinya Takeishi,43.09896928980278,2.407947936407701,03/10/1998 13:00:00,0,Kawasaki [1998],World Superbikes,
105,Rider,Shinya Takeishi,43.09890810097267,2.4071462843233657,03/10/1998 13:00:00,1,Kawasaki [1998],World Superbikes,
105,Rider,Shinya Takeishi,43.09757557797176,2.406752906791581,03/10/1998 13:00:00,2,Kawasaki [1998],World Superbikes,
105,Rider,Shinya Takeishi,43.09604321740726,2.406756044047668,09/10/1999 13:00:00,0,Kawasaki ZX-7 RR [1999],World Superbikes,
105,Rider,Shinya Takeishi,43.09414840366119,2.407172913265021,09/10/1999 13:00:00,1,Kawasaki ZX-7 RR [1999],World Superbikes,
105,Rider,Shinya Takeishi,43.09379520941667,2.408013641500858,09/10/1999 13:00:00,2,Kawasaki ZX-7 RR [1999],World Superbikes,
106,Rider,Keiichi Kitagawa,40.210778908187415,2.0055785081081408,03/10/1998 13:00:00,0,Suzuki GSX-R 750 [1998],World Superbikes,
106,Rider,Keiichi Kitagawa,40.21187368541342,2.0043931486199837,03/10/1998 13:00:00,1,Suzuki GSX-R 750 [1998],World Superbikes,
106,Rider,Keiichi Kitagawa,40.21221543547785,2.00354574433279,03/10/1998 13:00:00,2,Suzuki GSX-R 750 [1998],World Superbikes,
106,Rider,Keiichi Kitagawa,40.212471008318424,2.0030398022700138,09/10/1999 13:00:00,0,Suzuki GSX-R 750 [1999],World Superbikes,
106,Rider,Keiichi Kitagawa,40.213386485787375,2.0028895210287767,09/10/1999 13:00:00,1,Suzuki GSX-R 750 [1999],World Superbikes,
106,Rider,Keiichi Kitagawa,40.213648819368835,2.0030823903112838,09/10/1999 13:00:00,2,Suzuki GSX-R 750 [1999],World Superbikes,
106,Rider,Keiichi Kitagawa,40.21388328474802,2.0036145560257967,29/04/2000 13:00:00,0,Suzuki GSX-R 750 [2000],World Superbikes,
106,Rider,Keiichi Kitagawa,40.21346558710829,2.0044880836696826,29/04/2000 13:00:00,1,Suzuki GSX-R 750 [2000],World Superbikes,
106,Rider,Keiichi Kitagawa,40.211755334815585,2.005676087539256,29/04/2000 13:00:00,2,Suzuki GSX-R 750 [2000],World Superbikes,
107,Rider,Shinichi Ito,38.687101907518276,2.00556584285455,03/10/1998 13:00:00,0,Honda [1998],World Superbikes,
107,Rider,Shinichi Ito,38.688042638701866,2.004379412561516,03/10/1998 13:00:00,1,Honda [1998],World Superbikes,
107,Rider,Shinichi Ito,38.68942530994148,2.003537409398635,03/10/1998 13:00:00,2,Honda [1998],World Superbikes,
107,Rider,Shinichi Ito,38.69102591623227,2.003029935759825,09/10/1999 13:00:00,0,Honda [1999],World Superbikes,
107,Rider,Shinichi Ito,38.69165829335826,2.002870578096373,09/10/1999 13:00:00,1,Honda [1999],World Superbikes,
107,Rider,Shinichi Ito,38.6916414058219,2.0030575902910783,09/10/1999 13:00:00,2,Honda [1999],World Superbikes,
107,Rider,Shinichi Ito,38.69241284143141,2.0035603594822495,26/04/2001 13:00:00,0,Honda VTR 1000 SP [2001],World Superbikes,
107,Rider,Shinichi Ito,38.691745634038824,2.0043907558486036,27/04/2001 13:00:00,0,Honda VTR 1000 SP [2001],World Superbikes,
107,Rider,Shinichi Ito,38.69079757374722,2.005578119233517,27/04/2001 13:00:00,1,Honda VTR 1000 SP [2001],World Superbikes,
108,Rider,Wataru Yoshikawa,38.37821470070126,1.58349026936683,03/10/1998 13:00:00,0,Yamaha YZF 750 R [1998],World Superbikes,
108,Rider,Wataru Yoshikawa,38.37896620369213,1.5817331187567607,03/10/1998 13:00:00,1,Yamaha YZF 750 R [1998],World Superbikes,
108,Rider,Wataru Yoshikawa,38.379479055990245,1.5802522506482701,03/10/1998 13:00:00,2,Yamaha YZF 750 R [1998],World Superbikes,
108,Rider,Wataru Yoshikawa,38.37928173763899,1.5790402156834862,09/10/1999 13:00:00,0,Yamaha YZF 750 R [1999],World Superbikes,
108,Rider,Wataru Yoshikawa,38.37830222064118,1.5780290839406985,09/10/1999 13:00:00,1,Yamaha YZF 750 R [1999],World Superbikes,
108,Rider,Wataru Yoshikawa,38.376926945740216,1.5772216830778762,09/10/1999 13:00:00,2,Yamaha YZF 750 R [1999],World Superbikes,
108,Rider,Wataru Yoshikawa,38.37558679542098,1.5766174916994855,29/04/2000 13:00:00,0,Yamaha YZF-R7 [2000],World Superbikes,
108,Rider,Wataru Yoshikawa,38.37327060259908,1.5762829977427042,29/04/2000 13:00:00,1,Yamaha YZF-R7 [2000],World Superbikes,
108,Rider,Wataru Yoshikawa,38.36953641139527,1.5762079661236141,29/04/2000 13:00:00,2,Yamaha YZF-R7 [2000],World Superbikes,
108,Rider,Wataru Yoshikawa,38.364653179526925,1.5763930844132754,09/09/2000 13:00:00,0,Yamaha YZF-R7 [2000],World Superbikes,
108,Rider,Wataru Yoshikawa,38.36157977116229,1.5768568872984574,09/09/2000 13:00:00,1,Yamaha YZF-R7 [2000],World Superbikes,
108,Rider,Wataru Yoshikawa,38.360746764194545,1.5775976309467707,26/04/2001 13:00:00,0,Yamaha YZF 750 R [2001],World Superbikes,
108,Rider,Wataru Yoshikawa,38.35911429902692,1.5785519220247268,27/04/2001 13:00:00,0,Yamaha YZF 750 R [2001],World Superbikes,
108,Rider,Wataru Yoshikawa,38.35758038627187,1.5797216698917413,27/04/2001 13:00:00,1,Yamaha YZF 750 R [2001],World Superbikes,
108,Rider,Wataru Yoshikawa,38.356511526425166,1.5810989412516858,18/04/2002 13:00:00,0,Yamaha YZF-R7 [2002],World Superbikes,
108,Rider,Wataru Yoshikawa,38.354684535269314,1.5826926224568163,19/04/2002 13:00:00,0,Yamaha YZF-R7 [2002],World Superbikes,
108,Rider,Wataru Yoshikawa,38.352945936774894,1.5845067742359162,19/04/2002 13:00:00,1,Yamaha YZF-R7 [2002],World Superbikes,
109,Rider,Atsushi Watanabe,34.94407367791773,2.724213004003809,03/10/1998 13:00:00,0,Suzuki GSX 1000R [1998],World Superbikes,
109,Rider,Atsushi Watanabe,34.94428805443765,2.7235357575352745,03/10/1998 13:00:00,1,Suzuki GSX 1000R [1998],World Superbikes,
109,Rider,Atsushi Watanabe,34.94503717589217,2.7231774588306488,24/04/2003 13:00:00,0,Suzuki GSX 1000R [2003],World Superbikes,
109,Rider,Atsushi Watanabe,34.945965256315276,2.7232802217016516,25/04/2003 13:00:00,0,Suzuki GSX 1000R [2003],World Superbikes,
109,Rider,Atsushi Watanabe,34.94592293920154,2.72383396430384,25/04/2003 13:00:00,1,Suzuki GSX 1000R [2003],World Superbikes,
110,Bike,Suzuki GSX 1000R [1998],26.226758243907057,3.7477341871566288,03/10/1998 13:00:00,0,,World Superbikes,
110,Bike,Suzuki GSX 1000R [1998],26.22610088888356,3.747741247126715,03/10/1998 13:00:00,1,,World Superbikes,
111,Rider,Akira Ryo,40.63811456242599,1.783857569703226,03/10/1998 13:00:00,0,Suzuki GSX-R 750 [1998],World Superbikes,
111,Rider,Akira Ryo,40.64082294575449,1.7824015940433242,03/10/1998 13:00:00,1,Suzuki GSX-R 750 [1998],World Superbikes,
111,Rider,Akira Ryo,40.64312009333164,1.7812497297269994,03/10/1998 13:00:00,2,Suzuki GSX-R 750 [1998],World Superbikes,
111,Rider,Akira Ryo,40.64365461562527,1.7803277078201443,09/10/1999 13:00:00,0,Suzuki GSX-R 750 [1999],World Superbikes,
111,Rider,Akira Ryo,40.64369061608685,1.7797129737177675,09/10/1999 13:00:00,1,Suzuki GSX-R 750 [1999],World Superbikes,
111,Rider,Akira Ryo,40.64397111196166,1.7794100182439272,09/10/1999 13:00:00,2,Suzuki GSX-R 750 [1999],World Superbikes,
111,Rider,Akira Ryo,40.64291203724042,1.7793909095410723,29/04/2000 13:00:00,0,Suzuki GSX-R 750 [2000],World Superbikes,
111,Rider,Akira Ryo,40.64254473807945,1.7796829026155605,29/04/2000 13:00:00,1,Suzuki GSX-R 750 [2000],World Superbikes,
111,Rider,Akira Ryo,40.64034014355643,1.7802063376587798,29/04/2000 13:00:00,2,Suzuki GSX-R 750 [2000],World Superbikes,
111,Rider,Akira Ryo,40.63887149224002,1.7810312883531476,26/04/2001 13:00:00,0,Suzuki GSX-R 750 [2001],World Superbikes,
111,Rider,Akira Ryo,40.636972464991025,1.7821739065241486,27/04/2001 13:00:00,0,Suzuki GSX-R 750 [2001],World Superbikes,
111,Rider,Akira Ryo,40.634962462301125,1.7836361144768664,27/04/2001 13:00:00,1,Suzuki GSX-R 750 [2001],World Superbikes,
112,Rider,Kensuke Haga,34.889491269882605,3.144878019350114,03/10/1998 13:00:00,0,Yamaha [1998],World Superbikes,
112,Rider,Kensuke Haga,34.89002578755559,3.1446255646882704,03/10/1998 13:00:00,1,Yamaha [1998],World Superbikes,
112,Rider,Kensuke Haga,34.88915839854752,3.1449121300954523,03/10/1998 13:00:00,2,Yamaha [1998],World Superbikes,
113,Rider,Yuichi Takeda,32.484396910260635,1.923320309540362,03/10/1998 13:00:00,0,Honda [1998],World Superbikes,
113,Rider,Yuichi Takeda,32.48482121439116,1.9220363818784605,03/10/1998 13:00:00,1,Honda [1998],World Superbikes,
113,Rider,Yuichi Takeda,32.48589369579418,1.9210676303626728,09/10/1999 13:00:00,0,Honda [1999],World Superbikes,
113,Rider,Yuichi Takeda,32.48464484667524,1.9204309441072553,09/10/1999 13:00:00,1,Honda [1999],World Superbikes,
113,Rider,Yuichi Takeda,32.482733673334096,1.9201224543263986,09/10/1999 13:00:00,2,Honda [1999],World Superbikes,
113,Rider,Yuichi Takeda,32.48080712038884,1.9201043344700082,29/04/2000 13:00:00,0,Honda VTR 1000 [2000],World Superbikes,
113,Rider,Yuichi Takeda,32.477250016077086,1.920416328820971,29/04/2000 13:00:00,1,Honda VTR 1000 [2000],World Superbikes,
113,Rider,Yuichi Takeda,32.473214001051325,1.9210564484699708,18/04/2002 13:00:00,0,Honda VTR 1000 SP2 [2002],World Superbikes,
113,Rider,Yuichi Takeda,32.469324677168075,1.9220268603033925,19/04/2002 13:00:00,0,Honda VTR 1000 SP2 [2002],World Superbikes,
113,Rider,Yuichi Takeda,32.467179439355455,1.9233294122571276,19/04/2002 13:00:00,1,Honda VTR 1000 SP2 [2002],World Superbikes,
114,Rider,Tamaki Serizawa,38.463101561630346,1.8389780857053866,03/10/1998 13:00:00,0,Kawasaki [1998],World Superbikes,
114,Rider,Tamaki Serizawa,38.46465152598287,1.8375752166015455,03/10/1998 13:00:00,1,Kawasaki [1998],World Superbikes,
114,Rider,Tamaki Serizawa,38.46548344152921,1.8364817779463987,09/10/1999 13:00:00,0,Kawasaki ZX-7 RR [1999],World Superbikes,
114,Rider,Tamaki Serizawa,38.466866232074175,1.8357134361761578,09/10/1999 13:00:00,1,Kawasaki ZX-7 RR [1999],World Superbikes,
114,Rider,Tamaki Serizawa,38.467592976787245,1.8352654686367729,09/10/1999 13:00:00,2,Kawasaki ZX-7 RR [1999],World Superbikes,
114,Rider,Tamaki Serizawa,38.468966174598364,1.8351213549529488,29/04/2000 13:00:00,0,Kawasaki ZX-7 RR [2000],World Superbikes,
114,Rider,Tamaki Serizawa,38.47022983183127,1.8352984886518384,29/04/2000 13:00:00,1,Kawasaki ZX-7 RR [2000],World Superbikes,
114,Rider,Tamaki Serizawa,38.47103059567645,1.835798705463469,29/04/2000 13:00:00,2,Kawasaki ZX-7 RR [2000],World Superbikes,
114,Rider,Tamaki Serizawa,38.47349245178653,1.8365495025331489,26/04/2001 13:00:00,0,Kawasaki ZX-7 RR [2001],World Superbikes,
114,Rider,Tamaki Serizawa,38.47423406268088,1.8376183228496712,27/04/2001 13:00:00,0,Kawasaki ZX-7 RR [2001],World Superbikes,
114,Rider,Tamaki Serizawa,38.47329018123602,1.839006224320752,27/04/2001 13:00:00,1,Kawasaki ZX-7 RR [2001],World Superbikes,
115,Rider,Manabu Kamada,30.176379336928804,2.746855885387908,03/10/1998 13:00:00,0,Honda [1998],World Superbikes,
115,Rider,Manabu Kamada,30.178152457520802,2.7462864460677037,03/10/1998 13:00:00,1,Honda [1998],World Superbikes,
115,Rider,Manabu Kamada,30.18045889640736,2.7461623434531433,29/04/2000 13:00:00,0,Honda VTR 1000 [2000],World Superbikes,
115,Rider,Manabu Kamada,30.181671154034305,2.746512484981145,29/04/2000 13:00:00,1,Honda VTR 1000 [2000],World Superbikes,
115,Rider,Manabu Kamada,30.180771909183598,2.7473364700751075,29/04/2000 13:00:00,2,Honda VTR 1000 [2000],World Superbikes,
116,Bike,Ducati 996 RS [1999],31.59108640399662,1.1376214128367232,27/03/1999 13:00:00,0,,World Superbikes,
116,Bike,Ducati 996 RS [1999],31.591483622672143,1.1348265489169365,27/03/1999 13:00:00,1,,World Superbikes,
116,Bike,Ducati 996 RS [1999],31.59100886226685,1.132167041115416,27/03/1999 13:00:00,2,,World Superbikes,
116,Bike,Ducati 996 RS [1999],31.589696525352238,1.1296351601785495,17/04/1999 13:00:00,0,,World Superbikes,
116,Bike,Ducati 996 RS [1999],31.58752623454854,1.1272315700070268,17/04/1999 13:00:00,1,,World Superbikes,
116,Bike,Ducati 996 RS [1999],31.584879922150208,1.124968723559442,17/04/1999 13:00:00,2,,World Superbikes,
116,Bike,Ducati 996 RS [1999],31.58135357596272,1.1228337498359695,01/05/1999 13:00:00,0,,World Superbikes,
116,Bike,Ducati 996 RS [1999],31.578002825982225,1.120847559659178,01/05/1999 13:00:00,1,,World Superbikes,
116,Bike,Ducati 996 RS [1999],31.574000228563513,1.1190128741915704,01/05/1999 13:00:00,2,,World Superbikes,
116,Bike,Ducati 996 RS [1999],31.569897124379153,1.1173460516183324,15/05/1999 13:00:00,0,,World Superbikes,
116,Bike,Ducati 996 RS [1999],31.56704233989943,1.115859112383763,15/05/1999 13:00:00,1,,World Superbikes,
116,Bike,Ducati 996 RS [1999],31.56437474994977,1.114530661107946,15/05/1999 13:00:00,2,,World Superbikes,
116,Bike,Ducati 996 RS [1999],31.56230253359665,1.1133453583916986,29/05/1999 13:00:00,0,,World Superbikes,
116,Bike,Ducati 996 RS [1999],31.56006114140284,1.1123139457635083,29/05/1999 13:00:00,1,,World Superbikes,
116,Bike,Ducati 996 RS [1999],31.55840844129211,1.111451886726165,29/05/1999 13:00:00,2,,World Superbikes,
116,Bike,Ducati 996 RS [1999],31.55735840437457,1.110752061790759,12/06/1999 13:00:00,0,,World Superbikes,
116,Bike,Ducati 996 RS [1999],31.555984193102937,1.1101879249619953,12/06/1999 13:00:00,1,,World Superbikes,
116,Bike,Ducati 996 RS [1999],31.555963849407696,1.1098003807536452,12/06/1999 13:00:00,2,,World Superbikes,
116,Bike,Ducati 996 RS [1999],31.55587106982086,1.1095568110137277,26/06/1999 13:00:00,0,,World Superbikes,
116,Bike,Ducati 996 RS [1999],31.555167669953228,1.1094468755080433,26/06/1999 13:00:00,1,,World Superbikes,
116,Bike,Ducati 996 RS [1999],31.55358249232626,1.1094630114084258,26/06/1999 13:00:00,2,,World Superbikes,
116,Bike,Ducati 996 RS [1999],31.55127923269643,1.1096077251224754,10/07/1999 13:00:00,0,,World Superbikes,
116,Bike,Ducati 996 RS [1999],31.548502365931906,1.1099117606676339,10/07/1999 13:00:00,1,,World Superbikes,
116,Bike,Ducati 996 RS [1999],31.546092330762246,1.110378932050732,10/07/1999 13:00:00,2,,World Superbikes,
116,Bike,Ducati 996 RS [1999],31.54342618195058,1.110991882799605,31/07/1999 13:00:00,0,,World Superbikes,
116,Bike,Ducati 996 RS [1999],31.541432557515883,1.111783974273,31/07/1999 13:00:00,1,,World Superbikes,
116,Bike,Ducati 996 RS [1999],31.53960669455935,1.1127231440017382,31/07/1999 13:00:00,2,,World Superbikes,
116,Bike,Ducati 996 RS [1999],31.537781780140275,1.1138126793828442,28/08/1999 13:00:00,0,,World Superbikes,
116,Bike,Ducati 996 RS [1999],31.53703045041729,1.115076154656761,28/08/1999 13:00:00,1,,World Superbikes,
116,Bike,Ducati 996 RS [1999],31.536676153564695,1.1164837099142289,28/08/1999 13:00:00,2,,World Superbikes,
116,Bike,Ducati 996 RS [1999],31.53717166642594,1.1180519307438774,04/09/1999 13:00:00,0,,World Superbikes,
116,Bike,Ducati 996 RS [1999],31.536755217536935,1.119749392005826,04/09/1999 13:00:00,1,,World Superbikes,
116,Bike,Ducati 996 RS [1999],31.53617291977332,1.1216054149291192,04/09/1999 13:00:00,2,,World Superbikes,
116,Bike,Ducati 996 RS [1999],31.534652333354302,1.1235900038283806,11/09/1999 13:00:00,0,,World Superbikes,
116,Bike,Ducati 996 RS [1999],31.53320945261629,1.1257339229262964,11/09/1999 13:00:00,1,,World Superbikes,
116,Bike,Ducati 996 RS [1999],31.53306277856465,1.1280591844898964,11/09/1999 13:00:00,2,,World Superbikes,
116,Bike,Ducati 996 RS [1999],31.53379793644374,1.1305501239254823,09/10/1999 13:00:00,0,,World Superbikes,
116,Bike,Ducati 996 RS [1999],31.53451455541255,1.1331930248851325,09/10/1999 13:00:00,1,,World Superbikes,
116,Bike,Ducati 996 RS [1999],31.534188610678576,1.1359825252819962,09/10/1999 13:00:00,2,,World Superbikes,
117,Bike,Honda RVF 750 / RC45 [1999],30.40941959402862,1.0946191571383261,27/03/1999 13:00:00,0,,World Superbikes,
117,Bike,Honda RVF 750 / RC45 [1999],30.40981544986728,1.0917179019196674,27/03/1999 13:00:00,1,,World Superbikes,
117,Bike,Honda RVF 750 / RC45 [1999],30.41004529535097,1.0889747968582382,27/03/1999 13:00:00,2,,World Superbikes,
117,Bike,Honda RVF 750 / RC45 [1999],30.41063386836259,1.086394278977792,17/04/1999 13:00:00,0,,World Superbikes,
117,Bike,Honda RVF 750 / RC45 [1999],30.41135760751943,1.0839779139622017,17/04/1999 13:00:00,1,,World Superbikes,
117,Bike,Honda RVF 750 / RC45 [1999],30.412339845403693,1.0817243137133834,17/04/1999 13:00:00,2,,World Superbikes,
117,Bike,Honda RVF 750 / RC45 [1999],30.413212274245836,1.079628104470768,01/05/1999 13:00:00,0,,World Superbikes,
117,Bike,Honda RVF 750 / RC45 [1999],30.41433594527632,1.077711307177003,01/05/1999 13:00:00,1,,World Superbikes,
117,Bike,Honda RVF 750 / RC45 [1999],30.415334625694243,1.0759671722439956,01/05/1999 13:00:00,2,,World Superbikes,
117,Bike,Honda RVF 750 / RC45 [1999],30.417282897443947,1.074399785930558,15/05/1999 13:00:00,0,,World Superbikes,
117,Bike,Honda RVF 750 / RC45 [1999],30.419899126556455,1.0730016941554907,15/05/1999 13:00:00,1,,World Superbikes,
117,Bike,Honda RVF 750 / RC45 [1999],30.42232757037695,1.0717438307551252,15/05/1999 13:00:00,2,,World Superbikes,
117,Bike,Honda RVF 750 / RC45 [1999],30.425046913953196,1.0706420045806586,29/05/1999 13:00:00,0,,World Superbikes,
117,Bike,Honda RVF 750 / RC45 [1999],30.42735560892038,1.0696814721786227,29/05/1999 13:00:00,1,,World Superbikes,
117,Bike,Honda RVF 750 / RC45 [1999],30.4288753440147,1.0688608695694999,29/05/1999 13:00:00,2,,World Superbikes,
117,Bike,Honda RVF 750 / RC45 [1999],30.430526607091018,1.0681804751999198,12/06/1999 13:00:00,0,,World Superbikes,
117,Bike,Honda RVF 750 / RC45 [1999],30.431504465432596,1.0676477735860865,12/06/1999 13:00:00,1,,World Superbikes,
117,Bike,Honda RVF 750 / RC45 [1999],30.431366252841528,1.0672510130433077,12/06/1999 13:00:00,2,,World Superbikes,
117,Bike,Honda RVF 750 / RC45 [1999],30.43057600532925,1.0670046124886816,26/06/1999 13:00:00,0,,World Superbikes,
117,Bike,Honda RVF 750 / RC45 [1999],30.429318080639632,1.0669079972789541,26/06/1999 13:00:00,1,,World Superbikes,
117,Bike,Honda RVF 750 / RC45 [1999],30.428165820552678,1.0669683818707256,26/06/1999 13:00:00,2,,World Superbikes,
117,Bike,Honda RVF 750 / RC45 [1999],30.427889042548475,1.0671920195242042,10/07/1999 13:00:00,0,,World Superbikes,
117,Bike,Honda RVF 750 / RC45 [1999],30.42791910261185,1.0675857780594744,10/07/1999 13:00:00,1,,World Superbikes,
117,Bike,Honda RVF 750 / RC45 [1999],30.428006260764136,1.0681491180407667,10/07/1999 13:00:00,2,,World Superbikes,
117,Bike,Honda RVF 750 / RC45 [1999],30.429494338765906,1.0688848253343235,31/07/1999 13:00:00,0,,World Superbikes,
117,Bike,Honda RVF 750 / RC45 [1999],30.430949741703273,1.0697923389299477,31/07/1999 13:00:00,1,,World Superbikes,
117,Bike,Honda RVF 750 / RC45 [1999],30.432116904393936,1.0708621282348274,31/07/1999 13:00:00,2,,World Superbikes,
117,Bike,Honda RVF 750 / RC45 [1999],30.43280412596928,1.0720905895907746,28/08/1999 13:00:00,0,,World Superbikes,
117,Bike,Honda RVF 750 / RC45 [1999],30.43252589772913,1.0734469206221064,28/08/1999 13:00:00,1,,World Superbikes,
117,Bike,Honda RVF 750 / RC45 [1999],30.431855973096383,1.0749495606913075,28/08/1999 13:00:00,2,,World Superbikes,
117,Bike,Honda RVF 750 / RC45 [1999],30.43043356459932,1.0765819636415248,04/09/1999 13:00:00,0,,World Superbikes,
117,Bike,Honda RVF 750 / RC45 [1999],30.42904325059611,1.078376005339334,04/09/1999 13:00:00,1,,World Superbikes,
117,Bike,Honda RVF 750 / RC45 [1999],30.427055196247963,1.0803152159760387,04/09/1999 13:00:00,2,,World Superbikes,
117,Bike,Honda RVF 750 / RC45 [1999],30.424898633245533,1.082410260793571,11/09/1999 13:00:00,0,,World Superbikes,
117,Bike,Honda RVF 750 / RC45 [1999],30.42167270684564,1.0846447694226133,11/09/1999 13:00:00,1,,World Superbikes,
117,Bike,Honda RVF 750 / RC45 [1999],30.41805587978986,1.0870266984200552,11/09/1999 13:00:00,2,,World Superbikes,
117,Bike,Honda RVF 750 / RC45 [1999],30.414071001810658,1.0895540525539162,09/10/1999 13:00:00,0,,World Superbikes,
117,Bike,Honda RVF 750 / RC45 [1999],30.4107432218117,1.092265023089384,09/10/1999 13:00:00,1,,World Superbikes,
117,Bike,Honda RVF 750 / RC45 [1999],30.40769062992506,1.0951567403237714,09/10/1999 13:00:00,2,,World Superbikes,
118,Bike,Suzuki GSX-R 750 [1999],25.960420725083964,1.0836826424510204,27/03/1999 13:00:00,0,,World Superbikes,
118,Bike,Suzuki GSX-R 750 [1999],25.95986239489223,1.0807474496276277,27/03/1999 13:00:00,1,,World Superbikes,
118,Bike,Suzuki GSX-R 750 [1999],25.958933652465475,1.0779714714612016,27/03/1999 13:00:00,2,,World Superbikes,
118,Bike,Suzuki GSX-R 750 [1999],25.95928587683298,1.0753649634093134,17/04/1999 13:00:00,0,,World Superbikes,
118,Bike,Suzuki GSX-R 750 [1999],25.959656032088986,1.0729272453023504,17/04/1999 13:00:00,1,,World Superbikes,
118,Bike,Suzuki GSX-R 750 [1999],25.95958961314291,1.0706520370908834,17/04/1999 13:00:00,2,,World Superbikes,
118,Bike,Suzuki GSX-R 750 [1999],25.960037015916008,1.06853735986378,01/05/1999 13:00:00,0,,World Superbikes,
118,Bike,Suzuki GSX-R 750 [1999],25.96061015951317,1.0665817118919834,01/05/1999 13:00:00,1,,World Superbikes,
118,Bike,Suzuki GSX-R 750 [1999],25.9608144754539,1.0647800574770816,01/05/1999 13:00:00,2,,World Superbikes,
118,Bike,Suzuki GSX-R 750 [1999],25.959426676798824,1.063133107916001,15/05/1999 13:00:00,0,,World Superbikes,
118,Bike,Suzuki GSX-R 750 [1999],25.957406514331055,1.0616380936043146,15/05/1999 13:00:00,1,,World Superbikes,
118,Bike,Suzuki GSX-R 750 [1999],25.955007291148327,1.060293709027909,15/05/1999 13:00:00,2,,World Superbikes,
118,Bike,Suzuki GSX-R 750 [1999],25.952216824357407,1.059111728463264,29/05/1999 13:00:00,0,,World Superbikes,
118,Bike,Suzuki GSX-R 750 [1999],25.94945681518268,1.058089563567892,29/05/1999 13:00:00,1,,World Superbikes,
118,Bike,Suzuki GSX-R 750 [1999],25.94640840749757,1.0572256197809997,29/05/1999 13:00:00,2,,World Superbikes,
118,Bike,Suzuki GSX-R 750 [1999],25.942235187386917,1.0565237419332778,12/06/1999 13:00:00,0,,World Superbikes,
118,Bike,Suzuki GSX-R 750 [1999],25.938368204437253,1.0559833680756807,12/06/1999 13:00:00,1,,World Superbikes,
118,Bike,Suzuki GSX-R 750 [1999],25.9347975462283,1.0555998687205006,12/06/1999 13:00:00,2,,World Superbikes,
118,Bike,Suzuki GSX-R 750 [1999],25.930921769099793,1.0553779415270934,26/06/1999 13:00:00,0,,World Superbikes,
118,Bike,Suzuki GSX-R 750 [1999],25.926864962063114,1.0553187260528387,26/06/1999 13:00:00,1,,World Superbikes,
118,Bike,Suzuki GSX-R 750 [1999],25.923055571367378,1.055423191549629,26/06/1999 13:00:00,2,,World Superbikes,
118,Bike,Suzuki GSX-R 750 [1999],25.919682450177863,1.055693485476987,10/07/1999 13:00:00,0,,World Superbikes,
118,Bike,Suzuki GSX-R 750 [1999],25.91703545742351,1.0560962921338477,10/07/1999 13:00:00,1,,World Superbikes,
118,Bike,Suzuki GSX-R 750 [1999],25.914752280082684,1.0566349097932044,10/07/1999 13:00:00,2,,World Superbikes,
118,Bike,Suzuki GSX-R 750 [1999],25.912590224827788,1.0573393352767602,31/07/1999 13:00:00,0,,World Superbikes,
118,Bike,Suzuki GSX-R 750 [1999],25.910380948952007,1.0582000995913798,31/07/1999 13:00:00,1,,World Superbikes,
118,Bike,Suzuki GSX-R 750 [1999],25.90816417618751,1.0592269054540357,31/07/1999 13:00:00,2,,World Superbikes,
118,Bike,Suzuki GSX-R 750 [1999],25.905885371996142,1.060414601974743,28/08/1999 13:00:00,0,,World Superbikes,
118,Bike,Suzuki GSX-R 750 [1999],25.904288859057452,1.0617572925778542,28/08/1999 13:00:00,1,,World Superbikes,
118,Bike,Suzuki GSX-R 750 [1999],25.90327113581556,1.0632505629315605,28/08/1999 13:00:00,2,,World Superbikes,
118,Bike,Suzuki GSX-R 750 [1999],25.90221982935148,1.064908574582134,04/09/1999 13:00:00,0,,World Superbikes,
118,Bike,Suzuki GSX-R 750 [1999],25.9019686505318,1.066735759080597,04/09/1999 13:00:00,1,,World Superbikes,
118,Bike,Suzuki GSX-R 750 [1999],25.90197013846238,1.0687308639119628,04/09/1999 13:00:00,2,,World Superbikes,
118,Bike,Suzuki GSX-R 750 [1999],25.902495654094928,1.0708814808858107,11/09/1999 13:00:00,0,,World Superbikes,
118,Bike,Suzuki GSX-R 750 [1999],25.902822046936258,1.0731874621295048,11/09/1999 13:00:00,1,,World Superbikes,
118,Bike,Suzuki GSX-R 750 [1999],25.902732814200924,1.0756501514575108,11/09/1999 13:00:00,2,,World Superbikes,
118,Bike,Suzuki GSX-R 750 [1999],25.90253100314177,1.0782812678603135,09/10/1999 13:00:00,0,,World Superbikes,
118,Bike,Suzuki GSX-R 750 [1999],25.902581201030955,1.0810595695509906,09/10/1999 13:00:00,1,,World Superbikes,
118,Bike,Suzuki GSX-R 750 [1999],25.902924325810545,1.0839842078625017,09/10/1999 13:00:00,2,,World Superbikes,
119,Bike,Yamaha YZF-R7 [1999],25.319776543226947,1.0520359239948658,27/03/1999 13:00:00,0,,World Superbikes,
119,Bike,Yamaha YZF-R7 [1999],25.31931900459803,1.0490098181324725,27/03/1999 13:00:00,1,,World Superbikes,
119,Bike,Yamaha YZF-R7 [1999],25.318406642260413,1.0461475742045205,27/03/1999 13:00:00,2,,World Superbikes,
119,Bike,Yamaha YZF-R7 [1999],25.31749913645764,1.0434340525708496,17/04/1999 13:00:00,0,,World Superbikes,
119,Bike,Yamaha YZF-R7 [1999],25.316912979958367,1.0408901485172493,17/04/1999 13:00:00,1,,World Superbikes,
119,Bike,Yamaha YZF-R7 [1999],25.316869524800797,1.0385155120637584,17/04/1999 13:00:00,2,,World Superbikes,
119,Bike,Yamaha YZF-R7 [1999],25.3174647667109,1.0363089945289046,01/05/1999 13:00:00,0,,World Superbikes,
119,Bike,Yamaha YZF-R7 [1999],25.318746700362077,1.034272462192722,01/05/1999 13:00:00,1,,World Superbikes,
119,Bike,Yamaha YZF-R7 [1999],25.31935236836682,1.0324053890542595,01/05/1999 13:00:00,2,,World Superbikes,
119,Bike,Yamaha YZF-R7 [1999],25.320197035363016,1.0307059497236841,15/05/1999 13:00:00,0,,World Superbikes,
119,Bike,Yamaha YZF-R7 [1999],25.321310631000323,1.0291643599248754,15/05/1999 13:00:00,1,,World Superbikes,
119,Bike,Yamaha YZF-R7 [1999],25.32236379528942,1.0277807740637608,15/05/1999 13:00:00,2,,World Superbikes,
119,Bike,Yamaha YZF-R7 [1999],25.322680215018945,1.02654971364317,29/05/1999 13:00:00,0,,World Superbikes,
119,Bike,Yamaha YZF-R7 [1999],25.323352000791534,1.0254877783426732,29/05/1999 13:00:00,1,,World Superbikes,
119,Bike,Yamaha YZF-R7 [1999],25.32420581020432,1.0245951209062598,29/05/1999 13:00:00,2,,World Superbikes,
119,Bike,Yamaha YZF-R7 [1999],25.32534995956219,1.0238589934520026,12/06/1999 13:00:00,0,,World Superbikes,
119,Bike,Yamaha YZF-R7 [1999],25.326544181835338,1.0232901012171458,12/06/1999 13:00:00,1,,World Superbikes,
119,Bike,Yamaha YZF-R7 [1999],25.3275685627236,1.0228854782148802,12/06/1999 13:00:00,2,,World Superbikes,
119,Bike,Yamaha YZF-R7 [1999],25.329101194273264,1.0226325222534522,26/06/1999 13:00:00,0,,World Superbikes,
119,Bike,Yamaha YZF-R7 [1999],25.330991168994544,1.0225387084044681,26/06/1999 13:00:00,1,,World Superbikes,
119,Bike,Yamaha YZF-R7 [1999],25.332831879288953,1.0226027400592637,26/06/1999 13:00:00,2,,World Superbikes,
119,Bike,Yamaha YZF-R7 [1999],25.333697900821335,1.0228228184619754,10/07/1999 13:00:00,0,,World Superbikes,
119,Bike,Yamaha YZF-R7 [1999],25.334462369082246,1.0232051625839775,10/07/1999 13:00:00,1,,World Superbikes,
119,Bike,Yamaha YZF-R7 [1999],25.33447725097099,1.023751337966163,10/07/1999 13:00:00,2,,World Superbikes,
119,Bike,Yamaha YZF-R7 [1999],25.334933011403045,1.0244504805150174,31/07/1999 13:00:00,0,,World Superbikes,
119,Bike,Yamaha YZF-R7 [1999],25.33519356111278,1.0253191342260672,31/07/1999 13:00:00,1,,World Superbikes,
119,Bike,Yamaha YZF-R7 [1999],25.33550403391124,1.0263572557376488,31/07/1999 13:00:00,2,,World Superbikes,
119,Bike,Yamaha YZF-R7 [1999],25.33509637571324,1.0275561509351927,28/08/1999 13:00:00,0,,World Superbikes,
119,Bike,Yamaha YZF-R7 [1999],25.334338047832865,1.0289162307486772,28/08/1999 13:00:00,1,,World Superbikes,
119,Bike,Yamaha YZF-R7 [1999],25.3331961871366,1.0304385707473767,28/08/1999 13:00:00,2,,World Superbikes,
119,Bike,Yamaha YZF-R7 [1999],25.33179168528874,1.0321211086890374,04/09/1999 13:00:00,0,,World Superbikes,
119,Bike,Yamaha YZF-R7 [1999],25.329743618521675,1.0339671961782966,04/09/1999 13:00:00,1,,World Superbikes,
119,Bike,Yamaha YZF-R7 [1999],25.32745727001751,1.0359797849732522,04/09/1999 13:00:00,2,,World Superbikes,
119,Bike,Yamaha YZF-R7 [1999],25.326336018571432,1.0381499070547582,11/09/1999 13:00:00,0,,World Superbikes,
119,Bike,Yamaha YZF-R7 [1999],25.325353048219476,1.0404865632515066,11/09/1999 13:00:00,1,,World Superbikes,
119,Bike,Yamaha YZF-R7 [1999],25.324373449106478,1.0429906262946729,11/09/1999 13:00:00,2,,World Superbikes,
119,Bike,Yamaha YZF-R7 [1999],25.323451721462842,1.0456544735481825,09/10/1999 13:00:00,0,,World Superbikes,
119,Bike,Yamaha YZF-R7 [1999],25.323729556430944,1.048495532606598,09/10/1999 13:00:00,1,,World Superbikes,
119,Bike,Yamaha YZF-R7 [1999],25.3243556264436,1.0515155553369153,09/10/1999 13:00:00,2,,World Superbikes,
120,Rider,Robert Ulm,28.932017465385883,0.7931276065528678,27/03/1999 13:00:00,0,Kawasaki ZX7R 750 [1999],World Superbikes,
120,Rider,Robert Ulm,28.930786455374317,0.7889470917837665,27/03/1999 13:00:00,1,Kawasaki ZX7R 750 [1999],World Superbikes,
120,Rider,Robert Ulm,28.928471241021168,0.7848743181065254,27/03/1999 13:00:00,2,Kawasaki ZX7R 750 [1999],World Superbikes,
120,Rider,Robert Ulm,28.924842395616256,0.7809067559604767,17/04/1999 13:00:00,0,Kawasaki ZX7R 750 [1999],World Superbikes,
120,Rider,Robert Ulm,28.921367612277184,0.7770470082831165,17/04/1999 13:00:00,1,Kawasaki ZX7R 750 [1999],World Superbikes,
120,Rider,Robert Ulm,28.918958281917856,0.7732904942264357,17/04/1999 13:00:00,2,Kawasaki ZX7R 750 [1999],World Superbikes,
120,Rider,Robert Ulm,28.9181033680068,0.7696018580655789,01/05/1999 13:00:00,0,Kawasaki ZX7R 750 [1999],World Superbikes,
120,Rider,Robert Ulm,28.918500099428933,0.7660142733417202,01/05/1999 13:00:00,1,Kawasaki ZX7R 750 [1999],World Superbikes,
120,Rider,Robert Ulm,28.91934090185417,0.762530006624569,15/05/1999 13:00:00,0,Kawasaki ZX7R 750 [1999],World Superbikes,
120,Rider,Robert Ulm,28.919800464747905,0.7591409610378065,15/05/1999 13:00:00,1,Kawasaki ZX7R 750 [1999],World Superbikes,
120,Rider,Robert Ulm,28.92011692291768,0.7558483125190117,15/05/1999 13:00:00,2,Kawasaki ZX7R 750 [1999],World Superbikes,
120,Rider,Robert Ulm,28.920760282485876,0.7526461170185132,29/05/1999 13:00:00,0,Kawasaki ZX7R 750 [1999],World Superbikes,
120,Rider,Robert Ulm,28.923176345869873,0.7495450027176231,29/05/1999 13:00:00,1,Kawasaki ZX7R 750 [1999],World Superbikes,
120,Rider,Robert Ulm,28.925296621666583,0.7465453092989873,29/05/1999 13:00:00,2,Kawasaki ZX7R 750 [1999],World Superbikes,
120,Rider,Robert Ulm,28.929236704464724,0.7436096755569421,12/06/1999 13:00:00,0,Kawasaki ZX7R 750 [1999],World Superbikes,
120,Rider,Robert Ulm,28.93330885801413,0.7407742063790584,12/06/1999 13:00:00,1,Kawasaki ZX7R 750 [1999],World Superbikes,
120,Rider,Robert Ulm,28.937062491816626,0.7380364896480875,12/06/1999 13:00:00,2,Kawasaki ZX7R 750 [1999],World Superbikes,
120,Rider,Robert Ulm,28.939906470074142,0.7353887287550035,26/06/1999 13:00:00,0,Kawasaki ZX7R 750 [1999],World Superbikes,
120,Rider,Robert Ulm,28.94361612543759,0.7328323097983401,26/06/1999 13:00:00,1,Kawasaki ZX7R 750 [1999],World Superbikes,
120,Rider,Robert Ulm,28.947227905345326,0.7303669077573915,26/06/1999 13:00:00,2,Kawasaki ZX7R 750 [1999],World Superbikes,
120,Rider,Robert Ulm,28.94928880637305,0.7279890165338638,10/07/1999 13:00:00,0,Kawasaki ZX7R 750 [1999],World Superbikes,
120,Rider,Robert Ulm,28.952874230637367,0.7256965839841345,10/07/1999 13:00:00,1,Kawasaki ZX7R 750 [1999],World Superbikes,
120,Rider,Robert Ulm,28.957474935824983,0.723490562626354,31/07/1999 13:00:00,0,Kawasaki ZX7R 750 [1999],World Superbikes,
120,Rider,Robert Ulm,28.961962109638094,0.7213778385615249,31/07/1999 13:00:00,1,Kawasaki ZX7R 750 [1999],World Superbikes,
120,Rider,Robert Ulm,28.966398610488653,0.7193575810230118,31/07/1999 13:00:00,2,Kawasaki ZX7R 750 [1999],World Superbikes,
120,Rider,Robert Ulm,28.97205240177522,0.7173867414547962,28/08/1999 13:00:00,0,Kawasaki ZX7R 750 [1999],World Superbikes,
120,Rider,Robert Ulm,28.977146795781238,0.7155039615629609,28/08/1999 13:00:00,1,Kawasaki ZX7R 750 [1999],World Superbikes,
120,Rider,Robert Ulm,28.98224527217146,0.7137083202516507,28/08/1999 13:00:00,2,Kawasaki ZX7R 750 [1999],World Superbikes,
120,Rider,Robert Ulm,28.987341063983433,0.7119929183546979,04/09/1999 13:00:00,0,Kawasaki ZX7R 750 [1999],World Superbikes,
120,Rider,Robert Ulm,28.993769233705127,0.7103698976611896,04/09/1999 13:00:00,1,Kawasaki ZX7R 750 [1999],World Superbikes,
120,Rider,Robert Ulm,29.001369110083935,0.7088385562004393,11/09/1999 13:00:00,0,Kawasaki ZX7R 750 [1999],World Superbikes,
120,Rider,Robert Ulm,29.011578069071255,0.7073915387720391,11/09/1999 13:00:00,1,Kawasaki ZX7R 750 [1999],World Superbikes,
120,Rider,Robert Ulm,29.022453043019073,0.7060294190264728,11/09/1999 13:00:00,2,Kawasaki ZX7R 750 [1999],World Superbikes,
120,Rider,Robert Ulm,29.03531736349998,0.7047185168330692,09/10/1999 13:00:00,0,Kawasaki ZX7R 750 [1999],World Superbikes,
120,Rider,Robert Ulm,29.04972434275516,0.7034726041517303,09/10/1999 13:00:00,1,Kawasaki ZX7R 750 [1999],World Superbikes,
120,Rider,Robert Ulm,29.065737482757623,0.7022930636824714,01/04/2000 13:00:00,0,Ducati 996 RS2000 [2000],World Superbikes,
120,Rider,Robert Ulm,29.080308189897632,0.7011983798962014,01/04/2000 13:00:00,1,Ducati 996 RS2000 [2000],World Superbikes,
120,Rider,Robert Ulm,29.094064245880006,0.7001897498233468,01/04/2000 13:00:00,2,Ducati 996 RS2000 [2000],World Superbikes,
120,Rider,Robert Ulm,29.107407194032085,0.6992647110852436,22/04/2000 13:00:00,0,Ducati 996 RS2000 [2000],World Superbikes,
120,Rider,Robert Ulm,29.12137360934806,0.6984266293561786,22/04/2000 13:00:00,1,Ducati 996 RS2000 [2000],World Superbikes,
120,Rider,Robert Ulm,29.135207910950257,0.69767557234169,22/04/2000 13:00:00,2,Ducati 996 RS2000 [2000],World Superbikes,
120,Rider,Robert Ulm,29.149503706363348,0.6970017285558563,29/04/2000 13:00:00,0,Ducati 996 RS2000 [2000],World Superbikes,
120,Rider,Robert Ulm,29.163273183112203,0.6964154450919929,29/04/2000 13:00:00,1,Ducati 996 RS2000 [2000],World Superbikes,
120,Rider,Robert Ulm,29.17706199331371,0.6959162358866863,13/05/2000 13:00:00,0,Ducati 996 RS2000 [2000],World Superbikes,
120,Rider,Robert Ulm,29.19054922597937,0.695504985601258,13/05/2000 13:00:00,1,Ducati 996 RS2000 [2000],World Superbikes,
120,Rider,Robert Ulm,29.203915174386005,0.6951817326267631,20/05/2000 13:00:00,0,Ducati 996 RS2000 [2000],World Superbikes,
120,Rider,Robert Ulm,29.21641517248591,0.6949447933151044,20/05/2000 13:00:00,1,Ducati 996 RS2000 [2000],World Superbikes,
120,Rider,Robert Ulm,29.22664888170685,0.694790565086866,20/05/2000 13:00:00,2,Ducati 996 RS2000 [2000],World Superbikes,
120,Rider,Robert Ulm,29.235467173773515,0.694715966661662,03/06/2000 13:00:00,0,Ducati 996 RS2000 [2000],World Superbikes,
120,Rider,Robert Ulm,29.242631134323638,0.6947275904373577,03/06/2000 13:00:00,1,Ducati 996 RS2000 [2000],World Superbikes,
120,Rider,Robert Ulm,29.25000675811655,0.6948265191437624,03/06/2000 13:00:00,2,Ducati 996 RS2000 [2000],World Superbikes,
120,Rider,Robert Ulm,29.2587577079521,0.6949726564485409,17/06/2000 13:00:00,0,Ducati 996 RS2000 [2000],World Superbikes,
120,Rider,Robert Ulm,29.267200341497386,0.6952051501197968,17/06/2000 13:00:00,1,Ducati 996 RS2000 [2000],World Superbikes,
120,Rider,Robert Ulm,29.274084850523625,0.6955240952392793,17/06/2000 13:00:00,2,Ducati 996 RS2000 [2000],World Superbikes,
120,Rider,Robert Ulm,29.28037526561491,0.6959220848338712,24/06/2000 13:00:00,0,Ducati 996 RS2000 [2000],World Superbikes,
120,Rider,Robert Ulm,29.284970770430224,0.6964066218945643,24/06/2000 13:00:00,1,Ducati 996 RS2000 [2000],World Superbikes,
120,Rider,Robert Ulm,29.28718154915473,0.6969717534128245,24/06/2000 13:00:00,2,Ducati 996 RS2000 [2000],World Superbikes,
120,Rider,Robert Ulm,29.286998463562615,0.697620020810215,08/07/2000 13:00:00,0,Ducati 996 RS2000 [2000],World Superbikes,
120,Rider,Robert Ulm,29.288417659511115,0.6983474541842212,08/07/2000 13:00:00,1,Ducati 996 RS2000 [2000],World Superbikes,
120,Rider,Robert Ulm,29.289282118619965,0.6991603019956959,08/07/2000 13:00:00,2,Ducati 996 RS2000 [2000],World Superbikes,
120,Rider,Robert Ulm,29.28954291054936,0.700053473017458,02/09/2000 13:00:00,0,Ducati 996 RS2000 [2000],World Superbikes,
120,Rider,Robert Ulm,29.290830385063064,0.7010331295451191,02/09/2000 13:00:00,1,Ducati 996 RS2000 [2000],World Superbikes,
120,Rider,Robert Ulm,29.291421351674963,0.7021005488273652,02/09/2000 13:00:00,2,Ducati 996 RS2000 [2000],World Superbikes,
120,Rider,Robert Ulm,29.291562448007422,0.7032490225152845,09/09/2000 13:00:00,0,Ducati 996 RS2000 [2000],World Superbikes,
120,Rider,Robert Ulm,29.290404561241296,0.704487769276134,09/09/2000 13:00:00,1,Ducati 996 RS2000 [2000],World Superbikes,
120,Rider,Robert Ulm,29.2874569916676,0.7058157989052621,09/09/2000 13:00:00,2,Ducati 996 RS2000 [2000],World Superbikes,
120,Rider,Robert Ulm,29.283267459880534,0.7072281611279155,14/10/2000 13:00:00,0,Ducati 996 RS2000 [2000],World Superbikes,
120,Rider,Robert Ulm,29.280076255428423,0.7087303133833642,14/10/2000 13:00:00,1,Ducati 996 RS2000 [2000],World Superbikes,
120,Rider,Robert Ulm,29.278500671110002,0.7103215821002523,09/03/2001 13:00:00,0,Ducati 996 RS [2001],World Superbikes,
120,Rider,Robert Ulm,29.276870200348597,0.7120049706635087,09/03/2001 13:00:00,1,Ducati 996 RS [2001],World Superbikes,
120,Rider,Robert Ulm,29.273598041796408,0.713780298008891,10/03/2001 13:00:00,0,Ducati 996 RS [2001],World Superbikes,
120,Rider,Robert Ulm,29.270322419460246,0.7156365938122887,29/03/2001 13:00:00,0,Ducati 996 RS [2001],World Superbikes,
120,Rider,Robert Ulm,29.266752140787208,0.7175859850785685,30/03/2001 13:00:00,0,Ducati 996 RS [2001],World Superbikes,
120,Rider,Robert Ulm,29.263192338373397,0.7196278742853749,19/04/2001 13:00:00,0,Ducati 996 RS [2001],World Superbikes,
120,Rider,Robert Ulm,29.261435575228365,0.7217574491481891,20/04/2001 13:00:00,0,Ducati 996 RS [2001],World Superbikes,
120,Rider,Robert Ulm,29.26134573467488,0.7239789851860164,26/04/2001 13:00:00,0,Ducati 996 RS [2001],World Superbikes,
120,Rider,Robert Ulm,29.261023595471272,0.7262974420528294,27/04/2001 13:00:00,0,Ducati 996 RS [2001],World Superbikes,
120,Rider,Robert Ulm,29.260471002647925,0.728713704749509,10/05/2001 13:00:00,0,Ducati 996 RS [2001],World Superbikes,
120,Rider,Robert Ulm,29.259204449216547,0.7312293596438689,11/05/2001 13:00:00,0,Ducati 996 RS [2001],World Superbikes,
120,Rider,Robert Ulm,29.257575225892353,0.7338430423722199,25/05/2001 13:00:00,0,Ducati 996 RS [2001],World Superbikes,
120,Rider,Robert Ulm,29.255035242001806,0.736556261992544,25/05/2001 13:00:00,1,Ducati 996 RS [2001],World Superbikes,
120,Rider,Robert Ulm,29.25171282422697,0.7393697744478673,26/05/2001 13:00:00,0,Ducati 996 RS [2001],World Superbikes,
120,Rider,Robert Ulm,29.249755179170165,0.7422386270240715,07/06/2001 13:00:00,0,Ducati 996 RS [2001],World Superbikes,
120,Rider,Robert Ulm,29.24758361450415,0.7452118511235204,08/06/2001 13:00:00,0,Ducati 996 RS [2001],World Superbikes,
120,Rider,Robert Ulm,29.244722891643846,0.7482882846837431,09/06/2001 13:00:00,0,Ducati 996 RS [2001],World Superbikes,
120,Rider,Robert Ulm,29.241248699540556,0.7514611558313791,21/06/2001 13:00:00,0,Ducati 996 RS [2001],World Superbikes,
120,Rider,Robert Ulm,29.237755453229603,0.7547403336329498,22/06/2001 13:00:00,0,Ducati 996 RS [2001],World Superbikes,
120,Rider,Robert Ulm,29.234057031876688,0.7581254200768556,06/07/2001 13:00:00,0,Ducati 996 RS [2001],World Superbikes,
120,Rider,Robert Ulm,29.230430323347658,0.7616151341287578,07/07/2001 13:00:00,0,Ducati 996 RS [2001],World Superbikes,
120,Rider,Robert Ulm,29.22642875853717,0.7652114590010425,27/07/2001 13:00:00,0,Ducati 996 RS [2001],World Superbikes,
120,Rider,Robert Ulm,29.222842991525365,0.7689152352533963,27/07/2001 13:00:00,1,Ducati 996 RS [2001],World Superbikes,
120,Rider,Robert Ulm,29.218572669899213,0.7727290471848153,30/08/2001 13:00:00,0,Ducati 996 RS [2001],World Superbikes,
120,Rider,Robert Ulm,29.213187076496954,0.776652983796639,31/08/2001 13:00:00,0,Ducati 996 RS [2001],World Superbikes,
120,Rider,Robert Ulm,29.2075208026745,0.7806879191500378,01/09/2001 13:00:00,0,Ducati 996 RS [2001],World Superbikes,
120,Rider,Robert Ulm,29.203242035213933,0.7847890998992557,27/09/2001 13:00:00,0,Kawasaki ZX-7 RR [2001],World Superbikes,
120,Rider,Robert Ulm,29.200704121624685,0.788997036403088,28/09/2001 13:00:00,0,Kawasaki ZX-7 RR [2001],World Superbikes,
121,Bike,Kawasaki ZX7R 750 [1999],25.824587910491893,1.0789379504704353,27/03/1999 13:00:00,0,,World Superbikes,
121,Bike,Kawasaki ZX7R 750 [1999],25.824140293936296,1.0759973360848265,27/03/1999 13:00:00,1,,World Superbikes,
121,Bike,Kawasaki ZX7R 750 [1999],25.823696351743813,1.073221155191447,27/03/1999 13:00:00,2,,World Superbikes,
121,Bike,Kawasaki ZX7R 750 [1999],25.821938778499558,1.0706155904010515,17/04/1999 13:00:00,0,,World Superbikes,
121,Bike,Kawasaki ZX7R 750 [1999],25.820323940076072,1.068183564344096,17/04/1999 13:00:00,1,,World Superbikes,
121,Bike,Kawasaki ZX7R 750 [1999],25.819156150116545,1.0659230476807193,17/04/1999 13:00:00,2,,World Superbikes,
121,Bike,Kawasaki ZX7R 750 [1999],25.81954277660529,1.063783349702035,01/05/1999 13:00:00,0,,World Superbikes,
121,Bike,Kawasaki ZX7R 750 [1999],25.819543895411197,1.0618109763729304,01/05/1999 13:00:00,1,,World Superbikes,
121,Bike,Kawasaki ZX7R 750 [1999],25.81956139004878,1.0600107802484668,01/05/1999 13:00:00,2,,World Superbikes,
121,Bike,Kawasaki ZX7R 750 [1999],25.81885681455688,1.058384321689796,15/05/1999 13:00:00,0,,World Superbikes,
121,Bike,Kawasaki ZX7R 750 [1999],25.8178701412281,1.0569197073053664,15/05/1999 13:00:00,1,,World Superbikes,
121,Bike,Kawasaki ZX7R 750 [1999],25.816605515345856,1.0556196262814537,15/05/1999 13:00:00,2,,World Superbikes,
121,Bike,Kawasaki ZX7R 750 [1999],25.814963504632235,1.0544772592804055,29/05/1999 13:00:00,0,,World Superbikes,
121,Bike,Kawasaki ZX7R 750 [1999],25.81318392794693,1.0535074103612958,29/05/1999 13:00:00,1,,World Superbikes,
121,Bike,Kawasaki ZX7R 750 [1999],25.810339009154468,1.0527115322770686,29/05/1999 13:00:00,2,,World Superbikes,
121,Bike,Kawasaki ZX7R 750 [1999],25.80868171184288,1.0520498939583232,12/06/1999 13:00:00,0,,World Superbikes,
121,Bike,Kawasaki ZX7R 750 [1999],25.806353462551332,1.0515623525134756,12/06/1999 13:00:00,1,,World Superbikes,
121,Bike,Kawasaki ZX7R 750 [1999],25.803117929203296,1.0512464228926988,12/06/1999 13:00:00,2,,World Superbikes,
121,Bike,Kawasaki ZX7R 750 [1999],25.79919788909288,1.0510926717836988,26/06/1999 13:00:00,0,,World Superbikes,
121,Bike,Kawasaki ZX7R 750 [1999],25.795156220629146,1.0511045258296396,26/06/1999 13:00:00,1,,World Superbikes,
121,Bike,Kawasaki ZX7R 750 [1999],25.791393779622943,1.0512825300098578,26/06/1999 13:00:00,2,,World Superbikes,
121,Bike,Kawasaki ZX7R 750 [1999],25.787496893815337,1.0516099696513046,10/07/1999 13:00:00,0,,World Superbikes,
121,Bike,Kawasaki ZX7R 750 [1999],25.78383623725336,1.0521022226661723,10/07/1999 13:00:00,1,,World Superbikes,
121,Bike,Kawasaki ZX7R 750 [1999],25.780093550822695,1.0527610578150717,10/07/1999 13:00:00,2,,World Superbikes,
121,Bike,Kawasaki ZX7R 750 [1999],25.775865600033608,1.053573138710336,31/07/1999 13:00:00,0,,World Superbikes,
121,Bike,Kawasaki ZX7R 750 [1999],25.771634707757684,1.0545588475836825,31/07/1999 13:00:00,1,,World Superbikes,
121,Bike,Kawasaki ZX7R 750 [1999],25.767257311090113,1.0557188607686792,31/07/1999 13:00:00,2,,World Superbikes,
121,Bike,Kawasaki ZX7R 750 [1999],25.76363349808002,1.0570196216515713,28/08/1999 13:00:00,0,,World Superbikes,
121,Bike,Kawasaki ZX7R 750 [1999],25.759427230610306,1.058490661018005,28/08/1999 13:00:00,1,,World Superbikes,
121,Bike,Kawasaki ZX7R 750 [1999],25.755083590548946,1.0601314669689952,28/08/1999 13:00:00,2,,World Superbikes,
121,Bike,Kawasaki ZX7R 750 [1999],25.751241922382448,1.0619180180092278,04/09/1999 13:00:00,0,,World Superbikes,
121,Bike,Kawasaki ZX7R 750 [1999],25.747705310580628,1.0638805694743392,04/09/1999 13:00:00,1,,World Superbikes,
121,Bike,Kawasaki ZX7R 750 [1999],25.74424835930348,1.066019387427162,04/09/1999 13:00:00,2,,World Superbikes,
121,Bike,Kawasaki ZX7R 750 [1999],25.739913207385356,1.0683240707646406,11/09/1999 13:00:00,0,,World Superbikes,
121,Bike,Kawasaki ZX7R 750 [1999],25.736586534145417,1.0708009096686462,11/09/1999 13:00:00,1,,World Superbikes,
121,Bike,Kawasaki ZX7R 750 [1999],25.733451748838487,1.0734506324722408,11/09/1999 13:00:00,2,,World Superbikes,
121,Bike,Kawasaki ZX7R 750 [1999],25.73136734959573,1.0762368976572003,09/10/1999 13:00:00,0,,World Superbikes,
121,Bike,Kawasaki ZX7R 750 [1999],25.730321436598146,1.0791800908859788,09/10/1999 13:00:00,1,,World Superbikes,
122,Rider,Katsuaki Fujiwara,31.76972432977916,0.8447796994890934,27/03/1999 13:00:00,0,Suzuki GSX-R 750 [1999],World Superbikes,
122,Rider,Katsuaki Fujiwara,31.769661723015567,0.8408841175386842,27/03/1999 13:00:00,1,Suzuki GSX-R 750 [1999],World Superbikes,
122,Rider,Katsuaki Fujiwara,31.768092950475644,0.8371061740686198,27/03/1999 13:00:00,2,Suzuki GSX-R 750 [1999],World Superbikes,
122,Rider,Katsuaki Fujiwara,31.766450583054507,0.8334478855423524,17/04/1999 13:00:00,0,Suzuki GSX-R 750 [1999],World Superbikes,
122,Rider,Katsuaki Fujiwara,31.764277245173837,0.8299125555230064,17/04/1999 13:00:00,1,Suzuki GSX-R 750 [1999],World Superbikes,
122,Rider,Katsuaki Fujiwara,31.76198360794716,0.8264984417477764,17/04/1999 13:00:00,2,Suzuki GSX-R 750 [1999],World Superbikes,
122,Rider,Katsuaki Fujiwara,31.759357565500597,0.8232023550469348,01/05/1999 13:00:00,0,Suzuki GSX-R 750 [1999],World Superbikes,
122,Rider,Katsuaki Fujiwara,31.75796299112694,0.8200251056419775,01/05/1999 13:00:00,1,Suzuki GSX-R 750 [1999],World Superbikes,
122,Rider,Katsuaki Fujiwara,31.75701381145032,0.8169674635810684,15/05/1999 13:00:00,0,Suzuki GSX-R 750 [1999],World Superbikes,
122,Rider,Katsuaki Fujiwara,31.754063669140518,0.8140242613136894,15/05/1999 13:00:00,1,Suzuki GSX-R 750 [1999],World Superbikes,
122,Rider,Katsuaki Fujiwara,31.750737207246004,0.8111900758408783,15/05/1999 13:00:00,2,Suzuki GSX-R 750 [1999],World Superbikes,
122,Rider,Katsuaki Fujiwara,31.747005570908616,0.8084605636526346,29/05/1999 13:00:00,0,Suzuki GSX-R 750 [1999],World Superbikes,
122,Rider,Katsuaki Fujiwara,31.742100585031455,0.8058434635444574,29/05/1999 13:00:00,1,Suzuki GSX-R 750 [1999],World Superbikes,
122,Rider,Katsuaki Fujiwara,31.736275503291566,0.803339703106147,29/05/1999 13:00:00,2,Suzuki GSX-R 750 [1999],World Superbikes,
122,Rider,Katsuaki Fujiwara,31.729416666564376,0.8009463364528439,12/06/1999 13:00:00,0,Suzuki GSX-R 750 [1999],World Superbikes,
122,Rider,Katsuaki Fujiwara,31.721432001055124,0.7986641098084649,12/06/1999 13:00:00,1,Suzuki GSX-R 750 [1999],World Superbikes,
122,Rider,Katsuaki Fujiwara,31.712448502037127,0.7964902341618556,12/06/1999 13:00:00,2,Suzuki GSX-R 750 [1999],World Superbikes,
122,Rider,Katsuaki Fujiwara,31.703832991823038,0.794422304922846,26/06/1999 13:00:00,0,Suzuki GSX-R 750 [1999],World Superbikes,
122,Rider,Katsuaki Fujiwara,31.694903633549238,0.7924602198364183,26/06/1999 13:00:00,1,Suzuki GSX-R 750 [1999],World Superbikes,
122,Rider,Katsuaki Fujiwara,31.685688953104265,0.7906029300273463,26/06/1999 13:00:00,2,Suzuki GSX-R 750 [1999],World Superbikes,
122,Rider,Katsuaki Fujiwara,31.675857345263495,0.788851048569282,10/07/1999 13:00:00,0,Suzuki GSX-R 750 [1999],World Superbikes,
122,Rider,Katsuaki Fujiwara,31.6670594396858,0.7872060555112084,10/07/1999 13:00:00,1,Suzuki GSX-R 750 [1999],World Superbikes,
122,Rider,Katsuaki Fujiwara,31.65880558197486,0.7856694779399804,10/07/1999 13:00:00,2,Suzuki GSX-R 750 [1999],World Superbikes,
122,Rider,Katsuaki Fujiwara,31.650806440934684,0.7842318440100108,31/07/1999 13:00:00,0,Suzuki GSX-R 750 [1999],World Superbikes,
122,Rider,Katsuaki Fujiwara,31.643776090521996,0.7829036437646045,31/07/1999 13:00:00,1,Suzuki GSX-R 750 [1999],World Superbikes,
122,Rider,Katsuaki Fujiwara,31.638025122770472,0.7816855151419096,28/08/1999 13:00:00,0,Suzuki GSX-R 750 [1999],World Superbikes,
122,Rider,Katsuaki Fujiwara,31.633193012710848,0.780573881328117,28/08/1999 13:00:00,1,Suzuki GSX-R 750 [1999],World Superbikes,
122,Rider,Katsuaki Fujiwara,31.628008375811476,0.779568702814653,28/08/1999 13:00:00,2,Suzuki GSX-R 750 [1999],World Superbikes,
122,Rider,Katsuaki Fujiwara,31.622926778599485,0.7786639424816648,04/09/1999 13:00:00,0,Suzuki GSX-R 750 [1999],World Superbikes,
122,Rider,Katsuaki Fujiwara,31.619352246644578,0.7778718395719271,04/09/1999 13:00:00,1,Suzuki GSX-R 750 [1999],World Superbikes,
122,Rider,Katsuaki Fujiwara,31.616928468821378,0.7771913191585749,04/09/1999 13:00:00,2,Suzuki GSX-R 750 [1999],World Superbikes,
122,Rider,Katsuaki Fujiwara,31.61600056651626,0.7765994609194766,11/09/1999 13:00:00,0,Suzuki GSX-R 750 [1999],World Superbikes,
122,Rider,Katsuaki Fujiwara,31.615294967273726,0.7761128808029125,11/09/1999 13:00:00,1,Suzuki GSX-R 750 [1999],World Superbikes,
122,Rider,Katsuaki Fujiwara,31.614478638321998,0.7757317004230311,11/09/1999 13:00:00,2,Suzuki GSX-R 750 [1999],World Superbikes,
122,Rider,Katsuaki Fujiwara,31.613583523310542,0.7754492465071418,09/10/1999 13:00:00,0,Suzuki GSX-R 750 [1999],World Superbikes,
122,Rider,Katsuaki Fujiwara,31.613392564469063,0.7752715276054286,09/10/1999 13:00:00,1,Suzuki GSX-R 750 [1999],World Superbikes,
122,Rider,Katsuaki Fujiwara,31.61436355952145,0.7751962665381463,01/04/2000 13:00:00,0,Suzuki GSX-R 750 [2000],World Superbikes,
122,Rider,Katsuaki Fujiwara,31.615255593804793,0.7752299899169853,01/04/2000 13:00:00,1,Suzuki GSX-R 750 [2000],World Superbikes,
122,Rider,Katsuaki Fujiwara,31.615097479081165,0.7753691247609629,01/04/2000 13:00:00,2,Suzuki GSX-R 750 [2000],World Superbikes,
122,Rider,Katsuaki Fujiwara,31.6148275310939,0.7756130681170902,22/04/2000 13:00:00,0,Suzuki GSX-R 750 [2000],World Superbikes,
122,Rider,Katsuaki Fujiwara,31.61437672707207,0.7759665276318412,22/04/2000 13:00:00,1,Suzuki GSX-R 750 [2000],World Superbikes,
122,Rider,Katsuaki Fujiwara,31.613853816268744,0.7764306330340488,22/04/2000 13:00:00,2,Suzuki GSX-R 750 [2000],World Superbikes,
122,Rider,Katsuaki Fujiwara,31.61345116177707,0.7770008790112954,29/04/2000 13:00:00,0,Suzuki GSX-R 750 [2000],World Superbikes,
122,Rider,Katsuaki Fujiwara,31.612458111936068,0.7776824550353659,29/04/2000 13:00:00,1,Suzuki GSX-R 750 [2000],World Superbikes,
122,Rider,Katsuaki Fujiwara,31.610060892997108,0.7784756921047145,13/05/2000 13:00:00,0,Suzuki GSX-R 750 [2000],World Superbikes,
122,Rider,Katsuaki Fujiwara,31.607445987986697,0.7793826195563507,13/05/2000 13:00:00,1,Suzuki GSX-R 750 [2000],World Superbikes,
122,Rider,Katsuaki Fujiwara,31.605719715128412,0.7804028611089164,20/05/2000 13:00:00,0,Suzuki GSX-R 750 [2000],World Superbikes,
122,Rider,Katsuaki Fujiwara,31.603786445232426,0.7815351389855263,20/05/2000 13:00:00,1,Suzuki GSX-R 750 [2000],World Superbikes,
122,Rider,Katsuaki Fujiwara,31.603010298367273,0.7827804524019099,20/05/2000 13:00:00,2,Suzuki GSX-R 750 [2000],World Superbikes,
122,Rider,Katsuaki Fujiwara,31.603843506272554,0.7841214899969559,03/06/2000 13:00:00,0,Suzuki GSX-R 750 [2000],World Superbikes,
122,Rider,Katsuaki Fujiwara,31.604933383026612,0.7855776569204567,03/06/2000 13:00:00,1,Suzuki GSX-R 750 [2000],World Superbikes,
122,Rider,Katsuaki Fujiwara,31.605965391318097,0.7871491383362383,03/06/2000 13:00:00,2,Suzuki GSX-R 750 [2000],World Superbikes,
122,Rider,Katsuaki Fujiwara,31.60721376631892,0.788830271871739,17/06/2000 13:00:00,0,Suzuki GSX-R 750 [2000],World Superbikes,
122,Rider,Katsuaki Fujiwara,31.60759620976692,0.7906247485522389,17/06/2000 13:00:00,1,Suzuki GSX-R 750 [2000],World Superbikes,
122,Rider,Katsuaki Fujiwara,31.60783671367686,0.7925354027797458,17/06/2000 13:00:00,2,Suzuki GSX-R 750 [2000],World Superbikes,
122,Rider,Katsuaki Fujiwara,31.606368102436253,0.7945487591696438,24/06/2000 13:00:00,0,Suzuki GSX-R 750 [2000],World Superbikes,
122,Rider,Katsuaki Fujiwara,31.60381694181866,0.7966766507665999,24/06/2000 13:00:00,1,Suzuki GSX-R 750 [2000],World Superbikes,
122,Rider,Katsuaki Fujiwara,31.60398418098516,0.7989204807256272,24/06/2000 13:00:00,2,Suzuki GSX-R 750 [2000],World Superbikes,
122,Rider,Katsuaki Fujiwara,31.601910936882494,0.8012669529268464,08/07/2000 13:00:00,0,Suzuki GSX-R 750 [2000],World Superbikes,
122,Rider,Katsuaki Fujiwara,31.600838600317893,0.8037290553321066,08/07/2000 13:00:00,1,Suzuki GSX-R 750 [2000],World Superbikes,
122,Rider,Katsuaki Fujiwara,31.599251684771883,0.8063065464359856,08/07/2000 13:00:00,2,Suzuki GSX-R 750 [2000],World Superbikes,
122,Rider,Katsuaki Fujiwara,31.598488062896077,0.8089920593336717,05/08/2000 13:00:00,0,Suzuki GSX-R 750 [2000],World Superbikes,
122,Rider,Katsuaki Fujiwara,31.598094622377303,0.8117967918921566,05/08/2000 13:00:00,1,Suzuki GSX-R 750 [2000],World Superbikes,
122,Rider,Katsuaki Fujiwara,31.598016974389918,0.814721831864052,02/09/2000 13:00:00,0,Suzuki GSX-R 750 [2000],World Superbikes,
122,Rider,Katsuaki Fujiwara,31.597434839175207,0.8177677120303218,02/09/2000 13:00:00,1,Suzuki GSX-R 750 [2000],World Superbikes,
122,Rider,Katsuaki Fujiwara,31.596455824498744,0.8209340604656928,02/09/2000 13:00:00,2,Suzuki GSX-R 750 [2000],World Superbikes,
122,Rider,Katsuaki Fujiwara,31.59547504076015,0.824215380435664,09/09/2000 13:00:00,0,Suzuki GSX-R 750 [2000],World Superbikes,
122,Rider,Katsuaki Fujiwara,31.595373468664725,0.8276221288132466,09/09/2000 13:00:00,1,Suzuki GSX-R 750 [2000],World Superbikes,
122,Rider,Katsuaki Fujiwara,31.59501277716793,0.8311566411170354,09/09/2000 13:00:00,2,Suzuki GSX-R 750 [2000],World Superbikes,
122,Rider,Katsuaki Fujiwara,31.593963311733727,0.8348095810759724,14/10/2000 13:00:00,0,Suzuki GSX-R 750 [2000],World Superbikes,
122,Rider,Katsuaki Fujiwara,31.59229525372337,0.8385890987107874,14/10/2000 13:00:00,1,Suzuki GSX-R 750 [2000],World Superbikes,
122,Rider,Katsuaki Fujiwara,31.591233638378377,0.8424982641672892,14/10/2000 13:00:00,2,Suzuki GSX-R 750 [2000],World Superbikes,
123,Bike,Kawasaki ZX-7 RR [1999],25.32989202397637,1.0587613036708667,27/03/1999 13:00:00,0,,World Superbikes,
123,Bike,Kawasaki ZX-7 RR [1999],25.33094696574343,1.055761909754612,27/03/1999 13:00:00,1,,World Superbikes,
123,Bike,Kawasaki ZX-7 RR [1999],25.333195516527226,1.0529311038491416,27/03/1999 13:00:00,2,,World Superbikes,
123,Bike,Kawasaki ZX-7 RR [1999],25.335680763539344,1.050265472232323,17/04/1999 13:00:00,0,,World Superbikes,
123,Bike,Kawasaki ZX-7 RR [1999],25.338857415626045,1.047772075427407,17/04/1999 13:00:00,1,,World Superbikes,
123,Bike,Kawasaki ZX-7 RR [1999],25.34263362176732,1.0454520526565474,17/04/1999 13:00:00,2,,World Superbikes,
123,Bike,Kawasaki ZX-7 RR [1999],25.346163175624966,1.0432984184978888,01/05/1999 13:00:00,0,,World Superbikes,
123,Bike,Kawasaki ZX-7 RR [1999],25.34885184513036,1.0413160359489988,01/05/1999 13:00:00,1,,World Superbikes,
123,Bike,Kawasaki ZX-7 RR [1999],25.352044485772517,1.0395077373922752,01/05/1999 13:00:00,2,,World Superbikes,
123,Bike,Kawasaki ZX-7 RR [1999],25.355600566986514,1.0378414831491065,15/05/1999 13:00:00,0,,World Superbikes,
123,Bike,Kawasaki ZX-7 RR [1999],25.35703623237814,1.0363233820215985,15/05/1999 13:00:00,1,,World Superbikes,
123,Bike,Kawasaki ZX-7 RR [1999],25.357163788807696,1.0349595769011515,15/05/1999 13:00:00,2,,World Superbikes,
123,Bike,Kawasaki ZX-7 RR [1999],25.35648258481625,1.033756607501411,29/05/1999 13:00:00,0,,World Superbikes,
123,Bike,Kawasaki ZX-7 RR [1999],25.35572670883865,1.0327182355180495,29/05/1999 13:00:00,1,,World Superbikes,
123,Bike,Kawasaki ZX-7 RR [1999],25.355367311369772,1.031847582628197,29/05/1999 13:00:00,2,,World Superbikes,
123,Bike,Kawasaki ZX-7 RR [1999],25.354980440332145,1.0311387571606203,12/06/1999 13:00:00,0,,World Superbikes,
123,Bike,Kawasaki ZX-7 RR [1999],25.354865777946625,1.030593616339693,12/06/1999 13:00:00,1,,World Superbikes,
123,Bike,Kawasaki ZX-7 RR [1999],25.354313887253603,1.0302106321010474,12/06/1999 13:00:00,2,,World Superbikes,
123,Bike,Kawasaki ZX-7 RR [1999],25.35365279809299,1.0299844575691208,26/06/1999 13:00:00,0,,World Superbikes,
123,Bike,Kawasaki ZX-7 RR [1999],25.35252346091726,1.0299141423469904,26/06/1999 13:00:00,1,,World Superbikes,
123,Bike,Kawasaki ZX-7 RR [1999],25.350714399713663,1.0299990815632396,26/06/1999 13:00:00,2,,World Superbikes,
123,Bike,Kawasaki ZX-7 RR [1999],25.348807385429907,1.0302371893929834,10/07/1999 13:00:00,0,,World Superbikes,
123,Bike,Kawasaki ZX-7 RR [1999],25.346765917549803,1.0306384894054603,10/07/1999 13:00:00,1,,World Superbikes,
123,Bike,Kawasaki ZX-7 RR [1999],25.344677634979945,1.031201141416356,10/07/1999 13:00:00,2,,World Superbikes,
123,Bike,Kawasaki ZX-7 RR [1999],25.34328560430339,1.0319075148852943,31/07/1999 13:00:00,0,,World Superbikes,
123,Bike,Kawasaki ZX-7 RR [1999],25.341006796992772,1.0327773206383237,31/07/1999 13:00:00,1,,World Superbikes,
123,Bike,Kawasaki ZX-7 RR [1999],25.338883438966494,1.0338192297483286,31/07/1999 13:00:00,2,,World Superbikes,
123,Bike,Kawasaki ZX-7 RR [1999],25.33783071913345,1.035018929492382,28/08/1999 13:00:00,0,,World Superbikes,
123,Bike,Kawasaki ZX-7 RR [1999],25.33772317237723,1.03638582325793,28/08/1999 13:00:00,1,,World Superbikes,
123,Bike,Kawasaki ZX-7 RR [1999],25.337582717805848,1.0379196196030567,28/08/1999 13:00:00,2,,World Superbikes,
123,Bike,Kawasaki ZX-7 RR [1999],25.337460669576547,1.0396163819770057,04/09/1999 13:00:00,0,,World Superbikes,
123,Bike,Kawasaki ZX-7 RR [1999],25.336508278145313,1.0414739463223037,04/09/1999 13:00:00,1,,World Superbikes,
123,Bike,Kawasaki ZX-7 RR [1999],25.33627409083404,1.0435017265129358,04/09/1999 13:00:00,2,,World Superbikes,
123,Bike,Kawasaki ZX-7 RR [1999],25.3362029327069,1.0456915749119087,11/09/1999 13:00:00,0,,World Superbikes,
123,Bike,Kawasaki ZX-7 RR [1999],25.33568700506907,1.048040862205631,11/09/1999 13:00:00,1,,World Superbikes,
123,Bike,Kawasaki ZX-7 RR [1999],25.33544426142521,1.0505592481047923,11/09/1999 13:00:00,2,,World Superbikes,
123,Bike,Kawasaki ZX-7 RR [1999],25.335566230731857,1.053238326969963,09/10/1999 13:00:00,0,,World Superbikes,
123,Bike,Kawasaki ZX-7 RR [1999],25.336061375243407,1.0560872657161262,09/10/1999 13:00:00,1,,World Superbikes,
123,Bike,Kawasaki ZX-7 RR [1999],25.336694557954086,1.059102684660538,09/10/1999 13:00:00,2,,World Superbikes,
124,Rider,Vittoriano Guareschi,29.34479266793239,0.8704335450545009,27/03/1999 13:00:00,0,Yamaha YZF-R7 [1999],World Superbikes,
124,Rider,Vittoriano Guareschi,29.34451502564611,0.8666674374908163,27/03/1999 13:00:00,1,Yamaha YZF-R7 [1999],World Superbikes,
124,Rider,Vittoriano Guareschi,29.344014842963098,0.8630285309678082,27/03/1999 13:00:00,2,Yamaha YZF-R7 [1999],World Superbikes,
124,Rider,Vittoriano Guareschi,29.34459173425793,0.8594946732394658,17/04/1999 13:00:00,0,Yamaha YZF-R7 [1999],World Superbikes,
124,Rider,Vittoriano Guareschi,29.3456066412638,0.8560875312473327,17/04/1999 13:00:00,1,Yamaha YZF-R7 [1999],World Superbikes,
124,Rider,Vittoriano Guareschi,29.347353839184585,0.8528053584668374,01/05/1999 13:00:00,0,Yamaha YZF-R7 [1999],World Superbikes,
124,Rider,Vittoriano Guareschi,29.350038422448733,0.8496479343893559,01/05/1999 13:00:00,1,Yamaha YZF-R7 [1999],World Superbikes,
124,Rider,Vittoriano Guareschi,29.352323752082075,0.8466182701213907,15/05/1999 13:00:00,0,Yamaha YZF-R7 [1999],World Superbikes,
124,Rider,Vittoriano Guareschi,29.35464655417278,0.84370505922169,15/05/1999 13:00:00,1,Yamaha YZF-R7 [1999],World Superbikes,
124,Rider,Vittoriano Guareschi,29.35644441172598,0.840909104638993,15/05/1999 13:00:00,2,Yamaha YZF-R7 [1999],World Superbikes,
124,Rider,Vittoriano Guareschi,29.358162704012248,0.8382261202948941,29/05/1999 13:00:00,0,Yamaha YZF-R7 [1999],World Superbikes,
124,Rider,Vittoriano Guareschi,29.359461766877644,0.8356680196435353,29/05/1999 13:00:00,1,Yamaha YZF-R7 [1999],World Superbikes,
124,Rider,Vittoriano Guareschi,29.359815580275907,0.8332340282294665,29/05/1999 13:00:00,2,Yamaha YZF-R7 [1999],World Superbikes,
124,Rider,Vittoriano Guareschi,29.360827827277365,0.8309097419111665,12/06/1999 13:00:00,0,Yamaha YZF-R7 [1999],World Superbikes,
124,Rider,Vittoriano Guareschi,29.361264231513772,0.8287083166843936,12/06/1999 13:00:00,1,Yamaha YZF-R7 [1999],World Superbikes,
124,Rider,Vittoriano Guareschi,29.3619106863562,0.826629318349836,12/06/1999 13:00:00,2,Yamaha YZF-R7 [1999],World Superbikes,
124,Rider,Vittoriano Guareschi,29.363523293873914,0.8246567019035623,26/06/1999 13:00:00,0,Yamaha YZF-R7 [1999],World Superbikes,
124,Rider,Vittoriano Guareschi,29.36531977733711,0.8227998283239125,26/06/1999 13:00:00,1,Yamaha YZF-R7 [1999],World Superbikes,
124,Rider,Vittoriano Guareschi,29.367315080818898,0.8210583334000641,26/06/1999 13:00:00,2,Yamaha YZF-R7 [1999],World Superbikes,
124,Rider,Vittoriano Guareschi,29.3683997986142,0.8194306548624564,10/07/1999 13:00:00,0,Yamaha YZF-R7 [1999],World Superbikes,
124,Rider,Vittoriano Guareschi,29.369617189317218,0.8179188910020677,10/07/1999 13:00:00,1,Yamaha YZF-R7 [1999],World Superbikes,
124,Rider,Vittoriano Guareschi,29.36994832577147,0.8165235812868941,10/07/1999 13:00:00,2,Yamaha YZF-R7 [1999],World Superbikes,
124,Rider,Vittoriano Guareschi,29.370880591600308,0.8152273014663498,31/07/1999 13:00:00,0,Yamaha YZF-R7 [1999],World Superbikes,
124,Rider,Vittoriano Guareschi,29.37096188704062,0.8140506824915344,31/07/1999 13:00:00,1,Yamaha YZF-R7 [1999],World Superbikes,
124,Rider,Vittoriano Guareschi,29.370718864183225,0.8129925168896729,31/07/1999 13:00:00,2,Yamaha YZF-R7 [1999],World Superbikes,
124,Rider,Vittoriano Guareschi,29.370061873976564,0.8120452789286843,28/08/1999 13:00:00,0,Yamaha YZF-R7 [1999],World Superbikes,
124,Rider,Vittoriano Guareschi,29.36854100043573,0.8112114345123926,28/08/1999 13:00:00,1,Yamaha YZF-R7 [1999],World Superbikes,
124,Rider,Vittoriano Guareschi,29.364796051795594,0.8104874163738869,28/08/1999 13:00:00,2,Yamaha YZF-R7 [1999],World Superbikes,
124,Rider,Vittoriano Guareschi,29.35954860018468,0.8098736297621347,04/09/1999 13:00:00,0,Yamaha YZF-R7 [1999],World Superbikes,
124,Rider,Vittoriano Guareschi,29.35346733537263,0.8093746098210666,04/09/1999 13:00:00,1,Yamaha YZF-R7 [1999],World Superbikes,
124,Rider,Vittoriano Guareschi,29.3473244647641,0.8089937559456291,04/09/1999 13:00:00,2,Yamaha YZF-R7 [1999],World Superbikes,
124,Rider,Vittoriano Guareschi,29.3416424208066,0.808717374680556,11/09/1999 13:00:00,0,Yamaha YZF-R7 [1999],World Superbikes,
124,Rider,Vittoriano Guareschi,29.335046251738955,0.808554004509153,11/09/1999 13:00:00,1,Yamaha YZF-R7 [1999],World Superbikes,
124,Rider,Vittoriano Guareschi,29.326968317836883,0.8085041150876153,11/09/1999 13:00:00,2,Yamaha YZF-R7 [1999],World Superbikes,
124,Rider,Vittoriano Guareschi,29.3186615016104,0.8085603297212806,01/04/2000 13:00:00,0,Yamaha YZF-R7 [2000],World Superbikes,
124,Rider,Vittoriano Guareschi,29.310057432228433,0.808735315822407,01/04/2000 13:00:00,1,Yamaha YZF-R7 [2000],World Superbikes,
124,Rider,Vittoriano Guareschi,29.301388050766164,0.8090280360566442,01/04/2000 13:00:00,2,Yamaha YZF-R7 [2000],World Superbikes,
124,Rider,Vittoriano Guareschi,29.294109593538924,0.8094196512916472,22/04/2000 13:00:00,0,Yamaha YZF-R7 [2000],World Superbikes,
124,Rider,Vittoriano Guareschi,29.286603586677632,0.8099312139007463,22/04/2000 13:00:00,1,Yamaha YZF-R7 [2000],World Superbikes,
124,Rider,Vittoriano Guareschi,29.27964336607827,0.8105609248607907,22/04/2000 13:00:00,2,Yamaha YZF-R7 [2000],World Superbikes,
124,Rider,Vittoriano Guareschi,29.27374705631379,0.8112925926551464,29/04/2000 13:00:00,0,Yamaha YZF-R7 [2000],World Superbikes,
124,Rider,Vittoriano Guareschi,29.268459260437357,0.8121447614294657,29/04/2000 13:00:00,1,Yamaha YZF-R7 [2000],World Superbikes,
124,Rider,Vittoriano Guareschi,29.26276900070376,0.8131179059852423,20/05/2000 13:00:00,0,Yamaha YZF-R7 [2000],World Superbikes,
124,Rider,Vittoriano Guareschi,29.25692722137449,0.8142116686287266,20/05/2000 13:00:00,1,Yamaha YZF-R7 [2000],World Superbikes,
124,Rider,Vittoriano Guareschi,29.249298710029922,0.8154241262156611,20/05/2000 13:00:00,2,Yamaha YZF-R7 [2000],World Superbikes,
124,Rider,Vittoriano Guareschi,29.240745777546024,0.8167513393577126,03/06/2000 13:00:00,0,Yamaha YZF-R7 [2000],World Superbikes,
124,Rider,Vittoriano Guareschi,29.23092887102216,0.8182011190312936,03/06/2000 13:00:00,1,Yamaha YZF-R7 [2000],World Superbikes,
124,Rider,Vittoriano Guareschi,29.220740452120367,0.8197749940304632,03/06/2000 13:00:00,2,Yamaha YZF-R7 [2000],World Superbikes,
124,Rider,Vittoriano Guareschi,29.210348608471282,0.8214659996855481,17/06/2000 13:00:00,0,Yamaha YZF-R7 [2000],World Superbikes,
124,Rider,Vittoriano Guareschi,29.198045453903234,0.8232771210962635,17/06/2000 13:00:00,1,Yamaha YZF-R7 [2000],World Superbikes,
124,Rider,Vittoriano Guareschi,29.187055106543937,0.8252110329202313,17/06/2000 13:00:00,2,Yamaha YZF-R7 [2000],World Superbikes,
124,Rider,Vittoriano Guareschi,29.17667743313582,0.8272545930094393,24/06/2000 13:00:00,0,Yamaha YZF-R7 [2000],World Superbikes,
124,Rider,Vittoriano Guareschi,29.165355693758375,0.8294243450388868,24/06/2000 13:00:00,1,Yamaha YZF-R7 [2000],World Superbikes,
124,Rider,Vittoriano Guareschi,29.159288089656762,0.8316963456867581,24/06/2000 13:00:00,2,Yamaha YZF-R7 [2000],World Superbikes,
124,Rider,Vittoriano Guareschi,29.153258371074635,0.8340823055355128,08/07/2000 13:00:00,0,Yamaha YZF-R7 [2000],World Superbikes,
124,Rider,Vittoriano Guareschi,29.14710485914469,0.836592579171488,08/07/2000 13:00:00,1,Yamaha YZF-R7 [2000],World Superbikes,
124,Rider,Vittoriano Guareschi,29.141500599076355,0.839225570789418,08/07/2000 13:00:00,2,Yamaha YZF-R7 [2000],World Superbikes,
124,Rider,Vittoriano Guareschi,29.136945338112124,0.8419600286338479,05/08/2000 13:00:00,0,Yamaha YZF-R7 [2000],World Superbikes,
124,Rider,Vittoriano Guareschi,29.132562725066364,0.8448219712739656,05/08/2000 13:00:00,1,Yamaha YZF-R7 [2000],World Superbikes,
124,Rider,Vittoriano Guareschi,29.128987223997974,0.8478109618632547,02/09/2000 13:00:00,0,Yamaha YZF-R7 [2000],World Superbikes,
124,Rider,Vittoriano Guareschi,29.12496705970545,0.8509299817030109,02/09/2000 13:00:00,1,Yamaha YZF-R7 [2000],World Superbikes,
124,Rider,Vittoriano Guareschi,29.121420695130695,0.8541794568669081,02/09/2000 13:00:00,2,Yamaha YZF-R7 [2000],World Superbikes,
124,Rider,Vittoriano Guareschi,29.117939888298377,0.857549650062939,09/09/2000 13:00:00,0,Yamaha YZF-R7 [2000],World Superbikes,
124,Rider,Vittoriano Guareschi,29.11584231654867,0.861049839903572,09/09/2000 13:00:00,1,Yamaha YZF-R7 [2000],World Superbikes,
124,Rider,Vittoriano Guareschi,29.114677518849813,0.8646814232264627,14/10/2000 13:00:00,0,Yamaha YZF-R7 [2000],World Superbikes,
124,Rider,Vittoriano Guareschi,29.113662735739982,0.8684474088359575,14/10/2000 13:00:00,1,Yamaha YZF-R7 [2000],World Superbikes,
125,Bike,Aprilia RSV 1000 [1999],23.278323331849034,1.0736876111220959,27/03/1999 13:00:00,0,,World Superbikes,
125,Bike,Aprilia RSV 1000 [1999],23.278680385973434,1.0707357752645283,27/03/1999 13:00:00,1,,World Superbikes,
125,Bike,Aprilia RSV 1000 [1999],23.27877713767765,1.067957552753139,27/03/1999 13:00:00,2,,World Superbikes,
125,Bike,Aprilia RSV 1000 [1999],23.278427005151663,1.0653511087338003,17/04/1999 13:00:00,0,,World Superbikes,
125,Bike,Aprilia RSV 1000 [1999],23.276387830470647,1.062916954004972,17/04/1999 13:00:00,1,,World Superbikes,
125,Bike,Aprilia RSV 1000 [1999],23.274489588439923,1.0606578828787947,17/04/1999 13:00:00,2,,World Superbikes,
125,Bike,Aprilia RSV 1000 [1999],23.2739688063921,1.0585502226375838,01/05/1999 13:00:00,0,,World Superbikes,
125,Bike,Aprilia RSV 1000 [1999],23.273904791392074,1.056617916768655,01/05/1999 13:00:00,1,,World Superbikes,
125,Bike,Aprilia RSV 1000 [1999],23.274540701454605,1.054859799662565,15/05/1999 13:00:00,0,,World Superbikes,
125,Bike,Aprilia RSV 1000 [1999],23.27486800287821,1.0532633445502586,15/05/1999 13:00:00,1,,World Superbikes,
125,Bike,Aprilia RSV 1000 [1999],23.276325188998975,1.0518305112850208,15/05/1999 13:00:00,2,,World Superbikes,
125,Bike,Aprilia RSV 1000 [1999],23.27911854042788,1.0505495882143443,29/05/1999 13:00:00,0,,World Superbikes,
125,Bike,Aprilia RSV 1000 [1999],23.28191183743087,1.0494432431626632,29/05/1999 13:00:00,1,,World Superbikes,
125,Bike,Aprilia RSV 1000 [1999],23.284890197353988,1.0485104660679543,29/05/1999 13:00:00,2,,World Superbikes,
125,Bike,Aprilia RSV 1000 [1999],23.28787806932181,1.0477386445851855,12/06/1999 13:00:00,0,,World Superbikes,
125,Bike,Aprilia RSV 1000 [1999],23.289321391289146,1.04713225149051,12/06/1999 13:00:00,1,,World Superbikes,
125,Bike,Aprilia RSV 1000 [1999],23.290735791829718,1.0466975621316204,12/06/1999 13:00:00,2,,World Superbikes,
125,Bike,Aprilia RSV 1000 [1999],23.292145846600974,1.0464260898332602,26/06/1999 13:00:00,0,,World Superbikes,
125,Bike,Aprilia RSV 1000 [1999],23.293944592302257,1.0463207536458436,26/06/1999 13:00:00,1,,World Superbikes,
125,Bike,Aprilia RSV 1000 [1999],23.29684643275891,1.0463813690492914,26/06/1999 13:00:00,2,,World Superbikes,
125,Bike,Aprilia RSV 1000 [1999],23.300514271921006,1.0465981842056176,10/07/1999 13:00:00,0,,World Superbikes,
125,Bike,Aprilia RSV 1000 [1999],23.303626074743505,1.0469823455372202,10/07/1999 13:00:00,1,,World Superbikes,
125,Bike,Aprilia RSV 1000 [1999],23.305743586103624,1.0475365568029,10/07/1999 13:00:00,2,,World Superbikes,
125,Bike,Aprilia RSV 1000 [1999],23.305563330972415,1.0482595938932018,31/07/1999 13:00:00,0,,World Superbikes,
125,Bike,Aprilia RSV 1000 [1999],23.305307650634923,1.0491576270268095,31/07/1999 13:00:00,1,,World Superbikes,
125,Bike,Aprilia RSV 1000 [1999],23.30497390334881,1.0502297482759884,31/07/1999 13:00:00,2,,World Superbikes,
125,Bike,Aprilia RSV 1000 [1999],23.303258895972412,1.0514719955012626,28/08/1999 13:00:00,0,,World Superbikes,
125,Bike,Aprilia RSV 1000 [1999],23.300840170242108,1.0528804121510953,28/08/1999 13:00:00,1,,World Superbikes,
125,Bike,Aprilia RSV 1000 [1999],23.29831452047249,1.0544596315998196,28/08/1999 13:00:00,2,,World Superbikes,
125,Bike,Aprilia RSV 1000 [1999],23.296752048974586,1.0561945754307538,04/09/1999 13:00:00,0,,World Superbikes,
125,Bike,Aprilia RSV 1000 [1999],23.296181906456287,1.0581099081620515,04/09/1999 13:00:00,1,,World Superbikes,
125,Bike,Aprilia RSV 1000 [1999],23.29517364150078,1.0601984585437227,04/09/1999 13:00:00,2,,World Superbikes,
125,Bike,Aprilia RSV 1000 [1999],23.294424093176904,1.06245454774379,11/09/1999 13:00:00,0,,World Superbikes,
125,Bike,Aprilia RSV 1000 [1999],23.29482316162584,1.0648849293360598,11/09/1999 13:00:00,1,,World Superbikes,
125,Bike,Aprilia RSV 1000 [1999],23.294536383811604,1.0674888328680239,11/09/1999 13:00:00,2,,World Superbikes,
125,Bike,Aprilia RSV 1000 [1999],23.293736973662366,1.0702578414637471,09/10/1999 13:00:00,0,,World Superbikes,
125,Bike,Aprilia RSV 1000 [1999],23.293329243355124,1.073203918918286,09/10/1999 13:00:00,1,,World Superbikes,
126,Bike,Ducati [1999],23.80012015161679,1.1381069477111638,27/03/1999 13:00:00,0,,World Superbikes,
126,Bike,Ducati [1999],23.800340364520313,1.1353230803630845,27/03/1999 13:00:00,1,,World Superbikes,
126,Bike,Ducati [1999],23.80089873924261,1.1326930855604185,27/03/1999 13:00:00,2,,World Superbikes,
126,Bike,Ducati [1999],23.801080310580392,1.1302411289950087,17/04/1999 13:00:00,0,,World Superbikes,
126,Bike,Ducati [1999],23.801095601725347,1.1279612996712538,17/04/1999 13:00:00,1,,World Superbikes,
126,Bike,Ducati [1999],23.800557221230115,1.1258553754628895,17/04/1999 13:00:00,2,,World Superbikes,
126,Bike,Ducati [1999],23.799359078628267,1.1239217729859332,01/05/1999 13:00:00,0,,World Superbikes,
126,Bike,Ducati [1999],23.797685046068036,1.1221516601562058,01/05/1999 13:00:00,1,,World Superbikes,
126,Bike,Ducati [1999],23.7963427731106,1.120540001629872,01/05/1999 13:00:00,2,,World Superbikes,
126,Bike,Ducati [1999],23.79487656835588,1.1191011983888401,15/05/1999 13:00:00,0,,World Superbikes,
126,Bike,Ducati [1999],23.793959339351005,1.117802779941806,15/05/1999 13:00:00,1,,World Superbikes,
126,Bike,Ducati [1999],23.793837284609886,1.1166433972201857,15/05/1999 13:00:00,2,,World Superbikes,
126,Bike,Ducati [1999],23.79518809092357,1.1156023425267547,29/05/1999 13:00:00,0,,World Superbikes,
126,Bike,Ducati [1999],23.796695470052796,1.1147256618328654,29/05/1999 13:00:00,1,,World Superbikes,
126,Bike,Ducati [1999],23.79835635705585,1.1140139105831437,29/05/1999 13:00:00,2,,World Superbikes,
126,Bike,Ducati [1999],23.798947865407523,1.11347373050018,12/06/1999 13:00:00,0,,World Superbikes,
126,Bike,Ducati [1999],23.799801111141345,1.1131012266218634,12/06/1999 13:00:00,1,,World Superbikes,
126,Bike,Ducati [1999],23.800998350591584,1.112890841937972,12/06/1999 13:00:00,2,,World Superbikes,
126,Bike,Ducati [1999],23.803301367438625,1.11282655524316,26/06/1999 13:00:00,0,,World Superbikes,
126,Bike,Ducati [1999],23.80597985311221,1.1129055329019162,26/06/1999 13:00:00,1,,World Superbikes,
126,Bike,Ducati [1999],23.808644826307468,1.1131334938224642,26/06/1999 13:00:00,2,,World Superbikes,
126,Bike,Ducati [1999],23.811003603280096,1.1135187526240367,10/07/1999 13:00:00,0,,World Superbikes,
126,Bike,Ducati [1999],23.81434279646163,1.1140473152867363,10/07/1999 13:00:00,1,,World Superbikes,
126,Bike,Ducati [1999],23.817445337601107,1.114741541966571,31/07/1999 13:00:00,0,,World Superbikes,
126,Bike,Ducati [1999],23.82056027498255,1.1155988548573343,31/07/1999 13:00:00,1,,World Superbikes,
126,Bike,Ducati [1999],23.823693478800422,1.1166144875629147,31/07/1999 13:00:00,2,,World Superbikes,
126,Bike,Ducati [1999],23.826852411991915,1.1178060402565968,28/08/1999 13:00:00,0,,World Superbikes,
126,Bike,Ducati [1999],23.829827636419044,1.119163079800973,28/08/1999 13:00:00,1,,World Superbikes,
126,Bike,Ducati [1999],23.832513904315068,1.1206889010077032,28/08/1999 13:00:00,2,,World Superbikes,
126,Bike,Ducati [1999],23.83467092842627,1.1223519102028,04/09/1999 13:00:00,0,,World Superbikes,
126,Bike,Ducati [1999],23.836778837038093,1.1241829727183204,04/09/1999 13:00:00,1,,World Superbikes,
126,Bike,Ducati [1999],23.838639332833203,1.1261861471006014,04/09/1999 13:00:00,2,,World Superbikes,
126,Bike,Ducati [1999],23.839952643974915,1.1283430682449953,11/09/1999 13:00:00,0,,World Superbikes,
126,Bike,Ducati [1999],23.841397660506434,1.1306668693505173,11/09/1999 13:00:00,1,,World Superbikes,
126,Bike,Ducati [1999],23.842533086086554,1.1331561957106373,11/09/1999 13:00:00,2,,World Superbikes,
126,Bike,Ducati [1999],23.842050654666963,1.1358070147829076,09/10/1999 13:00:00,0,,World Superbikes,
126,Bike,Ducati [1999],23.841849020571985,1.1385971660359488,09/10/1999 13:00:00,1,,World Superbikes,
127,Bike,Yamaha [1999],20.35224126386426,1.1752620482224314,27/03/1999 13:00:00,0,,World Superbikes,
127,Bike,Yamaha [1999],20.352198306405086,1.1725992934221239,27/03/1999 13:00:00,1,,World Superbikes,
127,Bike,Yamaha [1999],20.352013444620553,1.1701160613883232,27/03/1999 13:00:00,2,,World Superbikes,
127,Bike,Yamaha [1999],20.352632167119754,1.1677360969017272,17/04/1999 13:00:00,0,,World Superbikes,
127,Bike,Yamaha [1999],20.354275407568533,1.1655308903978767,17/04/1999 13:00:00,1,,World Superbikes,
127,Bike,Yamaha [1999],20.35651719489206,1.1634992964312152,01/05/1999 13:00:00,0,,World Superbikes,
127,Bike,Yamaha [1999],20.359316047497543,1.161642072722405,01/05/1999 13:00:00,1,,World Superbikes,
127,Bike,Yamaha [1999],20.362331222871404,1.1599632935014104,01/05/1999 13:00:00,2,,World Superbikes,
127,Bike,Yamaha [1999],20.36641298519003,1.158443111280135,15/05/1999 13:00:00,0,,World Superbikes,
127,Bike,Yamaha [1999],20.369944036672557,1.1571030549601744,15/05/1999 13:00:00,1,,World Superbikes,
127,Bike,Yamaha [1999],20.373559083042036,1.1559405307949422,15/05/1999 13:00:00,2,,World Superbikes,
127,Bike,Yamaha [1999],20.37722082318568,1.1549313575141473,29/05/1999 13:00:00,0,,World Superbikes,
127,Bike,Yamaha [1999],20.38052952896571,1.1541054212188886,29/05/1999 13:00:00,1,,World Superbikes,
127,Bike,Yamaha [1999],20.383800688658617,1.1534608508856263,12/06/1999 13:00:00,0,,World Superbikes,
127,Bike,Yamaha [1999],20.387029381527572,1.1529827363443188,12/06/1999 13:00:00,1,,World Superbikes,
127,Bike,Yamaha [1999],20.390398357018455,1.1526709391592305,26/06/1999 13:00:00,0,,World Superbikes,
127,Bike,Yamaha [1999],20.393606204128712,1.152534658415933,26/06/1999 13:00:00,1,,World Superbikes,
127,Bike,Yamaha [1999],20.39700866611773,1.1525743466211666,26/06/1999 13:00:00,2,,World Superbikes,
127,Bike,Yamaha [1999],20.40148435596258,1.1527230017701988,10/07/1999 13:00:00,0,,World Superbikes,
127,Bike,Yamaha [1999],20.4053801234484,1.1530517853624425,10/07/1999 13:00:00,1,,World Superbikes,
127,Bike,Yamaha [1999],20.409630307114725,1.1535538624482415,10/07/1999 13:00:00,2,,World Superbikes,
127,Bike,Yamaha [1999],20.413313601484084,1.1542262168073945,31/07/1999 13:00:00,0,,World Superbikes,
127,Bike,Yamaha [1999],20.41714064063839,1.155066791488999,31/07/1999 13:00:00,1,,World Superbikes,
127,Bike,Yamaha [1999],20.420413946020123,1.156076981112804,31/07/1999 13:00:00,2,,World Superbikes,
127,Bike,Yamaha [1999],20.42388691904593,1.1572621740226274,28/08/1999 13:00:00,0,,World Superbikes,
127,Bike,Yamaha [1999],20.427097672848515,1.158621614791051,28/08/1999 13:00:00,1,,World Superbikes,
127,Bike,Yamaha [1999],20.43034225139876,1.1601557703559233,04/09/1999 13:00:00,0,,World Superbikes,
127,Bike,Yamaha [1999],20.433350063153622,1.1618575896924355,04/09/1999 13:00:00,1,,World Superbikes,
127,Bike,Yamaha [1999],20.436569385028452,1.163722180819496,04/09/1999 13:00:00,2,,World Superbikes,
127,Bike,Yamaha [1999],20.44089004759214,1.1656886761455223,11/09/1999 13:00:00,0,,World Superbikes,
127,Bike,Yamaha [1999],20.444924202491546,1.1678465046293807,11/09/1999 13:00:00,1,,World Superbikes,
127,Bike,Yamaha [1999],20.449590075500844,1.1701898917734526,09/10/1999 13:00:00,0,,World Superbikes,
127,Bike,Yamaha [1999],20.450912572714298,1.1726897622954786,09/10/1999 13:00:00,1,,World Superbikes,
127,Bike,Yamaha [1999],20.451527893230228,1.1753612319583076,09/10/1999 13:00:00,2,,World Superbikes,
128,Rider,Jean-Pierre Jeandat,18.266814676983913,1.6282097660795138,27/03/1999 13:00:00,0,Honda [1999],World Superbikes,
128,Rider,Jean-Pierre Jeandat,18.265921460018028,1.6264709378571998,27/03/1999 13:00:00,1,Honda [1999],World Superbikes,
128,Rider,Jean-Pierre Jeandat,18.264765613308874,1.624961330475945,17/04/1999 13:00:00,0,Honda [1999],World Superbikes,
128,Rider,Jean-Pierre Jeandat,18.26414984124021,1.6236973595786588,17/04/1999 13:00:00,1,Honda [1999],World Superbikes,
128,Rider,Jean-Pierre Jeandat,18.264142182613952,1.6226778141012461,01/05/1999 13:00:00,0,Honda [1999],World Superbikes,
128,Rider,Jean-Pierre Jeandat,18.264835579269874,1.6218672792032922,01/05/1999 13:00:00,1,Honda [1999],World Superbikes,
128,Rider,Jean-Pierre Jeandat,18.265667847201065,1.6212922108041863,15/05/1999 13:00:00,0,Honda [1999],World Superbikes,
128,Rider,Jean-Pierre Jeandat,18.266946263204986,1.6209352333628024,15/05/1999 13:00:00,1,Honda [1999],World Superbikes,
128,Rider,Jean-Pierre Jeandat,18.26746627770646,1.6208250573701473,29/05/1999 13:00:00,0,Honda [1999],World Superbikes,
128,Rider,Jean-Pierre Jeandat,18.267418431675544,1.6209829440816175,29/05/1999 13:00:00,1,Honda [1999],World Superbikes,
128,Rider,Jean-Pierre Jeandat,18.267211118573226,1.6214056043408343,12/06/1999 13:00:00,0,Honda [1999],World Superbikes,
128,Rider,Jean-Pierre Jeandat,18.266956482760147,1.6220927990069536,12/06/1999 13:00:00,1,Honda [1999],World Superbikes,
128,Rider,Jean-Pierre Jeandat,18.265384300325337,1.6230555511226095,26/06/1999 13:00:00,0,Honda [1999],World Superbikes,
128,Rider,Jean-Pierre Jeandat,18.263511313793998,1.624278122111209,26/06/1999 13:00:00,1,Honda [1999],World Superbikes,
128,Rider,Jean-Pierre Jeandat,18.26202991580601,1.625758966063898,31/07/1999 13:00:00,0,Honda [1999],World Superbikes,
128,Rider,Jean-Pierre Jeandat,18.26089039740432,1.6274915578964584,31/07/1999 13:00:00,1,Honda [1999],World Superbikes,
129,Bike,Honda [1999],22.51809622204619,1.3468801528047667,27/03/1999 13:00:00,0,,World Superbikes,
129,Bike,Honda [1999],22.517628133234815,1.3446229806854006,27/03/1999 13:00:00,1,,World Superbikes,
129,Bike,Honda [1999],22.516897414680173,1.3425491038918795,17/04/1999 13:00:00,0,,World Superbikes,
129,Bike,Honda [1999],22.516676543695066,1.3406303417087282,17/04/1999 13:00:00,1,,World Superbikes,
129,Bike,Honda [1999],22.517245460259375,1.3388610436906896,01/05/1999 13:00:00,0,,World Superbikes,
129,Bike,Honda [1999],22.518515432105875,1.3372585443644704,01/05/1999 13:00:00,1,,World Superbikes,
129,Bike,Honda [1999],22.519924275227638,1.3358436955159634,15/05/1999 13:00:00,0,,World Superbikes,
129,Bike,Honda [1999],22.52177926642213,1.334602573768759,15/05/1999 13:00:00,1,,World Superbikes,
129,Bike,Honda [1999],22.522875856114187,1.3335577314749498,29/05/1999 13:00:00,0,,World Superbikes,
129,Bike,Honda [1999],22.52417325524044,1.3326878802775928,29/05/1999 13:00:00,1,,World Superbikes,
129,Bike,Honda [1999],22.525915029914696,1.3319920516307315,12/06/1999 13:00:00,0,,World Superbikes,
129,Bike,Honda [1999],22.52760948187819,1.331505898278689,12/06/1999 13:00:00,1,,World Superbikes,
129,Bike,Honda [1999],22.52798638721994,1.3312378433808445,26/06/1999 13:00:00,0,,World Superbikes,
129,Bike,Honda [1999],22.528062488465174,1.331175383439313,26/06/1999 13:00:00,1,,World Superbikes,
129,Bike,Honda [1999],22.528530178253753,1.3313171165797844,10/07/1999 13:00:00,0,,World Superbikes,
129,Bike,Honda [1999],22.528984880236102,1.3316266822276441,10/07/1999 13:00:00,1,,World Superbikes,
129,Bike,Honda [1999],22.52992829985462,1.3321031361858398,10/07/1999 13:00:00,2,,World Superbikes,
129,Bike,Honda [1999],22.52996308858459,1.3327940807316072,31/07/1999 13:00:00,0,,World Superbikes,
129,Bike,Honda [1999],22.530339756900858,1.333684186412559,31/07/1999 13:00:00,1,,World Superbikes,
129,Bike,Honda [1999],22.532529854579074,1.3347615948688687,28/08/1999 13:00:00,0,,World Superbikes,
129,Bike,Honda [1999],22.53500893591877,1.3360148133703353,28/08/1999 13:00:00,1,,World Superbikes,
129,Bike,Honda [1999],22.538489802478757,1.3374435783141903,04/09/1999 13:00:00,0,,World Superbikes,
129,Bike,Honda [1999],22.541818989692757,1.339057157845778,04/09/1999 13:00:00,1,,World Superbikes,
129,Bike,Honda [1999],22.54505060332835,1.3408558893454674,09/10/1999 13:00:00,0,,World Superbikes,
129,Bike,Honda [1999],22.546602190187297,1.3428769885094756,09/10/1999 13:00:00,1,,World Superbikes,
129,Bike,Honda [1999],22.546942174289313,1.3451180225339603,09/10/1999 13:00:00,2,,World Superbikes,
130,Rider,Lance Isaacs,16.160016205644215,0.9999319629702136,27/03/1999 13:00:00,0,Ducati [1999],World Superbikes,
130,Rider,Lance Isaacs,16.15941139346886,0.9966949667771123,27/03/1999 13:00:00,1,Ducati [1999],World Superbikes,
130,Rider,Lance Isaacs,16.15905942921804,0.9935863886944409,17/04/1999 13:00:00,0,Ducati [1999],World Superbikes,
130,Rider,Lance Isaacs,16.160035166364835,0.9906033875388225,17/04/1999 13:00:00,1,Ducati [1999],World Superbikes,
130,Rider,Lance Isaacs,16.161863815864173,0.9877543976225484,15/05/1999 13:00:00,0,Ducati [1999],World Superbikes,
130,Rider,Lance Isaacs,16.163325069429796,0.9850329697477647,15/05/1999 13:00:00,1,Ducati [1999],World Superbikes,
130,Rider,Lance Isaacs,16.16432331359029,0.9824502177057512,29/05/1999 13:00:00,0,Ducati [1999],World Superbikes,
130,Rider,Lance Isaacs,16.16589167579261,0.9800123137717319,29/05/1999 13:00:00,1,Ducati [1999],World Superbikes,
130,Rider,Lance Isaacs,16.168107138358668,0.9777190074540973,12/06/1999 13:00:00,0,Ducati [1999],World Superbikes,
130,Rider,Lance Isaacs,16.17172450759032,0.9755625093476382,12/06/1999 13:00:00,1,Ducati [1999],World Superbikes,
130,Rider,Lance Isaacs,16.17617940282534,0.973544226253411,26/06/1999 13:00:00,0,Ducati [1999],World Superbikes,
130,Rider,Lance Isaacs,16.180897352834727,0.9716718371189754,26/06/1999 13:00:00,1,Ducati [1999],World Superbikes,
130,Rider,Lance Isaacs,16.1847917495109,0.9699467420883849,10/07/1999 13:00:00,0,Ducati [1999],World Superbikes,
130,Rider,Lance Isaacs,16.189397915379658,0.9683224751385053,10/07/1999 13:00:00,1,Ducati [1999],World Superbikes,
130,Rider,Lance Isaacs,16.194145119101737,0.9668210870990046,31/07/1999 13:00:00,0,Ducati [1999],World Superbikes,
130,Rider,Lance Isaacs,16.19867268603884,0.9654628995373283,31/07/1999 13:00:00,1,Ducati [1999],World Superbikes,
130,Rider,Lance Isaacs,16.202465583359704,0.9642534878927378,28/08/1999 13:00:00,0,Ducati [1999],World Superbikes,
130,Rider,Lance Isaacs,16.208972380076197,0.963164619759993,28/08/1999 13:00:00,1,Ducati [1999],World Superbikes,
130,Rider,Lance Isaacs,16.215629777061533,0.9622192041745189,04/09/1999 13:00:00,0,Ducati [1999],World Superbikes,
130,Rider,Lance Isaacs,16.223000803485412,0.9614204276312844,04/09/1999 13:00:00,1,Ducati [1999],World Superbikes,
130,Rider,Lance Isaacs,16.23058255213927,0.9607713189196676,11/09/1999 13:00:00,0,Ducati [1999],World Superbikes,
130,Rider,Lance Isaacs,16.23736328342701,0.9602707810277663,11/09/1999 13:00:00,1,Ducati [1999],World Superbikes,
130,Rider,Lance Isaacs,16.24371116753929,0.9599145616240337,09/10/1999 13:00:00,0,Ducati [1999],World Superbikes,
130,Rider,Lance Isaacs,16.250887805042698,0.9596532788126365,09/10/1999 13:00:00,1,Ducati [1999],World Superbikes,
130,Rider,Lance Isaacs,16.25890389219821,0.9594877335846864,01/04/2000 13:00:00,0,Ducati 996 RS [2000],World Superbikes,
130,Rider,Lance Isaacs,16.266755939131183,0.9594546174419549,01/04/2000 13:00:00,1,Ducati 996 RS [2000],World Superbikes,
130,Rider,Lance Isaacs,16.27362923303718,0.959564590878757,22/04/2000 13:00:00,0,Ducati 996 RS [2000],World Superbikes,
130,Rider,Lance Isaacs,16.28026951328567,0.9598198832347029,22/04/2000 13:00:00,1,Ducati 996 RS [2000],World Superbikes,
130,Rider,Lance Isaacs,16.2864533838393,0.9602227002769502,29/04/2000 13:00:00,0,Ducati 996 RS [2000],World Superbikes,
130,Rider,Lance Isaacs,16.293223096926106,0.9607491587341905,29/04/2000 13:00:00,1,Ducati 996 RS [2000],World Superbikes,
130,Rider,Lance Isaacs,16.2992167565097,0.9614207025521723,13/05/2000 13:00:00,0,Ducati 996 RS [2000],World Superbikes,
130,Rider,Lance Isaacs,16.305381536095037,0.9622283649745411,13/05/2000 13:00:00,1,Ducati 996 RS [2000],World Superbikes,
130,Rider,Lance Isaacs,16.31059838683679,0.9631850848862704,20/05/2000 13:00:00,1,Ducati 996 RS [2000],World Superbikes,
130,Rider,Lance Isaacs,16.316028825191303,0.9642716498792132,03/06/2000 13:00:00,0,Ducati 996 RS [2000],World Superbikes,
130,Rider,Lance Isaacs,16.320499558873895,0.9655101486005333,03/06/2000 13:00:00,1,Ducati 996 RS [2000],World Superbikes,
130,Rider,Lance Isaacs,16.323814425700743,0.9669026791250134,17/06/2000 13:00:00,0,Ducati 996 RS [2000],World Superbikes,
130,Rider,Lance Isaacs,16.32699288450026,0.9684438059655907,17/06/2000 13:00:00,1,Ducati 996 RS [2000],World Superbikes,
130,Rider,Lance Isaacs,16.32990402037253,0.970135320508072,24/06/2000 13:00:00,0,Ducati 996 RS [2000],World Superbikes,
130,Rider,Lance Isaacs,16.33239950588154,0.9719776963736528,24/06/2000 13:00:00,1,Ducati 996 RS [2000],World Superbikes,
130,Rider,Lance Isaacs,16.33307537344378,0.9739795661082251,08/07/2000 13:00:00,0,Ducati 996 RS [2000],World Superbikes,
130,Rider,Lance Isaacs,16.334531934037933,0.9760570862007145,08/07/2000 13:00:00,1,Ducati 996 RS [2000],World Superbikes,
130,Rider,Lance Isaacs,16.335826567476655,0.9782583897971118,05/08/2000 13:00:00,0,Ducati 996 RS [2000],World Superbikes,
130,Rider,Lance Isaacs,16.338052836551658,0.9805857597251878,05/08/2000 13:00:00,1,Ducati 996 RS [2000],World Superbikes,
130,Rider,Lance Isaacs,16.341076186620125,0.9830421663844101,02/09/2000 13:00:00,0,Ducati 996 RS [2000],World Superbikes,
130,Rider,Lance Isaacs,16.343770917313993,0.9856500744933153,02/09/2000 13:00:00,1,Ducati 996 RS [2000],World Superbikes,
130,Rider,Lance Isaacs,16.34581490393857,0.9884104824988252,09/09/2000 13:00:00,0,Ducati 996 RS [2000],World Superbikes,
130,Rider,Lance Isaacs,16.348077904052428,0.991325085666944,09/09/2000 13:00:00,1,Ducati 996 RS [2000],World Superbikes,
130,Rider,Lance Isaacs,16.349847677743902,0.9943946126417128,14/10/2000 13:00:00,0,Ducati 996 RS [2000],World Superbikes,
130,Rider,Lance Isaacs,16.351820539362354,0.9976095078361333,14/10/2000 13:00:00,1,Ducati 996 RS [2000],World Superbikes,
131,Rider,Carlos Macias Perdomo,3.786381242857739,1.7417140372052649,27/03/1999 13:00:00,0,Ducati [1999],World Superbikes,
131,Rider,Carlos Macias Perdomo,3.7843628052066802,1.740112436131985,27/03/1999 13:00:00,1,Ducati [1999],World Superbikes,
131,Rider,Carlos Macias Perdomo,3.782440542899223,1.738726822913726,01/05/1999 13:00:00,0,Ducati [1999],World Superbikes,
131,Rider,Carlos Macias Perdomo,3.781110961929169,1.7374607361556664,01/05/1999 13:00:00,1,Ducati [1999],World Superbikes,
131,Rider,Carlos Macias Perdomo,3.7803934596465054,1.736317240197535,15/05/1999 13:00:00,0,Ducati [1999],World Superbikes,
131,Rider,Carlos Macias Perdomo,3.7804262592614095,1.7353124096409256,15/05/1999 13:00:00,1,Ducati [1999],World Superbikes,
131,Rider,Carlos Macias Perdomo,3.781089935814554,1.7344364056833432,12/06/1999 13:00:00,0,Ducati [1999],World Superbikes,
131,Rider,Carlos Macias Perdomo,3.7814250919531727,1.73380706018378,12/06/1999 13:00:00,1,Ducati [1999],World Superbikes,
131,Rider,Carlos Macias Perdomo,3.781491527311034,1.7334200452829238,26/06/1999 13:00:00,0,Ducati [1999],World Superbikes,
131,Rider,Carlos Macias Perdomo,3.782463355519268,1.7331933773987844,26/06/1999 13:00:00,1,Ducati [1999],World Superbikes,
131,Rider,Carlos Macias Perdomo,3.7828329474913036,1.7332236627758164,31/07/1999 13:00:00,0,Ducati [1999],World Superbikes,
131,Rider,Carlos Macias Perdomo,3.7842747690219745,1.7334208361910073,31/07/1999 13:00:00,1,Ducati [1999],World Superbikes,
131,Rider,Carlos Macias Perdomo,3.78669315375334,1.7337792334230147,28/08/1999 13:00:00,0,Ducati [1999],World Superbikes,
131,Rider,Carlos Macias Perdomo,3.7878011380717083,1.7344180536481415,28/08/1999 13:00:00,1,Ducati [1999],World Superbikes,
131,Rider,Carlos Macias Perdomo,3.7874987336660646,1.7353341809275562,04/09/1999 13:00:00,0,Ducati [1999],World Superbikes,
131,Rider,Carlos Macias Perdomo,3.78843399102814,1.7364327233323686,04/09/1999 13:00:00,1,Ducati [1999],World Superbikes,
131,Rider,Carlos Macias Perdomo,3.789758910027277,1.737771333491933,11/09/1999 13:00:00,0,Ducati [1999],World Superbikes,
131,Rider,Carlos Macias Perdomo,3.791401958499716,1.7393562229441928,11/09/1999 13:00:00,1,Ducati [1999],World Superbikes,
132,Rider,Giuliano Sartoni,5.079328422394181,1.3661268191697153,27/03/1999 13:00:00,0,Ducati [1999],World Superbikes,
132,Rider,Giuliano Sartoni,5.078545340307528,1.3638548943375852,27/03/1999 13:00:00,1,Ducati [1999],World Superbikes,
132,Rider,Giuliano Sartoni,5.078967068233184,1.361713158511053,29/05/1999 13:00:00,0,Ducati [1999],World Superbikes,
132,Rider,Giuliano Sartoni,5.080348441902987,1.3596963135001645,29/05/1999 13:00:00,1,Ducati [1999],World Superbikes,
132,Rider,Giuliano Sartoni,5.08174109307533,1.3578630032903396,12/06/1999 13:00:00,0,Ducati [1999],World Superbikes,
132,Rider,Giuliano Sartoni,5.0836579652239084,1.356205887076332,12/06/1999 13:00:00,1,Ducati [1999],World Superbikes,
132,Rider,Giuliano Sartoni,5.0869360268247235,1.3546876535241872,26/06/1999 13:00:00,0,Ducati [1999],World Superbikes,
132,Rider,Giuliano Sartoni,5.0887002186227965,1.3533842746295794,26/06/1999 13:00:00,1,Ducati [1999],World Superbikes,
132,Rider,Giuliano Sartoni,5.0889422109008216,1.3522945890717397,31/07/1999 13:00:00,0,Ducati [1999],World Superbikes,
132,Rider,Giuliano Sartoni,5.089581220985201,1.3513750049530764,31/07/1999 13:00:00,1,Ducati [1999],World Superbikes,
132,Rider,Giuliano Sartoni,5.090465219207513,1.3506249093510285,28/08/1999 13:00:00,0,Ducati [1999],World Superbikes,
132,Rider,Giuliano Sartoni,5.0908709297353,1.350088060906104,28/08/1999 13:00:00,1,Ducati [1999],World Superbikes,
132,Rider,Giuliano Sartoni,5.091170281046737,1.3497554035294477,04/09/1999 13:00:00,0,Ducati [1999],World Superbikes,
132,Rider,Giuliano Sartoni,5.091608164702707,1.3496208452024354,04/09/1999 13:00:00,1,Ducati [1999],World Superbikes,
132,Rider,Giuliano Sartoni,5.092150133081596,1.3496850451398248,11/09/1999 13:00:00,0,Ducati [1999],World Superbikes,
132,Rider,Giuliano Sartoni,5.092815330338907,1.3499474981419881,11/09/1999 13:00:00,1,Ducati [1999],World Superbikes,
132,Rider,Giuliano Sartoni,5.093638370500886,1.350404285104659,17/06/2000 13:00:00,0,Ducati 996 RS2000 [2000],World Superbikes,
132,Rider,Giuliano Sartoni,5.094728195669317,1.351012455148091,17/06/2000 13:00:00,1,Ducati 996 RS2000 [2000],World Superbikes,
132,Rider,Giuliano Sartoni,5.0961904031836,1.3517794261227707,24/06/2000 13:00:00,0,Ducati 996 RS2000 [2000],World Superbikes,
132,Rider,Giuliano Sartoni,5.097958310815709,1.3527317650024138,24/06/2000 13:00:00,1,Ducati 996 RS2000 [2000],World Superbikes,
132,Rider,Giuliano Sartoni,5.098797351214521,1.3538987932364694,09/09/2000 13:00:00,0,Ducati 996 RS2000 [2000],World Superbikes,
132,Rider,Giuliano Sartoni,5.099711002452672,1.3552530012455761,09/09/2000 13:00:00,1,Ducati 996 RS2000 [2000],World Superbikes,
132,Rider,Giuliano Sartoni,5.101338306171386,1.3567761590734067,09/03/2001 13:00:00,0,Ducati 996 RS [2001],World Superbikes,
132,Rider,Giuliano Sartoni,5.103643141878277,1.35841111565206,09/03/2001 13:00:00,1,Ducati 996 RS [2001],World Superbikes,
132,Rider,Giuliano Sartoni,5.106649647042914,1.3601604294329115,21/06/2001 13:00:00,0,Ducati 996 RS [2001],World Superbikes,
132,Rider,Giuliano Sartoni,5.110488478128179,1.3620284626734693,22/06/2001 13:00:00,0,Ducati 996 RS [2001],World Superbikes,
132,Rider,Giuliano Sartoni,5.114151743532066,1.364081841175124,20/06/2002 13:00:00,0,Ducati 996 RS [2002],World Superbikes,
132,Rider,Giuliano Sartoni,5.1167844658250505,1.366317310597623,21/06/2002 13:00:00,0,Ducati 996 RS [2002],World Superbikes,
133,Rider,Doriano Romboni,36.764409994980554,1.4413513174260357,27/03/1999 13:00:00,1,Ducati [1999],World Superbikes,
133,Rider,Doriano Romboni,36.766213144266175,1.4393263988244933,27/03/1999 13:00:00,2,Ducati [1999],World Superbikes,
133,Rider,Doriano Romboni,36.76745611653349,1.4375316958139521,17/04/1999 13:00:00,0,Ducati [1999],World Superbikes,
133,Rider,Doriano Romboni,36.766939201531386,1.4359630796585592,17/04/1999 13:00:00,1,Ducati [1999],World Superbikes,
133,Rider,Doriano Romboni,36.76537872591747,1.434633044376262,17/04/1999 13:00:00,2,Ducati [1999],World Superbikes,
133,Rider,Doriano Romboni,36.76247882685463,1.4335300780537976,01/05/1999 13:00:00,0,Ducati [1999],World Superbikes,
133,Rider,Doriano Romboni,36.757835046708976,1.4326698595136311,01/05/1999 13:00:00,1,Ducati [1999],World Superbikes,
133,Rider,Doriano Romboni,36.75323751111017,1.4320547526137344,01/05/1999 13:00:00,2,Ducati [1999],World Superbikes,
133,Rider,Doriano Romboni,36.74694670935984,1.4316759590874815,29/05/1999 13:00:00,0,Ducati [1999],World Superbikes,
133,Rider,Doriano Romboni,36.74060857785653,1.431538101445059,29/05/1999 13:00:00,1,Ducati [1999],World Superbikes,
133,Rider,Doriano Romboni,36.73317075814634,1.431629772852035,29/05/1999 13:00:00,2,Ducati [1999],World Superbikes,
133,Rider,Doriano Romboni,36.723996168034226,1.4319492290291773,02/09/2000 13:00:00,0,Ducati 996 RS [2000],World Superbikes,
133,Rider,Doriano Romboni,36.715895995990465,1.4325165112816123,02/09/2000 13:00:00,1,Ducati 996 RS [2000],World Superbikes,
133,Rider,Doriano Romboni,36.70954238619026,1.4333305719406653,09/09/2000 13:00:00,0,Ducati 996 RS [2000],World Superbikes,
133,Rider,Doriano Romboni,36.70446088611221,1.434394966390618,09/09/2000 13:00:00,1,Ducati 996 RS [2000],World Superbikes,
133,Rider,Doriano Romboni,36.69946103463504,1.435713932180929,09/09/2000 13:00:00,2,Ducati 996 RS [2000],World Superbikes,
133,Rider,Doriano Romboni,36.695911960134026,1.4372554783668687,23/09/2004 13:00:00,0,Yamaha YZF-R1 [2004],World Superbikes,
133,Rider,Doriano Romboni,36.69294181631975,1.4390409923006475,24/09/2004 13:00:00,0,Yamaha YZF-R1 [2004],World Superbikes,
133,Rider,Doriano Romboni,36.69019602554811,1.441072296955178,25/09/2004 13:00:00,0,Yamaha YZF-R1 [2004],World Superbikes,
134,Bike,Kawasaki [1999],19.429420343231723,1.7672135524919126,17/04/1999 13:00:00,0,,World Superbikes,
134,Bike,Kawasaki [1999],19.428243032537264,1.76568913462895,17/04/1999 13:00:00,1,,World Superbikes,
134,Bike,Kawasaki [1999],19.426398741770953,1.7644274275642386,01/05/1999 13:00:00,0,,World Superbikes,
134,Bike,Kawasaki [1999],19.42577202085939,1.76346065273092,01/05/1999 13:00:00,1,,World Superbikes,
134,Bike,Kawasaki [1999],19.42474117149089,1.7627888353807468,01/05/1999 13:00:00,2,,World Superbikes,
134,Bike,Kawasaki [1999],19.424257780623147,1.7624032435290549,12/06/1999 13:00:00,0,,World Superbikes,
134,Bike,Kawasaki [1999],19.42412318700637,1.76225486335143,12/06/1999 13:00:00,1,,World Superbikes,
134,Bike,Kawasaki [1999],19.423820773732324,1.7623627017666925,12/06/1999 13:00:00,2,,World Superbikes,
134,Bike,Kawasaki [1999],19.423941240036783,1.7626981774952062,28/08/1999 13:00:00,0,,World Superbikes,
134,Bike,Kawasaki [1999],19.424026118000715,1.7632823804335986,28/08/1999 13:00:00,1,,World Superbikes,
134,Bike,Kawasaki [1999],19.42359640998016,1.7641187064487873,04/09/1999 13:00:00,0,,World Superbikes,
134,Bike,Kawasaki [1999],19.42335723732554,1.765196126044738,04/09/1999 13:00:00,1,,World Superbikes,
134,Bike,Kawasaki [1999],19.42345666045515,1.7665137990615238,11/09/1999 13:00:00,0,,World Superbikes,
134,Bike,Kawasaki [1999],19.423297668952753,1.7680808235246204,11/09/1999 13:00:00,1,,World Superbikes,
135,Rider,Mauro Lucchiari,25.00963420661377,1.3277906407596114,17/04/1999 13:00:00,0,Yamaha [1999],World Superbikes,
135,Rider,Mauro Lucchiari,25.010659687984013,1.3255151455187903,17/04/1999 13:00:00,1,Yamaha [1999],World Superbikes,
135,Rider,Mauro Lucchiari,25.012283716228993,1.323442573054926,01/05/1999 13:00:00,0,Yamaha [1999],World Superbikes,
135,Rider,Mauro Lucchiari,25.014754070740953,1.3215604760038466,01/05/1999 13:00:00,1,Yamaha [1999],World Superbikes,
135,Rider,Mauro Lucchiari,25.017296758631474,1.3198839687235948,29/05/1999 13:00:00,0,Yamaha [1999],World Superbikes,
135,Rider,Mauro Lucchiari,25.018887814873704,1.3184305164064618,29/05/1999 13:00:00,1,Yamaha [1999],World Superbikes,
135,Rider,Mauro Lucchiari,25.02055417838654,1.3171948781728393,12/06/1999 13:00:00,0,Yamaha [1999],World Superbikes,
135,Rider,Mauro Lucchiari,25.02199492248279,1.316180391741662,12/06/1999 13:00:00,1,Yamaha [1999],World Superbikes,
135,Rider,Mauro Lucchiari,25.022847597847424,1.3153889240553818,26/06/1999 13:00:00,0,Yamaha [1999],World Superbikes,
135,Rider,Mauro Lucchiari,25.023171849743473,1.3148078879432457,26/06/1999 13:00:00,1,Yamaha [1999],World Superbikes,
135,Rider,Mauro Lucchiari,25.023362783064105,1.3144381141867212,26/06/1999 13:00:00,2,Yamaha [1999],World Superbikes,
135,Rider,Mauro Lucchiari,25.024626944240566,1.3141970995783636,10/07/1999 13:00:00,0,Yamaha [1999],World Superbikes,
135,Rider,Mauro Lucchiari,25.025274871676412,1.3141638074782556,10/07/1999 13:00:00,1,Yamaha [1999],World Superbikes,
135,Rider,Mauro Lucchiari,25.026530269758542,1.3143232690912092,31/07/1999 13:00:00,0,Yamaha [1999],World Superbikes,
135,Rider,Mauro Lucchiari,25.027631882333218,1.3146985570696406,31/07/1999 13:00:00,1,Yamaha [1999],World Superbikes,
135,Rider,Mauro Lucchiari,25.028202394176105,1.3152929717024708,28/08/1999 13:00:00,0,Yamaha [1999],World Superbikes,
135,Rider,Mauro Lucchiari,25.028019940621764,1.3161021050646935,28/08/1999 13:00:00,1,Yamaha [1999],World Superbikes,
135,Rider,Mauro Lucchiari,25.027383077672955,1.317126916977373,04/09/1999 13:00:00,0,Yamaha [1999],World Superbikes,
135,Rider,Mauro Lucchiari,25.025221355224705,1.3183779182840847,04/09/1999 13:00:00,1,Yamaha [1999],World Superbikes,
135,Rider,Mauro Lucchiari,25.021710957660314,1.319854493851274,04/09/1999 13:00:00,2,Yamaha [1999],World Superbikes,
135,Rider,Mauro Lucchiari,25.01930190078478,1.321450764017608,11/09/1999 13:00:00,0,Yamaha [1999],World Superbikes,
135,Rider,Mauro Lucchiari,25.016543966721656,1.323265938816625,11/09/1999 13:00:00,1,Yamaha [1999],World Superbikes,
135,Rider,Mauro Lucchiari,25.0147585199786,1.3252923485041643,29/09/2005 13:00:00,0,Yamaha YZF-R1 [2005],World Superbikes,
135,Rider,Mauro Lucchiari,25.014142019840023,1.327545267226665,30/09/2005 13:00:00,0,Yamaha YZF-R1 [2005],World Superbikes,
136,Rider,Peter Archer,12.199067129645039,4.1248843965847675,17/04/1999 13:00:00,0,Honda [1999],World Superbikes,
136,Rider,Peter Archer,12.199004873650182,4.124884322667674,17/04/1999 13:00:00,1,Honda [1999],World Superbikes,
137,Rider,Martin Craggill,22.820825705363717,1.1780581374984715,01/05/1999 13:00:00,0,Suzuki [1999],World Superbikes,
137,Rider,Martin Craggill,22.81952480784067,1.1753915273035187,01/05/1999 13:00:00,1,Suzuki [1999],World Superbikes,
137,Rider,Martin Craggill,22.81847416476915,1.1728774928567514,31/07/1999 13:00:00,0,Suzuki [1999],World Superbikes,
137,Rider,Martin Craggill,22.81755250503173,1.1705203319604138,31/07/1999 13:00:00,1,Suzuki [1999],World Superbikes,
137,Rider,Martin Craggill,22.81722746712775,1.168319875649366,09/03/2001 13:00:00,0,Ducati 996 RS [2001],World Superbikes,
137,Rider,Martin Craggill,22.81728115532463,1.1663104357956218,09/03/2001 13:00:00,1,Ducati 996 RS [2001],World Superbikes,
137,Rider,Martin Craggill,22.817148174989562,1.1644948493999348,29/03/2001 13:00:00,0,Ducati 996 RS [2001],World Superbikes,
137,Rider,Martin Craggill,22.8176583351809,1.1628599816897645,30/03/2001 13:00:00,0,Ducati 996 RS [2001],World Superbikes,
137,Rider,Martin Craggill,22.818501700186918,1.1614132418668426,19/04/2001 13:00:00,0,Ducati 996 RS [2001],World Superbikes,
137,Rider,Martin Craggill,22.819319433310923,1.1601571462620803,20/04/2001 13:00:00,0,Ducati 996 RS [2001],World Superbikes,
137,Rider,Martin Craggill,22.8199580544933,1.159098351576443,26/04/2001 13:00:00,0,Ducati 996 RS [2001],World Superbikes,
137,Rider,Martin Craggill,22.82080404281668,1.1582274908428363,27/04/2001 13:00:00,0,Ducati 996 RS [2001],World Superbikes,
137,Rider,Martin Craggill,22.821304597822536,1.1575498761705143,10/05/2001 13:00:00,0,Ducati 996 RS [2001],World Superbikes,
137,Rider,Martin Craggill,22.823212012616878,1.1570476577245457,11/05/2001 13:00:00,0,Ducati 996 RS [2001],World Superbikes,
137,Rider,Martin Craggill,22.825928846251795,1.1567322906366901,25/05/2001 13:00:00,0,Ducati 996 RS [2001],World Superbikes,
137,Rider,Martin Craggill,22.828307931507126,1.1566077854577268,25/05/2001 13:00:00,1,Ducati 996 RS [2001],World Superbikes,
137,Rider,Martin Craggill,22.829613768538255,1.1566773253110776,07/06/2001 13:00:00,0,Ducati 996 RS [2001],World Superbikes,
137,Rider,Martin Craggill,22.828740028428257,1.1569473187026968,08/06/2001 13:00:00,0,Ducati 996 RS [2001],World Superbikes,
137,Rider,Martin Craggill,22.826366999776955,1.1574146751381593,09/06/2001 13:00:00,0,Ducati 996 RS [2001],World Superbikes,
137,Rider,Martin Craggill,22.824576145885935,1.1579687434123507,21/06/2001 13:00:00,0,Ducati 996 RS [2001],World Superbikes,
137,Rider,Martin Craggill,22.823160148123115,1.158717445496805,22/06/2001 13:00:00,0,Ducati 996 RS [2001],World Superbikes,
137,Rider,Martin Craggill,22.822993897176968,1.1596499521407637,06/07/2001 13:00:00,0,Ducati 996 RS [2001],World Superbikes,
137,Rider,Martin Craggill,22.823938999533013,1.160751950433953,07/07/2001 13:00:00,0,Ducati 996 RS [2001],World Superbikes,
137,Rider,Martin Craggill,22.825423778933242,1.162036222233811,27/07/2001 13:00:00,0,Ducati 996 RS [2001],World Superbikes,
137,Rider,Martin Craggill,22.827025567043712,1.16351085745408,27/07/2001 13:00:00,1,Ducati 996 RS [2001],World Superbikes,
137,Rider,Martin Craggill,22.828465800203656,1.1651787388316743,30/08/2001 13:00:00,0,Ducati 996 RS [2001],World Superbikes,
137,Rider,Martin Craggill,22.82938521318037,1.1670423159805043,31/08/2001 13:00:00,0,Ducati 996 RS [2001],World Superbikes,
137,Rider,Martin Craggill,22.829421902362544,1.1691033612846262,06/09/2001 13:00:00,0,Ducati 996 RS [2001],World Superbikes,
137,Rider,Martin Craggill,22.829839914031734,1.1713436948961797,07/09/2001 13:00:00,0,Ducati 996 RS [2001],World Superbikes,
137,Rider,Martin Craggill,22.82964546064503,1.1737811864995713,27/09/2001 13:00:00,0,Ducati 996 RS [2001],World Superbikes,
137,Rider,Martin Craggill,22.829687179746436,1.1764154405150282,28/09/2001 13:00:00,0,Ducati 996 RS [2001],World Superbikes,
138,Bike,Suzuki [1999],25.53683157184674,2.82268642988331,01/05/1999 13:00:00,0,,World Superbikes,
138,Bike,Suzuki [1999],25.535802274910335,2.8222212030994513,01/05/1999 13:00:00,1,,World Superbikes,
138,Bike,Suzuki [1999],25.535023232425456,2.822215063742054,31/07/1999 13:00:00,0,,World Superbikes,
138,Bike,Suzuki [1999],25.534373173274684,2.822685296821183,31/07/1999 13:00:00,1,,World Superbikes,
139,Rider,Alessandro Antonello,27.828533562321006,0.8676565173487829,29/05/1999 13:00:00,0,Aprilia RSV 1000 [1999],World Superbikes,
139,Rider,Alessandro Antonello,27.827962064470885,0.8638828233299776,29/05/1999 13:00:00,1,Aprilia RSV 1000 [1999],World Superbikes,
139,Rider,Alessandro Antonello,27.8272367779548,0.8602396040955824,29/05/1999 13:00:00,2,Aprilia RSV 1000 [1999],World Superbikes,
139,Rider,Alessandro Antonello,27.825738608723455,0.856717004288869,01/04/2000 13:00:00,0,Aprilia RSV 1000 [2000],World Superbikes,
139,Rider,Alessandro Antonello,27.825623277081252,0.8533184374093993,01/04/2000 13:00:00,1,Aprilia RSV 1000 [2000],World Superbikes,
139,Rider,Alessandro Antonello,27.82608053391717,0.8500478070342302,01/04/2000 13:00:00,2,Aprilia RSV 1000 [2000],World Superbikes,
139,Rider,Alessandro Antonello,27.827166442743813,0.8468942347188332,13/05/2000 13:00:00,0,Aprilia RSV 1000 [2000],World Superbikes,
139,Rider,Alessandro Antonello,27.829312282965322,0.8438686654297165,13/05/2000 13:00:00,1,Aprilia RSV 1000 [2000],World Superbikes,
139,Rider,Alessandro Antonello,27.83254195608533,0.8409701525277845,20/05/2000 13:00:00,0,Aprilia RSV 1000 [2000],World Superbikes,
139,Rider,Alessandro Antonello,27.833388266137028,0.8381968752384255,20/05/2000 13:00:00,1,Aprilia RSV 1000 [2000],World Superbikes,
139,Rider,Alessandro Antonello,27.833491679943336,0.8355511884770407,20/05/2000 13:00:00,2,Aprilia RSV 1000 [2000],World Superbikes,
139,Rider,Alessandro Antonello,27.833575017030654,0.8330223694409422,03/06/2000 13:00:00,0,Aprilia RSV 1000 [2000],World Superbikes,
139,Rider,Alessandro Antonello,27.831693301114072,0.83061781810582,03/06/2000 13:00:00,1,Aprilia RSV 1000 [2000],World Superbikes,
139,Rider,Alessandro Antonello,27.827807072676155,0.8283365280963302,03/06/2000 13:00:00,2,Aprilia RSV 1000 [2000],World Superbikes,
139,Rider,Alessandro Antonello,27.822207829851248,0.8261745022213822,17/06/2000 13:00:00,0,Aprilia RSV 1000 [2000],World Superbikes,
139,Rider,Alessandro Antonello,27.816658763376946,0.8241368221671244,17/06/2000 13:00:00,1,Aprilia RSV 1000 [2000],World Superbikes,
139,Rider,Alessandro Antonello,27.809845218240806,0.8222238005261365,17/06/2000 13:00:00,2,Aprilia RSV 1000 [2000],World Superbikes,
139,Rider,Alessandro Antonello,27.802685694031673,0.8204242766596511,24/06/2000 13:00:00,0,Aprilia RSV 1000 [2000],World Superbikes,
139,Rider,Alessandro Antonello,27.795315403257426,0.818748774428684,24/06/2000 13:00:00,1,Aprilia RSV 1000 [2000],World Superbikes,
139,Rider,Alessandro Antonello,27.788809851049848,0.8171967130749047,05/08/2000 13:00:00,0,Aprilia RSV 1000 [2000],World Superbikes,
139,Rider,Alessandro Antonello,27.782918578451305,0.8157653771325873,05/08/2000 13:00:00,1,Aprilia RSV 1000 [2000],World Superbikes,
139,Rider,Alessandro Antonello,27.777152100295876,0.8144546446187296,02/09/2000 13:00:00,0,Aprilia RSV 1000 [2000],World Superbikes,
139,Rider,Alessandro Antonello,27.772828158148638,0.8132612223635846,02/09/2000 13:00:00,1,Aprilia RSV 1000 [2000],World Superbikes,
139,Rider,Alessandro Antonello,27.768932390132,0.8121883552189918,09/09/2000 13:00:00,0,Aprilia RSV 1000 [2000],World Superbikes,
139,Rider,Alessandro Antonello,27.765420637547845,0.8112361966530692,09/09/2000 13:00:00,1,Aprilia RSV 1000 [2000],World Superbikes,
139,Rider,Alessandro Antonello,27.76233614567032,0.8104043384742645,14/10/2000 13:00:00,0,Aprilia RSV 1000 [2000],World Superbikes,
139,Rider,Alessandro Antonello,27.75994162074427,0.8096925337682926,14/10/2000 13:00:00,1,Aprilia RSV 1000 [2000],World Superbikes,
139,Rider,Alessandro Antonello,27.75489888084024,0.8090978066763874,14/10/2000 13:00:00,2,Aprilia RSV 1000 [2000],World Superbikes,
139,Rider,Alessandro Antonello,27.749776262764385,0.8086084515894026,10/05/2001 13:00:00,0,Aprilia RSV 1000 [2001],World Superbikes,
139,Rider,Alessandro Antonello,27.74259321890611,0.8082354913955527,11/05/2001 13:00:00,0,Aprilia RSV 1000 [2001],World Superbikes,
139,Rider,Alessandro Antonello,27.733808530889707,0.8079818038838973,12/05/2001 13:00:00,0,Aprilia RSV 1000 [2001],World Superbikes,
139,Rider,Alessandro Antonello,27.723101557686206,0.807842823941834,21/06/2001 13:00:00,0,Aprilia RSV 1000 [2001],World Superbikes,
139,Rider,Alessandro Antonello,27.71144572057646,0.8078252025509975,22/06/2001 13:00:00,0,Aprilia RSV 1000 [2001],World Superbikes,
139,Rider,Alessandro Antonello,27.696770404255,0.8079204657783864,23/06/2001 13:00:00,0,Aprilia RSV 1000 [2001],World Superbikes,
139,Rider,Alessandro Antonello,27.68056044628941,0.8081310030692865,27/09/2001 13:00:00,0,Aprilia RSV 1000 [2001],World Superbikes,
139,Rider,Alessandro Antonello,27.664135713002395,0.8084618630609622,28/09/2001 13:00:00,0,Aprilia RSV 1000 [2001],World Superbikes,
139,Rider,Alessandro Antonello,27.64560087497206,0.8089101073427793,29/09/2001 13:00:00,0,Aprilia RSV 1000 [2001],World Superbikes,
139,Rider,Alessandro Antonello,27.624936443438457,0.8094709160345694,08/03/2002 13:00:00,0,Ducati 998 RS [2002],World Superbikes,
139,Rider,Alessandro Antonello,27.60492189753536,0.8101456801981701,08/03/2002 13:00:00,1,Ducati 998 RS [2002],World Superbikes,
139,Rider,Alessandro Antonello,27.584942859980625,0.8109371216772475,21/03/2002 13:00:00,0,Ducati 998 RS [2002],World Superbikes,
139,Rider,Alessandro Antonello,27.565654318861515,0.8118413058826429,22/03/2002 13:00:00,0,Ducati 998 RS [2002],World Superbikes,
139,Rider,Alessandro Antonello,27.546470501623876,0.8128607905217918,04/04/2002 13:00:00,0,Ducati 998 RS [2002],World Superbikes,
139,Rider,Alessandro Antonello,27.528951464213417,0.8139776431352044,05/04/2002 13:00:00,0,Ducati 998 RS [2002],World Superbikes,
139,Rider,Alessandro Antonello,27.512553431477347,0.8151991229864027,18/04/2002 13:00:00,0,Ducati 998 RS [2002],World Superbikes,
139,Rider,Alessandro Antonello,27.496377996264723,0.8165368400204397,19/04/2002 13:00:00,0,Ducati 998 RS [2002],World Superbikes,
139,Rider,Alessandro Antonello,27.480481017005033,0.8179922374734786,09/05/2002 13:00:00,0,Ducati 998 RS [2002],World Superbikes,
139,Rider,Alessandro Antonello,27.464288514204437,0.8195689730345349,10/05/2002 13:00:00,0,Ducati 998 RS [2002],World Superbikes,
139,Rider,Alessandro Antonello,27.4479827024987,0.8212667951020876,11/05/2002 13:00:00,0,Ducati 998 RS [2002],World Superbikes,
139,Rider,Alessandro Antonello,27.43138763381706,0.8230774526959692,24/05/2002 13:00:00,0,Ducati 998 RS [2002],World Superbikes,
139,Rider,Alessandro Antonello,27.41687318455539,0.8249851965945283,24/05/2002 13:00:00,1,Ducati 998 RS [2002],World Superbikes,
139,Rider,Alessandro Antonello,27.403821432374897,0.8270089885704566,06/06/2002 13:00:00,0,Ducati 998 RS [2002],World Superbikes,
139,Rider,Alessandro Antonello,27.391569810395573,0.8291472604461002,07/06/2002 13:00:00,0,Ducati 998 RS [2002],World Superbikes,
139,Rider,Alessandro Antonello,27.380874359844174,0.8314010562097071,20/06/2002 13:00:00,0,Ducati 998 RS [2002],World Superbikes,
139,Rider,Alessandro Antonello,27.371232146625527,0.8337742670290615,21/06/2002 13:00:00,0,Ducati 998 RS [2002],World Superbikes,
139,Rider,Alessandro Antonello,27.361891136644186,0.8362708532489765,22/06/2002 13:00:00,0,Ducati 998 RS [2002],World Superbikes,
139,Rider,Alessandro Antonello,27.353552777179882,0.8388639656433705,12/07/2002 13:00:00,0,Ducati 998 RS [2002],World Superbikes,
139,Rider,Alessandro Antonello,27.346630584217156,0.8415743978390703,13/07/2002 13:00:00,0,Ducati 998 RS [2002],World Superbikes,
139,Rider,Alessandro Antonello,27.34137256325528,0.8444002922788398,26/07/2002 13:00:00,0,Ducati 998 RS [2002],World Superbikes,
139,Rider,Alessandro Antonello,27.337069107700756,0.8473488808581916,26/07/2002 13:00:00,1,Ducati 998 RS [2002],World Superbikes,
139,Rider,Alessandro Antonello,27.332983495517727,0.8504245857311826,29/08/2002 13:00:00,0,Ducati 998 RS [2002],World Superbikes,
139,Rider,Alessandro Antonello,27.32949003381473,0.8536214411802863,30/08/2002 13:00:00,0,Ducati 998 RS [2002],World Superbikes,
139,Rider,Alessandro Antonello,27.32598760240952,0.8569432165957976,31/08/2002 13:00:00,0,Ducati 998 RS [2002],World Superbikes,
139,Rider,Alessandro Antonello,27.32396725166307,0.8603441084017888,05/09/2002 13:00:00,0,Ducati 998 RS [2002],World Superbikes,
139,Rider,Alessandro Antonello,27.324022391784982,0.8638624588774383,06/09/2002 13:00:00,0,Ducati 998 RS [2002],World Superbikes,
139,Rider,Alessandro Antonello,27.32602881658946,0.8674978051001887,26/09/2002 13:00:00,0,Ducati 998 RS [2002],World Superbikes,
139,Rider,Alessandro Antonello,27.32613210364353,0.8712626882304788,28/09/2002 13:00:00,0,Ducati 998 RS [2002],World Superbikes,
140,Rider,Giovanni Bussei,28.91561326572919,0.7415987837235252,29/05/1999 13:00:00,0,Suzuki GSX-R 750 [1999],World Superbikes,
140,Rider,Giovanni Bussei,28.91732641523904,0.7371048098667585,29/05/1999 13:00:00,1,Suzuki GSX-R 750 [1999],World Superbikes,
140,Rider,Giovanni Bussei,28.92063293370708,0.7327071287396864,12/06/1999 13:00:00,0,Suzuki GSX-R 750 [1999],World Superbikes,
140,Rider,Giovanni Bussei,28.925286828077613,0.7284059307344816,12/06/1999 13:00:00,1,Suzuki GSX-R 750 [1999],World Superbikes,
140,Rider,Giovanni Bussei,28.931582197288314,0.7242005959489317,28/08/1999 13:00:00,0,Suzuki GSX-R 750 [1999],World Superbikes,
140,Rider,Giovanni Bussei,28.93952287604683,0.7200849652824926,28/08/1999 13:00:00,1,Suzuki GSX-R 750 [1999],World Superbikes,
140,Rider,Giovanni Bussei,28.949095341308645,0.7160581855421431,09/10/1999 13:00:00,0,Kawasaki ZX7R 750 [1999],World Superbikes,
140,Rider,Giovanni Bussei,28.95920212028654,0.7121159378660192,09/10/1999 13:00:00,1,Kawasaki ZX7R 750 [1999],World Superbikes,
140,Rider,Giovanni Bussei,28.969648500225002,0.7082604688611246,01/04/2000 13:00:00,0,Kawasaki ZX-7 RR [2000],World Superbikes,
140,Rider,Giovanni Bussei,28.97911486477756,0.7044948342012871,01/04/2000 13:00:00,1,Kawasaki ZX-7 RR [2000],World Superbikes,
140,Rider,Giovanni Bussei,28.98826069731834,0.700817261732908,01/04/2000 13:00:00,2,Kawasaki ZX-7 RR [2000],World Superbikes,
140,Rider,Giovanni Bussei,28.996973837818132,0.6972234503937003,22/04/2000 13:00:00,0,Kawasaki ZX-7 RR [2000],World Superbikes,
140,Rider,Giovanni Bussei,29.005850306023117,0.6937164940237146,22/04/2000 13:00:00,1,Kawasaki ZX-7 RR [2000],World Superbikes,
140,Rider,Giovanni Bussei,29.01510291207928,0.6902932621265453,29/04/2000 13:00:00,0,Kawasaki ZX-7 RR [2000],World Superbikes,
140,Rider,Giovanni Bussei,29.023729078976494,0.6869556331964383,29/04/2000 13:00:00,1,Kawasaki ZX-7 RR [2000],World Superbikes,
140,Rider,Giovanni Bussei,29.031702146886758,0.6837022990107646,13/05/2000 13:00:00,0,Kawasaki ZX-7 RR [2000],World Superbikes,
140,Rider,Giovanni Bussei,29.04011235103826,0.6805318095719859,13/05/2000 13:00:00,1,Kawasaki ZX-7 RR [2000],World Superbikes,
140,Rider,Giovanni Bussei,29.04913272705448,0.6774425304449907,20/05/2000 13:00:00,0,Kawasaki ZX-7 RR [2000],World Superbikes,
140,Rider,Giovanni Bussei,29.05950514422359,0.6744305885310817,20/05/2000 13:00:00,1,Kawasaki ZX-7 RR [2000],World Superbikes,
140,Rider,Giovanni Bussei,29.070601826579964,0.6714978903725156,03/06/2000 13:00:00,0,Kawasaki ZX-7 RR [2000],World Superbikes,
140,Rider,Giovanni Bussei,29.08183187919797,0.6686448665976095,03/06/2000 13:00:00,1,Kawasaki ZX-7 RR [2000],World Superbikes,
140,Rider,Giovanni Bussei,29.09384061245577,0.6658692697096152,17/06/2000 13:00:00,0,Kawasaki ZX-7 RR [2000],World Superbikes,
140,Rider,Giovanni Bussei,29.10660212664038,0.6631701154008475,17/06/2000 13:00:00,1,Kawasaki ZX-7 RR [2000],World Superbikes,
140,Rider,Giovanni Bussei,29.118916131093503,0.6605474607330342,24/06/2000 13:00:00,0,Kawasaki ZX-7 RR [2000],World Superbikes,
140,Rider,Giovanni Bussei,29.130203256074324,0.6580011078095072,24/06/2000 13:00:00,1,Kawasaki ZX-7 RR [2000],World Superbikes,
140,Rider,Giovanni Bussei,29.140936669325942,0.6555293654047755,24/06/2000 13:00:00,2,Kawasaki ZX-7 RR [2000],World Superbikes,
140,Rider,Giovanni Bussei,29.152228102798507,0.6531114325793936,08/07/2000 13:00:00,0,Kawasaki ZX-7 RR [2000],World Superbikes,
140,Rider,Giovanni Bussei,29.162558365042138,0.6507634033403601,08/07/2000 13:00:00,1,Kawasaki ZX-7 RR [2000],World Superbikes,
140,Rider,Giovanni Bussei,29.171597299958275,0.6484842267900891,08/07/2000 13:00:00,2,Kawasaki ZX-7 RR [2000],World Superbikes,
140,Rider,Giovanni Bussei,29.179440357084633,0.6462682298322148,05/08/2000 13:00:00,0,Kawasaki ZX-7 RR [2000],World Superbikes,
140,Rider,Giovanni Bussei,29.187496630641917,0.6441208159175734,05/08/2000 13:00:00,1,Kawasaki ZX-7 RR [2000],World Superbikes,
140,Rider,Giovanni Bussei,29.193926971126707,0.642041256371947,05/08/2000 13:00:00,2,Kawasaki ZX-7 RR [2000],World Superbikes,
140,Rider,Giovanni Bussei,29.201271100301934,0.6399789622628861,02/09/2000 13:00:00,0,Kawasaki ZX-7 RR [2000],World Superbikes,
140,Rider,Giovanni Bussei,29.20740966040623,0.6379837441170559,02/09/2000 13:00:00,1,Kawasaki ZX-7 RR [2000],World Superbikes,
140,Rider,Giovanni Bussei,29.213033719640553,0.6360546514752939,02/09/2000 13:00:00,2,Kawasaki ZX-7 RR [2000],World Superbikes,
140,Rider,Giovanni Bussei,29.21867288089839,0.6341815289902317,09/09/2000 13:00:00,0,Kawasaki ZX-7 RR [2000],World Superbikes,
140,Rider,Giovanni Bussei,29.22376556906076,0.6323746912696119,09/09/2000 13:00:00,1,Kawasaki ZX-7 RR [2000],World Superbikes,
140,Rider,Giovanni Bussei,29.22724282722479,0.6306332660443139,09/09/2000 13:00:00,2,Kawasaki ZX-7 RR [2000],World Superbikes,
140,Rider,Giovanni Bussei,29.23053513573887,0.6289458715328925,14/10/2000 13:00:00,0,Kawasaki ZX-7 RR [2000],World Superbikes,
140,Rider,Giovanni Bussei,29.23508928675939,0.6273187757743656,14/10/2000 13:00:00,1,Kawasaki ZX-7 RR [2000],World Superbikes,
140,Rider,Giovanni Bussei,29.238858297056822,0.6257550040587265,09/03/2001 13:00:00,0,Ducati 996 RS [2001],World Superbikes,
140,Rider,Giovanni Bussei,29.240536735312805,0.6242519811385119,09/03/2001 13:00:00,1,Ducati 996 RS [2001],World Superbikes,
140,Rider,Giovanni Bussei,29.24177584253353,0.6228103770646672,10/03/2001 13:00:00,0,Ducati 996 RS [2001],World Superbikes,
140,Rider,Giovanni Bussei,29.244664883288376,0.6213934189190443,29/03/2001 13:00:00,0,Ducati 996 RS [2001],World Superbikes,
140,Rider,Giovanni Bussei,29.247062101880775,0.6200356707637672,30/03/2001 13:00:00,0,Ducati 996 RS [2001],World Superbikes,
140,Rider,Giovanni Bussei,29.248762911017398,0.618735716731518,31/03/2001 13:00:00,0,Ducati 996 RS [2001],World Superbikes,
140,Rider,Giovanni Bussei,29.250085061640377,0.6174864245529402,19/04/2001 13:00:00,0,Ducati 996 RS [2001],World Superbikes,
140,Rider,Giovanni Bussei,29.251569057363998,0.6162947550703951,20/04/2001 13:00:00,0,Ducati 996 RS [2001],World Superbikes,
140,Rider,Giovanni Bussei,29.254487431486083,0.6151590764715784,26/04/2001 13:00:00,0,Ducati 996 RS [2001],World Superbikes,
140,Rider,Giovanni Bussei,29.258281932435818,0.6140783425171392,27/04/2001 13:00:00,0,Ducati 996 RS [2001],World Superbikes,
140,Rider,Giovanni Bussei,29.26271884030609,0.6130529292076912,10/05/2001 13:00:00,0,Ducati 996 RS [2001],World Superbikes,
140,Rider,Giovanni Bussei,29.267985917191293,0.6120821664444087,11/05/2001 13:00:00,0,Ducati 996 RS [2001],World Superbikes,
140,Rider,Giovanni Bussei,29.27335063150051,0.6111664878609977,25/05/2001 13:00:00,0,Ducati 996 RS [2001],World Superbikes,
140,Rider,Giovanni Bussei,29.27842420952486,0.6103057328121199,25/05/2001 13:00:00,1,Ducati 996 RS [2001],World Superbikes,
140,Rider,Giovanni Bussei,29.28341251344123,0.6094987903812986,07/06/2001 13:00:00,0,Ducati 996 RS [2001],World Superbikes,
140,Rider,Giovanni Bussei,29.290069637246415,0.6087392666873455,08/06/2001 13:00:00,0,Ducati 996 RS [2001],World Superbikes,
140,Rider,Giovanni Bussei,29.298296773862447,0.6080299105277237,21/06/2001 13:00:00,0,Ducati 996 RS [2001],World Superbikes,
140,Rider,Giovanni Bussei,29.30738377493129,0.6073757348512201,22/06/2001 13:00:00,0,Ducati 996 RS [2001],World Superbikes,
140,Rider,Giovanni Bussei,29.318038698650327,0.6067738625476424,06/07/2001 13:00:00,0,Ducati 996 RS [2001],World Superbikes,
140,Rider,Giovanni Bussei,29.32903455154987,0.6062233270622582,07/07/2001 13:00:00,0,Ducati 996 RS [2001],World Superbikes,
140,Rider,Giovanni Bussei,29.34090146333057,0.6057229076557461,27/07/2001 13:00:00,0,Ducati 996 RS [2001],World Superbikes,
140,Rider,Giovanni Bussei,29.352542498908225,0.6052748331466957,27/07/2001 13:00:00,1,Ducati 996 RS [2001],World Superbikes,
140,Rider,Giovanni Bussei,29.363327145495212,0.604879879735844,30/08/2001 13:00:00,0,Ducati 996 RS [2001],World Superbikes,
140,Rider,Giovanni Bussei,29.376100144263834,0.6045298480636027,31/08/2001 13:00:00,0,Ducati 996 RS [2001],World Superbikes,
140,Rider,Giovanni Bussei,29.388394484267977,0.6042316153135574,01/09/2001 13:00:00,0,Ducati 996 RS [2001],World Superbikes,
140,Rider,Giovanni Bussei,29.40089692524266,0.6039743399885951,06/09/2001 13:00:00,0,Ducati 996 RS [2001],World Superbikes,
140,Rider,Giovanni Bussei,29.413125160919847,0.6037676885612993,07/09/2001 13:00:00,0,Ducati 996 RS [2001],World Superbikes,
140,Rider,Giovanni Bussei,29.424620996937396,0.6036124290943464,08/09/2001 13:00:00,0,Ducati 996 RS [2001],World Superbikes,
140,Rider,Giovanni Bussei,29.436209956465216,0.6034996842405821,27/09/2001 13:00:00,0,Ducati 996 RS [2001],World Superbikes,
140,Rider,Giovanni Bussei,29.44779435462174,0.6034389280364401,28/09/2001 13:00:00,0,Ducati 996 RS [2001],World Superbikes,
140,Rider,Giovanni Bussei,29.459049464600255,0.603430301256173,29/09/2001 13:00:00,0,Ducati 996 RS [2001],World Superbikes,
140,Rider,Giovanni Bussei,29.47060943644907,0.6034595294390854,28/02/2003 13:00:00,0,Yamaha YZF-R1 [2003],World Superbikes,
140,Rider,Giovanni Bussei,29.48222541498767,0.603537822380337,28/02/2003 13:00:00,1,Yamaha YZF-R1 [2003],World Superbikes,
140,Rider,Giovanni Bussei,29.4927331330433,0.6036650911407244,27/03/2003 13:00:00,0,Yamaha YZF-R1 [2003],World Superbikes,
140,Rider,Giovanni Bussei,29.504442586209752,0.6038347765432335,28/03/2003 13:00:00,0,Yamaha YZF-R1 [2003],World Superbikes,
140,Rider,Giovanni Bussei,29.516811967654835,0.6040507010564096,24/04/2003 13:00:00,0,Yamaha YZF-R1 [2003],World Superbikes,
140,Rider,Giovanni Bussei,29.52916455365114,0.6043141464293745,25/04/2003 13:00:00,0,Yamaha YZF-R1 [2003],World Superbikes,
140,Rider,Giovanni Bussei,29.541623164568072,0.6046247960774551,15/05/2003 13:00:00,0,Yamaha YZF-R1 [2003],World Superbikes,
140,Rider,Giovanni Bussei,29.554673654038154,0.6049829810632665,16/05/2003 13:00:00,0,Yamaha YZF-R1 [2003],World Superbikes,
140,Rider,Giovanni Bussei,29.566763971715467,0.6053890779493878,17/05/2003 13:00:00,0,Yamaha YZF-R1 [2003],World Superbikes,
140,Rider,Giovanni Bussei,29.579658257884166,0.6058295418029006,29/05/2003 13:00:00,0,Yamaha YZF-R1 [2003],World Superbikes,
140,Rider,Giovanni Bussei,29.592754214718493,0.6063191900426832,30/05/2003 13:00:00,0,Yamaha YZF-R1 [2003],World Superbikes,
140,Rider,Giovanni Bussei,29.605020310155453,0.6068541180113128,31/05/2003 13:00:00,0,Yamaha YZF-R1 [2003],World Superbikes,
140,Rider,Giovanni Bussei,29.618978836962864,0.6074094044044064,13/06/2003 13:00:00,0,Yamaha YZF-R1 [2003],World Superbikes,
140,Rider,Giovanni Bussei,29.630037548033272,0.6080148127847325,13/06/2003 13:00:00,1,Yamaha YZF-R1 [2003],World Superbikes,
140,Rider,Giovanni Bussei,29.64024979022862,0.608671993369218,14/06/2003 13:00:00,0,Yamaha YZF-R1 [2003],World Superbikes,
140,Rider,Giovanni Bussei,29.65107806660831,0.6093593996693577,19/06/2003 13:00:00,0,Yamaha YZF-R1 [2003],World Superbikes,
140,Rider,Giovanni Bussei,29.66116496870147,0.6100990524420177,20/06/2003 13:00:00,0,Yamaha YZF-R1 [2003],World Superbikes,
140,Rider,Giovanni Bussei,29.670545285844092,0.6108912466924209,21/06/2003 13:00:00,0,Yamaha YZF-R1 [2003],World Superbikes,
140,Rider,Giovanni Bussei,29.68012765103662,0.6117254456414198,11/07/2003 13:00:00,0,Ducati 998 RS [2003],World Superbikes,
140,Rider,Giovanni Bussei,29.687562005170165,0.6126088958912086,12/07/2003 13:00:00,0,Ducati 998 RS [2003],World Superbikes,
140,Rider,Giovanni Bussei,29.693882523964614,0.6135448183314058,12/07/2003 13:00:00,1,Ducati 998 RS [2003],World Superbikes,
140,Rider,Giovanni Bussei,29.700276486721055,0.6145268211432076,30/07/2004 13:00:00,0,Ducati 998 RS [2004],World Superbikes,
140,Rider,Giovanni Bussei,29.705758680477818,0.6155644568314778,30/07/2004 13:00:00,1,Ducati 998 RS [2004],World Superbikes,
140,Rider,Giovanni Bussei,29.71042052041455,0.6166569390783848,02/09/2004 13:00:00,0,Ducati 998 RS [2004],World Superbikes,
140,Rider,Giovanni Bussei,29.713026127120685,0.6178017997840388,03/09/2004 13:00:00,0,Ducati 998 RS [2004],World Superbikes,
140,Rider,Giovanni Bussei,29.7134855091322,0.6189974933226221,04/09/2004 13:00:00,0,Ducati 998 RS [2004],World Superbikes,
140,Rider,Giovanni Bussei,29.7137582382249,0.6202462641547973,23/09/2004 13:00:00,0,Ducati 998 RS [2004],World Superbikes,
140,Rider,Giovanni Bussei,29.71402556672011,0.6215527508388597,24/09/2004 13:00:00,0,Ducati 998 RS [2004],World Superbikes,
140,Rider,Giovanni Bussei,29.7125325958152,0.62291536122852,25/09/2004 13:00:00,0,Ducati 998 RS [2004],World Superbikes,
140,Rider,Giovanni Bussei,29.70973567693163,0.624332473075298,30/09/2004 13:00:00,0,Ducati 998 RS [2004],World Superbikes,
140,Rider,Giovanni Bussei,29.708196080716164,0.6258040107519045,01/10/2004 13:00:00,0,Ducati 998 RS [2004],World Superbikes,
140,Rider,Giovanni Bussei,29.707080443782434,0.6273326699678146,23/02/2005 13:00:00,0,Kawasaki ZX-10 [2005],World Superbikes,
140,Rider,Giovanni Bussei,29.705512684958382,0.628923938064725,24/02/2005 13:00:00,0,Kawasaki ZX-10 [2005],World Superbikes,
140,Rider,Giovanni Bussei,29.705492673748147,0.6305548671761911,25/02/2005 13:00:00,0,Kawasaki ZX-10 [2005],World Superbikes,
140,Rider,Giovanni Bussei,29.704783942520233,0.6322438408338322,31/03/2005 13:00:00,0,Kawasaki ZX-10 [2005],World Superbikes,
140,Rider,Giovanni Bussei,29.70368789095284,0.6339987287620088,01/04/2005 13:00:00,0,Kawasaki ZX-10 [2005],World Superbikes,
140,Rider,Giovanni Bussei,29.701252235695687,0.6358204680700491,01/04/2005 13:00:00,1,Kawasaki ZX-10 [2005],World Superbikes,
140,Rider,Giovanni Bussei,29.698225661601676,0.637701263908246,21/04/2005 13:00:00,0,Kawasaki ZX-10 [2005],World Superbikes,
140,Rider,Giovanni Bussei,29.69505552299777,0.6396503937206139,22/04/2005 13:00:00,0,Kawasaki ZX-10 [2005],World Superbikes,
140,Rider,Giovanni Bussei,29.69328444799931,0.6416639872563031,05/05/2005 13:00:00,0,Kawasaki ZX-10 [2005],World Superbikes,
140,Rider,Giovanni Bussei,29.69082744423043,0.643746104340113,06/05/2005 13:00:00,0,Kawasaki ZX-10 [2005],World Superbikes,
140,Rider,Giovanni Bussei,29.68709809648914,0.645895318644906,07/05/2005 13:00:00,0,Kawasaki ZX-10 [2005],World Superbikes,
140,Rider,Giovanni Bussei,29.682501445678685,0.6481075924244284,27/05/2005 13:00:00,0,Kawasaki ZX-10 [2005],World Superbikes,
140,Rider,Giovanni Bussei,29.67704296984491,0.6503907546565337,27/05/2005 13:00:00,1,Kawasaki ZX-10 [2005],World Superbikes,
140,Rider,Giovanni Bussei,29.672005852345254,0.6527437396395358,23/06/2005 13:00:00,0,Kawasaki ZX-10 [2005],World Superbikes,
140,Rider,Giovanni Bussei,29.667670884247666,0.6551699921896962,24/06/2005 13:00:00,0,Kawasaki ZX-10 [2005],World Superbikes,
140,Rider,Giovanni Bussei,29.66189404193485,0.6576706315043083,25/06/2005 13:00:00,0,Kawasaki ZX-10 [2005],World Superbikes,
140,Rider,Giovanni Bussei,29.65555600851138,0.6602397415736379,14/07/2005 13:00:00,0,Kawasaki ZX-10 [2005],World Superbikes,
140,Rider,Giovanni Bussei,29.650763448084426,0.6628794437353951,15/07/2005 13:00:00,0,Kawasaki ZX-10 [2005],World Superbikes,
140,Rider,Giovanni Bussei,29.646179041156103,0.6655953698350542,05/08/2005 13:00:00,0,Kawasaki ZX-10 [2005],World Superbikes,
140,Rider,Giovanni Bussei,29.642098541884152,0.6683881467630564,05/08/2005 13:00:00,1,Kawasaki ZX-10 [2005],World Superbikes,
140,Rider,Giovanni Bussei,29.63710675801195,0.6712607088066272,06/08/2005 13:00:00,0,Kawasaki ZX-10 [2005],World Superbikes,
140,Rider,Giovanni Bussei,29.632557264626342,0.6741982908960124,01/09/2005 13:00:00,0,Kawasaki ZX-10 [2005],World Superbikes,
140,Rider,Giovanni Bussei,29.62912849241607,0.6772142829643383,02/09/2005 13:00:00,0,Kawasaki ZX-10 [2005],World Superbikes,
140,Rider,Giovanni Bussei,29.62666274998855,0.6803094686671451,08/09/2005 13:00:00,0,Kawasaki ZX-10 [2005],World Superbikes,
140,Rider,Giovanni Bussei,29.623769228533757,0.6834858079630669,09/09/2005 13:00:00,0,Kawasaki ZX-10 [2005],World Superbikes,
140,Rider,Giovanni Bussei,29.621433210283918,0.6867434276056505,29/09/2005 13:00:00,0,Kawasaki ZX-10 [2005],World Superbikes,
140,Rider,Giovanni Bussei,29.617977455202453,0.6900855957378061,30/09/2005 13:00:00,0,Kawasaki ZX-10 [2005],World Superbikes,
140,Rider,Giovanni Bussei,29.61426952258943,0.6935138522027481,06/10/2005 13:00:00,0,Kawasaki ZX-10 [2005],World Superbikes,
140,Rider,Giovanni Bussei,29.609184747632554,0.6970296811543619,07/10/2005 13:00:00,0,Kawasaki ZX-10 [2005],World Superbikes,
140,Rider,Giovanni Bussei,29.603109318019648,0.7006332203898727,08/10/2005 13:00:00,0,Kawasaki ZX-10 [2005],World Superbikes,
140,Rider,Giovanni Bussei,29.59632941983317,0.7043205048360597,20/04/2006 13:00:00,0,Honda CBR 1000RR Fireblade [2006],World Superbikes,
140,Rider,Giovanni Bussei,29.590704310600525,0.7080989194960997,21/04/2006 13:00:00,0,Honda CBR 1000RR Fireblade [2006],World Superbikes,
140,Rider,Giovanni Bussei,29.58661824878663,0.7119651385267407,30/03/2007 13:00:00,0,Ducati 999 F06 [2007],World Superbikes,
140,Rider,Giovanni Bussei,29.58191990273709,0.7159222584757097,30/03/2007 13:00:00,1,Ducati 999 F06 [2007],World Superbikes,
140,Rider,Giovanni Bussei,29.57812630556462,0.7199656822764182,31/03/2007 13:00:00,0,Ducati 999 F06 [2007],World Superbikes,
140,Rider,Giovanni Bussei,29.574270114130247,0.7240973546010873,12/04/2007 13:00:00,0,Ducati 999 F06 [2007],World Superbikes,
140,Rider,Giovanni Bussei,29.57026296967093,0.7283235070208215,13/04/2007 13:00:00,0,Ducati 999 F06 [2007],World Superbikes,
140,Rider,Giovanni Bussei,29.56628382298204,0.7326446867828714,14/04/2007 13:00:00,0,Ducati 999 F06 [2007],World Superbikes,
140,Rider,Giovanni Bussei,29.56182344678873,0.7370603117603095,08/05/2008 13:00:00,0,Honda CBR1000RR [2008],World Superbikes,
140,Rider,Giovanni Bussei,29.55915915594165,0.7415671084494033,09/05/2008 13:00:00,0,Honda CBR1000RR [2008],World Superbikes,
141,Rider,Redamo Assirelli,19.089019308925632,2.285493006432919,29/05/1999 13:00:00,0,Yamaha [1999],World Superbikes,
141,Rider,Redamo Assirelli,19.08819571954757,2.2845809146063054,29/05/1999 13:00:00,1,Yamaha [1999],World Superbikes,
141,Rider,Redamo Assirelli,19.08723776451724,2.2840468898611674,26/06/1999 13:00:00,0,Yamaha [1999],World Superbikes,
141,Rider,Redamo Assirelli,19.08608584425586,2.283885833037043,26/06/1999 13:00:00,1,Yamaha [1999],World Superbikes,
141,Rider,Redamo Assirelli,19.084706788644624,2.284097553399336,17/06/2000 13:00:00,0,Yamaha YZF-R7 [2000],World Superbikes,
141,Rider,Redamo Assirelli,19.084995943524216,2.284674472694917,17/06/2000 13:00:00,1,Yamaha YZF-R7 [2000],World Superbikes,
141,Rider,Redamo Assirelli,19.086491518711732,2.285632371246696,27/09/2002 13:00:00,0,Yamaha YZF-R7 [2002],World Superbikes,
142,Rider,Kirk McCarthy,17.560368711415222,2.8211883457856968,29/05/1999 13:00:00,0,Suzuki GSX-R 750 [1999],World Superbikes,
142,Rider,Kirk McCarthy,17.560500594446463,2.820704845766192,29/05/1999 13:00:00,1,Suzuki GSX-R 750 [1999],World Superbikes,
142,Rider,Kirk McCarthy,17.560648312803828,2.8206982126939195,12/06/1999 13:00:00,0,Suzuki GSX-R 750 [1999],World Superbikes,
142,Rider,Kirk McCarthy,17.5607166187984,2.8211749736686635,12/06/1999 13:00:00,1,Suzuki GSX-R 750 [1999],World Superbikes,
143,Rider,Christian Mönsch,14.911531842775702,3.7336878018069553,29/05/1999 13:00:00,0,Honda [1999],World Superbikes,
143,Rider,Christian Mönsch,14.911492475360781,3.73368488349367,29/05/1999 13:00:00,1,Honda [1999],World Superbikes,
144,Rider,Jochen Schmid,29.51896008960756,2.293963228907697,12/06/1999 13:00:00,0,Kawasaki [1999],World Superbikes,
144,Rider,Jochen Schmid,29.51831755919584,2.293057318911972,12/06/1999 13:00:00,1,Kawasaki [1999],World Superbikes,
144,Rider,Jochen Schmid,29.51706578970853,2.2925280878217653,12/06/1999 13:00:00,2,Kawasaki [1999],World Superbikes,
144,Rider,Jochen Schmid,29.516236899799715,2.292311971354568,04/09/1999 13:00:00,0,Kawasaki [1999],World Superbikes,
144,Rider,Jochen Schmid,29.515822550523072,2.292477551227298,04/09/1999 13:00:00,1,Kawasaki [1999],World Superbikes,
144,Rider,Jochen Schmid,29.515683762123633,2.293025061600501,11/09/1999 13:00:00,0,Kawasaki [1999],World Superbikes,
144,Rider,Jochen Schmid,29.51530273671153,2.293943385868699,11/09/1999 13:00:00,1,Kawasaki [1999],World Superbikes,
145,Rider,Christer Lindholm,28.018199086149465,3.562962200024524,12/06/1999 13:00:00,0,Yamaha [1999],World Superbikes,
145,Rider,Christer Lindholm,28.018140695462012,3.5629620545773855,12/06/1999 13:00:00,1,Yamaha [1999],World Superbikes,
146,Rider,Michael Schulten,25.221208502745856,1.9182670763206582,12/06/1999 13:00:00,0,Suzuki GSX-R 750 [1999],World Superbikes,
146,Rider,Michael Schulten,25.222877269812656,1.9169743060947413,12/06/1999 13:00:00,1,Suzuki GSX-R 750 [1999],World Superbikes,
146,Rider,Michael Schulten,25.226390920237296,1.9160066658587063,04/09/1999 13:00:00,0,Suzuki GSX-R 750 [1999],World Superbikes,
146,Rider,Michael Schulten,25.2312257059077,1.9153713661792846,04/09/1999 13:00:00,1,Suzuki GSX-R 750 [1999],World Superbikes,
146,Rider,Michael Schulten,25.23741872638372,1.9150682114231863,27/05/2004 13:00:00,0,Honda CBR 1000RR Fireblade [2004],World Superbikes,
146,Rider,Michael Schulten,25.242067759317152,1.9150943964307572,28/05/2004 13:00:00,0,Honda CBR 1000RR Fireblade [2004],World Superbikes,
146,Rider,Michael Schulten,25.244966576871715,1.9154435138326336,29/05/2004 13:00:00,0,Honda CBR 1000RR Fireblade [2004],World Superbikes,
146,Rider,Michael Schulten,25.24719938271215,1.916115973164818,08/09/2005 13:00:00,0,Honda CBR 1000RR Fireblade [2005],World Superbikes,
146,Rider,Michael Schulten,25.24819287217025,1.9171224907444209,09/09/2005 13:00:00,0,Honda CBR 1000RR Fireblade [2005],World Superbikes,
146,Rider,Michael Schulten,25.24733517495676,1.9184613259710719,10/09/2005 13:00:00,0,Honda CBR 1000RR Fireblade [2005],World Superbikes,
147,Rider,Brian Morrison,22.70061481992692,2.8408481576749187,12/06/1999 13:00:00,0,Yamaha [1999],World Superbikes,
147,Rider,Brian Morrison,22.701101734998044,2.8403778836339884,12/06/1999 13:00:00,1,Yamaha [1999],World Superbikes,
147,Rider,Brian Morrison,22.70254194907445,2.8403674225540745,28/08/1999 13:00:00,0,Yamaha [1999],World Superbikes,
147,Rider,Brian Morrison,22.703078430079636,2.8408328366356246,28/08/1999 13:00:00,1,Yamaha [1999],World Superbikes,
148,Rider,Marco Gerbaudo,12.25344869727139,3.7943899277383504,26/06/1999 13:00:00,0,Ducati [1999],World Superbikes,
148,Rider,Marco Gerbaudo,12.252667946742436,3.7944540796685624,26/06/1999 13:00:00,1,Ducati [1999],World Superbikes,
149,Rider,Hrvoje Tuden,14.160546171884743,3.691615861740745,26/06/1999 13:00:00,0,Ducati [1999],World Superbikes,
149,Rider,Hrvoje Tuden,14.160728576401366,3.6916055732878537,26/06/1999 13:00:00,1,Ducati [1999],World Superbikes,
150,Rider,Anthony Gobert,37.44895751932628,1.6000984223032857,10/07/1999 13:00:00,0,Ducati 996 RS [1999],World Superbikes,
150,Rider,Anthony Gobert,37.448130956102716,1.5982939171134949,10/07/1999 13:00:00,1,Ducati 996 RS [1999],World Superbikes,
150,Rider,Anthony Gobert,37.44535536373325,1.596691472622241,10/07/1999 13:00:00,2,Ducati 996 RS [1999],World Superbikes,
150,Rider,Anthony Gobert,37.441282393815,1.5953169098328,01/04/2000 13:00:00,0,Bimota SB8R [2000],World Superbikes,
150,Rider,Anthony Gobert,37.43869777252106,1.594180746224451,01/04/2000 13:00:00,1,Bimota SB8R [2000],World Superbikes,
150,Rider,Anthony Gobert,37.43550518797593,1.5933031027805373,01/04/2000 13:00:00,2,Bimota SB8R [2000],World Superbikes,
150,Rider,Anthony Gobert,37.43357311691801,1.5925972234888206,22/04/2000 13:00:00,0,Bimota SB8R [2000],World Superbikes,
150,Rider,Anthony Gobert,37.430024432316536,1.5921518156357441,22/04/2000 13:00:00,1,Bimota SB8R [2000],World Superbikes,
150,Rider,Anthony Gobert,37.42386127468032,1.5919604041186144,22/04/2000 13:00:00,2,Bimota SB8R [2000],World Superbikes,
150,Rider,Anthony Gobert,37.41647085935274,1.5920205951531916,29/04/2000 13:00:00,0,Bimota SB8R [2000],World Superbikes,
150,Rider,Anthony Gobert,37.408339853150245,1.592343010816512,29/04/2000 13:00:00,1,Bimota SB8R [2000],World Superbikes,
150,Rider,Anthony Gobert,37.4003121962345,1.5929234155398067,20/05/2000 13:00:00,0,Bimota SB8R [2000],World Superbikes,
150,Rider,Anthony Gobert,37.394283708500915,1.5937339613617303,20/05/2000 13:00:00,1,Bimota SB8R [2000],World Superbikes,
150,Rider,Anthony Gobert,37.38914323939136,1.5948010093753668,03/06/2000 13:00:00,0,Bimota SB8R [2000],World Superbikes,
150,Rider,Anthony Gobert,37.38577134255488,1.5961175756385408,03/06/2000 13:00:00,1,Bimota SB8R [2000],World Superbikes,
150,Rider,Anthony Gobert,37.3842157744933,1.5976837152568457,14/10/2000 13:00:00,0,Yamaha [2000],World Superbikes,
150,Rider,Anthony Gobert,37.38291674151457,1.5994706211878054,14/10/2000 13:00:00,1,Yamaha [2000],World Superbikes,
151,Bike,Ducati 996 [1999],35.93987223328059,3.2263875836977847,10/07/1999 13:00:00,0,,World Superbikes,
151,Bike,Ducati 996 [1999],35.93995548232592,3.226129918333291,10/07/1999 13:00:00,1,,World Superbikes,
151,Bike,Ducati 996 [1999],35.93915301980646,3.226370677454868,10/07/1999 13:00:00,2,,World Superbikes,
152,Rider,Eric Bostrom,40.72608478330042,1.511151558903537,10/07/1999 13:00:00,0,Honda [1999],World Superbikes,
152,Rider,Eric Bostrom,40.72750364947955,1.5092508842542758,10/07/1999 13:00:00,1,Honda [1999],World Superbikes,
152,Rider,Eric Bostrom,40.7288019019852,1.5075980658907127,10/07/1999 13:00:00,2,Honda [1999],World Superbikes,
152,Rider,Eric Bostrom,40.72919152360231,1.506193547490093,06/07/2001 13:00:00,0,Kawasaki ZX-7 RR [2001],World Superbikes,
152,Rider,Eric Bostrom,40.72755266997067,1.5050259777679937,07/07/2001 13:00:00,0,Kawasaki ZX-7 RR [2001],World Superbikes,
152,Rider,Eric Bostrom,40.72463392028222,1.5041082180042191,07/07/2001 13:00:00,1,Kawasaki ZX-7 RR [2001],World Superbikes,
152,Rider,Eric Bostrom,40.720432453451835,1.5034381981839773,18/04/2002 13:00:00,0,Kawasaki ZX-7 RR [2002],World Superbikes,
152,Rider,Eric Bostrom,40.71687769248887,1.5030274254610945,19/04/2002 13:00:00,0,Kawasaki ZX-7 RR [2002],World Superbikes,
152,Rider,Eric Bostrom,40.713942006394056,1.5028762191736718,19/04/2002 13:00:00,1,Kawasaki ZX-7 RR [2002],World Superbikes,
152,Rider,Eric Bostrom,40.71009671203504,1.502977712226048,09/05/2002 13:00:00,0,Kawasaki ZX-7 RR [2002],World Superbikes,
152,Rider,Eric Bostrom,40.706522856759186,1.5033386528440762,10/05/2002 13:00:00,0,Kawasaki ZX-7 RR [2002],World Superbikes,
152,Rider,Eric Bostrom,40.70469582362399,1.503957602182423,11/05/2002 13:00:00,0,Kawasaki ZX-7 RR [2002],World Superbikes,
152,Rider,Eric Bostrom,40.70304163333719,1.5048245297869005,24/05/2002 13:00:00,0,Kawasaki ZX-7 RR [2002],World Superbikes,
152,Rider,Eric Bostrom,40.703855671717335,1.5059481758952389,24/05/2002 13:00:00,1,Kawasaki ZX-7 RR [2002],World Superbikes,
152,Rider,Eric Bostrom,40.705766016599775,1.5073325405320257,12/07/2002 13:00:00,0,Kawasaki ZX-7 RR [2002],World Superbikes,
152,Rider,Eric Bostrom,40.70609711614753,1.5089701795689396,13/07/2002 13:00:00,0,Kawasaki ZX-7 RR [2002],World Superbikes,
152,Rider,Eric Bostrom,40.706064012706044,1.5108667400016136,13/07/2002 13:00:00,1,Kawasaki ZX-7 RR [2002],World Superbikes,
153,Rider,Mike Smith,18.871164395644303,3.8712398471582286,10/07/1999 13:00:00,0,Honda [1999],World Superbikes,
153,Rider,Mike Smith,18.870679278770567,3.8712567295522127,10/07/1999 13:00:00,1,Honda [1999],World Superbikes,
154,Rider,Dan Harris,20.598119142487473,3.660695073197946,31/07/1999 13:00:00,0,Yamaha [1999],World Superbikes,
154,Rider,Dan Harris,20.598498559595896,3.6606796525508063,31/07/1999 13:00:00,1,Yamaha [1999],World Superbikes,
155,Rider,Gianluca Villa,20.012158416357288,4.384883535271279,31/07/1999 13:00:00,1,Ducati [1999],World Superbikes,
156,Rider,Roger Kellenberger,19.791842015794124,2.8390646996109865,28/08/1999 13:00:00,0,Honda [1999],World Superbikes,
156,Rider,Roger Kellenberger,19.79161018365721,2.8385819140997546,28/08/1999 13:00:00,1,Honda [1999],World Superbikes,
156,Rider,Roger Kellenberger,19.792380136740558,2.8385536148025747,04/09/1999 13:00:00,0,Honda [1999],World Superbikes,
156,Rider,Roger Kellenberger,19.792998410477907,2.839008721766133,04/09/1999 13:00:00,1,Honda [1999],World Superbikes,
157,Rider,Anton Rechberger,9.333087302084909,3.764182446208567,28/08/1999 13:00:00,0,Suzuki GSX-R 750 [1999],World Superbikes,
157,Rider,Anton Rechberger,9.332558494072352,3.764242895670393,28/08/1999 13:00:00,1,Suzuki GSX-R 750 [1999],World Superbikes,
158,Rider,Michele Malatesta,22.96421874566709,1.24690099674376,04/09/1999 13:00:00,0,Ducati [1999],World Superbikes,
158,Rider,Michele Malatesta,22.96309428061019,1.2444584809102646,04/09/1999 13:00:00,1,Ducati [1999],World Superbikes,
158,Rider,Michele Malatesta,22.961228900817577,1.2422287833321581,11/09/1999 13:00:00,0,Ducati [1999],World Superbikes,
158,Rider,Michele Malatesta,22.958176297153145,1.240203577616136,11/09/1999 13:00:00,1,Ducati [1999],World Superbikes,
158,Rider,Michele Malatesta,22.95365570316788,1.2383798772048575,11/09/1999 13:00:00,2,Ducati [1999],World Superbikes,
158,Rider,Michele Malatesta,22.948898094770552,1.2367216191611963,09/03/2001 13:00:00,0,Kawasaki ZX-7 RR [2001],World Superbikes,
158,Rider,Michele Malatesta,22.942793667100855,1.2352750200372298,09/03/2001 13:00:00,1,Kawasaki ZX-7 RR [2001],World Superbikes,
158,Rider,Michele Malatesta,22.93729977148966,1.234028982770097,29/03/2001 13:00:00,0,Kawasaki ZX-7 RR [2001],World Superbikes,
158,Rider,Michele Malatesta,22.931639605088247,1.232980721249072,30/03/2001 13:00:00,0,Kawasaki ZX-7 RR [2001],World Superbikes,
158,Rider,Michele Malatesta,22.92559415275827,1.2321355204719198,19/04/2001 13:00:00,0,Kawasaki ZX-7 RR [2001],World Superbikes,
158,Rider,Michele Malatesta,22.91936892647792,1.2314920328498804,20/04/2001 13:00:00,0,Kawasaki ZX-7 RR [2001],World Superbikes,
158,Rider,Michele Malatesta,22.912306896070994,1.231060379774411,26/04/2001 13:00:00,0,Kawasaki ZX-7 RR [2001],World Superbikes,
158,Rider,Michele Malatesta,22.905685055994972,1.2308191431231479,27/04/2001 13:00:00,0,Kawasaki ZX-7 RR [2001],World Superbikes,
158,Rider,Michele Malatesta,22.89906854081046,1.2307770885384839,10/05/2001 13:00:00,0,Kawasaki ZX-7 RR [2001],World Superbikes,
158,Rider,Michele Malatesta,22.89240515082598,1.2309379956842925,11/05/2001 13:00:00,0,Kawasaki ZX-7 RR [2001],World Superbikes,
158,Rider,Michele Malatesta,22.886462936528673,1.2312939536934284,25/05/2001 13:00:00,0,Kawasaki ZX-7 RR [2001],World Superbikes,
158,Rider,Michele Malatesta,22.8812255897394,1.2318318766745806,25/05/2001 13:00:00,1,Kawasaki ZX-7 RR [2001],World Superbikes,
158,Rider,Michele Malatesta,22.876147468269707,1.2325640718275943,07/06/2001 13:00:00,0,Kawasaki ZX-7 RR [2001],World Superbikes,
158,Rider,Michele Malatesta,22.870123526381974,1.233504102233183,08/06/2001 13:00:00,0,Kawasaki ZX-7 RR [2001],World Superbikes,
158,Rider,Michele Malatesta,22.864312616152336,1.2346431273030825,21/06/2001 13:00:00,0,Kawasaki ZX-7 RR [2001],World Superbikes,
158,Rider,Michele Malatesta,22.859973321647853,1.235972084445911,22/06/2001 13:00:00,0,Kawasaki ZX-7 RR [2001],World Superbikes,
158,Rider,Michele Malatesta,22.854922101796564,1.2375137152771853,30/08/2001 13:00:00,0,Kawasaki ZX-7 RR [2001],World Superbikes,
158,Rider,Michele Malatesta,22.85174512054711,1.2392228790924942,31/08/2001 13:00:00,0,Kawasaki ZX-7 RR [2001],World Superbikes,
158,Rider,Michele Malatesta,22.849299438408032,1.2411160585132823,20/06/2002 13:00:00,0,Ducati 996 RS [2002],World Superbikes,
158,Rider,Michele Malatesta,22.849621441332886,1.2431593153239984,21/06/2002 13:00:00,0,Ducati 996 RS [2002],World Superbikes,
158,Rider,Michele Malatesta,22.850364227703878,1.245399772569571,26/09/2002 13:00:00,0,Ducati 996 RS [2002],World Superbikes,
158,Rider,Michele Malatesta,22.851455963810178,1.2478409270755995,27/09/2002 13:00:00,0,Ducati 996 RS [2002],World Superbikes,
159,Rider,Thierry Mulot,16.128073405345695,1.4547161599907659,04/09/1999 13:00:00,0,Ducati [1999],World Superbikes,
159,Rider,Thierry Mulot,16.1268359538161,1.4527223627828456,04/09/1999 13:00:00,1,Ducati [1999],World Superbikes,
159,Rider,Thierry Mulot,16.125292268315164,1.4509742076214693,11/09/1999 13:00:00,0,Ducati [1999],World Superbikes,
159,Rider,Thierry Mulot,16.12432171185339,1.4494567725873595,11/09/1999 13:00:00,1,Ducati [1999],World Superbikes,
159,Rider,Thierry Mulot,16.123965238516423,1.4481707367919485,17/06/2000 13:00:00,0,Ducati [2000],World Superbikes,
159,Rider,Thierry Mulot,16.12499272576563,1.4470723903619827,17/06/2000 13:00:00,1,Ducati [2000],World Superbikes,
159,Rider,Thierry Mulot,16.127615746109377,1.4461638251648683,24/06/2000 13:00:00,0,Ducati [2000],World Superbikes,
159,Rider,Thierry Mulot,16.129308589754498,1.4454693468648911,24/06/2000 13:00:00,1,Ducati [2000],World Superbikes,
159,Rider,Thierry Mulot,16.12964120559561,1.4449945739048855,09/03/2001 13:00:00,0,Ducati 996 RS [2001],World Superbikes,
159,Rider,Thierry Mulot,16.129727004935486,1.4447586044418341,09/03/2001 13:00:00,1,Ducati 996 RS [2001],World Superbikes,
159,Rider,Thierry Mulot,16.130213444561516,1.4447561956841746,07/06/2001 13:00:00,0,Ducati 996 R [2001],World Superbikes,
159,Rider,Thierry Mulot,16.131553913524606,1.4449554237312037,08/06/2001 13:00:00,0,Ducati 996 R [2001],World Superbikes,
159,Rider,Thierry Mulot,16.134030393433306,1.445346506513686,08/03/2002 13:00:00,0,Ducati 996 RS [2002],World Superbikes,
159,Rider,Thierry Mulot,16.137305119457846,1.4459223843591433,08/03/2002 13:00:00,1,Ducati 996 RS [2002],World Superbikes,
159,Rider,Thierry Mulot,16.139862361196904,1.4467211884047169,09/05/2002 13:00:00,0,Ducati 996 RS [2002],World Superbikes,
159,Rider,Thierry Mulot,16.143057905964117,1.447724672143045,10/05/2002 13:00:00,0,Ducati 996 RS [2002],World Superbikes,
159,Rider,Thierry Mulot,16.144620215156944,1.4489684497132012,06/06/2002 13:00:00,0,Honda VTR 1000 SP [2002],World Superbikes,
159,Rider,Thierry Mulot,16.144461342413894,1.450432988722819,07/06/2002 13:00:00,0,Honda VTR 1000 SP [2002],World Superbikes,
159,Rider,Thierry Mulot,16.144302640028766,1.4520695314665555,29/08/2002 13:00:00,0,Ducati 996 SPS [2002],World Superbikes,
159,Rider,Thierry Mulot,16.144868726096632,1.4538584337680183,30/08/2002 13:00:00,0,Ducati 996 SPS [2002],World Superbikes,
159,Rider,Thierry Mulot,16.14614558318646,1.4558002398416006,05/09/2002 13:00:00,0,Ducati 996 SPS [2002],World Superbikes,
159,Rider,Thierry Mulot,16.146218227454202,1.45792397260811,06/09/2002 13:00:00,0,Ducati 996 SPS [2002],World Superbikes,
160,Rider,Hans-Jürgen Brikey,22.305743653056656,3.6320824831085643,04/09/1999 13:00:00,0,Kawasaki [1999],World Superbikes,
160,Rider,Hans-Jürgen Brikey,22.305712563689646,3.6320818644743844,04/09/1999 13:00:00,1,Kawasaki [1999],World Superbikes,
161,Rider,Wolfgang Bax,17.652812847789313,3.5937404851640546,04/09/1999 13:00:00,0,Ducati [1999],World Superbikes,
161,Rider,Wolfgang Bax,17.652515725985246,3.593744632305952,04/09/1999 13:00:00,1,Ducati [1999],World Superbikes,
162,Rider,Jan Greven,19.539268264046953,3.658391511699722,04/09/1999 13:00:00,0,Kawasaki [1999],World Superbikes,
162,Rider,Jan Greven,19.539525543812882,3.658384684277358,04/09/1999 13:00:00,1,Kawasaki [1999],World Superbikes,
163,Rider,Ruud Van Straalen,10.775523458248134,3.8844057599649364,04/09/1999 13:00:00,0,Yamaha [1999],World Superbikes,
163,Rider,Ruud Van Straalen,10.775181886401267,3.884452185322724,04/09/1999 13:00:00,1,Yamaha [1999],World Superbikes,
164,Rider,Werner Dimperl,12.003346658725976,3.760429208173323,11/09/1999 13:00:00,0,Ducati [1999],World Superbikes,
164,Rider,Werner Dimperl,12.00446668837257,3.760368326042778,11/09/1999 13:00:00,1,Ducati [1999],World Superbikes,
165,Rider,Takeshi Tsujimura,37.43896393862726,2.4893515948083484,09/10/1999 13:00:00,0,Yamaha [1999],World Superbikes,
165,Rider,Takeshi Tsujimura,37.43686445922529,2.488600560701549,09/10/1999 13:00:00,1,Yamaha [1999],World Superbikes,
165,Rider,Takeshi Tsujimura,37.43405780312578,2.488285690799327,09/10/1999 13:00:00,2,Yamaha [1999],World Superbikes,
165,Rider,Takeshi Tsujimura,37.43109067372104,2.488376586695687,18/04/2002 13:00:00,0,Yamaha YZF-R7 [2002],World Superbikes,
165,Rider,Takeshi Tsujimura,37.428797700168985,2.488821018189084,19/04/2002 13:00:00,0,Yamaha YZF-R7 [2002],World Superbikes,
165,Rider,Takeshi Tsujimura,37.42749018491766,2.4896198139510406,19/04/2002 13:00:00,1,Yamaha YZF-R7 [2002],World Superbikes,
166,Bike,Yamaha YZF 750 R [1999],30.714568460640745,3.1771193243737774,09/10/1999 13:00:00,0,,World Superbikes,
166,Bike,Yamaha YZF 750 R [1999],30.714357718840297,3.17685462825276,09/10/1999 13:00:00,1,,World Superbikes,
166,Bike,Yamaha YZF 750 R [1999],30.71375121913666,3.1771104306437126,09/10/1999 13:00:00,2,,World Superbikes,
167,Rider,Makoto Tamada,33.730054814023035,0.8551332403726964,09/10/1999 13:00:00,0,Honda [1999],World Superbikes,
167,Rider,Makoto Tamada,33.72917729886128,0.8512982374391079,09/10/1999 13:00:00,1,Honda [1999],World Superbikes,
167,Rider,Makoto Tamada,33.72597656431328,0.8475895170789579,09/10/1999 13:00:00,2,Honda [1999],World Superbikes,
167,Rider,Makoto Tamada,33.721718851265194,0.8440007572668983,29/04/2000 13:00:00,0,Honda RC45 [2000],World Superbikes,
167,Rider,Makoto Tamada,33.71667919637352,0.8405025632214305,29/04/2000 13:00:00,1,Honda RC45 [2000],World Superbikes,
167,Rider,Makoto Tamada,33.711422893762034,0.8370964001237131,29/04/2000 13:00:00,2,Honda RC45 [2000],World Superbikes,
167,Rider,Makoto Tamada,33.70540649747429,0.8337771599127625,26/04/2001 13:00:00,0,Honda VTR 1000 SP [2001],World Superbikes,
167,Rider,Makoto Tamada,33.696542304467506,0.8305608463988555,27/04/2001 13:00:00,0,Honda VTR 1000 SP [2001],World Superbikes,
167,Rider,Makoto Tamada,33.684847921018715,0.8274458778246008,27/04/2001 13:00:00,1,Honda VTR 1000 SP [2001],World Superbikes,
167,Rider,Makoto Tamada,33.67050219407893,0.8244301131699928,18/04/2002 13:00:00,0,Honda VTR 1000 SP2 [2002],World Superbikes,
167,Rider,Makoto Tamada,33.65388892602053,0.8215026855814404,19/04/2002 13:00:00,0,Honda VTR 1000 SP2 [2002],World Superbikes,
167,Rider,Makoto Tamada,33.63605499262445,0.8186852596978328,19/04/2002 13:00:00,1,Honda VTR 1000 SP2 [2002],World Superbikes,
167,Rider,Makoto Tamada,33.617123751343215,0.8159796817127727,20/02/2008 13:00:00,0,Kawasaki ZX-10R [2008],World Superbikes,
167,Rider,Makoto Tamada,33.6005868863504,0.813376946185513,21/02/2008 13:00:00,0,Kawasaki ZX-10R [2008],World Superbikes,
167,Rider,Makoto Tamada,33.585188643410774,0.8108924379847448,28/02/2008 13:00:00,0,Kawasaki ZX-10R [2008],World Superbikes,
167,Rider,Makoto Tamada,33.57073127199804,0.8085238058438533,29/02/2008 13:00:00,0,Kawasaki ZX-10R [2008],World Superbikes,
167,Rider,Makoto Tamada,33.5564674464348,0.8062747016066959,03/04/2008 13:00:00,0,Kawasaki ZX-10R [2008],World Superbikes,
167,Rider,Makoto Tamada,33.54101614851083,0.8041471884739855,04/04/2008 13:00:00,0,Kawasaki ZX-10R [2008],World Superbikes,
167,Rider,Makoto Tamada,33.52431593765891,0.8021400141859577,05/04/2008 13:00:00,0,Kawasaki ZX-10R [2008],World Superbikes,
167,Rider,Makoto Tamada,33.50687231976679,0.800244689166271,24/04/2008 13:00:00,0,Kawasaki ZX-10R [2008],World Superbikes,
167,Rider,Makoto Tamada,33.48718011165891,0.7984672776752859,25/04/2008 13:00:00,0,Kawasaki ZX-10R [2008],World Superbikes,
167,Rider,Makoto Tamada,33.46658989393081,0.7968089379752934,26/04/2008 13:00:00,0,Kawasaki ZX-10R [2008],World Superbikes,
167,Rider,Makoto Tamada,33.44489154159012,0.7952632797621341,08/05/2008 13:00:00,0,Kawasaki ZX-10R [2008],World Superbikes,
167,Rider,Makoto Tamada,33.42058280074348,0.7938309999491376,09/05/2008 13:00:00,0,Kawasaki ZX-10R [2008],World Superbikes,
167,Rider,Makoto Tamada,33.396200105059165,0.7925131531733415,10/05/2008 13:00:00,0,Kawasaki ZX-10R [2008],World Superbikes,
167,Rider,Makoto Tamada,33.37159996880386,0.7912998852825956,30/05/2008 13:00:00,0,Kawasaki ZX-10R [2008],World Superbikes,
167,Rider,Makoto Tamada,33.34595652170933,0.7902046427572046,30/05/2008 13:00:00,1,Kawasaki ZX-10R [2008],World Superbikes,
167,Rider,Makoto Tamada,33.32028071803572,0.7892277121509665,12/06/2008 13:00:00,0,Kawasaki ZX-10R [2008],World Superbikes,
167,Rider,Makoto Tamada,33.29415418376552,0.7883665436299668,13/06/2008 13:00:00,0,Kawasaki ZX-10R [2008],World Superbikes,
167,Rider,Makoto Tamada,33.268614192562644,0.7876180158012221,26/06/2008 13:00:00,0,Kawasaki ZX-10R [2008],World Superbikes,
167,Rider,Makoto Tamada,33.24187065169783,0.7869863289964446,27/06/2008 13:00:00,0,Kawasaki ZX-10R [2008],World Superbikes,
167,Rider,Makoto Tamada,33.2139715192939,0.7864702254050328,28/06/2008 13:00:00,0,Kawasaki ZX-10R [2008],World Superbikes,
167,Rider,Makoto Tamada,33.185308030387404,0.7860632921081069,17/07/2008 13:00:00,0,Kawasaki ZX-10R [2008],World Superbikes,
167,Rider,Makoto Tamada,33.15779400945815,0.7857640188796534,18/07/2008 13:00:00,0,Kawasaki ZX-10R [2008],World Superbikes,
167,Rider,Makoto Tamada,33.13072144943893,0.785578123766683,01/08/2008 13:00:00,0,Kawasaki ZX-10R [2008],World Superbikes,
167,Rider,Makoto Tamada,33.104213496626606,0.7855028012075991,01/08/2008 13:00:00,1,Kawasaki ZX-10R [2008],World Superbikes,
167,Rider,Makoto Tamada,33.078906175356124,0.7855334305302972,05/09/2008 13:00:00,0,Kawasaki ZX-10R [2008],World Superbikes,
167,Rider,Makoto Tamada,33.055146679366416,0.785669056855899,05/09/2008 13:00:00,1,Kawasaki ZX-10R [2008],World Superbikes,
167,Rider,Makoto Tamada,33.03221738282707,0.7859144587681174,19/09/2008 13:00:00,0,Kawasaki ZX-10R [2008],World Superbikes,
167,Rider,Makoto Tamada,33.01059836194238,0.7862691860230326,02/10/2008 13:00:00,0,Kawasaki ZX-10R [2008],World Superbikes,
167,Rider,Makoto Tamada,32.989556645806644,0.7867380014084493,03/10/2008 13:00:00,0,Kawasaki ZX-10R [2008],World Superbikes,
167,Rider,Makoto Tamada,32.969133525296606,0.787311083748124,31/10/2008 13:00:00,0,Kawasaki ZX-10R [2008],World Superbikes,
167,Rider,Makoto Tamada,32.95088172862801,0.7879832457049871,31/10/2008 13:00:00,1,Kawasaki ZX-10R [2008],World Superbikes,
167,Rider,Makoto Tamada,32.93356384113133,0.7887674950737582,26/02/2009 13:00:00,0,Kawasaki ZX 10R [2009],World Superbikes,
167,Rider,Makoto Tamada,32.91639205873053,0.7896687766744113,27/02/2009 13:00:00,0,Kawasaki ZX 10R [2009],World Superbikes,
167,Rider,Makoto Tamada,32.90004437091332,0.7906865052073231,11/03/2009 13:00:00,0,Kawasaki ZX 10R [2009],World Superbikes,
167,Rider,Makoto Tamada,32.884299845022205,0.7918213777789121,12/03/2009 13:00:00,0,Kawasaki ZX 10R [2009],World Superbikes,
167,Rider,Makoto Tamada,32.869408677067284,0.7930727632800723,03/04/2009 13:00:00,0,Kawasaki ZX 10R [2009],World Superbikes,
167,Rider,Makoto Tamada,32.855163004251715,0.794442534621943,03/04/2009 13:00:00,1,Kawasaki ZX 10R [2009],World Superbikes,
167,Rider,Makoto Tamada,32.84207233767085,0.795928094238891,24/04/2009 13:00:00,0,Kawasaki ZX 10R [2009],World Superbikes,
167,Rider,Makoto Tamada,32.830798058520365,0.7975254039482078,24/04/2009 13:00:00,1,Kawasaki ZX 10R [2009],World Superbikes,
167,Rider,Makoto Tamada,32.821271172378296,0.7992351189197141,08/05/2009 13:00:00,0,Kawasaki ZX 10R [2009],World Superbikes,
167,Rider,Makoto Tamada,32.812428895053905,0.8010638947075893,08/05/2009 13:00:00,1,Kawasaki ZX 10R [2009],World Superbikes,
167,Rider,Makoto Tamada,32.80493496343331,0.803008791117141,24/07/2009 13:00:00,0,Kawasaki ZX 10R [2009],World Superbikes,
167,Rider,Makoto Tamada,32.797449439838424,0.8050749153892761,24/07/2009 13:00:00,1,Kawasaki ZX 10R [2009],World Superbikes,
167,Rider,Makoto Tamada,32.789911268081816,0.8072630555864875,25/07/2009 13:00:00,0,Kawasaki ZX 10R [2009],World Superbikes,
167,Rider,Makoto Tamada,32.78044414554592,0.809569082496724,25/07/2009 13:00:00,1,Kawasaki ZX 10R [2009],World Superbikes,
167,Rider,Makoto Tamada,32.770526472604196,0.8119927377376982,04/09/2009 13:00:00,0,Kawasaki ZX 10R [2009],World Superbikes,
167,Rider,Makoto Tamada,32.761403364827636,0.8145379782061652,04/09/2009 13:00:00,1,Kawasaki ZX 10R [2009],World Superbikes,
167,Rider,Makoto Tamada,32.75180088432783,0.8172078110229712,05/09/2009 13:00:00,0,Kawasaki ZX 10R [2009],World Superbikes,
167,Rider,Makoto Tamada,32.74163911335549,0.819999444561492,05/09/2009 13:00:00,1,Kawasaki ZX 10R [2009],World Superbikes,
167,Rider,Makoto Tamada,32.73128394098602,0.8229078480436574,25/09/2009 13:00:00,0,Kawasaki ZX 10R [2009],World Superbikes,
167,Rider,Makoto Tamada,32.721865043542984,0.8259377116419888,23/10/2009 13:00:00,0,Kawasaki ZX 10R [2009],World Superbikes,
167,Rider,Makoto Tamada,32.71237384703034,0.8290938777439149,23/10/2009 13:00:00,1,Kawasaki ZX 10R [2009],World Superbikes,
167,Rider,Makoto Tamada,32.70382748149429,0.8323721519078778,24/10/2009 13:00:00,0,Kawasaki ZX 10R [2009],World Superbikes,
167,Rider,Makoto Tamada,32.69550169829483,0.8357729719710044,24/10/2009 13:00:00,1,Kawasaki ZX 10R [2009],World Superbikes,
167,Rider,Makoto Tamada,32.68817618438092,0.8392765208046165,26/03/2010 13:00:00,0,BMW S1000 RR [2010],World Superbikes,
167,Rider,Makoto Tamada,32.6820575117356,0.8428924574311238,26/03/2010 13:00:00,1,BMW S1000 RR [2010],World Superbikes,
167,Rider,Makoto Tamada,32.67717688109799,0.846621077857888,27/03/2010 13:00:00,0,BMW S1000 RR [2010],World Superbikes,
167,Rider,Makoto Tamada,32.67378615430171,0.850435543013842,02/09/2011 13:00:00,0,Honda CBR1000RR [2011],World Superbikes,
167,Rider,Makoto Tamada,32.67174736393418,0.854327830290408,02/09/2011 13:00:00,1,Honda CBR1000RR [2011],World Superbikes,
168,Rider,Chojun Kameya,30.197995689529392,3.549342138875024,09/10/1999 13:00:00,0,Suzuki GSX-R 750 [1999],World Superbikes,
168,Rider,Chojun Kameya,30.197415069129597,3.5493516596146337,09/10/1999 13:00:00,1,Suzuki GSX-R 750 [1999],World Superbikes,
169,Rider,Hitoyasu Izutsu,38.004794118733116,1.077322375129906,09/10/1999 13:00:00,0,Kawasaki ZX-7 RR [1999],World Superbikes,
169,Rider,Hitoyasu Izutsu,38.006723323979294,1.0743936130514213,09/10/1999 13:00:00,1,Kawasaki ZX-7 RR [1999],World Superbikes,
169,Rider,Hitoyasu Izutsu,38.00986243604203,1.0716420886413445,29/04/2000 13:00:00,0,Kawasaki ZX-7 RR [2000],World Superbikes,
169,Rider,Hitoyasu Izutsu,38.01029125867167,1.0690371958749518,29/04/2000 13:00:00,1,Kawasaki ZX-7 RR [2000],World Superbikes,
169,Rider,Hitoyasu Izutsu,38.00911276788523,1.066604870791222,29/04/2000 13:00:00,2,Kawasaki ZX-7 RR [2000],World Superbikes,
169,Rider,Hitoyasu Izutsu,38.00687562515659,1.0643443846778242,09/03/2001 13:00:00,0,Kawasaki ZX-7 RR [2001],World Superbikes,
169,Rider,Hitoyasu Izutsu,38.00238276061803,1.0622417350689237,09/03/2001 13:00:00,1,Kawasaki ZX-7 RR [2001],World Superbikes,
169,Rider,Hitoyasu Izutsu,37.998505186161736,1.0603176798516303,10/03/2001 13:00:00,0,Kawasaki ZX-7 RR [2001],World Superbikes,
169,Rider,Hitoyasu Izutsu,37.99445583636035,1.0585613786580463,19/04/2001 13:00:00,0,Kawasaki ZX-7 RR [2001],World Superbikes,
169,Rider,Hitoyasu Izutsu,37.99044198453628,1.0569816953371869,20/04/2001 13:00:00,0,Kawasaki ZX-7 RR [2001],World Superbikes,
169,Rider,Hitoyasu Izutsu,37.985723221682804,1.0555753269708443,20/04/2001 13:00:00,1,Kawasaki ZX-7 RR [2001],World Superbikes,
169,Rider,Hitoyasu Izutsu,37.98199396767318,1.0543327105252858,26/04/2001 13:00:00,0,Kawasaki ZX-7 RR [2001],World Superbikes,
169,Rider,Hitoyasu Izutsu,37.97799422210909,1.05327028008828,27/04/2001 13:00:00,0,Kawasaki ZX-7 RR [2001],World Superbikes,
169,Rider,Hitoyasu Izutsu,37.97196598209266,1.0523777928004363,27/04/2001 13:00:00,1,Kawasaki ZX-7 RR [2001],World Superbikes,
169,Rider,Hitoyasu Izutsu,37.96375527957241,1.0516457731121593,07/06/2001 13:00:00,0,Kawasaki ZX-7 RR [2001],World Superbikes,
169,Rider,Hitoyasu Izutsu,37.95527540649016,1.0510909185519983,08/06/2001 13:00:00,0,Kawasaki ZX-7 RR [2001],World Superbikes,
169,Rider,Hitoyasu Izutsu,37.94543352003841,1.0507069633683053,09/06/2001 13:00:00,0,Kawasaki ZX-7 RR [2001],World Superbikes,
169,Rider,Hitoyasu Izutsu,37.93740224331195,1.0504656908902001,06/09/2001 13:00:00,0,Kawasaki ZX-7 RR [2001],World Superbikes,
169,Rider,Hitoyasu Izutsu,37.930960123217055,1.0503952370226288,07/09/2001 13:00:00,0,Kawasaki ZX-7 RR [2001],World Superbikes,
169,Rider,Hitoyasu Izutsu,37.92773100258706,1.0504724719103764,08/03/2002 13:00:00,0,Kawasaki ZX-7 RR [2002],World Superbikes,
169,Rider,Hitoyasu Izutsu,37.92302781825689,1.050713405918683,08/03/2002 13:00:00,1,Kawasaki ZX-7 RR [2002],World Superbikes,
169,Rider,Hitoyasu Izutsu,37.91814691924721,1.0511237335784243,09/03/2002 13:00:00,0,Kawasaki ZX-7 RR [2002],World Superbikes,
169,Rider,Hitoyasu Izutsu,37.91238168353324,1.0516995439807078,21/03/2002 13:00:00,0,Kawasaki ZX-7 RR [2002],World Superbikes,
169,Rider,Hitoyasu Izutsu,37.90629214117812,1.0524434157555778,22/03/2002 13:00:00,0,Kawasaki ZX-7 RR [2002],World Superbikes,
169,Rider,Hitoyasu Izutsu,37.89952240127074,1.0533585564319845,22/03/2002 13:00:00,1,Kawasaki ZX-7 RR [2002],World Superbikes,
169,Rider,Hitoyasu Izutsu,37.89175335894198,1.0544371318807548,04/04/2002 13:00:00,0,Kawasaki ZX-7 RR [2002],World Superbikes,
169,Rider,Hitoyasu Izutsu,37.88412370977562,1.0556836795777607,05/04/2002 13:00:00,0,Kawasaki ZX-7 RR [2002],World Superbikes,
169,Rider,Hitoyasu Izutsu,37.87646330597899,1.0570981329843911,06/04/2002 13:00:00,0,Kawasaki ZX-7 RR [2002],World Superbikes,
169,Rider,Hitoyasu Izutsu,37.86775653389841,1.0586738448626392,26/07/2002 13:00:00,0,Kawasaki ZX-7 RR [2002],World Superbikes,
169,Rider,Hitoyasu Izutsu,37.86009915175255,1.060424305951773,26/07/2002 13:00:00,1,Kawasaki ZX-7 RR [2002],World Superbikes,
169,Rider,Hitoyasu Izutsu,37.8540414647969,1.062347273288669,29/08/2002 13:00:00,0,Kawasaki ZX-7 RR [2002],World Superbikes,
169,Rider,Hitoyasu Izutsu,37.84903182351217,1.0644396101551241,30/08/2002 13:00:00,0,Kawasaki ZX-7 RR [2002],World Superbikes,
169,Rider,Hitoyasu Izutsu,37.845439151670384,1.0667008814513164,26/09/2002 13:00:00,0,Kawasaki ZX-7 RR [2002],World Superbikes,
169,Rider,Hitoyasu Izutsu,37.842730985631555,1.0691401289658775,28/09/2002 13:00:00,0,Kawasaki ZX-7 RR [2002],World Superbikes,
169,Rider,Hitoyasu Izutsu,37.84115440185867,1.0717419192047175,24/04/2003 13:00:00,0,Honda VTR 1000 SP2 [2003],World Superbikes,
169,Rider,Hitoyasu Izutsu,37.83906458286996,1.0745120609179637,25/04/2003 13:00:00,0,Honda VTR 1000 SP2 [2003],World Superbikes,
169,Rider,Hitoyasu Izutsu,37.83721558517104,1.077455014247743,25/04/2003 13:00:00,1,Honda VTR 1000 SP2 [2003],World Superbikes,
170,Bike,Honda VTR 1000 SP [2000],27.573279172020566,1.08931339612893,01/04/2000 13:00:00,0,,World Superbikes,
170,Bike,Honda VTR 1000 SP [2000],27.573477503297234,1.0863788484638432,01/04/2000 13:00:00,1,,World Superbikes,
170,Bike,Honda VTR 1000 SP [2000],27.57380584921701,1.0835820278167185,01/04/2000 13:00:00,2,,World Superbikes,
170,Bike,Honda VTR 1000 SP [2000],27.5735398324616,1.0809310451498584,22/04/2000 13:00:00,0,,World Superbikes,
170,Bike,Honda VTR 1000 SP [2000],27.572260153325672,1.0784178967946023,22/04/2000 13:00:00,1,,World Superbikes,
170,Bike,Honda VTR 1000 SP [2000],27.57044236497766,1.0760608898943527,22/04/2000 13:00:00,2,,World Superbikes,
170,Bike,Honda VTR 1000 SP [2000],27.568919967407794,1.073862590179887,29/04/2000 13:00:00,0,,World Superbikes,
170,Bike,Honda VTR 1000 SP [2000],27.56810994232888,1.071846737545567,29/04/2000 13:00:00,1,,World Superbikes,
170,Bike,Honda VTR 1000 SP [2000],27.567681838389007,1.0700114537499377,29/04/2000 13:00:00,2,,World Superbikes,
170,Bike,Honda VTR 1000 SP [2000],27.56574039098252,1.06830051757013,13/05/2000 13:00:00,0,,World Superbikes,
170,Bike,Honda VTR 1000 SP [2000],27.564343282356255,1.0667710740558838,13/05/2000 13:00:00,1,,World Superbikes,
170,Bike,Honda VTR 1000 SP [2000],27.563292684571884,1.0654190447245617,13/05/2000 13:00:00,2,,World Superbikes,
170,Bike,Honda VTR 1000 SP [2000],27.562494575323292,1.0642106887693796,20/05/2000 13:00:00,0,,World Superbikes,
170,Bike,Honda VTR 1000 SP [2000],27.560584765581886,1.0631346348650723,20/05/2000 13:00:00,1,,World Superbikes,
170,Bike,Honda VTR 1000 SP [2000],27.55794485996569,1.0621995503284816,20/05/2000 13:00:00,2,,World Superbikes,
170,Bike,Honda VTR 1000 SP [2000],27.553945990915274,1.0613762347494518,03/06/2000 13:00:00,0,,World Superbikes,
170,Bike,Honda VTR 1000 SP [2000],27.548863527453733,1.060693522287817,03/06/2000 13:00:00,1,,World Superbikes,
170,Bike,Honda VTR 1000 SP [2000],27.542628170202235,1.0601511451623273,03/06/2000 13:00:00,2,,World Superbikes,
170,Bike,Honda VTR 1000 SP [2000],27.536379969413172,1.0597523161865747,17/06/2000 13:00:00,0,,World Superbikes,
170,Bike,Honda VTR 1000 SP [2000],27.530579172906833,1.0595263693605106,17/06/2000 13:00:00,1,,World Superbikes,
170,Bike,Honda VTR 1000 SP [2000],27.52541056287307,1.0594642427127046,17/06/2000 13:00:00,2,,World Superbikes,
170,Bike,Honda VTR 1000 SP [2000],27.521753236704292,1.05957108669833,24/06/2000 13:00:00,0,,World Superbikes,
170,Bike,Honda VTR 1000 SP [2000],27.519822588247646,1.0598556836088855,24/06/2000 13:00:00,1,,World Superbikes,
170,Bike,Honda VTR 1000 SP [2000],27.516789843930447,1.0602676002077052,24/06/2000 13:00:00,2,,World Superbikes,
170,Bike,Honda VTR 1000 SP [2000],27.514997468867016,1.0608539693808747,08/07/2000 13:00:00,0,,World Superbikes,
170,Bike,Honda VTR 1000 SP [2000],27.513297333755936,1.0616087328751973,08/07/2000 13:00:00,1,,World Superbikes,
170,Bike,Honda VTR 1000 SP [2000],27.511797787784623,1.0625307842043352,08/07/2000 13:00:00,2,,World Superbikes,
170,Bike,Honda VTR 1000 SP [2000],27.510578086620882,1.0636112142580723,05/08/2000 13:00:00,0,,World Superbikes,
170,Bike,Honda VTR 1000 SP [2000],27.509688654531132,1.0648685432682492,05/08/2000 13:00:00,1,,World Superbikes,
170,Bike,Honda VTR 1000 SP [2000],27.50840935512806,1.06629749752268,05/08/2000 13:00:00,2,,World Superbikes,
170,Bike,Honda VTR 1000 SP [2000],27.506696668768317,1.067889119029604,02/09/2000 13:00:00,0,,World Superbikes,
170,Bike,Honda VTR 1000 SP [2000],27.505389151503653,1.069654438455149,02/09/2000 13:00:00,1,,World Superbikes,
170,Bike,Honda VTR 1000 SP [2000],27.504365864155687,1.0715911755519272,02/09/2000 13:00:00,2,,World Superbikes,
170,Bike,Honda VTR 1000 SP [2000],27.502704308001526,1.073670441184794,09/09/2000 13:00:00,0,,World Superbikes,
170,Bike,Honda VTR 1000 SP [2000],27.50070654516319,1.075916565215137,09/09/2000 13:00:00,1,,World Superbikes,
170,Bike,Honda VTR 1000 SP [2000],27.499349485623732,1.0783312335094688,09/09/2000 13:00:00,2,,World Superbikes,
170,Bike,Honda VTR 1000 SP [2000],27.498089536683572,1.0808885260642362,14/10/2000 13:00:00,0,,World Superbikes,
170,Bike,Honda VTR 1000 SP [2000],27.496991447355157,1.0836258123300004,14/10/2000 13:00:00,1,,World Superbikes,
170,Bike,Honda VTR 1000 SP [2000],27.496000379620256,1.0865345022020798,14/10/2000 13:00:00,2,,World Superbikes,
171,Bike,Ducati 996 [2000],26.417518471311045,1.059718680511797,01/04/2000 13:00:00,0,,World Superbikes,
171,Bike,Ducati 996 [2000],26.417867913551852,1.0567149371569913,01/04/2000 13:00:00,1,,World Superbikes,
171,Bike,Ducati 996 [2000],26.418545134566024,1.0538804163185937,01/04/2000 13:00:00,2,,World Superbikes,
171,Bike,Ducati 996 [2000],26.420028990335368,1.0512051288043405,22/04/2000 13:00:00,0,,World Superbikes,
171,Bike,Ducati 996 [2000],26.422836932217194,1.0486928146253902,22/04/2000 13:00:00,1,,World Superbikes,
171,Bike,Ducati 996 [2000],26.425674115786563,1.0463265285116867,22/04/2000 13:00:00,2,,World Superbikes,
171,Bike,Ducati 996 [2000],26.429790685159894,1.044126978618149,29/04/2000 13:00:00,0,,World Superbikes,
171,Bike,Ducati 996 [2000],26.435474364106113,1.042104439032492,29/04/2000 13:00:00,1,,World Superbikes,
171,Bike,Ducati 996 [2000],26.441884215301787,1.0402590666284575,29/04/2000 13:00:00,2,,World Superbikes,
171,Bike,Ducati 996 [2000],26.44930026659914,1.038576475390363,13/05/2000 13:00:00,0,,World Superbikes,
171,Bike,Ducati 996 [2000],26.456632208001757,1.037041625932271,13/05/2000 13:00:00,1,,World Superbikes,
171,Bike,Ducati 996 [2000],26.46465428976081,1.035654197751607,13/05/2000 13:00:00,2,,World Superbikes,
171,Bike,Ducati 996 [2000],26.473407027124438,1.0344334627769254,20/05/2000 13:00:00,0,,World Superbikes,
171,Bike,Ducati 996 [2000],26.482476376202722,1.033385756736322,20/05/2000 13:00:00,1,,World Superbikes,
171,Bike,Ducati 996 [2000],26.49130357743333,1.0325061036189316,20/05/2000 13:00:00,2,,World Superbikes,
171,Bike,Ducati 996 [2000],26.500870611450143,1.0317886398421883,03/06/2000 13:00:00,0,,World Superbikes,
171,Bike,Ducati 996 [2000],26.51043028432876,1.0312404859493247,03/06/2000 13:00:00,1,,World Superbikes,
171,Bike,Ducati 996 [2000],26.519817217680473,1.0308533330634329,03/06/2000 13:00:00,2,,World Superbikes,
171,Bike,Ducati 996 [2000],26.52817328017936,1.0306081411563208,17/06/2000 13:00:00,0,,World Superbikes,
171,Bike,Ducati 996 [2000],26.53620881473641,1.0305259309899806,17/06/2000 13:00:00,1,,World Superbikes,
171,Bike,Ducati 996 [2000],26.543784278333206,1.0306118747162616,17/06/2000 13:00:00,2,,World Superbikes,
171,Bike,Ducati 996 [2000],26.551289769722832,1.0308604765959144,24/06/2000 13:00:00,0,,World Superbikes,
171,Bike,Ducati 996 [2000],26.557798734326862,1.0312665085189732,24/06/2000 13:00:00,1,,World Superbikes,
171,Bike,Ducati 996 [2000],26.56368073710977,1.0318441261157207,24/06/2000 13:00:00,2,,World Superbikes,
171,Bike,Ducati 996 [2000],26.56913506001054,1.032589126263513,08/07/2000 13:00:00,0,,World Superbikes,
171,Bike,Ducati 996 [2000],26.57421388466973,1.0334996221653514,08/07/2000 13:00:00,1,,World Superbikes,
171,Bike,Ducati 996 [2000],26.57874866177532,1.0345766165398753,08/07/2000 13:00:00,2,,World Superbikes,
171,Bike,Ducati 996 [2000],26.581647056779577,1.03576924124699,05/08/2000 13:00:00,0,,World Superbikes,
171,Bike,Ducati 996 [2000],26.583759051319266,1.0371178287702558,05/08/2000 13:00:00,1,,World Superbikes,
171,Bike,Ducati 996 [2000],26.58679211657605,1.0386335395309885,05/08/2000 13:00:00,2,,World Superbikes,
171,Bike,Ducati 996 [2000],26.589790521834644,1.0403034883980806,02/09/2000 13:00:00,0,,World Superbikes,
171,Bike,Ducati 996 [2000],26.593305510951765,1.042147615226091,02/09/2000 13:00:00,1,,World Superbikes,
171,Bike,Ducati 996 [2000],26.596912868455696,1.0441649396929562,02/09/2000 13:00:00,2,,World Superbikes,
171,Bike,Ducati 996 [2000],26.599517627927565,1.0463386625424298,09/09/2000 13:00:00,0,,World Superbikes,
171,Bike,Ducati 996 [2000],26.60046407457362,1.048658728266262,09/09/2000 13:00:00,1,,World Superbikes,
171,Bike,Ducati 996 [2000],26.600304943819978,1.0511417200334274,09/09/2000 13:00:00,2,,World Superbikes,
171,Bike,Ducati 996 [2000],26.599225542580186,1.0537854690263615,14/10/2000 13:00:00,0,,World Superbikes,
171,Bike,Ducati 996 [2000],26.597772849272367,1.056596939544433,14/10/2000 13:00:00,1,,World Superbikes,
171,Bike,Ducati 996 [2000],26.597922217652773,1.0595896712032007,14/10/2000 13:00:00,2,,World Superbikes,
172,Bike,Yamaha YZF-R7 [2000],25.59587042899661,1.0758528800452603,01/04/2000 13:00:00,0,,World Superbikes,
172,Bike,Yamaha YZF-R7 [2000],25.595712123639203,1.0729113371510342,01/04/2000 13:00:00,1,,World Superbikes,
172,Bike,Yamaha YZF-R7 [2000],25.59566926238297,1.0701412628916809,01/04/2000 13:00:00,2,,World Superbikes,
172,Bike,Yamaha YZF-R7 [2000],25.596328042466258,1.0675299939463496,22/04/2000 13:00:00,0,,World Superbikes,
172,Bike,Yamaha YZF-R7 [2000],25.596646795667958,1.0650920601928795,22/04/2000 13:00:00,1,,World Superbikes,
172,Bike,Yamaha YZF-R7 [2000],25.5969742254535,1.0628250973171371,22/04/2000 13:00:00,2,,World Superbikes,
172,Bike,Yamaha YZF-R7 [2000],25.597809068588713,1.0607209875121784,29/04/2000 13:00:00,0,,World Superbikes,
172,Bike,Yamaha YZF-R7 [2000],25.59796689034954,1.0587873862631925,29/04/2000 13:00:00,1,,World Superbikes,
172,Bike,Yamaha YZF-R7 [2000],25.597583612768133,1.0570274458539743,29/04/2000 13:00:00,2,,World Superbikes,
172,Bike,Yamaha YZF-R7 [2000],25.595751655182454,1.0554258938056102,13/05/2000 13:00:00,0,,World Superbikes,
172,Bike,Yamaha YZF-R7 [2000],25.594516805324954,1.0539974532734864,13/05/2000 13:00:00,1,,World Superbikes,
172,Bike,Yamaha YZF-R7 [2000],25.592839876899305,1.0527392281847,13/05/2000 13:00:00,2,,World Superbikes,
172,Bike,Yamaha YZF-R7 [2000],25.59112851628072,1.0516553033031495,20/05/2000 13:00:00,0,,World Superbikes,
172,Bike,Yamaha YZF-R7 [2000],25.590103634477316,1.0507435444513802,20/05/2000 13:00:00,1,,World Superbikes,
172,Bike,Yamaha YZF-R7 [2000],25.589532283489184,1.05000282014355,20/05/2000 13:00:00,2,,World Superbikes,
172,Bike,Yamaha YZF-R7 [2000],25.5886082480717,1.0494286761092226,03/06/2000 13:00:00,0,,World Superbikes,
172,Bike,Yamaha YZF-R7 [2000],25.58751113820465,1.0490276438354265,03/06/2000 13:00:00,1,,World Superbikes,
172,Bike,Yamaha YZF-R7 [2000],25.586441780268125,1.048801778142915,03/06/2000 13:00:00,2,,World Superbikes,
172,Bike,Yamaha YZF-R7 [2000],25.585139793753637,1.0487436681253015,17/06/2000 13:00:00,0,,World Superbikes,
172,Bike,Yamaha YZF-R7 [2000],25.584120624489362,1.0488529104581157,17/06/2000 13:00:00,1,,World Superbikes,
172,Bike,Yamaha YZF-R7 [2000],25.58375963242976,1.0491314520739567,17/06/2000 13:00:00,2,,World Superbikes,
172,Bike,Yamaha YZF-R7 [2000],25.58342751393874,1.049559027018607,24/06/2000 13:00:00,0,,World Superbikes,
172,Bike,Yamaha YZF-R7 [2000],25.58320516964323,1.0501603040583227,24/06/2000 13:00:00,1,,World Superbikes,
172,Bike,Yamaha YZF-R7 [2000],25.584681111014575,1.0509293193539648,24/06/2000 13:00:00,2,,World Superbikes,
172,Bike,Yamaha YZF-R7 [2000],25.58620701649001,1.0518667055981261,08/07/2000 13:00:00,0,,World Superbikes,
172,Bike,Yamaha YZF-R7 [2000],25.587460876529178,1.0529763016908154,08/07/2000 13:00:00,1,,World Superbikes,
172,Bike,Yamaha YZF-R7 [2000],25.588477067545583,1.0542547307707162,08/07/2000 13:00:00,2,,World Superbikes,
172,Bike,Yamaha YZF-R7 [2000],25.589750359826663,1.0556874725283365,05/08/2000 13:00:00,0,,World Superbikes,
172,Bike,Yamaha YZF-R7 [2000],25.590900713630013,1.057290134430691,05/08/2000 13:00:00,1,,World Superbikes,
172,Bike,Yamaha YZF-R7 [2000],25.591777109584243,1.0590583551257335,02/09/2000 13:00:00,0,,World Superbikes,
172,Bike,Yamaha YZF-R7 [2000],25.591482745524743,1.060991620559511,02/09/2000 13:00:00,1,,World Superbikes,
172,Bike,Yamaha YZF-R7 [2000],25.591013870447252,1.0631007179484406,02/09/2000 13:00:00,2,,World Superbikes,
172,Bike,Yamaha YZF-R7 [2000],25.59067489972782,1.0653692352433246,09/09/2000 13:00:00,0,,World Superbikes,
172,Bike,Yamaha YZF-R7 [2000],25.59058023069787,1.0678156843273114,09/09/2000 13:00:00,1,,World Superbikes,
172,Bike,Yamaha YZF-R7 [2000],25.590359895987522,1.0704398388791296,09/09/2000 13:00:00,2,,World Superbikes,
172,Bike,Yamaha YZF-R7 [2000],25.591171005108393,1.0731936266580804,14/10/2000 13:00:00,0,,World Superbikes,
172,Bike,Yamaha YZF-R7 [2000],25.591739681365247,1.0761265422453994,14/10/2000 13:00:00,1,,World Superbikes,
173,Bike,Aprilia RSV 1000 [2000],25.64955685589677,1.0773400862029217,01/04/2000 13:00:00,0,,World Superbikes,
173,Bike,Aprilia RSV 1000 [2000],25.65050152937704,1.0743986810161534,01/04/2000 13:00:00,1,,World Superbikes,
173,Bike,Aprilia RSV 1000 [2000],25.6524163756132,1.0716346930499911,01/04/2000 13:00:00,2,,World Superbikes,
173,Bike,Aprilia RSV 1000 [2000],25.653948403983243,1.069009051519977,22/04/2000 13:00:00,0,,World Superbikes,
173,Bike,Aprilia RSV 1000 [2000],25.654866372618834,1.066528436638104,22/04/2000 13:00:00,1,,World Superbikes,
173,Bike,Aprilia RSV 1000 [2000],25.655672000903746,1.0642052198028857,22/04/2000 13:00:00,2,,World Superbikes,
173,Bike,Aprilia RSV 1000 [2000],25.655191492618684,1.0619936677335864,29/04/2000 13:00:00,0,,World Superbikes,
173,Bike,Aprilia RSV 1000 [2000],25.655165787013335,1.0599616735067283,29/04/2000 13:00:00,1,,World Superbikes,
173,Bike,Aprilia RSV 1000 [2000],25.657079001741725,1.0581108108825463,29/04/2000 13:00:00,2,,World Superbikes,
173,Bike,Aprilia RSV 1000 [2000],25.659154069740257,1.0564321218213464,13/05/2000 13:00:00,0,,World Superbikes,
173,Bike,Aprilia RSV 1000 [2000],25.661018478558173,1.054901611657826,13/05/2000 13:00:00,1,,World Superbikes,
173,Bike,Aprilia RSV 1000 [2000],25.664396800642628,1.0535501723043361,13/05/2000 13:00:00,2,,World Superbikes,
173,Bike,Aprilia RSV 1000 [2000],25.669142662501326,1.052373356125367,20/05/2000 13:00:00,0,,World Superbikes,
173,Bike,Aprilia RSV 1000 [2000],25.673111978762257,1.0513716815926726,20/05/2000 13:00:00,1,,World Superbikes,
173,Bike,Aprilia RSV 1000 [2000],25.6773956124578,1.0505473148414102,20/05/2000 13:00:00,2,,World Superbikes,
173,Bike,Aprilia RSV 1000 [2000],25.681369245514894,1.0498764330068804,03/06/2000 13:00:00,0,,World Superbikes,
173,Bike,Aprilia RSV 1000 [2000],25.684725798172273,1.049379111346431,03/06/2000 13:00:00,1,,World Superbikes,
173,Bike,Aprilia RSV 1000 [2000],25.687095232425413,1.0490513850604593,03/06/2000 13:00:00,2,,World Superbikes,
173,Bike,Aprilia RSV 1000 [2000],25.688518315402778,1.0488863052195325,17/06/2000 13:00:00,0,,World Superbikes,
173,Bike,Aprilia RSV 1000 [2000],25.68927969329811,1.0488668589264853,17/06/2000 13:00:00,1,,World Superbikes,
173,Bike,Aprilia RSV 1000 [2000],25.688750247905915,1.0489911613810026,17/06/2000 13:00:00,2,,World Superbikes,
173,Bike,Aprilia RSV 1000 [2000],25.68753704616701,1.0492473442802353,24/06/2000 13:00:00,0,,World Superbikes,
173,Bike,Aprilia RSV 1000 [2000],25.68560729803896,1.0496468436103286,24/06/2000 13:00:00,1,,World Superbikes,
173,Bike,Aprilia RSV 1000 [2000],25.684171811338775,1.0502137165338492,24/06/2000 13:00:00,2,,World Superbikes,
173,Bike,Aprilia RSV 1000 [2000],25.681712618871124,1.0508875187556068,08/07/2000 13:00:00,0,,World Superbikes,
173,Bike,Aprilia RSV 1000 [2000],25.6779571850508,1.0516775712123947,08/07/2000 13:00:00,1,,World Superbikes,
173,Bike,Aprilia RSV 1000 [2000],25.674685954516516,1.052638002030953,08/07/2000 13:00:00,2,,World Superbikes,
173,Bike,Aprilia RSV 1000 [2000],25.672717668410456,1.0537673684812152,05/08/2000 13:00:00,0,,World Superbikes,
173,Bike,Aprilia RSV 1000 [2000],25.671222124777664,1.055072457932214,05/08/2000 13:00:00,1,,World Superbikes,
173,Bike,Aprilia RSV 1000 [2000],25.670332169523267,1.0565548934742643,05/08/2000 13:00:00,2,,World Superbikes,
173,Bike,Aprilia RSV 1000 [2000],25.67072949753803,1.0582046067209527,02/09/2000 13:00:00,0,,World Superbikes,
173,Bike,Aprilia RSV 1000 [2000],25.67156493468314,1.060018343489498,02/09/2000 13:00:00,1,,World Superbikes,
173,Bike,Aprilia RSV 1000 [2000],25.672287853309186,1.0619978047032792,02/09/2000 13:00:00,2,,World Superbikes,
173,Bike,Aprilia RSV 1000 [2000],25.674858309144508,1.0641493697951623,09/09/2000 13:00:00,0,,World Superbikes,
173,Bike,Aprilia RSV 1000 [2000],25.677240762078696,1.0664669739369703,09/09/2000 13:00:00,1,,World Superbikes,
173,Bike,Aprilia RSV 1000 [2000],25.679116254627377,1.0689326946095403,09/09/2000 13:00:00,2,,World Superbikes,
173,Bike,Aprilia RSV 1000 [2000],25.680476194539683,1.07154417405563,14/10/2000 13:00:00,0,,World Superbikes,
173,Bike,Aprilia RSV 1000 [2000],25.681433409633215,1.0743082798882913,14/10/2000 13:00:00,1,,World Superbikes,
173,Bike,Aprilia RSV 1000 [2000],25.681101847119052,1.0772488081481066,14/10/2000 13:00:00,2,,World Superbikes,
174,Bike,Suzuki GSX-R 750 [2000],26.553593475076337,1.0627320966732254,01/04/2000 13:00:00,0,,World Superbikes,
174,Bike,Suzuki GSX-R 750 [2000],26.55371932081968,1.0597363085518188,01/04/2000 13:00:00,1,,World Superbikes,
174,Bike,Suzuki GSX-R 750 [2000],26.55332431175183,1.0568850424964076,01/04/2000 13:00:00,2,,World Superbikes,
174,Bike,Suzuki GSX-R 750 [2000],26.552780718738717,1.0541979894968527,22/04/2000 13:00:00,0,,World Superbikes,
174,Bike,Suzuki GSX-R 750 [2000],26.55269354393775,1.0516649169125607,22/04/2000 13:00:00,1,,World Superbikes,
174,Bike,Suzuki GSX-R 750 [2000],26.553015214765757,1.0492829599425981,22/04/2000 13:00:00,2,,World Superbikes,
174,Bike,Suzuki GSX-R 750 [2000],26.552856924172694,1.0470587490191319,29/04/2000 13:00:00,0,,World Superbikes,
174,Bike,Suzuki GSX-R 750 [2000],26.55246425142368,1.0450022885721193,29/04/2000 13:00:00,1,,World Superbikes,
174,Bike,Suzuki GSX-R 750 [2000],26.550906951643068,1.0430999072855207,29/04/2000 13:00:00,2,,World Superbikes,
174,Bike,Suzuki GSX-R 750 [2000],26.549739914149438,1.0413586410889744,13/05/2000 13:00:00,0,,World Superbikes,
174,Bike,Suzuki GSX-R 750 [2000],26.548835491750655,1.0397787259294458,13/05/2000 13:00:00,1,,World Superbikes,
174,Bike,Suzuki GSX-R 750 [2000],26.54810308377171,1.0383558502165986,13/05/2000 13:00:00,2,,World Superbikes,
174,Bike,Suzuki GSX-R 750 [2000],26.546024052426674,1.037084100658695,20/05/2000 13:00:00,0,,World Superbikes,
174,Bike,Suzuki GSX-R 750 [2000],26.544253420788046,1.035987082551233,20/05/2000 13:00:00,1,,World Superbikes,
174,Bike,Suzuki GSX-R 750 [2000],26.542466803862638,1.035050587979323,20/05/2000 13:00:00,2,,World Superbikes,
174,Bike,Suzuki GSX-R 750 [2000],26.541353975403467,1.0342683713072611,03/06/2000 13:00:00,0,,World Superbikes,
174,Bike,Suzuki GSX-R 750 [2000],26.54025418421696,1.0336350250109911,03/06/2000 13:00:00,1,,World Superbikes,
174,Bike,Suzuki GSX-R 750 [2000],26.53965824898509,1.033150858892131,03/06/2000 13:00:00,2,,World Superbikes,
174,Bike,Suzuki GSX-R 750 [2000],26.53933953688587,1.0328330923992113,17/06/2000 13:00:00,0,,World Superbikes,
174,Bike,Suzuki GSX-R 750 [2000],26.537941906697945,1.0326750451614408,17/06/2000 13:00:00,1,,World Superbikes,
174,Bike,Suzuki GSX-R 750 [2000],26.5367351319792,1.0326912394754597,17/06/2000 13:00:00,2,,World Superbikes,
174,Bike,Suzuki GSX-R 750 [2000],26.53381924210992,1.0328636253237076,24/06/2000 13:00:00,0,,World Superbikes,
174,Bike,Suzuki GSX-R 750 [2000],26.53136264942543,1.033210314263882,24/06/2000 13:00:00,1,,World Superbikes,
174,Bike,Suzuki GSX-R 750 [2000],26.531475971534423,1.0337314973510212,24/06/2000 13:00:00,2,,World Superbikes,
174,Bike,Suzuki GSX-R 750 [2000],26.53093474056636,1.034415475982893,08/07/2000 13:00:00,0,,World Superbikes,
174,Bike,Suzuki GSX-R 750 [2000],26.53110281392278,1.035268992769747,08/07/2000 13:00:00,1,,World Superbikes,
174,Bike,Suzuki GSX-R 750 [2000],26.531052397711093,1.03629162190926,08/07/2000 13:00:00,2,,World Superbikes,
174,Bike,Suzuki GSX-R 750 [2000],26.531046751569747,1.0374714385182475,05/08/2000 13:00:00,0,,World Superbikes,
174,Bike,Suzuki GSX-R 750 [2000],26.531277605129365,1.038824572087691,05/08/2000 13:00:00,1,,World Superbikes,
174,Bike,Suzuki GSX-R 750 [2000],26.53152338484418,1.0403510735608246,05/08/2000 13:00:00,2,,World Superbikes,
174,Bike,Suzuki GSX-R 750 [2000],26.53110537330667,1.0420410509838045,02/09/2000 13:00:00,0,,World Superbikes,
174,Bike,Suzuki GSX-R 750 [2000],26.531300291979097,1.0438636224120337,02/09/2000 13:00:00,1,,World Superbikes,
174,Bike,Suzuki GSX-R 750 [2000],26.531382297346198,1.0458128271805665,02/09/2000 13:00:00,2,,World Superbikes,
174,Bike,Suzuki GSX-R 750 [2000],26.531059285502415,1.0479237024852586,09/09/2000 13:00:00,0,,World Superbikes,
174,Bike,Suzuki GSX-R 750 [2000],26.531456724336984,1.0502127480183854,09/09/2000 13:00:00,1,,World Superbikes,
174,Bike,Suzuki GSX-R 750 [2000],26.53181711091117,1.0526799145622594,09/09/2000 13:00:00,2,,World Superbikes,
174,Bike,Suzuki GSX-R 750 [2000],26.53186443367442,1.0553144418264686,14/10/2000 13:00:00,0,,World Superbikes,
174,Bike,Suzuki GSX-R 750 [2000],26.53145975441733,1.058126537508332,14/10/2000 13:00:00,1,,World Superbikes,
174,Bike,Suzuki GSX-R 750 [2000],26.531437087189836,1.0611192671132512,14/10/2000 13:00:00,2,,World Superbikes,
175,Bike,Kawasaki ZX-7 RR [2000],23.46629041936108,1.0721664068791388,01/04/2000 13:00:00,0,,World Superbikes,
175,Bike,Kawasaki ZX-7 RR [2000],23.465678893002018,1.0691821903053567,01/04/2000 13:00:00,1,,World Superbikes,
175,Bike,Kawasaki ZX-7 RR [2000],23.464804820199745,1.066339614979562,01/04/2000 13:00:00,2,,World Superbikes,
175,Bike,Kawasaki ZX-7 RR [2000],23.463394375954913,1.0636680303181552,22/04/2000 13:00:00,0,,World Superbikes,
175,Bike,Kawasaki ZX-7 RR [2000],23.462571480721525,1.0611474632138342,22/04/2000 13:00:00,1,,World Superbikes,
175,Bike,Kawasaki ZX-7 RR [2000],23.462320113397972,1.0587786169636646,22/04/2000 13:00:00,2,,World Superbikes,
175,Bike,Kawasaki ZX-7 RR [2000],23.462410974571153,1.0565832495502743,29/04/2000 13:00:00,0,,World Superbikes,
175,Bike,Kawasaki ZX-7 RR [2000],23.461741218628756,1.0545561684209037,29/04/2000 13:00:00,1,,World Superbikes,
175,Bike,Kawasaki ZX-7 RR [2000],23.460806635384532,1.0527008583648243,29/04/2000 13:00:00,2,,World Superbikes,
175,Bike,Kawasaki ZX-7 RR [2000],23.460233199429624,1.0510008959318033,13/05/2000 13:00:00,0,,World Superbikes,
175,Bike,Kawasaki ZX-7 RR [2000],23.459854385870266,1.049455259128835,13/05/2000 13:00:00,1,,World Superbikes,
175,Bike,Kawasaki ZX-7 RR [2000],23.45941489716401,1.048068964871137,13/05/2000 13:00:00,2,,World Superbikes,
175,Bike,Kawasaki ZX-7 RR [2000],23.45872451372133,1.0468430601767278,20/05/2000 13:00:00,0,,World Superbikes,
175,Bike,Kawasaki ZX-7 RR [2000],23.45807717866374,1.0457613108969706,20/05/2000 13:00:00,1,,World Superbikes,
175,Bike,Kawasaki ZX-7 RR [2000],23.45762677191447,1.044828730543904,20/05/2000 13:00:00,2,,World Superbikes,
175,Bike,Kawasaki ZX-7 RR [2000],23.456679247103384,1.0440579522613438,03/06/2000 13:00:00,0,,World Superbikes,
175,Bike,Kawasaki ZX-7 RR [2000],23.456115672995594,1.0434346784446693,03/06/2000 13:00:00,1,,World Superbikes,
175,Bike,Kawasaki ZX-7 RR [2000],23.455407907847928,1.0429634432997164,03/06/2000 13:00:00,2,,World Superbikes,
175,Bike,Kawasaki ZX-7 RR [2000],23.45376775714838,1.042649118828654,17/06/2000 13:00:00,0,,World Superbikes,
175,Bike,Kawasaki ZX-7 RR [2000],23.45243213369895,1.042486703874939,17/06/2000 13:00:00,1,,World Superbikes,
175,Bike,Kawasaki ZX-7 RR [2000],23.451094546844715,1.0424771887552025,17/06/2000 13:00:00,2,,World Superbikes,
175,Bike,Kawasaki ZX-7 RR [2000],23.44945943038342,1.0426340173374076,24/06/2000 13:00:00,0,,World Superbikes,
175,Bike,Kawasaki ZX-7 RR [2000],23.447949169425733,1.0429527092273385,24/06/2000 13:00:00,1,,World Superbikes,
175,Bike,Kawasaki ZX-7 RR [2000],23.44639406972509,1.0434374951298346,24/06/2000 13:00:00,2,,World Superbikes,
175,Bike,Kawasaki ZX-7 RR [2000],23.445344006460758,1.0440838034813538,08/07/2000 13:00:00,0,,World Superbikes,
175,Bike,Kawasaki ZX-7 RR [2000],23.444515130744417,1.044898490049446,08/07/2000 13:00:00,1,,World Superbikes,
175,Bike,Kawasaki ZX-7 RR [2000],23.44413272050161,1.045881369453546,08/07/2000 13:00:00,2,,World Superbikes,
175,Bike,Kawasaki ZX-7 RR [2000],23.44343322065272,1.047030026232454,05/08/2000 13:00:00,0,,World Superbikes,
175,Bike,Kawasaki ZX-7 RR [2000],23.442605616794552,1.0483544611193498,05/08/2000 13:00:00,1,,World Superbikes,
175,Bike,Kawasaki ZX-7 RR [2000],23.441584271191648,1.0498529013437004,05/08/2000 13:00:00,2,,World Superbikes,
175,Bike,Kawasaki ZX-7 RR [2000],23.441189646082975,1.0514845693059054,02/09/2000 13:00:00,0,,World Superbikes,
175,Bike,Kawasaki ZX-7 RR [2000],23.44034976590783,1.053288816125109,02/09/2000 13:00:00,1,,World Superbikes,
175,Bike,Kawasaki ZX-7 RR [2000],23.438580123600943,1.0552680244367478,02/09/2000 13:00:00,2,,World Superbikes,
175,Bike,Kawasaki ZX-7 RR [2000],23.437003791545337,1.057399161692819,09/09/2000 13:00:00,0,,World Superbikes,
175,Bike,Kawasaki ZX-7 RR [2000],23.435115486332915,1.059691706946293,09/09/2000 13:00:00,1,,World Superbikes,
175,Bike,Kawasaki ZX-7 RR [2000],23.43330712959036,1.0621482821164785,09/09/2000 13:00:00,2,,World Superbikes,
175,Bike,Kawasaki ZX-7 RR [2000],23.43162784724948,1.0647733770183765,14/10/2000 13:00:00,0,,World Superbikes,
175,Bike,Kawasaki ZX-7 RR [2000],23.430765471267456,1.067566410827022,14/10/2000 13:00:00,1,,World Superbikes,
175,Bike,Kawasaki ZX-7 RR [2000],23.42995012097844,1.0705324180140283,14/10/2000 13:00:00,2,,World Superbikes,
176,Bike,Ducati 996 RS2000 [2000],24.636433148408592,1.0962907518103073,01/04/2000 13:00:00,0,,World Superbikes,
176,Bike,Ducati 996 RS2000 [2000],24.63605411006369,1.0934205864809587,01/04/2000 13:00:00,1,,World Superbikes,
176,Bike,Ducati 996 RS2000 [2000],24.634812400845796,1.0907323229625552,01/04/2000 13:00:00,2,,World Superbikes,
176,Bike,Ducati 996 RS2000 [2000],24.633622189141413,1.0882221442165232,22/04/2000 13:00:00,0,,World Superbikes,
176,Bike,Ducati 996 RS2000 [2000],24.632952730289574,1.0858967227870242,22/04/2000 13:00:00,1,,World Superbikes,
176,Bike,Ducati 996 RS2000 [2000],24.63216587583016,1.0837557155816928,22/04/2000 13:00:00,2,,World Superbikes,
176,Bike,Ducati 996 RS2000 [2000],24.632567260067226,1.081765618811318,29/04/2000 13:00:00,0,,World Superbikes,
176,Bike,Ducati 996 RS2000 [2000],24.633455903431162,1.0799584612136683,29/04/2000 13:00:00,1,,World Superbikes,
176,Bike,Ducati 996 RS2000 [2000],24.63489417691024,1.078334399428955,13/05/2000 13:00:00,0,,World Superbikes,
176,Bike,Ducati 996 RS2000 [2000],24.63658815464539,1.076890685332446,13/05/2000 13:00:00,1,,World Superbikes,
176,Bike,Ducati 996 RS2000 [2000],24.638716984737336,1.0756243331346957,20/05/2000 13:00:00,0,,World Superbikes,
176,Bike,Ducati 996 RS2000 [2000],24.63933180829314,1.0745373393297846,20/05/2000 13:00:00,1,,World Superbikes,
176,Bike,Ducati 996 RS2000 [2000],24.63903547299831,1.0736302823758463,20/05/2000 13:00:00,2,,World Superbikes,
176,Bike,Ducati 996 RS2000 [2000],24.638421855344557,1.0728919898374734,03/06/2000 13:00:00,0,,World Superbikes,
176,Bike,Ducati 996 RS2000 [2000],24.637177676103786,1.0723333952091187,03/06/2000 13:00:00,1,,World Superbikes,
176,Bike,Ducati 996 RS2000 [2000],24.63607741998917,1.0719552159220673,03/06/2000 13:00:00,2,,World Superbikes,
176,Bike,Ducati 996 RS2000 [2000],24.635198460672015,1.071724687630579,17/06/2000 13:00:00,0,,World Superbikes,
176,Bike,Ducati 996 RS2000 [2000],24.633982462177062,1.0716578990161312,17/06/2000 13:00:00,1,,World Superbikes,
176,Bike,Ducati 996 RS2000 [2000],24.63220836638328,1.0717566614616572,17/06/2000 13:00:00,2,,World Superbikes,
176,Bike,Ducati 996 RS2000 [2000],24.63037760307703,1.0720238060768406,24/06/2000 13:00:00,0,,World Superbikes,
176,Bike,Ducati 996 RS2000 [2000],24.628024728725865,1.072460522922141,24/06/2000 13:00:00,1,,World Superbikes,
176,Bike,Ducati 996 RS2000 [2000],24.62415638233874,1.0730698713736968,24/06/2000 13:00:00,2,,World Superbikes,
176,Bike,Ducati 996 RS2000 [2000],24.619999620118808,1.0738298042776953,08/07/2000 13:00:00,0,,World Superbikes,
176,Bike,Ducati 996 RS2000 [2000],24.616963947766408,1.0747521983880552,08/07/2000 13:00:00,1,,World Superbikes,
176,Bike,Ducati 996 RS2000 [2000],24.614341324886688,1.0758329489902385,08/07/2000 13:00:00,2,,World Superbikes,
176,Bike,Ducati 996 RS2000 [2000],24.61180892822359,1.0770798788791498,05/08/2000 13:00:00,0,,World Superbikes,
176,Bike,Ducati 996 RS2000 [2000],24.609743748652377,1.0784682330614248,05/08/2000 13:00:00,1,,World Superbikes,
176,Bike,Ducati 996 RS2000 [2000],24.60842553285312,1.0799981483909733,02/09/2000 13:00:00,0,,World Superbikes,
176,Bike,Ducati 996 RS2000 [2000],24.607726609584763,1.0816971253731056,02/09/2000 13:00:00,1,,World Superbikes,
176,Bike,Ducati 996 RS2000 [2000],24.606766931239015,1.0835675741697879,02/09/2000 13:00:00,2,,World Superbikes,
176,Bike,Ducati 996 RS2000 [2000],24.60535738261383,1.0856104668710205,09/09/2000 13:00:00,0,,World Superbikes,
176,Bike,Ducati 996 RS2000 [2000],24.603475772751622,1.08782021013586,09/09/2000 13:00:00,1,,World Superbikes,
176,Bike,Ducati 996 RS2000 [2000],24.601432997436667,1.0901923829359497,09/09/2000 13:00:00,2,,World Superbikes,
176,Bike,Ducati 996 RS2000 [2000],24.59814825990835,1.0927417170007794,14/10/2000 13:00:00,0,,World Superbikes,
176,Bike,Ducati 996 RS2000 [2000],24.59506377168489,1.09547722661625,14/10/2000 13:00:00,1,,World Superbikes,
176,Bike,Ducati 996 RS2000 [2000],24.593548996705195,1.0983978543220143,14/10/2000 13:00:00,2,,World Superbikes,
177,Rider,Haruchika Aoki,31.86457266309513,1.36624559171219,01/04/2000 13:00:00,0,Ducati 996 RS [2000],World Superbikes,
177,Rider,Haruchika Aoki,31.8641927797804,1.3640745031427643,01/04/2000 13:00:00,1,Ducati 996 RS [2000],World Superbikes,
177,Rider,Haruchika Aoki,31.863394835163895,1.3621354021598457,01/04/2000 13:00:00,2,Ducati 996 RS [2000],World Superbikes,
177,Rider,Haruchika Aoki,31.86141812796764,1.360418949274978,22/04/2000 13:00:00,0,Ducati 996 RS [2000],World Superbikes,
177,Rider,Haruchika Aoki,31.858907599804223,1.3589373062898813,22/04/2000 13:00:00,1,Ducati 996 RS [2000],World Superbikes,
177,Rider,Haruchika Aoki,31.856159724440587,1.3576899310743973,22/04/2000 13:00:00,2,Ducati 996 RS [2000],World Superbikes,
177,Rider,Haruchika Aoki,31.851921459802032,1.356667919591865,29/04/2000 13:00:00,0,Ducati 996 RS [2000],World Superbikes,
177,Rider,Haruchika Aoki,31.8486193858635,1.3558785575546728,29/04/2000 13:00:00,1,Ducati 996 RS [2000],World Superbikes,
177,Rider,Haruchika Aoki,31.846542402721276,1.3553183399383708,13/05/2000 13:00:00,0,Ducati 996 RS [2000],World Superbikes,
177,Rider,Haruchika Aoki,31.844414732812147,1.3549945465802986,13/05/2000 13:00:00,1,Ducati 996 RS [2000],World Superbikes,
177,Rider,Haruchika Aoki,31.84147240846278,1.3549084764716604,13/05/2000 13:00:00,2,Ducati 996 RS [2000],World Superbikes,
177,Rider,Haruchika Aoki,31.838994328542448,1.3550085112677277,20/05/2000 13:00:00,0,Ducati 996 RS [2000],World Superbikes,
177,Rider,Haruchika Aoki,31.83645266383117,1.355342180833034,20/05/2000 13:00:00,1,Ducati 996 RS [2000],World Superbikes,
177,Rider,Haruchika Aoki,31.833075998935175,1.3559100304937388,20/05/2000 13:00:00,2,Ducati 996 RS [2000],World Superbikes,
177,Rider,Haruchika Aoki,31.829535567492858,1.3566991449068169,17/06/2000 13:00:00,0,Ducati 996 RS [2000],World Superbikes,
177,Rider,Haruchika Aoki,31.826418347881315,1.3577228694958594,17/06/2000 13:00:00,1,Ducati 996 RS [2000],World Superbikes,
177,Rider,Haruchika Aoki,31.823566975789788,1.35898218449463,24/06/2000 13:00:00,0,Ducati 996 RS [2000],World Superbikes,
177,Rider,Haruchika Aoki,31.820150968807383,1.36047987615827,24/06/2000 13:00:00,1,Ducati 996 RS [2000],World Superbikes,
177,Rider,Haruchika Aoki,31.8183991664476,1.3622130453336347,24/06/2000 13:00:00,2,Ducati 996 RS [2000],World Superbikes,
177,Rider,Haruchika Aoki,31.81700355046063,1.3641550685403063,08/07/2000 13:00:00,0,Ducati 996 RS [2000],World Superbikes,
177,Rider,Haruchika Aoki,31.815594641421754,1.3663297214327266,08/07/2000 13:00:00,1,Ducati 996 RS [2000],World Superbikes,
178,Bike,Ducati 996 RS [2000],22.426445762102382,1.0665958150068122,01/04/2000 13:00:00,0,,World Superbikes,
178,Bike,Ducati 996 RS [2000],22.425788791572106,1.0636233990597366,01/04/2000 13:00:00,1,,World Superbikes,
178,Bike,Ducati 996 RS [2000],22.425319240528417,1.0608202225243426,01/04/2000 13:00:00,2,,World Superbikes,
178,Bike,Ducati 996 RS [2000],22.42402461372455,1.0581850620073077,22/04/2000 13:00:00,0,,World Superbikes,
178,Bike,Ducati 996 RS [2000],22.422144405555866,1.0557234602983656,22/04/2000 13:00:00,1,,World Superbikes,
178,Bike,Ducati 996 RS [2000],22.420046301570345,1.053434212981842,22/04/2000 13:00:00,2,,World Superbikes,
178,Bike,Ducati 996 RS [2000],22.416072199011595,1.0513098703901027,29/04/2000 13:00:00,0,,World Superbikes,
178,Bike,Ducati 996 RS [2000],22.412965658436388,1.0493505167081314,29/04/2000 13:00:00,1,,World Superbikes,
178,Bike,Ducati 996 RS [2000],22.41052105898465,1.0475589626138258,13/05/2000 13:00:00,0,,World Superbikes,
178,Bike,Ducati 996 RS [2000],22.407512236673767,1.0459379885353912,13/05/2000 13:00:00,1,,World Superbikes,
178,Bike,Ducati 996 RS [2000],22.403861629995852,1.044485960507937,13/05/2000 13:00:00,2,,World Superbikes,
178,Bike,Ducati 996 RS [2000],22.399557260040172,1.0431959539342524,20/05/2000 13:00:00,0,,World Superbikes,
178,Bike,Ducati 996 RS [2000],22.395074821157298,1.0420805020863766,20/05/2000 13:00:00,1,,World Superbikes,
178,Bike,Ducati 996 RS [2000],22.39055565619956,1.041133781984086,20/05/2000 13:00:00,2,,World Superbikes,
178,Bike,Ducati 996 RS [2000],22.38677943719507,1.0403278962844664,03/06/2000 13:00:00,0,,World Superbikes,
178,Bike,Ducati 996 RS [2000],22.383228438499124,1.0396965354022898,03/06/2000 13:00:00,1,,World Superbikes,
178,Bike,Ducati 996 RS [2000],22.379887164781678,1.039238990890971,03/06/2000 13:00:00,2,,World Superbikes,
178,Bike,Ducati 996 RS [2000],22.37797330735724,1.0389399432266346,17/06/2000 13:00:00,0,,World Superbikes,
178,Bike,Ducati 996 RS [2000],22.376014475191518,1.038812597038547,17/06/2000 13:00:00,1,,World Superbikes,
178,Bike,Ducati 996 RS [2000],22.373721116793845,1.0388543151543292,17/06/2000 13:00:00,2,,World Superbikes,
178,Bike,Ducati 996 RS [2000],22.37375482032283,1.0390259807809046,24/06/2000 13:00:00,0,,World Superbikes,
178,Bike,Ducati 996 RS [2000],22.373448498007342,1.039367396342392,24/06/2000 13:00:00,1,,World Superbikes,
178,Bike,Ducati 996 RS [2000],22.372736371518826,1.0398830853151346,24/06/2000 13:00:00,2,,World Superbikes,
178,Bike,Ducati 996 RS [2000],22.371858858693695,1.0405596850874461,08/07/2000 13:00:00,0,,World Superbikes,
178,Bike,Ducati 996 RS [2000],22.370670543178445,1.0413880807234814,08/07/2000 13:00:00,1,,World Superbikes,
178,Bike,Ducati 996 RS [2000],22.369245823728082,1.0423719151869781,08/07/2000 13:00:00,2,,World Superbikes,
178,Bike,Ducati 996 RS [2000],22.36640946763602,1.043520910700043,05/08/2000 13:00:00,0,,World Superbikes,
178,Bike,Ducati 996 RS [2000],22.363659265751775,1.0448344876071358,05/08/2000 13:00:00,1,,World Superbikes,
178,Bike,Ducati 996 RS [2000],22.360887756623384,1.046315813635508,05/08/2000 13:00:00,2,,World Superbikes,
178,Bike,Ducati 996 RS [2000],22.357483034761497,1.0479466533800352,02/09/2000 13:00:00,0,,World Superbikes,
178,Bike,Ducati 996 RS [2000],22.35415043119507,1.0497507586473047,02/09/2000 13:00:00,1,,World Superbikes,
178,Bike,Ducati 996 RS [2000],22.35128847425492,1.0517261159561644,02/09/2000 13:00:00,2,,World Superbikes,
178,Bike,Ducati 996 RS [2000],22.349957664404062,1.05385962898542,09/09/2000 13:00:00,0,,World Superbikes,
178,Bike,Ducati 996 RS [2000],22.349686629314686,1.0561659596494228,09/09/2000 13:00:00,1,,World Superbikes,
178,Bike,Ducati 996 RS [2000],22.350139444131592,1.0586448925218557,09/09/2000 13:00:00,2,,World Superbikes,
178,Bike,Ducati 996 RS [2000],22.352043035924662,1.0612770281163204,14/10/2000 13:00:00,0,,World Superbikes,
178,Bike,Ducati 996 RS [2000],22.353759508045673,1.0640818396490654,14/10/2000 13:00:00,1,,World Superbikes,
178,Bike,Ducati 996 RS [2000],22.355390183434963,1.0670627629927072,14/10/2000 13:00:00,2,,World Superbikes,
179,Rider,Juan Borja,32.51435563032447,0.7577972683406131,01/04/2000 13:00:00,0,Ducati 996 RS [2000],World Superbikes,
179,Rider,Juan Borja,32.51521900316822,0.7534098180523351,01/04/2000 13:00:00,1,Ducati 996 RS [2000],World Superbikes,
179,Rider,Juan Borja,32.516688913388464,0.7491249244056883,01/04/2000 13:00:00,2,Ducati 996 RS [2000],World Superbikes,
179,Rider,Juan Borja,32.51768743466811,0.7449383156323662,22/04/2000 13:00:00,0,Ducati 996 RS [2000],World Superbikes,
179,Rider,Juan Borja,32.51680242945652,0.7408474934140356,22/04/2000 13:00:00,1,Ducati 996 RS [2000],World Superbikes,
179,Rider,Juan Borja,32.5146117351818,0.7368553552616416,22/04/2000 13:00:00,2,Ducati 996 RS [2000],World Superbikes,
179,Rider,Juan Borja,32.51015943303558,0.7329539361449643,29/04/2000 13:00:00,0,Ducati 996 RS [2000],World Superbikes,
179,Rider,Juan Borja,32.506562987110286,0.7291508421873373,29/04/2000 13:00:00,1,Ducati 996 RS [2000],World Superbikes,
179,Rider,Juan Borja,32.50341171166812,0.7254451221735444,13/05/2000 13:00:00,0,Ducati 996 RS [2000],World Superbikes,
179,Rider,Juan Borja,32.49819293166387,0.7218361412360778,13/05/2000 13:00:00,1,Ducati 996 RS [2000],World Superbikes,
179,Rider,Juan Borja,32.49127656889536,0.7183238032565271,13/05/2000 13:00:00,2,Ducati 996 RS [2000],World Superbikes,
179,Rider,Juan Borja,32.48315682065587,0.7149020270844844,20/05/2000 13:00:00,0,Ducati 996 RS [2000],World Superbikes,
179,Rider,Juan Borja,32.475330806799846,0.7115730243275057,20/05/2000 13:00:00,1,Ducati 996 RS [2000],World Superbikes,
179,Rider,Juan Borja,32.467215400933654,0.7083365037457577,20/05/2000 13:00:00,2,Ducati 996 RS [2000],World Superbikes,
179,Rider,Juan Borja,32.46074965352028,0.7051554599361117,03/06/2000 13:00:00,0,Ducati 996 [2000],World Superbikes,
179,Rider,Juan Borja,32.45451319892066,0.7020660521572919,03/06/2000 13:00:00,1,Ducati 996 [2000],World Superbikes,
179,Rider,Juan Borja,32.44905649132149,0.6990670624737523,17/06/2000 13:00:00,0,Ducati 996 [2000],World Superbikes,
179,Rider,Juan Borja,32.44220897992149,0.6961519385008947,17/06/2000 13:00:00,1,Ducati 996 [2000],World Superbikes,
179,Rider,Juan Borja,32.43382570174182,0.6933188208209026,17/06/2000 13:00:00,2,Ducati 996 [2000],World Superbikes,
179,Rider,Juan Borja,32.42428537126991,0.6905637817930194,24/06/2000 13:00:00,0,Ducati 996 [2000],World Superbikes,
179,Rider,Juan Borja,32.41291937849139,0.6878852954958663,24/06/2000 13:00:00,1,Ducati 996 [2000],World Superbikes,
179,Rider,Juan Borja,32.40114505367928,0.6852902591694368,24/06/2000 13:00:00,2,Ducati 996 [2000],World Superbikes,
179,Rider,Juan Borja,32.38768072836035,0.6827723300703307,08/07/2000 13:00:00,0,Ducati 996 [2000],World Superbikes,
179,Rider,Juan Borja,32.37361884642325,0.680333120403156,08/07/2000 13:00:00,1,Ducati 996 [2000],World Superbikes,
179,Rider,Juan Borja,32.35863037964823,0.6779720300874462,05/08/2000 13:00:00,0,Ducati 996 [2000],World Superbikes,
179,Rider,Juan Borja,32.34318765482174,0.6756906404212469,05/08/2000 13:00:00,1,Ducati 996 [2000],World Superbikes,
179,Rider,Juan Borja,32.32780704794236,0.6734891325647162,05/08/2000 13:00:00,2,Ducati 996 [2000],World Superbikes,
179,Rider,Juan Borja,32.31297526681886,0.6713507949045461,02/09/2000 13:00:00,0,Ducati 996 [2000],World Superbikes,
179,Rider,Juan Borja,32.29729103077862,0.6692884610882427,02/09/2000 13:00:00,1,Ducati 996 [2000],World Superbikes,
179,Rider,Juan Borja,32.28063318397799,0.6673017159665537,02/09/2000 13:00:00,2,Ducati 996 [2000],World Superbikes,
179,Rider,Juan Borja,32.262914072449156,0.6653863273304362,09/09/2000 13:00:00,0,Ducati 996 [2000],World Superbikes,
179,Rider,Juan Borja,32.243644855012505,0.6635432494895804,09/09/2000 13:00:00,1,Ducati 996 [2000],World Superbikes,
179,Rider,Juan Borja,32.222647056286554,0.6617696307392809,09/09/2000 13:00:00,2,Ducati 996 [2000],World Superbikes,
179,Rider,Juan Borja,32.199706922211,0.6600590557417106,14/10/2000 13:00:00,0,Ducati 996 [2000],World Superbikes,
179,Rider,Juan Borja,32.177105236725886,0.6584236515597915,14/10/2000 13:00:00,1,Ducati 996 [2000],World Superbikes,
179,Rider,Juan Borja,32.15614864435454,0.6568630112258986,14/10/2000 13:00:00,2,Ducati 996 [2000],World Superbikes,
179,Rider,Juan Borja,32.13456158819428,0.6553720946770301,09/03/2001 13:00:00,0,Yamaha YZF-R7 [2001],World Superbikes,
179,Rider,Juan Borja,32.112324205816144,0.6539531071675273,09/03/2001 13:00:00,1,Yamaha YZF-R7 [2001],World Superbikes,
179,Rider,Juan Borja,32.0900100823958,0.6526051277983259,29/03/2001 13:00:00,0,Yamaha YZF-R7 [2001],World Superbikes,
179,Rider,Juan Borja,32.068185715264036,0.6513245123940465,30/03/2001 13:00:00,0,Yamaha YZF-R7 [2001],World Superbikes,
179,Rider,Juan Borja,32.04826034823288,0.6501031191051689,19/04/2001 13:00:00,0,Yamaha YZF-R7 [2001],World Superbikes,
179,Rider,Juan Borja,32.027503252561694,0.6489520238873893,20/04/2001 13:00:00,0,Yamaha YZF-R7 [2001],World Superbikes,
179,Rider,Juan Borja,32.00385329685555,0.6478660422896465,20/04/2001 13:00:00,1,Yamaha YZF-R7 [2001],World Superbikes,
179,Rider,Juan Borja,31.981437203176974,0.6468058736496151,26/04/2001 13:00:00,0,Yamaha YZF-R7 [2001],World Superbikes,
179,Rider,Juan Borja,31.959765660549735,0.6458108709395676,27/04/2001 13:00:00,0,Yamaha YZF-R7 [2001],World Superbikes,
179,Rider,Juan Borja,31.938838860679258,0.6448810107506836,10/05/2001 13:00:00,0,Yamaha YZF-R7 [2001],World Superbikes,
179,Rider,Juan Borja,31.919419187750886,0.6440133596544606,11/05/2001 13:00:00,0,Yamaha YZF-R7 [2001],World Superbikes,
179,Rider,Juan Borja,31.900605270155026,0.6432115744887136,25/05/2001 13:00:00,0,Yamaha YZF-R7 [2001],World Superbikes,
179,Rider,Juan Borja,31.8828812021761,0.642470678279475,25/05/2001 13:00:00,1,Yamaha YZF-R7 [2001],World Superbikes,
179,Rider,Juan Borja,31.86625025484617,0.6417906837110545,07/06/2001 13:00:00,0,Yamaha YZF-R7 [2001],World Superbikes,
179,Rider,Juan Borja,31.848379444566024,0.6411794108648129,08/06/2001 13:00:00,0,Yamaha YZF-R7 [2001],World Superbikes,
179,Rider,Juan Borja,31.830201174098008,0.6406345337224728,21/06/2001 13:00:00,0,Yamaha YZF-R7 [2001],World Superbikes,
179,Rider,Juan Borja,31.813988669902866,0.6401508686131833,22/06/2001 13:00:00,0,Yamaha YZF-R7 [2001],World Superbikes,
179,Rider,Juan Borja,31.798120320993377,0.6397336097845896,27/07/2001 13:00:00,0,Yamaha YZF-R7 [2001],World Superbikes,
179,Rider,Juan Borja,31.782905804910147,0.6393794935780156,27/07/2001 13:00:00,1,Yamaha YZF-R7 [2001],World Superbikes,
179,Rider,Juan Borja,31.768594410197124,0.6390875313062339,30/08/2001 13:00:00,0,Yamaha YZF-R7 [2001],World Superbikes,
179,Rider,Juan Borja,31.754043024002744,0.638859835147463,31/08/2001 13:00:00,0,Yamaha YZF-R7 [2001],World Superbikes,
179,Rider,Juan Borja,31.73919626367247,0.6386970555541189,06/09/2001 13:00:00,0,Yamaha YZF-R7 [2001],World Superbikes,
179,Rider,Juan Borja,31.723072247850144,0.6385985035596445,07/09/2001 13:00:00,0,Yamaha YZF-R7 [2001],World Superbikes,
179,Rider,Juan Borja,31.708156081395252,0.6385569284453915,08/09/2001 13:00:00,0,Yamaha YZF-R7 [2001],World Superbikes,
179,Rider,Juan Borja,31.692157294091608,0.6385744311957499,27/09/2001 13:00:00,0,Yamaha YZF-R7 [2001],World Superbikes,
179,Rider,Juan Borja,31.675048596234195,0.6386572494142208,28/09/2001 13:00:00,0,Yamaha YZF-R7 [2001],World Superbikes,
179,Rider,Juan Borja,31.657298773447877,0.6388055796300129,08/03/2002 13:00:00,0,Ducati 998 RS [2002],World Superbikes,
179,Rider,Juan Borja,31.64039306570561,0.6390166700280963,08/03/2002 13:00:00,1,Ducati 998 RS [2002],World Superbikes,
179,Rider,Juan Borja,31.62269421000428,0.6392905066408178,09/03/2002 13:00:00,0,Ducati 998 RS [2002],World Superbikes,
179,Rider,Juan Borja,31.603480376197233,0.6396233584064469,21/03/2002 13:00:00,0,Ducati 998 RS [2002],World Superbikes,
179,Rider,Juan Borja,31.58392772831994,0.6400188839045264,22/03/2002 13:00:00,0,Ducati 998 RS [2002],World Superbikes,
179,Rider,Juan Borja,31.56558226828192,0.6404754360150942,22/03/2002 13:00:00,1,Ducati 998 RS [2002],World Superbikes,
179,Rider,Juan Borja,31.546256496120044,0.6409928172443093,04/04/2002 13:00:00,0,Ducati 998 RS [2002],World Superbikes,
179,Rider,Juan Borja,31.526150917888316,0.6415717079084835,05/04/2002 13:00:00,0,Ducati 998 RS [2002],World Superbikes,
179,Rider,Juan Borja,31.504175772561442,0.6422094593848973,06/04/2002 13:00:00,0,Ducati 998 RS [2002],World Superbikes,
179,Rider,Juan Borja,31.481488570062343,0.6429089164498331,18/04/2002 13:00:00,0,Ducati 998 RS [2002],World Superbikes,
179,Rider,Juan Borja,31.45835385438775,0.6436754160349156,19/04/2002 13:00:00,0,Ducati 998 RS [2002],World Superbikes,
179,Rider,Juan Borja,31.435469342491544,0.6445082474937359,09/05/2002 13:00:00,0,Ducati 998 RS [2002],World Superbikes,
179,Rider,Juan Borja,31.412386769039575,0.6454091124718544,10/05/2002 13:00:00,0,Ducati 998 RS [2002],World Superbikes,
179,Rider,Juan Borja,31.39045372543189,0.6463767575763308,11/05/2002 13:00:00,0,Ducati 998 RS [2002],World Superbikes,
179,Rider,Juan Borja,31.36969384837726,0.6473994127494552,24/05/2002 13:00:00,0,Ducati 998 RS [2002],World Superbikes,
179,Rider,Juan Borja,31.350151484786604,0.648491454895769,24/05/2002 13:00:00,1,Ducati 998 RS [2002],World Superbikes,
179,Rider,Juan Borja,31.331315099779935,0.6496522940995861,06/06/2002 13:00:00,0,Ducati 998 RS [2002],World Superbikes,
179,Rider,Juan Borja,31.313331180763637,0.6508797467211531,07/06/2002 13:00:00,0,Ducati 998 RS [2002],World Superbikes,
179,Rider,Juan Borja,31.295301341113046,0.6521755570870876,08/06/2002 13:00:00,0,Ducati 998 RS [2002],World Superbikes,
179,Rider,Juan Borja,31.2773468373412,0.6535343116481263,20/06/2002 13:00:00,0,Ducati 998 RS [2002],World Superbikes,
179,Rider,Juan Borja,31.260644460009186,0.6549626186994005,21/06/2002 13:00:00,0,Ducati 998 RS [2002],World Superbikes,
179,Rider,Juan Borja,31.24449220511745,0.6564615016678802,22/06/2002 13:00:00,0,Ducati 998 RS [2002],World Superbikes,
179,Rider,Juan Borja,31.22828395909625,0.6580263289205575,26/07/2002 13:00:00,0,Ducati 998 RS [2002],World Superbikes,
179,Rider,Juan Borja,31.210796993653336,0.6596637019329183,26/07/2002 13:00:00,1,Ducati 998 RS [2002],World Superbikes,
179,Rider,Juan Borja,31.19248362890111,0.6613735073453789,27/07/2002 13:00:00,0,Ducati 998 RS [2002],World Superbikes,
179,Rider,Juan Borja,31.17247838683157,0.6631537578558189,05/09/2002 13:00:00,0,Ducati 998 RS [2002],World Superbikes,
179,Rider,Juan Borja,31.151688724361453,0.6650031309408684,06/09/2002 13:00:00,0,Ducati 998 RS [2002],World Superbikes,
179,Rider,Juan Borja,31.13028912112531,0.6669255964455968,07/09/2002 13:00:00,0,Ducati 998 RS [2002],World Superbikes,
179,Rider,Juan Borja,31.107869269168,0.668917150792924,26/09/2002 13:00:00,0,Ducati 998 RS [2002],World Superbikes,
179,Rider,Juan Borja,31.08507661324783,0.6709850608757937,28/09/2002 13:00:00,0,Ducati 998 RS [2002],World Superbikes,
179,Rider,Juan Borja,31.061666309680966,0.6731226972507892,28/02/2003 13:00:00,0,Ducati 998 RS [2003],World Superbikes,
179,Rider,Juan Borja,31.040236488615978,0.6753361256824637,28/02/2003 13:00:00,1,Ducati 998 RS [2003],World Superbikes,
179,Rider,Juan Borja,31.020053501711992,0.6776276743080668,01/03/2003 13:00:00,0,Ducati 998 RS [2003],World Superbikes,
179,Rider,Juan Borja,31.000308121773656,0.6799912366528813,27/03/2003 13:00:00,0,Ducati 998 RS [2003],World Superbikes,
179,Rider,Juan Borja,30.98007667679502,0.6824333448356622,28/03/2003 13:00:00,0,Ducati 998 RS [2003],World Superbikes,
179,Rider,Juan Borja,30.96205131318092,0.6849503864826985,24/04/2003 13:00:00,0,Ducati 998 RS [2003],World Superbikes,
179,Rider,Juan Borja,30.943819087743968,0.6875463416076372,25/04/2003 13:00:00,0,Ducati 998 RS [2003],World Superbikes,
179,Rider,Juan Borja,30.927469362270593,0.6902196081831949,29/05/2003 13:00:00,0,Ducati 998 RS [2003],World Superbikes,
179,Rider,Juan Borja,30.91130985759816,0.6929746428328518,31/05/2003 13:00:00,0,Ducati 998 RS [2003],World Superbikes,
179,Rider,Juan Borja,30.89552452364477,0.6958095149570955,13/06/2003 13:00:00,0,Ducati 998 RS [2003],World Superbikes,
179,Rider,Juan Borja,30.880750788438036,0.6987286843116345,13/06/2003 13:00:00,1,Ducati 998 RS [2003],World Superbikes,
179,Rider,Juan Borja,30.86701006356057,0.7017338402092721,19/06/2003 13:00:00,0,Ducati 998 RS [2003],World Superbikes,
179,Rider,Juan Borja,30.85417378251048,0.704827204842065,20/06/2003 13:00:00,0,Ducati 998 RS [2003],World Superbikes,
179,Rider,Juan Borja,30.842301653764423,0.708009541662612,21/06/2003 13:00:00,0,Ducati 998 RS [2003],World Superbikes,
179,Rider,Juan Borja,30.82995081767872,0.711279669393016,11/07/2003 13:00:00,0,Ducati 998 RS [2003],World Superbikes,
179,Rider,Juan Borja,30.8188709245463,0.7146347606963052,12/07/2003 13:00:00,0,Ducati 998 RS [2003],World Superbikes,
179,Rider,Juan Borja,30.8090819702814,0.718076771070465,25/07/2003 13:00:00,0,Ducati 998 RS [2003],World Superbikes,
179,Rider,Juan Borja,30.800638690333994,0.7216124942485173,25/07/2003 13:00:00,1,Ducati 998 RS [2003],World Superbikes,
179,Rider,Juan Borja,30.794142108910847,0.725239167721489,04/09/2003 13:00:00,0,Ducati 998 RS [2003],World Superbikes,
179,Rider,Juan Borja,30.787534883320575,0.7289594101895859,05/09/2003 13:00:00,0,Ducati 998 RS [2003],World Superbikes,
179,Rider,Juan Borja,30.782928671243642,0.7327771311339405,06/09/2003 13:00:00,0,Ducati 998 RS [2003],World Superbikes,
179,Rider,Juan Borja,30.7796068356918,0.7366798083141003,25/09/2003 13:00:00,0,Ducati 998 RS [2003],World Superbikes,
179,Rider,Juan Borja,30.77668276082928,0.7406792788064068,26/09/2003 13:00:00,0,Ducati 998 RS [2003],World Superbikes,
179,Rider,Juan Borja,30.773856992528113,0.7447762126592121,27/09/2003 13:00:00,0,Ducati 998 RS [2003],World Superbikes,
179,Rider,Juan Borja,30.77071575967691,0.7489695868552816,16/10/2003 13:00:00,0,Ducati 998 RS [2003],World Superbikes,
179,Rider,Juan Borja,30.76787776567638,0.7532642848376564,17/10/2003 13:00:00,0,Ducati 998 RS [2003],World Superbikes,
179,Rider,Juan Borja,30.7667936498091,0.7576602737682689,18/10/2003 13:00:00,0,Ducati 998 RS [2003],World Superbikes,
180,Rider,Marco Borciani,26.06782112080818,0.7300539023987869,01/04/2000 13:00:00,0,Ducati 996 RS [2000],World Superbikes,
180,Rider,Marco Borciani,26.067017686704574,0.725482789645028,01/04/2000 13:00:00,1,Ducati 996 RS [2000],World Superbikes,
180,Rider,Marco Borciani,26.067842094786762,0.7209948016924601,22/04/2000 13:00:00,0,Ducati 996 RS [2000],World Superbikes,
180,Rider,Marco Borciani,26.068700534447753,0.7165995188979918,22/04/2000 13:00:00,1,Ducati 996 RS [2000],World Superbikes,
180,Rider,Marco Borciani,26.070047145954963,0.7122930639474576,29/04/2000 13:00:00,0,Ducati 996 RS [2000],World Superbikes,
180,Rider,Marco Borciani,26.072372958590215,0.7080716737233449,29/04/2000 13:00:00,1,Ducati 996 RS [2000],World Superbikes,
180,Rider,Marco Borciani,26.075431348815748,0.703935320486066,13/05/2000 13:00:00,0,Ducati 996 RS [2000],World Superbikes,
180,Rider,Marco Borciani,26.078832449142954,0.6998862970894554,13/05/2000 13:00:00,1,Ducati 996 RS [2000],World Superbikes,
180,Rider,Marco Borciani,26.082848106498812,0.6959217808898615,20/05/2000 13:00:00,0,Ducati 996 RS [2000],World Superbikes,
180,Rider,Marco Borciani,26.08678074120851,0.6920435460611712,20/05/2000 13:00:00,1,Ducati 996 RS [2000],World Superbikes,
180,Rider,Marco Borciani,26.091585647948058,0.6882468959836804,03/06/2000 13:00:00,0,Ducati 996 RS [2000],World Superbikes,
180,Rider,Marco Borciani,26.096336981461118,0.68453483715616,03/06/2000 13:00:00,1,Ducati 996 RS [2000],World Superbikes,
180,Rider,Marco Borciani,26.101324894134365,0.6809052384618167,08/07/2000 13:00:00,0,Ducati 996 RS [2000],World Superbikes,
180,Rider,Marco Borciani,26.106522603229525,0.677351670543897,08/07/2000 13:00:00,1,Ducati 996 RS [2000],World Superbikes,
180,Rider,Marco Borciani,26.112355370830688,0.6738689356402724,05/08/2000 13:00:00,0,Ducati 996 RS [2000],World Superbikes,
180,Rider,Marco Borciani,26.11948032342963,0.6704570085135679,05/08/2000 13:00:00,1,Ducati 996 RS [2000],World Superbikes,
180,Rider,Marco Borciani,26.12673297831019,0.6671206674610766,02/09/2000 13:00:00,0,Ducati 996 RS [2000],World Superbikes,
180,Rider,Marco Borciani,26.133506701680762,0.6638604913887469,02/09/2000 13:00:00,1,Ducati 996 RS [2000],World Superbikes,
180,Rider,Marco Borciani,26.141134733665055,0.6606713506691789,09/09/2000 13:00:00,0,Ducati 996 RS [2000],World Superbikes,
180,Rider,Marco Borciani,26.149514687233697,0.6575544628996213,09/09/2000 13:00:00,1,Ducati 996 RS [2000],World Superbikes,
180,Rider,Marco Borciani,26.15858464019253,0.6545065269017278,14/10/2000 13:00:00,0,Ducati 996 RS [2000],World Superbikes,
180,Rider,Marco Borciani,26.16783775516638,0.6515296994623849,14/10/2000 13:00:00,1,Ducati 996 RS [2000],World Superbikes,
180,Rider,Marco Borciani,26.176918071999317,0.6486244312664811,09/03/2001 13:00:00,0,Ducati 996 RS [2001],World Superbikes,
180,Rider,Marco Borciani,26.184944253713237,0.6457898345179264,09/03/2001 13:00:00,1,Ducati 996 RS [2001],World Superbikes,
180,Rider,Marco Borciani,26.191557711425904,0.6430251170178911,10/03/2001 13:00:00,0,Ducati 996 RS [2001],World Superbikes,
180,Rider,Marco Borciani,26.19855057068155,0.6403076902867872,29/03/2001 13:00:00,0,Ducati 996 RS [2001],World Superbikes,
180,Rider,Marco Borciani,26.204257949755497,0.6376570486057188,30/03/2001 13:00:00,0,Ducati 996 RS [2001],World Superbikes,
180,Rider,Marco Borciani,26.209632284629922,0.6350708424606304,31/03/2001 13:00:00,0,Ducati 996 RS [2001],World Superbikes,
180,Rider,Marco Borciani,26.215235752411928,0.6325316621498042,19/04/2001 13:00:00,0,Ducati 996 RS [2001],World Superbikes,
180,Rider,Marco Borciani,26.220901674825875,0.6300547613005641,20/04/2001 13:00:00,0,Ducati 996 RS [2001],World Superbikes,
180,Rider,Marco Borciani,26.228423697193975,0.6276254670648772,26/04/2001 13:00:00,0,Ducati 996 RS [2001],World Superbikes,
180,Rider,Marco Borciani,26.235778962893285,0.6252576840759787,27/04/2001 13:00:00,0,Ducati 996 RS [2001],World Superbikes,
180,Rider,Marco Borciani,26.242744963526672,0.6229510460148139,10/05/2001 13:00:00,0,Ducati 996 RS [2001],World Superbikes,
180,Rider,Marco Borciani,26.2479067076998,0.6207055489274581,11/05/2001 13:00:00,0,Ducati 996 RS [2001],World Superbikes,
180,Rider,Marco Borciani,26.25423860816646,0.6185157824795032,12/05/2001 13:00:00,0,Ducati 996 RS [2001],World Superbikes,
180,Rider,Marco Borciani,26.261658906201703,0.6163410040123438,25/05/2001 13:00:00,0,Ducati 996 RS [2001],World Superbikes,
180,Rider,Marco Borciani,26.269139670128624,0.614221430346965,25/05/2001 13:00:00,1,Ducati 996 RS [2001],World Superbikes,
180,Rider,Marco Borciani,26.276688937714006,0.6121560952826673,07/06/2001 13:00:00,0,Ducati 996 RS [2001],World Superbikes,
180,Rider,Marco Borciani,26.284970680062585,0.6101417767674823,08/06/2001 13:00:00,0,Ducati 996 RS [2001],World Superbikes,
180,Rider,Marco Borciani,26.29323449947234,0.608181646297081,21/06/2001 13:00:00,0,Ducati 996 RS [2001],World Superbikes,
180,Rider,Marco Borciani,26.300728132314223,0.6062768876264556,22/06/2001 13:00:00,0,Ducati 996 RS [2001],World Superbikes,
180,Rider,Marco Borciani,26.308086508732774,0.6044258167601244,06/07/2001 13:00:00,0,Ducati 996 RS [2001],World Superbikes,
180,Rider,Marco Borciani,26.315470593290964,0.60262432904445,07/07/2001 13:00:00,0,Ducati 996 RS [2001],World Superbikes,
180,Rider,Marco Borciani,26.32265588335199,0.6008724174909573,27/07/2001 13:00:00,0,Ducati 996 RS [2001],World Superbikes,
180,Rider,Marco Borciani,26.329272927200975,0.5991706256370508,27/07/2001 13:00:00,1,Ducati 996 RS [2001],World Superbikes,
180,Rider,Marco Borciani,26.335249783987546,0.597518650882885,30/08/2001 13:00:00,0,Ducati 996 RS [2001],World Superbikes,
180,Rider,Marco Borciani,26.34202890050859,0.5959128675591951,31/08/2001 13:00:00,0,Ducati 996 RS [2001],World Superbikes,
180,Rider,Marco Borciani,26.34903030142485,0.5943538248185607,06/09/2001 13:00:00,0,Ducati 996 RS [2001],World Superbikes,
180,Rider,Marco Borciani,26.355640930841368,0.5928404525020505,07/09/2001 13:00:00,0,Ducati 996 RS [2001],World Superbikes,
180,Rider,Marco Borciani,26.363005237402586,0.5913692155179139,27/09/2001 13:00:00,0,Ducati 996 RS [2001],World Superbikes,
180,Rider,Marco Borciani,26.371716556988748,0.5899409734922936,28/09/2001 13:00:00,0,Ducati 996 RS [2001],World Superbikes,
180,Rider,Marco Borciani,26.380593630524537,0.5885575358562025,08/03/2002 13:00:00,0,Ducati 998 RS [2002],World Superbikes,
180,Rider,Marco Borciani,26.388785771784416,0.5872157423807672,08/03/2002 13:00:00,1,Ducati 998 RS [2002],World Superbikes,
180,Rider,Marco Borciani,26.3962982178214,0.5859153497822974,09/03/2002 13:00:00,0,Ducati 998 RS [2002],World Superbikes,
180,Rider,Marco Borciani,26.404493619034454,0.5846340594667953,21/03/2002 13:00:00,0,Ducati 998 RS [2002],World Superbikes,
180,Rider,Marco Borciani,26.41283140989288,0.5833907789300661,22/03/2002 13:00:00,0,Ducati 998 RS [2002],World Superbikes,
180,Rider,Marco Borciani,26.419866001142562,0.5821882354337335,22/03/2002 13:00:00,1,Ducati 998 RS [2002],World Superbikes,
180,Rider,Marco Borciani,26.428106402327757,0.580990486506309,04/04/2002 13:00:00,0,Ducati 998 RS [2002],World Superbikes,
180,Rider,Marco Borciani,26.43577651098808,0.5798299070493231,05/04/2002 13:00:00,0,Ducati 998 RS [2002],World Superbikes,
180,Rider,Marco Borciani,26.442772012812338,0.5787052755057782,06/04/2002 13:00:00,0,Ducati 998 RS [2002],World Superbikes,
180,Rider,Marco Borciani,26.449429303097226,0.5776102329784019,18/04/2002 13:00:00,0,Ducati 998 RS [2002],World Superbikes,
180,Rider,Marco Borciani,26.455116583783017,0.5765533881958562,19/04/2002 13:00:00,0,Ducati 998 RS [2002],World Superbikes,
180,Rider,Marco Borciani,26.46038212418117,0.5755330726437191,09/05/2002 13:00:00,0,Ducati 998 RS [2002],World Superbikes,
180,Rider,Marco Borciani,26.463867394128453,0.5745498598082259,10/05/2002 13:00:00,0,Ducati 998 RS [2002],World Superbikes,
180,Rider,Marco Borciani,26.470134878892384,0.5735844078881178,11/05/2002 13:00:00,0,Ducati 998 RS [2002],World Superbikes,
180,Rider,Marco Borciani,26.47560004717896,0.5726499553590927,24/05/2002 13:00:00,0,Ducati 998 RS [2002],World Superbikes,
180,Rider,Marco Borciani,26.480014953809448,0.5717528323398147,24/05/2002 13:00:00,1,Ducati 998 RS [2002],World Superbikes,
180,Rider,Marco Borciani,26.484707422706496,0.5708902353104646,06/06/2002 13:00:00,0,Ducati 998 RS [2002],World Superbikes,
180,Rider,Marco Borciani,26.48855792053248,0.5700621901490642,07/06/2002 13:00:00,0,Ducati 998 RS [2002],World Superbikes,
180,Rider,Marco Borciani,26.492325679394984,0.5692658174251733,08/06/2002 13:00:00,0,Ducati 998 RS [2002],World Superbikes,
180,Rider,Marco Borciani,26.496471256412008,0.5684907726057088,20/06/2002 13:00:00,0,Ducati 998 RS [2002],World Superbikes,
180,Rider,Marco Borciani,26.499729225503486,0.5677481009933307,21/06/2002 13:00:00,0,Ducati 998 RS [2002],World Superbikes,
180,Rider,Marco Borciani,26.50162761709282,0.5670366774824049,22/06/2002 13:00:00,0,Ducati 998 RS [2002],World Superbikes,
180,Rider,Marco Borciani,26.503788474608278,0.5663452624933017,12/07/2002 13:00:00,0,Ducati 998 RS [2002],World Superbikes,
180,Rider,Marco Borciani,26.505639853045167,0.5656836004763673,13/07/2002 13:00:00,0,Ducati 998 RS [2002],World Superbikes,
180,Rider,Marco Borciani,26.50712807138724,0.56505184621788,26/07/2002 13:00:00,0,Ducati 998 RS [2002],World Superbikes,
180,Rider,Marco Borciani,26.508631393390708,0.5644515024351249,26/07/2002 13:00:00,1,Ducati 998 RS [2002],World Superbikes,
180,Rider,Marco Borciani,26.5099580071678,0.5638824335362954,29/08/2002 13:00:00,0,Ducati 998 RS [2002],World Superbikes,
180,Rider,Marco Borciani,26.509667743355998,0.5633421413514754,30/08/2002 13:00:00,0,Ducati 998 RS [2002],World Superbikes,
180,Rider,Marco Borciani,26.50834658708014,0.5628293039599233,31/08/2002 13:00:00,0,Ducati 998 RS [2002],World Superbikes,
180,Rider,Marco Borciani,26.507612436808643,0.5623282500593558,05/09/2002 13:00:00,0,Ducati 998 RS [2002],World Superbikes,
180,Rider,Marco Borciani,26.5064065863861,0.5618557127475591,06/09/2002 13:00:00,0,Ducati 998 RS [2002],World Superbikes,
180,Rider,Marco Borciani,26.504843735650876,0.5614108506681104,07/09/2002 13:00:00,0,Ducati 998 RS [2002],World Superbikes,
180,Rider,Marco Borciani,26.50325359441118,0.5609848360583202,26/09/2002 13:00:00,0,Ducati 998 RS [2002],World Superbikes,
180,Rider,Marco Borciani,26.501459631613407,0.5605893103609337,27/09/2002 13:00:00,0,Ducati 998 RS [2002],World Superbikes,
180,Rider,Marco Borciani,26.498572252242894,0.5602221883858601,28/09/2002 13:00:00,0,Ducati 998 RS [2002],World Superbikes,
180,Rider,Marco Borciani,26.496539496375057,0.5598639497886367,28/02/2003 13:00:00,0,Ducati 998 RS [2003],World Superbikes,
180,Rider,Marco Borciani,26.49332075123754,0.5595335069719677,28/02/2003 13:00:00,1,Ducati 998 RS [2003],World Superbikes,
180,Rider,Marco Borciani,26.490723952092477,0.5592307821545223,01/03/2003 13:00:00,0,Ducati 998 RS [2003],World Superbikes,
180,Rider,Marco Borciani,26.488057726238637,0.5589487860033115,27/03/2003 13:00:00,0,Ducati 998 RS [2003],World Superbikes,
180,Rider,Marco Borciani,26.485156121737475,0.5586925978387083,28/03/2003 13:00:00,0,Ducati 998 RS [2003],World Superbikes,
180,Rider,Marco Borciani,26.483044346458833,0.5584628209519783,28/03/2003 13:00:00,1,Ducati 998 RS [2003],World Superbikes,
180,Rider,Marco Borciani,26.48112745098477,0.558253988324918,24/04/2003 13:00:00,0,Ducati 998 RS [2003],World Superbikes,
180,Rider,Marco Borciani,26.480364702795402,0.558068634668547,25/04/2003 13:00:00,0,Ducati 998 RS [2003],World Superbikes,
180,Rider,Marco Borciani,26.48097991259692,0.5579035472967244,15/05/2003 13:00:00,0,Ducati 998 RS [2003],World Superbikes,
180,Rider,Marco Borciani,26.480484109196226,0.5577630112468781,16/05/2003 13:00:00,0,Ducati 998 RS [2003],World Superbikes,
180,Rider,Marco Borciani,26.47911580337413,0.5576474642489997,17/05/2003 13:00:00,0,Ducati 998 RS [2003],World Superbikes,
180,Rider,Marco Borciani,26.47751031423156,0.5575541667626975,29/05/2003 13:00:00,0,Ducati 998 RS [2003],World Superbikes,
180,Rider,Marco Borciani,26.475755523994554,0.5574875980659643,30/05/2003 13:00:00,0,Ducati 998 RS [2003],World Superbikes,
180,Rider,Marco Borciani,26.476196684317962,0.557435450724662,31/05/2003 13:00:00,0,Ducati 998 RS [2003],World Superbikes,
180,Rider,Marco Borciani,26.477118718285293,0.5574041861369905,13/06/2003 13:00:00,0,Ducati 998 RS [2003],World Superbikes,
180,Rider,Marco Borciani,26.47751040431225,0.5574006711922247,13/06/2003 13:00:00,1,Ducati 998 RS [2003],World Superbikes,
180,Rider,Marco Borciani,26.47724533820945,0.5574251745307452,14/06/2003 13:00:00,0,Ducati 998 RS [2003],World Superbikes,
180,Rider,Marco Borciani,26.477363493781656,0.5574633717068128,19/06/2003 13:00:00,0,Ducati 998 RS [2003],World Superbikes,
180,Rider,Marco Borciani,26.476885692389395,0.5575292489867131,20/06/2003 13:00:00,0,Ducati 998 RS [2003],World Superbikes,
180,Rider,Marco Borciani,26.475413957509264,0.5576229148238637,21/06/2003 13:00:00,0,Ducati 998 RS [2003],World Superbikes,
180,Rider,Marco Borciani,26.47330027364779,0.5577430358781615,11/07/2003 13:00:00,0,Ducati 998 RS [2003],World Superbikes,
180,Rider,Marco Borciani,26.471326459072568,0.5578875294093814,12/07/2003 13:00:00,0,Ducati 998 RS [2003],World Superbikes,
180,Rider,Marco Borciani,26.470136726317754,0.5580545567218524,25/07/2003 13:00:00,0,Ducati 998 RS [2003],World Superbikes,
180,Rider,Marco Borciani,26.470840574284452,0.5582452716434241,25/07/2003 13:00:00,1,Ducati 998 RS [2003],World Superbikes,
180,Rider,Marco Borciani,26.471085028433418,0.5584654642910744,26/07/2003 13:00:00,0,Ducati 998 RS [2003],World Superbikes,
180,Rider,Marco Borciani,26.472064106070732,0.558694021205889,04/09/2003 13:00:00,0,Ducati 998 RS [2003],World Superbikes,
180,Rider,Marco Borciani,26.473193802795045,0.5589488888231642,05/09/2003 13:00:00,0,Ducati 998 RS [2003],World Superbikes,
180,Rider,Marco Borciani,26.476643367663158,0.5592303102952096,06/09/2003 13:00:00,0,Ducati 998 RS [2003],World Superbikes,
180,Rider,Marco Borciani,26.481753543714483,0.5595106104771733,25/09/2003 13:00:00,0,Ducati 998 RS [2003],World Superbikes,
180,Rider,Marco Borciani,26.48718251588991,0.5598193200818161,26/09/2003 13:00:00,0,Ducati 998 RS [2003],World Superbikes,
180,Rider,Marco Borciani,26.493133745253107,0.5601566224391217,27/09/2003 13:00:00,0,Ducati 998 RS [2003],World Superbikes,
180,Rider,Marco Borciani,26.499581107543627,0.5605152016547346,16/10/2003 13:00:00,0,Ducati 998 RS [2003],World Superbikes,
180,Rider,Marco Borciani,26.50626344347486,0.5609019289024726,17/10/2003 13:00:00,0,Ducati 998 RS [2003],World Superbikes,
180,Rider,Marco Borciani,26.51416592365028,0.5613152724287648,27/02/2004 13:00:00,0,Ducati 999 RS [2004],World Superbikes,
180,Rider,Marco Borciani,26.52115126242006,0.5617506909722282,27/02/2004 13:00:00,1,Ducati 999 RS [2004],World Superbikes,
180,Rider,Marco Borciani,26.529167004162968,0.562208646508603,28/02/2004 13:00:00,0,Ducati 999 RS [2004],World Superbikes,
180,Rider,Marco Borciani,26.53702391118434,0.5626887445306665,25/03/2004 13:00:00,0,Ducati 999 RS [2004],World Superbikes,
180,Rider,Marco Borciani,26.543484787057487,0.5631904884860324,26/03/2004 13:00:00,0,Ducati 999 RS [2004],World Superbikes,
180,Rider,Marco Borciani,26.54849127595683,0.5637129561842147,26/03/2004 13:00:00,1,Ducati 999 RS [2004],World Superbikes,
180,Rider,Marco Borciani,26.553327590043395,0.5642577065307874,15/04/2004 13:00:00,0,Ducati 999 RS04 [2004],World Superbikes,
180,Rider,Marco Borciani,26.557952359969768,0.5648332060520322,16/04/2004 13:00:00,0,Ducati 999 RS04 [2004],World Superbikes,
180,Rider,Marco Borciani,26.56197806563385,0.5654398656353776,17/04/2004 13:00:00,0,Ducati 999 RS04 [2004],World Superbikes,
180,Rider,Marco Borciani,26.566114208185734,0.5660757612726117,13/05/2004 13:00:00,0,Ducati 999 RS04 [2004],World Superbikes,
180,Rider,Marco Borciani,26.569701519740708,0.5667430630985635,14/05/2004 13:00:00,0,Ducati 999 RS04 [2004],World Superbikes,
180,Rider,Marco Borciani,26.57202775605775,0.5674395962660599,15/05/2004 13:00:00,0,Ducati 999 RS04 [2004],World Superbikes,
180,Rider,Marco Borciani,26.573892961589646,0.5681667196104794,27/05/2004 13:00:00,0,Ducati 999 RS04 [2004],World Superbikes,
180,Rider,Marco Borciani,26.576751034124996,0.5689267252340817,28/05/2004 13:00:00,0,Ducati 999 RS04 [2004],World Superbikes,
180,Rider,Marco Borciani,26.581851923384697,0.5697138850931425,11/06/2004 13:00:00,0,Ducati 999 RS04 [2004],World Superbikes,
180,Rider,Marco Borciani,26.585848995264275,0.5705337959285486,11/06/2004 13:00:00,1,Ducati 999 RS04 [2004],World Superbikes,
180,Rider,Marco Borciani,26.591429117030405,0.5713843396707607,12/06/2004 13:00:00,0,Ducati 999 RS04 [2004],World Superbikes,
180,Rider,Marco Borciani,26.5967502479307,0.5722678881031512,09/07/2004 13:00:00,0,Ducati 999 RS04 [2004],World Superbikes,
180,Rider,Marco Borciani,26.601519271227314,0.5731842167259972,10/07/2004 13:00:00,0,Ducati 999 RS04 [2004],World Superbikes,
180,Rider,Marco Borciani,26.605175333247654,0.574133556067853,10/07/2004 13:00:00,1,Ducati 999 RS04 [2004],World Superbikes,
180,Rider,Marco Borciani,26.609932100751042,0.575112943812225,30/07/2004 13:00:00,0,Ducati 999 RS04 [2004],World Superbikes,
180,Rider,Marco Borciani,26.61314685143712,0.5761279911434557,30/07/2004 13:00:00,1,Ducati 999 RS04 [2004],World Superbikes,
180,Rider,Marco Borciani,26.617495661354983,0.5771799431528374,31/07/2004 13:00:00,0,Ducati 999 RS04 [2004],World Superbikes,
180,Rider,Marco Borciani,26.620753826704906,0.5782669468933593,02/09/2004 13:00:00,0,Ducati 999 RS04 [2004],World Superbikes,
180,Rider,Marco Borciani,26.624914590301092,0.5793907392495478,03/09/2004 13:00:00,0,Ducati 999 RS04 [2004],World Superbikes,
180,Rider,Marco Borciani,26.628281601058323,0.580552422131386,04/09/2004 13:00:00,0,Ducati 999 RS04 [2004],World Superbikes,
180,Rider,Marco Borciani,26.630667137622645,0.5817499368954698,23/09/2004 13:00:00,0,Ducati 999 RS04 [2004],World Superbikes,
180,Rider,Marco Borciani,26.631675997392097,0.5829859745890759,24/09/2004 13:00:00,0,Ducati 999 RS04 [2004],World Superbikes,
180,Rider,Marco Borciani,26.63467595936824,0.584262190404181,25/09/2004 13:00:00,0,Ducati 999 RS04 [2004],World Superbikes,
180,Rider,Marco Borciani,26.638124931907186,0.5855759637470015,30/09/2004 13:00:00,0,Ducati 999 RS04 [2004],World Superbikes,
180,Rider,Marco Borciani,26.64115201355852,0.5869317490254302,01/10/2004 13:00:00,0,Ducati 999 RS04 [2004],World Superbikes,
180,Rider,Marco Borciani,26.643000976942844,0.5883294647346945,02/10/2004 13:00:00,0,Ducati 999 RS04 [2004],World Superbikes,
180,Rider,Marco Borciani,26.64529254596738,0.5897652443339891,23/02/2005 13:00:00,0,Yamaha YZF-R1 [2005],World Superbikes,
180,Rider,Marco Borciani,26.646689633634494,0.5912469901609543,25/02/2005 13:00:00,0,Yamaha YZF-R1 [2005],World Superbikes,
180,Rider,Marco Borciani,26.649224083484466,0.5927338522394219,31/03/2005 13:00:00,0,Yamaha YZF-R1 [2005],World Superbikes,
180,Rider,Marco Borciani,26.65232893044805,0.5942670013126363,01/04/2005 13:00:00,0,Yamaha YZF-R1 [2005],World Superbikes,
180,Rider,Marco Borciani,26.65640241182475,0.5958435592920619,21/04/2005 13:00:00,0,Yamaha YZF-R1 [2005],World Superbikes,
180,Rider,Marco Borciani,26.662790646796736,0.5974575986359527,22/04/2005 13:00:00,0,Yamaha YZF-R1 [2005],World Superbikes,
180,Rider,Marco Borciani,26.669374406425874,0.5991221875443791,05/05/2005 13:00:00,0,Ducati 999 RS [2005],World Superbikes,
180,Rider,Marco Borciani,26.674248475688643,0.6008365661800196,06/05/2005 13:00:00,0,Ducati 999 RS [2005],World Superbikes,
180,Rider,Marco Borciani,26.6786107851992,0.6026013578103869,23/06/2005 13:00:00,0,Ducati 999 RS [2005],World Superbikes,
180,Rider,Marco Borciani,26.683044894570365,0.6044178717617703,24/06/2005 13:00:00,0,Ducati 999 RS [2005],World Superbikes,
180,Rider,Marco Borciani,26.688988121235656,0.6062806959055611,14/07/2005 13:00:00,0,Ducati 999 RS [2005],World Superbikes,
180,Rider,Marco Borciani,26.694169577006413,0.6081969845678431,15/07/2005 13:00:00,0,Ducati 999 RS [2005],World Superbikes,
180,Rider,Marco Borciani,26.699498869099507,0.6101651609120993,05/08/2005 13:00:00,0,Ducati 999 RS [2005],World Superbikes,
180,Rider,Marco Borciani,26.703218703706693,0.6121879899532693,05/08/2005 13:00:00,1,Ducati 999 RS [2005],World Superbikes,
180,Rider,Marco Borciani,26.706224965394124,0.6142673513463933,01/09/2005 13:00:00,0,Ducati 999 RS [2005],World Superbikes,
180,Rider,Marco Borciani,26.708132137374268,0.6164042896986721,02/09/2005 13:00:00,0,Ducati 999 RS [2005],World Superbikes,
180,Rider,Marco Borciani,26.709213776406965,0.6185985896525257,29/09/2005 13:00:00,0,Ducati 999 RS [2005],World Superbikes,
180,Rider,Marco Borciani,26.708837886295772,0.6208516269025338,30/09/2005 13:00:00,0,Ducati 999 RS [2005],World Superbikes,
180,Rider,Marco Borciani,26.708625771576827,0.6231629774316481,06/10/2005 13:00:00,0,Ducati 999 RS [2005],World Superbikes,
180,Rider,Marco Borciani,26.70938016911601,0.6255260092439249,07/10/2005 13:00:00,0,Ducati 999 RS [2005],World Superbikes,
180,Rider,Marco Borciani,26.710711088567933,0.6279447986729069,22/02/2006 13:00:00,0,Ducati 999 F05 [2006],World Superbikes,
180,Rider,Marco Borciani,26.711147672734544,0.6304274708306987,23/02/2006 13:00:00,0,Ducati 999 F05 [2006],World Superbikes,
180,Rider,Marco Borciani,26.710236931064884,0.6329747231033258,24/02/2006 13:00:00,0,Ducati 999 F05 [2006],World Superbikes,
180,Rider,Marco Borciani,26.710158861073484,0.6355363922096111,02/03/2006 13:00:00,0,Ducati 999 F05 [2006],World Superbikes,
180,Rider,Marco Borciani,26.709781278099896,0.6381613817014531,03/03/2006 13:00:00,0,Ducati 999 F05 [2006],World Superbikes,
180,Rider,Marco Borciani,26.709404650133706,0.6408494481766492,20/04/2006 13:00:00,0,Ducati 999 F05 [2006],World Superbikes,
180,Rider,Marco Borciani,26.708513048997865,0.6436067883880525,21/04/2006 13:00:00,0,Ducati 999 F05 [2006],World Superbikes,
180,Rider,Marco Borciani,26.705520997136492,0.6464351252318447,04/05/2006 13:00:00,0,Ducati 999 F05 [2006],World Superbikes,
180,Rider,Marco Borciani,26.70469278149441,0.6493067209062456,05/05/2006 13:00:00,0,Ducati 999 F05 [2006],World Superbikes,
180,Rider,Marco Borciani,26.70281173791793,0.6522500922087634,26/05/2006 13:00:00,0,Ducati 999 F05 [2006],World Superbikes,
180,Rider,Marco Borciani,26.702584150264247,0.6552359112183221,22/06/2006 13:00:00,0,Ducati 999 F05 [2006],World Superbikes,
180,Rider,Marco Borciani,26.702189986412666,0.6582950663991676,23/06/2006 13:00:00,0,Ducati 999 F05 [2006],World Superbikes,
180,Rider,Marco Borciani,26.701288207900188,0.6614287813933966,20/07/2006 13:00:00,0,Ducati 999 F05 [2006],World Superbikes,
180,Rider,Marco Borciani,26.701721804198982,0.6646295013450976,21/07/2006 13:00:00,0,Ducati 999 F05 [2006],World Superbikes,
180,Rider,Marco Borciani,26.702338766560576,0.6679038064733722,04/08/2006 13:00:00,0,Ducati 999 F05 [2006],World Superbikes,
180,Rider,Marco Borciani,26.703695261323183,0.671246481684398,04/08/2006 13:00:00,1,Ducati 999 F05 [2006],World Superbikes,
180,Rider,Marco Borciani,26.70459397825056,0.6746659577199207,31/08/2006 13:00:00,0,Ducati 999 F05 [2006],World Superbikes,
180,Rider,Marco Borciani,26.705794313288933,0.6781596624058708,01/09/2006 13:00:00,0,Ducati 999 F05 [2006],World Superbikes,
180,Rider,Marco Borciani,26.7071037126031,0.6817310423057987,07/09/2006 13:00:00,0,Ducati 999 F05 [2006],World Superbikes,
180,Rider,Marco Borciani,26.70725830343739,0.6853857773817063,08/09/2006 13:00:00,0,Ducati 999 F05 [2006],World Superbikes,
180,Rider,Marco Borciani,26.70778560695579,0.689122172439013,28/09/2006 13:00:00,0,Ducati 999 F05 [2006],World Superbikes,
180,Rider,Marco Borciani,26.708631215445358,0.6929420268424176,29/09/2006 13:00:00,0,Ducati 999 F05 [2006],World Superbikes,
180,Rider,Marco Borciani,26.709140188104914,0.6968489674571657,10/05/2007 13:00:00,0,Ducati 999 F06 [2007],World Superbikes,
180,Rider,Marco Borciani,26.70917177851415,0.7008409694710968,11/05/2007 13:00:00,0,Ducati 999 F06 [2007],World Superbikes,
180,Rider,Marco Borciani,26.708575151749613,0.7049198447614707,12/05/2007 13:00:00,0,Ducati 999 F06 [2007],World Superbikes,
180,Rider,Marco Borciani,26.70912543325632,0.7090447592761692,14/06/2007 13:00:00,0,Ducati 999 F06 [2007],World Superbikes,
180,Rider,Marco Borciani,26.708976102388284,0.7132570203577172,15/06/2007 13:00:00,0,Ducati 999 F06 [2007],World Superbikes,
180,Rider,Marco Borciani,26.70844287340947,0.717557261560567,16/06/2007 13:00:00,0,Ducati 999 F06 [2007],World Superbikes,
180,Rider,Marco Borciani,26.707863581788622,0.721940879061428,27/09/2007 13:00:00,0,Ducati 999 F06 [2007],World Superbikes,
180,Rider,Marco Borciani,26.707816012419002,0.7264167557557473,28/09/2007 13:00:00,0,Ducati 999 F06 [2007],World Superbikes,
180,Rider,Marco Borciani,26.708125823656513,0.7309866148329356,29/09/2007 13:00:00,0,Ducati 999 F06 [2007],World Superbikes,
181,Rider,Simon Crafar,29.60777760320392,2.0944704975772916,01/04/2000 13:00:00,0,Honda VTR 1000 SP [2000],World Superbikes,
181,Rider,Simon Crafar,29.609440564442178,2.0933845006387624,01/04/2000 13:00:00,1,Honda VTR 1000 SP [2000],World Superbikes,
181,Rider,Simon Crafar,29.6126083416671,2.0926561824691317,22/04/2000 13:00:00,0,Honda VTR 1000 SP [2000],World Superbikes,
181,Rider,Simon Crafar,29.615111376853726,2.092289155586677,22/04/2000 13:00:00,1,Honda VTR 1000 SP [2000],World Superbikes,
181,Rider,Simon Crafar,29.61713631519527,2.092287507246365,22/04/2000 13:00:00,2,Honda VTR 1000 SP [2000],World Superbikes,
181,Rider,Simon Crafar,29.619640587179823,2.0926369351413947,03/06/2000 13:00:00,0,Kawasaki ZX-7 RR [2000],World Superbikes,
181,Rider,Simon Crafar,29.621823121218323,2.0933587189917264,03/06/2000 13:00:00,1,Kawasaki ZX-7 RR [2000],World Superbikes,
181,Rider,Simon Crafar,29.62239883831613,2.0944491298089134,03/06/2000 13:00:00,2,Kawasaki ZX-7 RR [2000],World Superbikes,
182,Rider,Mauro Sanchini,25.83437563761737,0.7363197993186084,01/04/2000 13:00:00,0,Ducati 996 RS [2000],World Superbikes,
182,Rider,Mauro Sanchini,25.83448965938725,0.7317875299726595,01/04/2000 13:00:00,1,Ducati 996 RS [2000],World Superbikes,
182,Rider,Mauro Sanchini,25.834703213356512,0.727348284605537,22/04/2000 13:00:00,0,Ducati 996 RS [2000],World Superbikes,
182,Rider,Mauro Sanchini,25.834678094134116,0.7230044340511504,22/04/2000 13:00:00,1,Ducati 996 RS [2000],World Superbikes,
182,Rider,Mauro Sanchini,25.834488621041714,0.7187527983823886,29/04/2000 13:00:00,0,Ducati 996 RS [2000],World Superbikes,
182,Rider,Mauro Sanchini,25.834612754517238,0.7145916416756634,29/04/2000 13:00:00,1,Ducati 996 RS [2000],World Superbikes,
182,Rider,Mauro Sanchini,25.83509801185165,0.7105192290143747,13/05/2000 13:00:00,0,Ducati 996 RS [2000],World Superbikes,
182,Rider,Mauro Sanchini,25.836158532292032,0.7065350051301129,13/05/2000 13:00:00,1,Ducati 996 RS [2000],World Superbikes,
182,Rider,Mauro Sanchini,25.838396679165886,0.7026347327640944,20/05/2000 13:00:00,0,Ducati 996 RS [2000],World Superbikes,
182,Rider,Mauro Sanchini,25.83988367273473,0.698823328862059,20/05/2000 13:00:00,1,Ducati 996 RS [2000],World Superbikes,
182,Rider,Mauro Sanchini,25.841474358755416,0.695098933091248,03/06/2000 13:00:00,0,Ducati 996 RS [2000],World Superbikes,
182,Rider,Mauro Sanchini,25.843653967368596,0.6914591122913949,03/06/2000 13:00:00,1,Ducati 996 RS [2000],World Superbikes,
182,Rider,Mauro Sanchini,25.846263447804155,0.6879034662031432,17/06/2000 13:00:00,0,Ducati 996 RS [2000],World Superbikes,
182,Rider,Mauro Sanchini,25.84836808976636,0.6844321358556446,17/06/2000 13:00:00,1,Ducati 996 RS [2000],World Superbikes,
182,Rider,Mauro Sanchini,25.8512091835527,0.6810420015252652,24/06/2000 13:00:00,0,Ducati 996 RS [2000],World Superbikes,
182,Rider,Mauro Sanchini,25.855167342494198,0.6777299437086718,24/06/2000 13:00:00,1,Ducati 996 RS [2000],World Superbikes,
182,Rider,Mauro Sanchini,25.858546371973816,0.6744994963302853,08/07/2000 13:00:00,0,Ducati 996 RS [2000],World Superbikes,
182,Rider,Mauro Sanchini,25.861806048813154,0.6713442238973345,08/07/2000 13:00:00,1,Ducati 996 RS [2000],World Superbikes,
182,Rider,Mauro Sanchini,25.864966613373,0.6682618417149644,05/08/2000 13:00:00,0,Ducati 996 RS [2000],World Superbikes,
182,Rider,Mauro Sanchini,25.867956203090042,0.665255450031779,05/08/2000 13:00:00,1,Ducati 996 RS [2000],World Superbikes,
182,Rider,Mauro Sanchini,25.87076754807726,0.6623234067670926,02/09/2000 13:00:00,0,Ducati 996 RS [2000],World Superbikes,
182,Rider,Mauro Sanchini,25.873741286678722,0.6594644093375529,02/09/2000 13:00:00,1,Ducati 996 RS [2000],World Superbikes,
182,Rider,Mauro Sanchini,25.877196118329753,0.6566760379956492,09/09/2000 13:00:00,0,Ducati 996 RS [2000],World Superbikes,
182,Rider,Mauro Sanchini,25.883236898181014,0.6539526578448778,09/09/2000 13:00:00,1,Ducati 996 RS [2000],World Superbikes,
182,Rider,Mauro Sanchini,25.892265359693926,0.6512910525383689,14/10/2000 13:00:00,0,Ducati 996 RS [2000],World Superbikes,
182,Rider,Mauro Sanchini,25.90196983352838,0.6486969895841097,14/10/2000 13:00:00,1,Ducati 996 RS [2000],World Superbikes,
182,Rider,Mauro Sanchini,25.91264021486599,0.6461696879893958,09/03/2001 13:00:00,0,Ducati 996 RS [2001],World Superbikes,
182,Rider,Mauro Sanchini,25.923960831687104,0.6437086667922003,09/03/2001 13:00:00,1,Ducati 996 RS [2001],World Superbikes,
182,Rider,Mauro Sanchini,25.935983861716515,0.6413127640544781,29/03/2001 13:00:00,0,Ducati 996 RS [2001],World Superbikes,
182,Rider,Mauro Sanchini,25.947502683734857,0.6389833079581054,30/03/2001 13:00:00,0,Ducati 996 RS [2001],World Superbikes,
182,Rider,Mauro Sanchini,25.96024616178988,0.636713443727425,19/04/2001 13:00:00,0,Ducati 996 RS [2001],World Superbikes,
182,Rider,Mauro Sanchini,25.973279537085567,0.6345065947498392,20/04/2001 13:00:00,0,Ducati 996 RS [2001],World Superbikes,
182,Rider,Mauro Sanchini,25.98692186313787,0.6323640984592855,26/04/2001 13:00:00,0,Ducati 996 RS [2001],World Superbikes,
182,Rider,Mauro Sanchini,26.00251285019887,0.6302690180831301,27/04/2001 13:00:00,0,Ducati 996 RS [2001],World Superbikes,
182,Rider,Mauro Sanchini,26.019945450802336,0.6282213940798327,10/05/2001 13:00:00,0,Ducati 996 RS [2001],World Superbikes,
182,Rider,Mauro Sanchini,26.036540401620467,0.6262375257589112,11/05/2001 13:00:00,0,Ducati 996 RS [2001],World Superbikes,
182,Rider,Mauro Sanchini,26.053078950403158,0.624314261964209,25/05/2001 13:00:00,0,Ducati 996 RS [2001],World Superbikes,
182,Rider,Mauro Sanchini,26.06892981128614,0.622451226315041,25/05/2001 13:00:00,1,Ducati 996 RS [2001],World Superbikes,
182,Rider,Mauro Sanchini,26.0864213254418,0.6206359051644572,07/06/2001 13:00:00,0,Ducati 996 RS [2001],World Superbikes,
182,Rider,Mauro Sanchini,26.102815858016086,0.6188821920661246,08/06/2001 13:00:00,0,Ducati 996 RS [2001],World Superbikes,
182,Rider,Mauro Sanchini,26.119630612888304,0.6171851326329796,21/06/2001 13:00:00,0,Ducati 996 RS [2001],World Superbikes,
182,Rider,Mauro Sanchini,26.133714981839965,0.6155443148363947,23/06/2001 13:00:00,0,Ducati 996 RS [2001],World Superbikes,
182,Rider,Mauro Sanchini,26.148880547156597,0.6139154310560507,06/07/2001 13:00:00,0,Ducati 996 RS [2001],World Superbikes,
182,Rider,Mauro Sanchini,26.1649057946253,0.6123363926401181,07/07/2001 13:00:00,0,Ducati 996 RS [2001],World Superbikes,
182,Rider,Mauro Sanchini,26.18044697503819,0.6108116136471691,27/07/2001 13:00:00,0,Ducati 996 RS [2001],World Superbikes,
182,Rider,Mauro Sanchini,26.196021642257183,0.6093408451819496,27/07/2001 13:00:00,1,Ducati 996 RS [2001],World Superbikes,
182,Rider,Mauro Sanchini,26.211595292066193,0.6079231373152871,30/08/2001 13:00:00,0,Ducati 996 RS [2001],World Superbikes,
182,Rider,Mauro Sanchini,26.227721778282895,0.6065570934764613,31/08/2001 13:00:00,0,Ducati 996 RS [2001],World Superbikes,
182,Rider,Mauro Sanchini,26.244298849299284,0.6052417165454747,06/09/2001 13:00:00,0,Ducati 996 RS [2001],World Superbikes,
182,Rider,Mauro Sanchini,26.260965998205705,0.6039753273247432,07/09/2001 13:00:00,0,Ducati 996 RS [2001],World Superbikes,
182,Rider,Mauro Sanchini,26.278112940933433,0.6027579178203523,27/09/2001 13:00:00,0,Ducati 996 RS [2001],World Superbikes,
182,Rider,Mauro Sanchini,26.295279628470833,0.6015915684867484,28/09/2001 13:00:00,0,Ducati 996 RS [2001],World Superbikes,
182,Rider,Mauro Sanchini,26.312817984076656,0.6004750346500246,08/03/2002 13:00:00,0,Kawasaki ZX-7 RR [2002],World Superbikes,
182,Rider,Mauro Sanchini,26.331276071133317,0.5993986439423395,08/03/2002 13:00:00,1,Kawasaki ZX-7 RR [2002],World Superbikes,
182,Rider,Mauro Sanchini,26.350673755157857,0.5983603892045777,21/03/2002 13:00:00,0,Kawasaki ZX-7 RR [2002],World Superbikes,
182,Rider,Mauro Sanchini,26.369999095614403,0.5973645104170379,22/03/2002 13:00:00,0,Kawasaki ZX-7 RR [2002],World Superbikes,
182,Rider,Mauro Sanchini,26.389458821960595,0.5964083505713187,04/04/2002 13:00:00,0,Kawasaki ZX-7 RR [2002],World Superbikes,
182,Rider,Mauro Sanchini,26.4089869898335,0.5954891139164539,05/04/2002 13:00:00,0,Kawasaki ZX-7 RR [2002],World Superbikes,
182,Rider,Mauro Sanchini,26.429191350116017,0.5945962417120825,18/04/2002 13:00:00,0,Kawasaki ZX-7 RR [2002],World Superbikes,
182,Rider,Mauro Sanchini,26.450884792269257,0.5937149740581158,19/04/2002 13:00:00,0,Kawasaki ZX-7 RR [2002],World Superbikes,
182,Rider,Mauro Sanchini,26.47376359374203,0.5928445084281025,09/05/2002 13:00:00,0,Kawasaki ZX-7 RR [2002],World Superbikes,
182,Rider,Mauro Sanchini,26.49601425964797,0.5920182623489638,10/05/2002 13:00:00,0,Kawasaki ZX-7 RR [2002],World Superbikes,
182,Rider,Mauro Sanchini,26.518360440219066,0.5912360730549777,24/05/2002 13:00:00,0,Kawasaki ZX-7 RR [2002],World Superbikes,
182,Rider,Mauro Sanchini,26.538323570366785,0.5904997057478913,24/05/2002 13:00:00,1,Kawasaki ZX-7 RR [2002],World Superbikes,
182,Rider,Mauro Sanchini,26.557407034730577,0.5898073271722135,06/06/2002 13:00:00,0,Kawasaki ZX-7 RR [2002],World Superbikes,
182,Rider,Mauro Sanchini,26.574091382163513,0.5891585463966311,07/06/2002 13:00:00,0,Kawasaki ZX-7 RR [2002],World Superbikes,
182,Rider,Mauro Sanchini,26.590698021849544,0.5885499105072473,20/06/2002 13:00:00,0,Kawasaki ZX-7 RR [2002],World Superbikes,
182,Rider,Mauro Sanchini,26.60632412680787,0.5879841465113917,21/06/2002 13:00:00,0,Kawasaki ZX-7 RR [2002],World Superbikes,
182,Rider,Mauro Sanchini,26.620963079980637,0.5874608618267443,22/06/2002 13:00:00,0,Kawasaki ZX-7 RR [2002],World Superbikes,
182,Rider,Mauro Sanchini,26.63655974608025,0.586936414250257,12/07/2002 13:00:00,0,Kawasaki ZX-7 RR [2002],World Superbikes,
182,Rider,Mauro Sanchini,26.651896864430352,0.58645064694924,13/07/2002 13:00:00,0,Kawasaki ZX-7 RR [2002],World Superbikes,
182,Rider,Mauro Sanchini,26.666911182033918,0.5860036781550771,26/07/2002 13:00:00,0,Kawasaki ZX-7 RR [2002],World Superbikes,
182,Rider,Mauro Sanchini,26.680190749190558,0.5855994059877526,26/07/2002 13:00:00,1,Kawasaki ZX-7 RR [2002],World Superbikes,
182,Rider,Mauro Sanchini,26.693224637770328,0.585234672918067,29/08/2002 13:00:00,0,Kawasaki ZX-7 RR [2002],World Superbikes,
182,Rider,Mauro Sanchini,26.70660697449921,0.5849040529465102,30/08/2002 13:00:00,0,Kawasaki ZX-7 RR [2002],World Superbikes,
182,Rider,Mauro Sanchini,26.719615331748738,0.5846103012588315,05/09/2002 13:00:00,0,Kawasaki ZX-7 RR [2002],World Superbikes,
182,Rider,Mauro Sanchini,26.732380094393058,0.5843550172425531,06/09/2002 13:00:00,0,Kawasaki ZX-7 RR [2002],World Superbikes,
182,Rider,Mauro Sanchini,26.744553567953865,0.5841381693672829,26/09/2002 13:00:00,0,Kawasaki ZX-7 RR [2002],World Superbikes,
182,Rider,Mauro Sanchini,26.75589277482054,0.5839635355333092,27/09/2002 13:00:00,0,Kawasaki ZX-7 RR [2002],World Superbikes,
182,Rider,Mauro Sanchini,26.766636558414373,0.5838334779868901,28/02/2003 13:00:00,0,Kawasaki ZX-7 RR [2003],World Superbikes,
182,Rider,Mauro Sanchini,26.777488325642473,0.5837439902868677,28/02/2003 13:00:00,1,Kawasaki ZX-7 RR [2003],World Superbikes,
182,Rider,Mauro Sanchini,26.7875137581484,0.5836955491418866,01/03/2003 13:00:00,0,Kawasaki ZX-7 RR [2003],World Superbikes,
182,Rider,Mauro Sanchini,26.797976036568077,0.5836666832054984,27/03/2003 13:00:00,0,Kawasaki ZX-7 RR [2003],World Superbikes,
182,Rider,Mauro Sanchini,26.80797625924107,0.5836759761470987,28/03/2003 13:00:00,0,Kawasaki ZX-7 RR [2003],World Superbikes,
182,Rider,Mauro Sanchini,26.81772676919054,0.5837254565581528,28/03/2003 13:00:00,1,Kawasaki ZX-7 RR [2003],World Superbikes,
182,Rider,Mauro Sanchini,26.82757290105285,0.5838064820258367,24/04/2003 13:00:00,0,Kawasaki ZX-7 RR [2003],World Superbikes,
182,Rider,Mauro Sanchini,26.83678065604681,0.5839273144846594,25/04/2003 13:00:00,0,Kawasaki ZX-7 RR [2003],World Superbikes,
182,Rider,Mauro Sanchini,26.845453867125443,0.5840877886081031,25/04/2003 13:00:00,1,Kawasaki ZX-7 RR [2003],World Superbikes,
182,Rider,Mauro Sanchini,26.8544480222062,0.5842737653724145,15/05/2003 13:00:00,0,Kawasaki ZX-7 RR [2003],World Superbikes,
182,Rider,Mauro Sanchini,26.863649539926087,0.5844994070013633,16/05/2003 13:00:00,0,Kawasaki ZX-7 RR [2003],World Superbikes,
182,Rider,Mauro Sanchini,26.872480684210892,0.5847651559498297,17/05/2003 13:00:00,0,Kawasaki ZX-7 RR [2003],World Superbikes,
182,Rider,Mauro Sanchini,26.88276968793663,0.5850395915636665,29/05/2003 13:00:00,0,Kawasaki ZX-7 RR [2003],World Superbikes,
182,Rider,Mauro Sanchini,26.892624014025408,0.5853548397495547,30/05/2003 13:00:00,0,Kawasaki ZX-7 RR [2003],World Superbikes,
182,Rider,Mauro Sanchini,26.900742803564974,0.5857064734219426,31/05/2003 13:00:00,0,Kawasaki ZX-7 RR [2003],World Superbikes,
182,Rider,Mauro Sanchini,26.90924417137542,0.5860901702301654,13/06/2003 13:00:00,0,Kawasaki ZX-7 RR [2003],World Superbikes,
182,Rider,Mauro Sanchini,26.9176816682753,0.5865140582268126,13/06/2003 13:00:00,1,Kawasaki ZX-7 RR [2003],World Superbikes,
182,Rider,Mauro Sanchini,26.92664337941892,0.5869767470192151,19/06/2003 13:00:00,0,Kawasaki ZX-7 RR [2003],World Superbikes,
182,Rider,Mauro Sanchini,26.93395307322639,0.5874813874300259,20/06/2003 13:00:00,0,Kawasaki ZX-7 RR [2003],World Superbikes,
182,Rider,Mauro Sanchini,26.94063248850504,0.588029290956201,21/06/2003 13:00:00,0,Kawasaki ZX-7 RR [2003],World Superbikes,
182,Rider,Mauro Sanchini,26.948702822451175,0.5885853112609201,11/07/2003 13:00:00,0,Kawasaki ZX-7 RR [2003],World Superbikes,
182,Rider,Mauro Sanchini,26.956125834230495,0.5891817096655958,12/07/2003 13:00:00,0,Kawasaki ZX-7 RR [2003],World Superbikes,
182,Rider,Mauro Sanchini,26.962956426346818,0.589819158965279,12/07/2003 13:00:00,1,Kawasaki ZX-7 RR [2003],World Superbikes,
182,Rider,Mauro Sanchini,26.97021093657699,0.5904801240757853,25/07/2003 13:00:00,0,Kawasaki ZX-7 RR [2003],World Superbikes,
182,Rider,Mauro Sanchini,26.976655648190864,0.5911863487051205,25/07/2003 13:00:00,1,Kawasaki ZX-7 RR [2003],World Superbikes,
182,Rider,Mauro Sanchini,26.98319545786699,0.5919366125621995,04/09/2003 13:00:00,0,Kawasaki ZX-7 RR [2003],World Superbikes,
182,Rider,Mauro Sanchini,26.989635825385648,0.5927293382536046,05/09/2003 13:00:00,0,Kawasaki ZX-7 RR [2003],World Superbikes,
182,Rider,Mauro Sanchini,26.99623945078979,0.5935681599634627,06/09/2003 13:00:00,0,Kawasaki ZX-7 RR [2003],World Superbikes,
182,Rider,Mauro Sanchini,27.00329100150346,0.5944360511525154,25/09/2003 13:00:00,0,Kawasaki ZX-7 RR [2003],World Superbikes,
182,Rider,Mauro Sanchini,27.010394489868364,0.5953497655308396,26/09/2003 13:00:00,0,Kawasaki ZX-7 RR [2003],World Superbikes,
182,Rider,Mauro Sanchini,27.01726784941097,0.5963096701913189,27/09/2003 13:00:00,0,Kawasaki ZX-7 RR [2003],World Superbikes,
182,Rider,Mauro Sanchini,27.02454763606985,0.5973051478966107,16/10/2003 13:00:00,0,Kawasaki ZX-7 RR [2003],World Superbikes,
182,Rider,Mauro Sanchini,27.031320035701814,0.5983471179077456,17/10/2003 13:00:00,0,Kawasaki ZX-7 RR [2003],World Superbikes,
182,Rider,Mauro Sanchini,27.03829290136157,0.5994362590401745,27/02/2004 13:00:00,0,Kawasaki ZX-10 [2004],World Superbikes,
182,Rider,Mauro Sanchini,27.0451262820383,0.6005717713980353,27/02/2004 13:00:00,1,Kawasaki ZX-10 [2004],World Superbikes,
182,Rider,Mauro Sanchini,27.051625704391054,0.6017552078276119,28/02/2004 13:00:00,0,Kawasaki ZX-10 [2004],World Superbikes,
182,Rider,Mauro Sanchini,27.059019784286846,0.6029729134259909,25/03/2004 13:00:00,0,Kawasaki ZX-10 [2004],World Superbikes,
182,Rider,Mauro Sanchini,27.06669145954425,0.604232905706043,26/03/2004 13:00:00,0,Kawasaki ZX-10 [2004],World Superbikes,
182,Rider,Mauro Sanchini,27.075328623407568,0.6055313219043849,26/03/2004 13:00:00,1,Kawasaki ZX-10 [2004],World Superbikes,
182,Rider,Mauro Sanchini,27.085928524765297,0.6068487583933131,15/04/2004 13:00:00,0,Kawasaki ZX-10 [2004],World Superbikes,
182,Rider,Mauro Sanchini,27.09587770897323,0.608217849218101,16/04/2004 13:00:00,0,Kawasaki ZX-10 [2004],World Superbikes,
182,Rider,Mauro Sanchini,27.10405387275067,0.6096380551130355,17/04/2004 13:00:00,0,Kawasaki ZX-10 [2004],World Superbikes,
182,Rider,Mauro Sanchini,27.11027506088556,0.611107928678094,13/05/2004 13:00:00,0,Kawasaki ZX-10 [2004],World Superbikes,
182,Rider,Mauro Sanchini,27.115522294817943,0.6126311332701291,14/05/2004 13:00:00,0,Kawasaki ZX-10 [2004],World Superbikes,
182,Rider,Mauro Sanchini,27.12118592533691,0.6142068881249296,15/05/2004 13:00:00,0,Kawasaki ZX-10 [2004],World Superbikes,
182,Rider,Mauro Sanchini,27.127753796420542,0.615821061432311,27/05/2004 13:00:00,0,Kawasaki ZX-10 [2004],World Superbikes,
182,Rider,Mauro Sanchini,27.13253684993067,0.6174906417901989,28/05/2004 13:00:00,0,Kawasaki ZX-10 [2004],World Superbikes,
182,Rider,Mauro Sanchini,27.136117953679022,0.6192172426758616,29/05/2004 13:00:00,0,Kawasaki ZX-10 [2004],World Superbikes,
182,Rider,Mauro Sanchini,27.139707288888864,0.6209950798022105,11/06/2004 13:00:00,0,Kawasaki ZX-10 [2004],World Superbikes,
182,Rider,Mauro Sanchini,27.143679067764737,0.6228256411563228,11/06/2004 13:00:00,1,Kawasaki ZX-10 [2004],World Superbikes,
182,Rider,Mauro Sanchini,27.147316893622474,0.6247134459178608,12/06/2004 13:00:00,0,Kawasaki ZX-10 [2004],World Superbikes,
182,Rider,Mauro Sanchini,27.150584387029614,0.6266575218831165,09/07/2004 13:00:00,0,Kawasaki ZX-10 [2004],World Superbikes,
182,Rider,Mauro Sanchini,27.15299785386917,0.6286594910841624,10/07/2004 13:00:00,0,Kawasaki ZX-10 [2004],World Superbikes,
182,Rider,Mauro Sanchini,27.155059094870264,0.6307190173566224,10/07/2004 13:00:00,1,Kawasaki ZX-10 [2004],World Superbikes,
182,Rider,Mauro Sanchini,27.156754418269998,0.6328357799515144,30/07/2004 13:00:00,0,Kawasaki ZX-10 [2004],World Superbikes,
182,Rider,Mauro Sanchini,27.15771679592493,0.6350166967123934,30/07/2004 13:00:00,1,Kawasaki ZX-10 [2004],World Superbikes,
182,Rider,Mauro Sanchini,27.158130591285357,0.6372619332352926,31/07/2004 13:00:00,0,Kawasaki ZX-10 [2004],World Superbikes,
182,Rider,Mauro Sanchini,27.159216881926262,0.6395517417616169,02/09/2004 13:00:00,0,Kawasaki ZX-10 [2004],World Superbikes,
182,Rider,Mauro Sanchini,27.159414226560916,0.6419069358452888,03/09/2004 13:00:00,0,Kawasaki ZX-10 [2004],World Superbikes,
182,Rider,Mauro Sanchini,27.15908360282761,0.6443278648975487,04/09/2004 13:00:00,0,Kawasaki ZX-10 [2004],World Superbikes,
182,Rider,Mauro Sanchini,27.15941596864119,0.6468044103445134,23/02/2005 13:00:00,0,Kawasaki ZX-10 [2005],World Superbikes,
182,Rider,Mauro Sanchini,27.160509302296624,0.6493480504765741,24/02/2005 13:00:00,0,Kawasaki ZX-10 [2005],World Superbikes,
182,Rider,Mauro Sanchini,27.161460551415608,0.6519599487830904,31/03/2005 13:00:00,0,Kawasaki ZX-10 [2005],World Superbikes,
182,Rider,Mauro Sanchini,27.160614140062727,0.6546443579809957,01/04/2005 13:00:00,0,Kawasaki ZX-10 [2005],World Superbikes,
182,Rider,Mauro Sanchini,27.15897551000836,0.657402890257713,01/04/2005 13:00:00,1,Kawasaki ZX-10 [2005],World Superbikes,
182,Rider,Mauro Sanchini,27.15862406946759,0.6601934636841347,21/04/2005 13:00:00,0,Kawasaki ZX-10 [2005],World Superbikes,
182,Rider,Mauro Sanchini,27.159546243506973,0.663053091792089,22/04/2005 13:00:00,0,Kawasaki ZX-10 [2005],World Superbikes,
182,Rider,Mauro Sanchini,27.160243573647037,0.6659904558165787,05/05/2005 13:00:00,0,Kawasaki ZX-10 [2005],World Superbikes,
182,Rider,Mauro Sanchini,27.16066431779979,0.6690055776679894,06/05/2005 13:00:00,0,Kawasaki ZX-10 [2005],World Superbikes,
182,Rider,Mauro Sanchini,27.160249708099887,0.6720985131883,07/05/2005 13:00:00,0,Kawasaki ZX-10 [2005],World Superbikes,
182,Rider,Mauro Sanchini,27.16037134676873,0.6752514943198245,27/05/2005 13:00:00,0,Kawasaki ZX-10 [2005],World Superbikes,
182,Rider,Mauro Sanchini,27.160413961004625,0.678484954409015,27/05/2005 13:00:00,1,Kawasaki ZX-10 [2005],World Superbikes,
182,Rider,Mauro Sanchini,27.1609174727952,0.6817948847056765,23/06/2005 13:00:00,0,Kawasaki ZX-10 [2005],World Superbikes,
182,Rider,Mauro Sanchini,27.16065169308605,0.6851894551586672,24/06/2005 13:00:00,0,Kawasaki ZX-10 [2005],World Superbikes,
182,Rider,Mauro Sanchini,27.160661310829067,0.6886677937170229,14/07/2005 13:00:00,0,Kawasaki ZX-10 [2005],World Superbikes,
182,Rider,Mauro Sanchini,27.157999641581558,0.692231234889386,15/07/2005 13:00:00,0,Kawasaki ZX-10 [2005],World Superbikes,
182,Rider,Mauro Sanchini,27.156557607419106,0.6958764966921174,16/07/2005 13:00:00,0,Kawasaki ZX-10 [2005],World Superbikes,
182,Rider,Mauro Sanchini,27.155193225809434,0.6995960661478814,01/09/2005 13:00:00,0,Kawasaki ZX-10 [2005],World Superbikes,
182,Rider,Mauro Sanchini,27.154041833941903,0.7034042003494712,02/09/2005 13:00:00,0,Kawasaki ZX-10 [2005],World Superbikes,
182,Rider,Mauro Sanchini,27.153622755974563,0.7072993412050672,29/09/2005 13:00:00,0,Kawasaki ZX-10 [2005],World Superbikes,
182,Rider,Mauro Sanchini,27.152922000063693,0.7112864199781735,30/09/2005 13:00:00,0,Kawasaki ZX-10 [2005],World Superbikes,
182,Rider,Mauro Sanchini,27.152249558823904,0.7153658799343446,06/10/2005 13:00:00,0,Kawasaki ZX-10 [2005],World Superbikes,
182,Rider,Mauro Sanchini,27.151855348765785,0.7195348886745304,07/10/2005 13:00:00,0,Kawasaki ZX-10 [2005],World Superbikes,
182,Rider,Mauro Sanchini,27.15116368300373,0.7237985218775379,10/05/2007 13:00:00,0,Kawasaki ZX-10R [2007],World Superbikes,
182,Rider,Mauro Sanchini,27.15012016858827,0.7281526708939496,11/05/2007 13:00:00,0,Kawasaki ZX-10R [2007],World Superbikes,
182,Rider,Mauro Sanchini,27.149958459377128,0.732590258759704,14/06/2007 13:00:00,0,Kawasaki ZX-10R [2007],World Superbikes,
182,Rider,Mauro Sanchini,27.149251751620188,0.7371214420935546,15/06/2007 13:00:00,0,Kawasaki ZX-10R [2007],World Superbikes,
183,Rider,Igor Antonelli,18.298616528320824,1.5723085518483106,01/04/2000 13:00:00,0,Kawasaki ZX-7 RR [2000],World Superbikes,
183,Rider,Igor Antonelli,18.297433231492068,1.570512164248811,01/04/2000 13:00:00,1,Kawasaki ZX-7 RR [2000],World Superbikes,
183,Rider,Igor Antonelli,18.296205738343193,1.5689664672931376,22/04/2000 13:00:00,0,Kawasaki ZX-7 RR [2000],World Superbikes,
183,Rider,Igor Antonelli,18.29596545996604,1.567670043452405,22/04/2000 13:00:00,1,Kawasaki ZX-7 RR [2000],World Superbikes,
183,Rider,Igor Antonelli,18.29528404750152,1.566635310538065,29/04/2000 13:00:00,0,Kawasaki ZX-7 RR [2000],World Superbikes,
183,Rider,Igor Antonelli,18.293935485205818,1.5658616162369725,29/04/2000 13:00:00,1,Kawasaki ZX-7 RR [2000],World Superbikes,
183,Rider,Igor Antonelli,18.29270074048499,1.5653397885913956,13/05/2000 13:00:00,0,Kawasaki ZX-7 RR [2000],World Superbikes,
183,Rider,Igor Antonelli,18.291119817723313,1.5650799112598408,13/05/2000 13:00:00,1,Kawasaki ZX-7 RR [2000],World Superbikes,
183,Rider,Igor Antonelli,18.289831902476514,1.5650731610053619,20/05/2000 13:00:00,0,Kawasaki ZX-7 RR [2000],World Superbikes,
183,Rider,Igor Antonelli,18.28852067924992,1.5653159892256552,20/05/2000 13:00:00,1,Kawasaki ZX-7 RR [2000],World Superbikes,
183,Rider,Igor Antonelli,18.287101205479978,1.5658173134593147,03/06/2000 13:00:00,0,Kawasaki ZX-7 RR [2000],World Superbikes,
183,Rider,Igor Antonelli,18.286252430753674,1.5665696465780736,03/06/2000 13:00:00,1,Kawasaki ZX-7 RR [2000],World Superbikes,
183,Rider,Igor Antonelli,18.286496400986778,1.5675628434888482,17/06/2000 13:00:00,0,Kawasaki ZX-7 RR [2000],World Superbikes,
183,Rider,Igor Antonelli,18.286624230964264,1.5688216692694037,17/06/2000 13:00:00,1,Kawasaki ZX-7 RR [2000],World Superbikes,
183,Rider,Igor Antonelli,18.28678455491933,1.570345413354678,24/06/2000 13:00:00,0,Kawasaki ZX-7 RR [2000],World Superbikes,
183,Rider,Igor Antonelli,18.28742258886643,1.5721290887081298,24/06/2000 13:00:00,1,Kawasaki ZX-7 RR [2000],World Superbikes,
184,Bike,Bimota SB8R [2000],12.425261014142238,1.8223112772092316,01/04/2000 13:00:00,0,,World Superbikes,
184,Bike,Bimota SB8R [2000],12.425491888867972,1.8208682865384678,01/04/2000 13:00:00,1,,World Superbikes,
184,Bike,Bimota SB8R [2000],12.425114800342511,1.8197284676332597,01/04/2000 13:00:00,2,,World Superbikes,
184,Bike,Bimota SB8R [2000],12.425998225304275,1.8187889483924307,22/04/2000 13:00:00,0,,World Superbikes,
184,Bike,Bimota SB8R [2000],12.42526503672246,1.8181548776699987,22/04/2000 13:00:00,1,,World Superbikes,
184,Bike,Bimota SB8R [2000],12.421917375105918,1.8178184862649989,22/04/2000 13:00:00,2,,World Superbikes,
184,Bike,Bimota SB8R [2000],12.417342455798012,1.817776891157547,29/04/2000 13:00:00,0,,World Superbikes,
184,Bike,Bimota SB8R [2000],12.412026945615176,1.8180427689511764,29/04/2000 13:00:00,1,,World Superbikes,
184,Bike,Bimota SB8R [2000],12.406814784719105,1.8186110324982332,20/05/2000 13:00:00,0,,World Superbikes,
184,Bike,Bimota SB8R [2000],12.403601793005185,1.8194484705772451,20/05/2000 13:00:00,1,,World Superbikes,
184,Bike,Bimota SB8R [2000],12.401276819915283,1.820586482769351,03/06/2000 13:00:00,0,,World Superbikes,
184,Bike,Bimota SB8R [2000],12.400720419098471,1.8220167147364952,03/06/2000 13:00:00,1,,World Superbikes,
185,Bike,Honda VTR 1000 [2000],16.709024971751667,1.4151518233531728,01/04/2000 13:00:00,0,,World Superbikes,
185,Bike,Honda VTR 1000 [2000],16.708654302663614,1.4130413918807903,01/04/2000 13:00:00,1,,World Superbikes,
185,Bike,Honda VTR 1000 [2000],16.708627471789594,1.4111326318378896,22/04/2000 13:00:00,0,,World Superbikes,
185,Bike,Honda VTR 1000 [2000],16.70881646352794,1.4093864154177993,22/04/2000 13:00:00,1,,World Superbikes,
185,Bike,Honda VTR 1000 [2000],16.709152869545004,1.4078039831568314,29/04/2000 13:00:00,0,,World Superbikes,
185,Bike,Honda VTR 1000 [2000],16.708924784352277,1.406401312307611,29/04/2000 13:00:00,1,,World Superbikes,
185,Bike,Honda VTR 1000 [2000],16.708286782878517,1.4051748816220586,29/04/2000 13:00:00,2,,World Superbikes,
185,Bike,Honda VTR 1000 [2000],16.708029949064564,1.404024484201307,13/05/2000 13:00:00,0,,World Superbikes,
185,Bike,Honda VTR 1000 [2000],16.7082580448147,1.403047537524783,13/05/2000 13:00:00,1,,World Superbikes,
185,Bike,Honda VTR 1000 [2000],16.70943584898034,1.402228706841935,20/05/2000 13:00:00,0,,World Superbikes,
185,Bike,Honda VTR 1000 [2000],16.71085435822184,1.4015550773337044,20/05/2000 13:00:00,1,,World Superbikes,
185,Bike,Honda VTR 1000 [2000],16.712701377749962,1.4010364180591257,03/06/2000 13:00:00,0,,World Superbikes,
185,Bike,Honda VTR 1000 [2000],16.714533112137566,1.4007099205020181,03/06/2000 13:00:00,1,,World Superbikes,
185,Bike,Honda VTR 1000 [2000],16.715847819023338,1.4005848419104827,17/06/2000 13:00:00,0,,World Superbikes,
185,Bike,Honda VTR 1000 [2000],16.71737555034093,1.4006797411545628,17/06/2000 13:00:00,1,,World Superbikes,
185,Bike,Honda VTR 1000 [2000],16.71972470911556,1.4009867956396926,24/06/2000 13:00:00,0,,World Superbikes,
185,Bike,Honda VTR 1000 [2000],16.722970779347065,1.4014603445223668,24/06/2000 13:00:00,1,,World Superbikes,
185,Bike,Honda VTR 1000 [2000],16.72587558282798,1.4021264996818792,05/08/2000 13:00:00,0,,World Superbikes,
185,Bike,Honda VTR 1000 [2000],16.728517094519916,1.4030078978398437,05/08/2000 13:00:00,1,,World Superbikes,
185,Bike,Honda VTR 1000 [2000],16.730509021134434,1.4041142708555154,02/09/2000 13:00:00,0,,World Superbikes,
185,Bike,Honda VTR 1000 [2000],16.732034015990358,1.4054358706379293,02/09/2000 13:00:00,1,,World Superbikes,
185,Bike,Honda VTR 1000 [2000],16.73398064562294,1.4069548027741356,09/09/2000 13:00:00,0,,World Superbikes,
185,Bike,Honda VTR 1000 [2000],16.735424618293596,1.40869028654671,09/09/2000 13:00:00,1,,World Superbikes,
185,Bike,Honda VTR 1000 [2000],16.736552124975717,1.410642987222328,14/10/2000 13:00:00,0,,World Superbikes,
185,Bike,Honda VTR 1000 [2000],16.737568719180207,1.4127687099684056,14/10/2000 13:00:00,1,,World Superbikes,
186,Bike,Ducati 996 R [2000],25.415471220845845,1.50087262720682,01/04/2000 13:00:00,0,,World Superbikes,
186,Bike,Ducati 996 R [2000],25.416767446305233,1.4988986021862107,01/04/2000 13:00:00,1,,World Superbikes,
186,Bike,Ducati 996 R [2000],25.418526526675162,1.4971297005668682,22/04/2000 13:00:00,0,,World Superbikes,
186,Bike,Ducati 996 R [2000],25.418917903552504,1.4956110739410085,22/04/2000 13:00:00,1,,World Superbikes,
186,Bike,Ducati 996 R [2000],25.418909166720837,1.4943380189397075,29/04/2000 13:00:00,0,,World Superbikes,
186,Bike,Ducati 996 R [2000],25.419731938416675,1.4932480197854436,29/04/2000 13:00:00,1,,World Superbikes,
186,Bike,Ducati 996 R [2000],25.421334350690902,1.4923397973834784,03/06/2000 13:00:00,0,,World Superbikes,
186,Bike,Ducati 996 R [2000],25.423452531684525,1.491651298369375,03/06/2000 13:00:00,1,,World Superbikes,
186,Bike,Ducati 996 R [2000],25.426728916843878,1.4911779830134364,17/06/2000 13:00:00,1,,World Superbikes,
186,Bike,Ducati 996 R [2000],25.42987185457986,1.4909478273729855,24/06/2000 13:00:00,0,,World Superbikes,
186,Bike,Ducati 996 R [2000],25.433066189629024,1.490958586467163,24/06/2000 13:00:00,1,,World Superbikes,
186,Bike,Ducati 996 R [2000],25.435838482449086,1.4912176879923065,05/08/2000 13:00:00,0,,World Superbikes,
186,Bike,Ducati 996 R [2000],25.4385065549422,1.491701125248946,05/08/2000 13:00:00,1,,World Superbikes,
186,Bike,Ducati 996 R [2000],25.440555004432053,1.4924239889190212,02/09/2000 13:00:00,0,,World Superbikes,
186,Bike,Ducati 996 R [2000],25.442334033160808,1.4933946220177123,02/09/2000 13:00:00,1,,World Superbikes,
186,Bike,Ducati 996 R [2000],25.444437617175915,1.4946050794637677,09/09/2000 13:00:00,0,,World Superbikes,
186,Bike,Ducati 996 R [2000],25.4453982525977,1.4960713970716846,09/09/2000 13:00:00,1,,World Superbikes,
186,Bike,Ducati 996 R [2000],25.445573506957416,1.4977905397428575,14/10/2000 13:00:00,0,,World Superbikes,
186,Bike,Ducati 996 R [2000],25.445054562867835,1.4997532702945535,14/10/2000 13:00:00,1,,World Superbikes,
187,Rider,Massimo De Silvestro,0.7863842148343209,2.1683340928957597,01/04/2000 13:00:00,0,Kawasaki ZX-7 RR [2000],World Superbikes,
187,Rider,Massimo De Silvestro,0.784404055050272,2.1670893057305123,01/04/2000 13:00:00,1,Kawasaki ZX-7 RR [2000],World Superbikes,
187,Rider,Massimo De Silvestro,0.7829189984841439,2.165987829486995,13/05/2000 13:00:00,0,Kawasaki ZX-7 RR [2000],World Superbikes,
187,Rider,Massimo De Silvestro,0.7822232689313939,2.1650612090326247,13/05/2000 13:00:00,1,Kawasaki ZX-7 RR [2000],World Superbikes,
187,Rider,Massimo De Silvestro,0.7812256741063311,2.1643854648923995,20/05/2000 13:00:00,0,Kawasaki ZX-7 RR [2000],World Superbikes,
187,Rider,Massimo De Silvestro,0.7808427023867427,2.163852692573387,20/05/2000 13:00:00,1,Kawasaki ZX-7 RR [2000],World Superbikes,
187,Rider,Massimo De Silvestro,0.7811130848826848,2.1634719497834043,03/06/2000 13:00:00,0,Kawasaki ZX-7 RR [2000],World Superbikes,
187,Rider,Massimo De Silvestro,0.7821240213341443,2.1632728065712024,03/06/2000 13:00:00,1,Kawasaki ZX-7 RR [2000],World Superbikes,
187,Rider,Massimo De Silvestro,0.7827121639781771,2.163360936781582,17/06/2000 13:00:00,0,Kawasaki ZX-7 RR [2000],World Superbikes,
187,Rider,Massimo De Silvestro,0.7838774633592732,2.163602630314419,17/06/2000 13:00:00,1,Kawasaki ZX-7 RR [2000],World Superbikes,
187,Rider,Massimo De Silvestro,0.7856646315776936,2.164006797337722,24/06/2000 13:00:00,0,Kawasaki ZX-7 RR [2000],World Superbikes,
187,Rider,Massimo De Silvestro,0.7874610859447772,2.1646889209476563,24/06/2000 13:00:00,1,Kawasaki ZX-7 RR [2000],World Superbikes,
187,Rider,Massimo De Silvestro,0.7882847057310239,2.165704454324811,09/09/2000 13:00:00,0,Kawasaki ZX-7 RR [2000],World Superbikes,
187,Rider,Massimo De Silvestro,0.7899162050524995,2.1669034328204324,09/09/2000 13:00:00,1,Kawasaki ZX-7 RR [2000],World Superbikes,
188,Rider,David Simpson,15.630716756410886,3.6288887700108208,22/04/2000 13:00:00,0,Suzuki GSX-R 750 [2000],World Superbikes,
188,Rider,David Simpson,15.630528758781178,3.6288941299029456,22/04/2000 13:00:00,1,Suzuki GSX-R 750 [2000],World Superbikes,
189,Rider,Greg Smith,14.919217983688283,3.716635548394772,22/04/2000 13:00:00,0,Kawasaki ZX-7 RR [2000],World Superbikes,
189,Rider,Greg Smith,14.918945680208461,3.716652816136879,22/04/2000 13:00:00,1,Kawasaki ZX-7 RR [2000],World Superbikes,
190,Rider,Sean McKay,14.899150975878573,3.7181463334020917,22/04/2000 13:00:00,0,Kawasaki ZX-7 RR [2000],World Superbikes,
190,Rider,Sean McKay,14.899380374306881,3.7181272078478838,22/04/2000 13:00:00,1,Kawasaki ZX-7 RR [2000],World Superbikes,
191,Rider,Claude Alain Jaggi,10.288725604001733,2.194271990703807,22/04/2000 13:00:00,0,Honda VTR 1000 [2000],World Superbikes,
191,Rider,Claude Alain Jaggi,10.288176582275453,2.1930993738691926,22/04/2000 13:00:00,1,Honda VTR 1000 [2000],World Superbikes,
191,Rider,Claude Alain Jaggi,10.28856006250475,2.192118115833145,29/04/2000 13:00:00,0,Honda VTR 1000 [2000],World Superbikes,
191,Rider,Claude Alain Jaggi,10.289428437853498,2.1912818484520455,29/04/2000 13:00:00,1,Honda VTR 1000 [2000],World Superbikes,
191,Rider,Claude Alain Jaggi,10.290766197708404,2.1905876965771736,13/05/2000 13:00:00,0,Honda VTR 1000 [2000],World Superbikes,
191,Rider,Claude Alain Jaggi,10.292298983035439,2.1901445466551133,13/05/2000 13:00:00,1,Honda VTR 1000 [2000],World Superbikes,
191,Rider,Claude Alain Jaggi,10.294993049039745,2.1899014293478953,20/05/2000 13:00:00,0,Honda VTR 1000 [2000],World Superbikes,
191,Rider,Claude Alain Jaggi,10.297506505943568,2.1898630785131616,20/05/2000 13:00:00,1,Honda VTR 1000 [2000],World Superbikes,
191,Rider,Claude Alain Jaggi,10.299938114574228,2.190046832412038,03/06/2000 13:00:00,0,Honda VTR 1000 [2000],World Superbikes,
191,Rider,Claude Alain Jaggi,10.301869422075326,2.1905294158354787,03/06/2000 13:00:00,1,Honda VTR 1000 [2000],World Superbikes,
191,Rider,Claude Alain Jaggi,10.302714481866314,2.1913309369534932,24/06/2000 13:00:00,0,Honda VTR 1000 [2000],World Superbikes,
191,Rider,Claude Alain Jaggi,10.30492184491525,2.1923563341905634,24/06/2000 13:00:00,1,Honda VTR 1000 [2000],World Superbikes,
192,Bike,Honda RC45 [2000],33.79342712122535,3.127760878839751,29/04/2000 13:00:00,0,,World Superbikes,
192,Bike,Honda RC45 [2000],33.79352452209386,3.127495134524736,29/04/2000 13:00:00,1,,World Superbikes,
192,Bike,Honda RC45 [2000],33.79340527524257,3.127776122862844,29/04/2000 13:00:00,2,,World Superbikes,
193,Bike,Suzuki [2000],30.380898443877975,2.076286561333197,13/05/2000 13:00:00,0,,World Superbikes,
193,Bike,Suzuki [2000],30.380748126760903,2.0751204483934185,13/05/2000 13:00:00,1,,World Superbikes,
193,Bike,Suzuki [2000],30.380169661027644,2.0742746482231946,13/05/2000 13:00:00,2,,World Superbikes,
193,Bike,Suzuki [2000],30.380355666752582,2.073701138031121,05/08/2000 13:00:00,0,,World Superbikes,
193,Bike,Suzuki [2000],30.380778958278782,2.073492097404028,05/08/2000 13:00:00,1,,World Superbikes,
193,Bike,Suzuki [2000],30.380046930683992,2.0736134069545513,05/08/2000 13:00:00,2,,World Superbikes,
193,Bike,Suzuki [2000],30.37964698169997,2.074084304976012,14/10/2000 13:00:00,0,,World Superbikes,
193,Bike,Suzuki [2000],30.380020498056986,2.0749249098725873,14/10/2000 13:00:00,1,,World Superbikes,
193,Bike,Suzuki [2000],30.378648472099094,2.076028787051429,14/10/2000 13:00:00,2,,World Superbikes,
194,Bike,Yamaha YZF 750 R [2000],20.141641643350464,3.1259678894537166,13/05/2000 13:00:00,0,,World Superbikes,
194,Bike,Yamaha YZF 750 R [2000],20.14122512769096,3.125709832233731,13/05/2000 13:00:00,1,,World Superbikes,
194,Bike,Yamaha YZF 750 R [2000],20.14069151248575,3.1259880646013003,13/05/2000 13:00:00,2,,World Superbikes,
195,Rider,Luca Cadalora,28.222814793838754,3.530780314653032,13/05/2000 13:00:00,0,Ducati 996 [2000],World Superbikes,
195,Rider,Luca Cadalora,28.22206202429869,3.5307825563379516,13/05/2000 13:00:00,1,Ducati 996 [2000],World Superbikes,
196,Rider,John Crawford,24.597812334058716,3.3133523006926384,13/05/2000 13:00:00,0,Suzuki [2000],World Superbikes,
196,Rider,John Crawford,24.597432329837225,3.31317699480684,13/05/2000 13:00:00,1,Suzuki [2000],World Superbikes,
196,Rider,John Crawford,24.596083918799195,3.31354456013636,13/05/2000 13:00:00,2,Suzuki [2000],World Superbikes,
197,Rider,Markus Barth,26.135589705117063,1.4971460809611645,13/05/2000 13:00:00,0,Yamaha YZF-R7 [2000],World Superbikes,
197,Rider,Markus Barth,26.135798250903193,1.4952396332842324,13/05/2000 13:00:00,1,Yamaha YZF-R7 [2000],World Superbikes,
197,Rider,Markus Barth,26.135088673051925,1.4935968205124233,20/05/2000 13:00:00,0,Yamaha YZF-R7 [2000],World Superbikes,
197,Rider,Markus Barth,26.135141951339637,1.4922113525737628,03/06/2000 13:00:00,0,Yamaha YZF-R7 [2000],World Superbikes,
197,Rider,Markus Barth,26.13595902377418,1.4910847866959542,03/06/2000 13:00:00,1,Yamaha YZF-R7 [2000],World Superbikes,
197,Rider,Markus Barth,26.136771522190642,1.4902191376696599,17/06/2000 13:00:00,0,Yamaha YZF-R7 [2000],World Superbikes,
197,Rider,Markus Barth,26.13884452378801,1.4896090583297121,17/06/2000 13:00:00,1,Yamaha YZF-R7 [2000],World Superbikes,
197,Rider,Markus Barth,26.140140373273315,1.4892601014781761,17/06/2000 13:00:00,2,Yamaha YZF-R7 [2000],World Superbikes,
197,Rider,Markus Barth,26.141893247647637,1.4891328862874025,24/06/2000 13:00:00,0,Yamaha YZF-R7 [2000],World Superbikes,
197,Rider,Markus Barth,26.14357798712514,1.4892635215475942,24/06/2000 13:00:00,1,Yamaha YZF-R7 [2000],World Superbikes,
197,Rider,Markus Barth,26.146349727753066,1.489654251428286,05/08/2000 13:00:00,0,Yamaha YZF-R7 [2000],World Superbikes,
197,Rider,Markus Barth,26.149857375410278,1.4902994604555324,05/08/2000 13:00:00,1,Yamaha YZF-R7 [2000],World Superbikes,
197,Rider,Markus Barth,26.153362155042284,1.4912013628849947,09/09/2000 13:00:00,0,Yamaha YZF-R7 [2000],World Superbikes,
197,Rider,Markus Barth,26.155686391432756,1.49236667834857,09/09/2000 13:00:00,1,Yamaha YZF-R7 [2000],World Superbikes,
197,Rider,Markus Barth,26.15637468929072,1.4937962613178721,09/09/2000 13:00:00,2,Yamaha YZF-R7 [2000],World Superbikes,
197,Rider,Markus Barth,26.157632714986963,1.4954397015203504,14/10/2000 13:00:00,0,Yamaha YZF-R7 [2000],World Superbikes,
197,Rider,Markus Barth,26.158870836645807,1.4973438518094255,14/10/2000 13:00:00,1,Yamaha YZF-R7 [2000],World Superbikes,
198,Rider,Jürgen Oelschläger,22.690429263857656,1.361046931995765,13/05/2000 13:00:00,0,Yamaha YZF-R7 [2000],World Superbikes,
198,Rider,Jürgen Oelschläger,22.691758061223027,1.3588520547177776,13/05/2000 13:00:00,1,Yamaha YZF-R7 [2000],World Superbikes,
198,Rider,Jürgen Oelschläger,22.693376449094863,1.3568871025139488,20/05/2000 13:00:00,0,Yamaha YZF-R7 [2000],World Superbikes,
198,Rider,Jürgen Oelschläger,22.69586627690377,1.3551446001483154,20/05/2000 13:00:00,1,Yamaha YZF-R7 [2000],World Superbikes,
198,Rider,Jürgen Oelschläger,22.69870531143361,1.353633092823908,03/06/2000 13:00:00,0,Yamaha YZF-R7 [2000],World Superbikes,
198,Rider,Jürgen Oelschläger,22.70047217845311,1.3523581465504402,03/06/2000 13:00:00,1,Yamaha YZF-R7 [2000],World Superbikes,
198,Rider,Jürgen Oelschläger,22.70199009039114,1.351317163012822,17/06/2000 13:00:00,0,Yamaha YZF-R7 [2000],World Superbikes,
198,Rider,Jürgen Oelschläger,22.703868496416806,1.350507646038749,17/06/2000 13:00:00,1,Yamaha YZF-R7 [2000],World Superbikes,
198,Rider,Jürgen Oelschläger,22.706773751260823,1.349926116980546,24/06/2000 13:00:00,0,Yamaha YZF-R7 [2000],World Superbikes,
198,Rider,Jürgen Oelschläger,22.710031292660364,1.3495724933325632,24/06/2000 13:00:00,1,Yamaha YZF-R7 [2000],World Superbikes,
198,Rider,Jürgen Oelschläger,22.71492726946107,1.3494426000170197,05/08/2000 13:00:00,0,Yamaha YZF-R7 [2000],World Superbikes,
198,Rider,Jürgen Oelschläger,22.720417679041905,1.3495377909911552,05/08/2000 13:00:00,1,Yamaha YZF-R7 [2000],World Superbikes,
198,Rider,Jürgen Oelschläger,22.72625782538903,1.3498590647866089,02/09/2000 13:00:00,0,Yamaha YZF-R7 [2000],World Superbikes,
198,Rider,Jürgen Oelschläger,22.73177201365771,1.3504111178615235,02/09/2000 13:00:00,1,Yamaha YZF-R7 [2000],World Superbikes,
198,Rider,Jürgen Oelschläger,22.73720277000982,1.351192708616215,09/09/2000 13:00:00,0,Yamaha YZF-R7 [2000],World Superbikes,
198,Rider,Jürgen Oelschläger,22.742296033709287,1.352206434409903,09/09/2000 13:00:00,1,Yamaha YZF-R7 [2000],World Superbikes,
198,Rider,Jürgen Oelschläger,22.746431921130927,1.3534564112514902,14/10/2000 13:00:00,0,Yamaha YZF-R7 [2000],World Superbikes,
198,Rider,Jürgen Oelschläger,22.750087162154575,1.3549403869036525,14/10/2000 13:00:00,1,Yamaha YZF-R7 [2000],World Superbikes,
198,Rider,Jürgen Oelschläger,22.75294604297706,1.3566612047346729,27/05/2004 13:00:00,0,Honda CBR 1000RR Fireblade [2004],World Superbikes,
198,Rider,Jürgen Oelschläger,22.754849585864953,1.3586149709079611,28/05/2004 13:00:00,0,Honda CBR 1000RR Fireblade [2004],World Superbikes,
198,Rider,Jürgen Oelschläger,22.755682128817075,1.3608031852894151,29/05/2004 13:00:00,0,Honda CBR 1000RR Fireblade [2004],World Superbikes,
199,Rider,Steve Plater,28.5288634950177,2.760217904671481,03/06/2000 13:00:00,0,Kawasaki ZX-7 RR [2000],World Superbikes,
199,Rider,Steve Plater,28.529442153267905,2.7597264364311727,03/06/2000 13:00:00,1,Kawasaki ZX-7 RR [2000],World Superbikes,
199,Rider,Steve Plater,28.52965693782128,2.7597261527332817,14/10/2000 13:00:00,0,Kawasaki ZX-7 RR [2000],World Superbikes,
199,Rider,Steve Plater,28.529728074771793,2.7602142699122356,14/10/2000 13:00:00,1,Kawasaki ZX-7 RR [2000],World Superbikes,
200,Rider,Ludovic Holon,17.962433454690192,1.6448649747673396,17/06/2000 13:00:00,0,Kawasaki ZX-7 RR [2000],World Superbikes,
200,Rider,Ludovic Holon,17.961282396817246,1.6432010928112868,17/06/2000 13:00:00,1,Kawasaki ZX-7 RR [2000],World Superbikes,
200,Rider,Ludovic Holon,17.959336266765103,1.641820879744047,09/03/2001 13:00:00,0,Kawasaki ZX-7 RR [2001],World Superbikes,
200,Rider,Ludovic Holon,17.9567182544623,1.6407148373265512,09/03/2001 13:00:00,1,Kawasaki ZX-7 RR [2001],World Superbikes,
200,Rider,Ludovic Holon,17.953148173433778,1.6398851020968201,29/03/2001 13:00:00,0,Kawasaki ZX-7 RR [2001],World Superbikes,
200,Rider,Ludovic Holon,17.94991149388744,1.6392867699519227,30/03/2001 13:00:00,0,Kawasaki ZX-7 RR [2001],World Superbikes,
200,Rider,Ludovic Holon,17.9469429361593,1.6389192422001528,26/04/2001 13:00:00,0,Kawasaki ZX-7 RR [2001],World Superbikes,
200,Rider,Ludovic Holon,17.944886340064418,1.6387151380419847,27/04/2001 13:00:00,0,Kawasaki ZX-7 RR [2001],World Superbikes,
200,Rider,Ludovic Holon,17.943672385289457,1.6386699684590682,10/05/2001 13:00:00,0,Kawasaki ZX-7 RR [2001],World Superbikes,
200,Rider,Ludovic Holon,17.943060313234906,1.6388606840285966,11/05/2001 13:00:00,0,Kawasaki ZX-7 RR [2001],World Superbikes,
200,Rider,Ludovic Holon,17.942653626649207,1.6393061789203736,25/05/2001 13:00:00,0,Kawasaki ZX-7 RR [2001],World Superbikes,
200,Rider,Ludovic Holon,17.942652311784634,1.639977807546349,25/05/2001 13:00:00,1,Kawasaki ZX-7 RR [2001],World Superbikes,
200,Rider,Ludovic Holon,17.942940993184706,1.6408781664686476,07/06/2001 13:00:00,0,Kawasaki ZX-7 RR [2001],World Superbikes,
200,Rider,Ludovic Holon,17.943571207944604,1.6420297963145878,08/06/2001 13:00:00,0,Kawasaki ZX-7 RR [2001],World Superbikes,
200,Rider,Ludovic Holon,17.943851965690538,1.6434465022161742,21/06/2001 13:00:00,0,Kawasaki ZX-7 RR [2001],World Superbikes,
200,Rider,Ludovic Holon,17.944266975790306,1.6451309709791038,22/06/2001 13:00:00,0,Kawasaki ZX-7 RR [2001],World Superbikes,
201,Bike,Ducati [2000],24.22249339483393,2.4263517648943353,17/06/2000 13:00:00,0,,World Superbikes,
201,Bike,Ducati [2000],24.223799604759574,2.425514366103582,17/06/2000 13:00:00,1,,World Superbikes,
201,Bike,Ducati [2000],24.226701347779766,2.425032020950724,24/06/2000 13:00:00,0,,World Superbikes,
201,Bike,Ducati [2000],24.22867291410133,2.424955717291801,24/06/2000 13:00:00,1,,World Superbikes,
201,Bike,Ducati [2000],24.229284252618896,2.4252977247946874,08/07/2000 13:00:00,0,,World Superbikes,
201,Bike,Ducati [2000],24.228500627637423,2.4259493366792633,08/07/2000 13:00:00,1,,World Superbikes,
201,Bike,Ducati [2000],24.227225446678094,2.4269111138227495,08/07/2000 13:00:00,2,,World Superbikes,
202,Rider,José Oriol Fernández,24.02221563193428,3.6134911534328213,24/06/2000 13:00:00,0,Honda VTR 1000 [2000],World Superbikes,
202,Rider,José Oriol Fernández,24.022755284014533,3.613478311558251,24/06/2000 13:00:00,1,Honda VTR 1000 [2000],World Superbikes,
203,Rider,Javier Rodríguez,20.417782050024584,1.6515400529999598,24/06/2000 13:00:00,0,Honda VTR 1000 [2000],World Superbikes,
203,Rider,Javier Rodríguez,20.418014828825218,1.6498565482082428,24/06/2000 13:00:00,1,Honda VTR 1000 [2000],World Superbikes,
203,Rider,Javier Rodríguez,20.418403590216148,1.6484364504069962,02/09/2000 13:00:00,0,Honda VTR 1000 [2000],World Superbikes,
203,Rider,Javier Rodríguez,20.41899914738815,1.6472790099601688,02/09/2000 13:00:00,1,Honda VTR 1000 [2000],World Superbikes,
203,Rider,Javier Rodríguez,20.4214605058492,1.6463216866635493,09/09/2000 13:00:00,0,Honda VTR 1000 [2000],World Superbikes,
203,Rider,Javier Rodríguez,20.42355277431002,1.6456351662275948,09/09/2000 13:00:00,1,Honda VTR 1000 [2000],World Superbikes,
203,Rider,Javier Rodríguez,20.425621703877862,1.645215807062279,14/10/2000 13:00:00,0,Honda VTR 1000 [2000],World Superbikes,
203,Rider,Javier Rodríguez,20.426597172529895,1.6450648888145813,14/10/2000 13:00:00,1,Honda VTR 1000 [2000],World Superbikes,
203,Rider,Javier Rodríguez,20.4257301414744,1.6451922243285384,09/03/2001 13:00:00,0,Honda VTR 1000 RC [2001],World Superbikes,
203,Rider,Javier Rodríguez,20.423757181463067,1.645574345810997,09/03/2001 13:00:00,1,Honda VTR 1000 RC [2001],World Superbikes,
203,Rider,Javier Rodríguez,20.420728697979182,1.646209570096468,29/03/2001 13:00:00,0,Honda VTR 1000 RC [2001],World Superbikes,
203,Rider,Javier Rodríguez,20.418779540767723,1.646995702719095,30/03/2001 13:00:00,0,Honda VTR 1000 RC [2001],World Superbikes,
203,Rider,Javier Rodríguez,20.416922014234224,1.6479774598608528,21/06/2001 13:00:00,0,Honda VTR 1000 RC [2001],World Superbikes,
203,Rider,Javier Rodríguez,20.415161674947292,1.6491855107934381,22/06/2001 13:00:00,0,Honda VTR 1000 RC [2001],World Superbikes,
203,Rider,Javier Rodríguez,20.413683240103964,1.650623906804957,06/07/2001 13:00:00,0,Honda VTR 1000 RC [2001],World Superbikes,
203,Rider,Javier Rodríguez,20.41229167056903,1.652267542340554,07/07/2001 13:00:00,0,Honda VTR 1000 RC [2001],World Superbikes,
203,Rider,Javier Rodríguez,20.411867486041377,1.6540576663977664,27/07/2001 13:00:00,1,Honda VTR 1000 RC [2001],World Superbikes,
204,Rider,Guin Roda,17.796619679027412,4.105826137395933,24/06/2000 13:00:00,0,Ducati 996 SPS [2000],World Superbikes,
204,Rider,Guin Roda,17.796753534257878,4.1058183574678475,24/06/2000 13:00:00,1,Ducati 996 SPS [2000],World Superbikes,
205,Bike,Ducati 996 SPS [2000],17.796619679027412,4.105826137395933,24/06/2000 13:00:00,0,,World Superbikes,
205,Bike,Ducati 996 SPS [2000],17.79675353425788,4.1058183574678475,24/06/2000 13:00:00,1,,World Superbikes,
206,Rider,Larry Pegram,27.671678884711973,3.378958592846734,08/07/2000 13:00:00,0,Ducati [2000],World Superbikes,
206,Rider,Larry Pegram,27.670551089101423,3.378783085993966,08/07/2000 13:00:00,1,Ducati [2000],World Superbikes,
206,Rider,Larry Pegram,27.668931737513006,3.379122559172796,08/07/2000 13:00:00,2,Ducati [2000],World Superbikes,
207,Rider,Bertrand Stey,21.03348566767583,1.005118597822434,05/08/2000 13:00:00,0,Honda VTR 1000 [2000],World Superbikes,
207,Rider,Bertrand Stey,21.03282572445362,1.0019124933515728,05/08/2000 13:00:00,1,Honda VTR 1000 [2000],World Superbikes,
207,Rider,Bertrand Stey,21.031516196153994,0.9988542772328594,02/09/2000 13:00:00,0,Honda VTR 1000 [2000],World Superbikes,
207,Rider,Bertrand Stey,21.02934686139829,0.9959474893224821,02/09/2000 13:00:00,1,Honda VTR 1000 [2000],World Superbikes,
207,Rider,Bertrand Stey,21.027001549808894,0.9931906168288384,09/09/2000 13:00:00,0,Honda VTR 1000 [2000],World Superbikes,
207,Rider,Bertrand Stey,21.023071014222907,0.9905895172314311,09/09/2000 13:00:00,1,Honda VTR 1000 [2000],World Superbikes,
207,Rider,Bertrand Stey,21.018131468774857,0.988139382280215,14/10/2000 13:00:00,1,Honda VTR 1000 [2000],World Superbikes,
207,Rider,Bertrand Stey,21.01333003417986,0.9858216031321151,09/03/2001 13:00:00,0,Honda VTR 1000 SP [2001],World Superbikes,
207,Rider,Bertrand Stey,21.010211858440904,0.9836547173259743,09/03/2001 13:00:00,1,Honda VTR 1000 SP [2001],World Superbikes,
207,Rider,Bertrand Stey,21.00784710152162,0.9816416643756188,29/03/2001 13:00:00,0,Honda VTR 1000 SP [2001],World Superbikes,
207,Rider,Bertrand Stey,21.006602905597376,0.9797684014453503,30/03/2001 13:00:00,0,Honda VTR 1000 SP [2001],World Superbikes,
207,Rider,Bertrand Stey,21.005182970532537,0.978050298523549,19/04/2001 13:00:00,0,Honda VTR 1000 SP [2001],World Superbikes,
207,Rider,Bertrand Stey,21.006051827339405,0.9764629689963618,20/04/2001 13:00:00,0,Honda VTR 1000 SP [2001],World Superbikes,
207,Rider,Bertrand Stey,21.006233254506093,0.9750367980715705,26/04/2001 13:00:00,0,Honda VTR 1000 SP [2001],World Superbikes,
207,Rider,Bertrand Stey,21.006945833276266,0.9737589602569937,27/04/2001 13:00:00,0,Honda VTR 1000 SP [2001],World Superbikes,
207,Rider,Bertrand Stey,21.007847638354647,0.9726336976832262,10/05/2001 13:00:00,0,Honda VTR 1000 SP [2001],World Superbikes,
207,Rider,Bertrand Stey,21.008672202645133,0.9716639283355772,11/05/2001 13:00:00,0,Honda VTR 1000 SP [2001],World Superbikes,
207,Rider,Bertrand Stey,21.00954408925444,0.9708498393639574,25/05/2001 13:00:00,0,Honda VTR 1000 SP [2001],World Superbikes,
207,Rider,Bertrand Stey,21.01110415017683,0.9701793996746978,25/05/2001 13:00:00,1,Honda VTR 1000 SP [2001],World Superbikes,
207,Rider,Bertrand Stey,21.012652152757195,0.9696606323344689,07/06/2001 13:00:00,0,Honda VTR 1000 SP [2001],World Superbikes,
207,Rider,Bertrand Stey,21.012651662621185,0.9693037746069582,08/06/2001 13:00:00,0,Honda VTR 1000 SP [2001],World Superbikes,
207,Rider,Bertrand Stey,21.01274420779596,0.9691006909484274,21/06/2001 13:00:00,0,Honda VTR 1000 SP [2001],World Superbikes,
207,Rider,Bertrand Stey,21.012150802641752,0.9690582431562221,22/06/2001 13:00:00,0,Honda VTR 1000 SP [2001],World Superbikes,
207,Rider,Bertrand Stey,21.011505914971917,0.9691740992123389,06/07/2001 13:00:00,0,Honda VTR 1000 SP [2001],World Superbikes,
207,Rider,Bertrand Stey,21.011519436143132,0.9694327162699012,07/07/2001 13:00:00,0,Honda VTR 1000 SP [2001],World Superbikes,
207,Rider,Bertrand Stey,21.011762742391923,0.9698404740499793,27/07/2001 13:00:00,0,Honda VTR 1000 SP [2001],World Superbikes,
207,Rider,Bertrand Stey,21.011007651215163,0.9704056650696496,27/07/2001 13:00:00,1,Honda VTR 1000 SP [2001],World Superbikes,
207,Rider,Bertrand Stey,21.009877005212758,0.9711263044560496,30/08/2001 13:00:00,0,Honda VTR 1000 SP [2001],World Superbikes,
207,Rider,Bertrand Stey,21.00799997970817,0.9720035415732183,31/08/2001 13:00:00,0,Honda VTR 1000 SP [2001],World Superbikes,
207,Rider,Bertrand Stey,21.006537238817987,0.973031076640345,27/09/2001 13:00:00,0,Honda VTR 1000 SP [2001],World Superbikes,
207,Rider,Bertrand Stey,21.005537640540116,0.9742139462340678,28/09/2001 13:00:00,0,Honda VTR 1000 SP [2001],World Superbikes,
207,Rider,Bertrand Stey,21.004996092460765,0.9755507751737911,08/03/2002 13:00:00,0,Honda VTR 1000 SP [2002],World Superbikes,
207,Rider,Bertrand Stey,21.003720144348762,0.977028384918404,08/03/2002 13:00:00,1,Honda VTR 1000 SP [2002],World Superbikes,
207,Rider,Bertrand Stey,21.002539888365067,0.9786358850939192,21/03/2002 13:00:00,0,Honda VTR 1000 SP [2002],World Superbikes,
207,Rider,Bertrand Stey,21.002488254379355,0.980333307313375,22/03/2002 13:00:00,0,Honda VTR 1000 SP [2002],World Superbikes,
207,Rider,Bertrand Stey,21.002723040140662,0.982150660124306,04/04/2002 13:00:00,0,Honda VTR 1000 SP [2002],World Superbikes,
207,Rider,Bertrand Stey,21.003187939930758,0.984065112178566,05/04/2002 13:00:00,0,Honda VTR 1000 SP [2002],World Superbikes,
207,Rider,Bertrand Stey,21.003955164449977,0.9860780239803245,09/05/2002 13:00:00,0,Honda VTR 1000 SP [2002],World Superbikes,
207,Rider,Bertrand Stey,21.0048103339666,0.9882287031918535,10/05/2002 13:00:00,0,Honda VTR 1000 SP [2002],World Superbikes,
207,Rider,Bertrand Stey,21.004125259049193,0.9905320872378848,20/06/2002 13:00:00,0,Honda VTR 1000 SP [2002],World Superbikes,
207,Rider,Bertrand Stey,21.00380405946675,0.9929666492665974,21/06/2002 13:00:00,0,Honda VTR 1000 SP [2002],World Superbikes,
207,Rider,Bertrand Stey,21.00359986255214,0.9955404932573066,12/07/2002 13:00:00,0,Honda VTR 1000 SP [2002],World Superbikes,
207,Rider,Bertrand Stey,21.002805772145386,0.9982565426694633,13/07/2002 13:00:00,0,Honda VTR 1000 SP [2002],World Superbikes,
207,Rider,Bertrand Stey,21.00323746392932,1.0010617707453957,26/07/2002 13:00:00,0,Honda VTR 1000 SP [2002],World Superbikes,
207,Rider,Bertrand Stey,21.004427476360753,1.003947591277629,26/07/2002 13:00:00,1,Honda VTR 1000 SP [2002],World Superbikes,
207,Rider,Bertrand Stey,21.005350684900893,1.0069704084678293,16/10/2003 13:00:00,0,Honda VTR 1000 SP2 [2003],World Superbikes,
207,Rider,Bertrand Stey,21.00589758872789,1.010148185184009,17/10/2003 13:00:00,0,Honda VTR 1000 SP2 [2003],World Superbikes,
208,Rider,Daniele Morigi,12.705926318570768,2.52373494663539,05/08/2000 13:00:00,0,Ducati 996 RS2000 [2000],World Superbikes,
208,Rider,Daniele Morigi,12.706134803677111,2.5228982282975694,05/08/2000 13:00:00,1,Ducati 996 RS2000 [2000],World Superbikes,
208,Rider,Daniele Morigi,12.707692531923163,2.5223457239157825,02/09/2000 13:00:00,0,Ducati 996 RS2000 [2000],World Superbikes,
208,Rider,Daniele Morigi,12.709822365334187,2.5222002738413543,02/09/2000 13:00:00,1,Ducati 996 RS2000 [2000],World Superbikes,
208,Rider,Daniele Morigi,12.711351539737674,2.5224754682220127,09/09/2000 13:00:00,0,Ducati 996 RS2000 [2000],World Superbikes,
208,Rider,Daniele Morigi,12.712298219258479,2.5231798064454902,09/09/2000 13:00:00,1,Ducati 996 RS2000 [2000],World Superbikes,
209,Rider,Gérald Muteau,18.19542836064935,2.591013329859319,02/09/2000 13:00:00,0,Honda VTR 1000 [2000],World Superbikes,
209,Rider,Gérald Muteau,18.19400011888464,2.5903555131792513,02/09/2000 13:00:00,1,Honda VTR 1000 [2000],World Superbikes,
209,Rider,Gérald Muteau,18.19214695699456,2.590116961706548,09/09/2000 13:00:00,0,Honda VTR 1000 [2000],World Superbikes,
209,Rider,Gérald Muteau,18.19074013821552,2.590270304277197,09/09/2000 13:00:00,1,Honda VTR 1000 [2000],World Superbikes,
209,Rider,Gérald Muteau,18.18941627022591,2.590840149647534,14/10/2000 13:00:00,0,Honda VTR 1000 [2000],World Superbikes,
209,Rider,Gérald Muteau,18.188964038196833,2.5916612997570714,14/10/2000 13:00:00,1,Honda VTR 1000 [2000],World Superbikes,
210,Rider,Maarten Duyzers,18.091228846100034,4.101280427812663,02/09/2000 13:00:00,0,Suzuki RGB [2000],World Superbikes,
210,Rider,Maarten Duyzers,18.09121021296929,4.101280657198466,02/09/2000 13:00:00,1,Suzuki RGB [2000],World Superbikes,
211,Bike,Suzuki RGB [2000],18.091228846100034,4.101280427812663,02/09/2000 13:00:00,0,,World Superbikes,
211,Bike,Suzuki RGB [2000],18.09121021296929,4.101280657198466,02/09/2000 13:00:00,1,,World Superbikes,
212,Rider,Andre Coers,11.26878607906247,3.7230456946147386,02/09/2000 13:00:00,0,Suzuki GSX-R 750 [2000],World Superbikes,
212,Rider,Andre Coers,11.268771261502138,3.7230454150969563,02/09/2000 13:00:00,1,Suzuki GSX-R 750 [2000],World Superbikes,
213,Rider,Robert van der Molen,12.006152214185708,3.752127964454179,02/09/2000 13:00:00,0,Suzuki GSX-R 750 [2000],World Superbikes,
213,Rider,Robert van der Molen,12.006941294998555,3.75205979276161,02/09/2000 13:00:00,1,Suzuki GSX-R 750 [2000],World Superbikes,
214,Rider,René Prang,20.75895629376236,3.82609156463685,09/09/2000 13:00:00,0,Yamaha [2000],World Superbikes,
214,Rider,René Prang,20.759184745200287,3.8260903305492806,09/09/2000 13:00:00,1,Yamaha [2000],World Superbikes,
215,Bike,Yamaha [2000],18.81535455333713,3.0081179343864632,09/09/2000 13:00:00,0,,World Superbikes,
215,Bike,Yamaha [2000],18.815491432856412,3.007594918700829,09/09/2000 13:00:00,1,,World Superbikes,
215,Bike,Yamaha [2000],18.815792521454473,3.007417109624783,14/10/2000 13:00:00,0,,World Superbikes,
215,Bike,Yamaha [2000],18.81635014513538,3.0077526145475004,14/10/2000 13:00:00,1,,World Superbikes,
216,Bike,Aprilia RSV 1000 [2001],28.156683908099403,1.0561582327948245,09/03/2001 13:00:00,0,,World Superbikes,
216,Bike,Aprilia RSV 1000 [2001],28.156631360915544,1.0531286686186312,09/03/2001 13:00:00,1,,World Superbikes,
216,Bike,Aprilia RSV 1000 [2001],28.155694779640367,1.0502448981137482,10/03/2001 13:00:00,0,,World Superbikes,
216,Bike,Aprilia RSV 1000 [2001],28.15319945096335,1.04749586977747,29/03/2001 13:00:00,0,,World Superbikes,
216,Bike,Aprilia RSV 1000 [2001],28.15138561344144,1.044921358494804,30/03/2001 13:00:00,0,,World Superbikes,
216,Bike,Aprilia RSV 1000 [2001],28.148907407148435,1.0425075448335517,31/03/2001 13:00:00,0,,World Superbikes,
216,Bike,Aprilia RSV 1000 [2001],28.14678171995585,1.040258650794069,19/04/2001 13:00:00,0,,World Superbikes,
216,Bike,Aprilia RSV 1000 [2001],28.143634560410586,1.0381630145599048,20/04/2001 13:00:00,0,,World Superbikes,
216,Bike,Aprilia RSV 1000 [2001],28.1409080913395,1.0362360151365784,20/04/2001 13:00:00,1,,World Superbikes,
216,Bike,Aprilia RSV 1000 [2001],28.13738676412892,1.0344480107835443,26/04/2001 13:00:00,0,,World Superbikes,
216,Bike,Aprilia RSV 1000 [2001],28.134342992351193,1.032833147219699,27/04/2001 13:00:00,0,,World Superbikes,
216,Bike,Aprilia RSV 1000 [2001],28.131168186489436,1.0313878250752335,27/04/2001 13:00:00,1,,World Superbikes,
216,Bike,Aprilia RSV 1000 [2001],28.128500619861928,1.0301078391415577,10/05/2001 13:00:00,0,,World Superbikes,
216,Bike,Aprilia RSV 1000 [2001],28.12587366981317,1.028993738225533,11/05/2001 13:00:00,0,,World Superbikes,
216,Bike,Aprilia RSV 1000 [2001],28.12292428037794,1.0280491299052112,12/05/2001 13:00:00,0,,World Superbikes,
216,Bike,Aprilia RSV 1000 [2001],28.11987501560554,1.0272704806997006,25/05/2001 13:00:00,0,,World Superbikes,
216,Bike,Aprilia RSV 1000 [2001],28.117749717976757,1.026665599706339,25/05/2001 13:00:00,1,,World Superbikes,
216,Bike,Aprilia RSV 1000 [2001],28.116646416395337,1.026233523451549,26/05/2001 13:00:00,0,,World Superbikes,
216,Bike,Aprilia RSV 1000 [2001],28.11662980373118,1.0259672709057466,07/06/2001 13:00:00,0,,World Superbikes,
216,Bike,Aprilia RSV 1000 [2001],28.117703254056806,1.0258746206075695,08/06/2001 13:00:00,0,,World Superbikes,
216,Bike,Aprilia RSV 1000 [2001],28.118010632479518,1.0259229257213591,09/06/2001 13:00:00,0,,World Superbikes,
216,Bike,Aprilia RSV 1000 [2001],28.11829956476934,1.0261276508339545,21/06/2001 13:00:00,0,,World Superbikes,
216,Bike,Aprilia RSV 1000 [2001],28.118495798893747,1.0265002413531847,22/06/2001 13:00:00,0,,World Superbikes,
216,Bike,Aprilia RSV 1000 [2001],28.118163352650516,1.0270412565052642,23/06/2001 13:00:00,0,,World Superbikes,
216,Bike,Aprilia RSV 1000 [2001],28.116924038919095,1.0277401951918566,06/07/2001 13:00:00,0,,World Superbikes,
216,Bike,Aprilia RSV 1000 [2001],28.11598483467653,1.0286098343394328,07/07/2001 13:00:00,0,,World Superbikes,
216,Bike,Aprilia RSV 1000 [2001],28.1158378601103,1.0296452713929358,07/07/2001 13:00:00,1,,World Superbikes,
216,Bike,Aprilia RSV 1000 [2001],28.116080072096736,1.030843641390466,27/07/2001 13:00:00,0,,World Superbikes,
216,Bike,Aprilia RSV 1000 [2001],28.11592418022855,1.0322122495324726,27/07/2001 13:00:00,1,,World Superbikes,
216,Bike,Aprilia RSV 1000 [2001],28.116330647811736,1.0337561812919993,28/07/2001 13:00:00,0,,World Superbikes,
216,Bike,Aprilia RSV 1000 [2001],28.11734041130859,1.0354718956338516,30/08/2001 13:00:00,0,,World Superbikes,
216,Bike,Aprilia RSV 1000 [2001],28.11758253004489,1.0373304193415784,31/08/2001 13:00:00,0,,World Superbikes,
216,Bike,Aprilia RSV 1000 [2001],28.117477323193647,1.0393508292143052,01/09/2001 13:00:00,0,,World Superbikes,
216,Bike,Aprilia RSV 1000 [2001],28.116983469484474,1.0415299960887132,06/09/2001 13:00:00,0,,World Superbikes,
216,Bike,Aprilia RSV 1000 [2001],28.11645225258343,1.0438726391753386,07/09/2001 13:00:00,0,,World Superbikes,
216,Bike,Aprilia RSV 1000 [2001],28.116977572767695,1.0463876427876073,08/09/2001 13:00:00,0,,World Superbikes,
216,Bike,Aprilia RSV 1000 [2001],28.11849900996749,1.0490756695469738,27/09/2001 13:00:00,0,,World Superbikes,
216,Bike,Aprilia RSV 1000 [2001],28.120339220085114,1.051938559607091,28/09/2001 13:00:00,0,,World Superbikes,
216,Bike,Aprilia RSV 1000 [2001],28.121752789698647,1.0549740536152221,29/09/2001 13:00:00,0,,World Superbikes,
217,Bike,Kawasaki ZX-7 RR [2001],24.081370595318557,1.0748596078640276,09/03/2001 13:00:00,0,,World Superbikes,
217,Bike,Kawasaki ZX-7 RR [2001],24.08090105932794,1.071906893386962,09/03/2001 13:00:00,1,,World Superbikes,
217,Bike,Kawasaki ZX-7 RR [2001],24.08083449333347,1.0691218357956904,10/03/2001 13:00:00,0,,World Superbikes,
217,Bike,Kawasaki ZX-7 RR [2001],24.08050712839342,1.0665079204031724,29/03/2001 13:00:00,0,,World Superbikes,
217,Bike,Kawasaki ZX-7 RR [2001],24.080107005410525,1.0640598380462813,30/03/2001 13:00:00,0,,World Superbikes,
217,Bike,Kawasaki ZX-7 RR [2001],24.07936393176025,1.0617770953712062,31/03/2001 13:00:00,0,,World Superbikes,
217,Bike,Kawasaki ZX-7 RR [2001],24.078549961643425,1.0596652660343133,19/04/2001 13:00:00,0,,World Superbikes,
217,Bike,Kawasaki ZX-7 RR [2001],24.07757675744369,1.0577242041650619,20/04/2001 13:00:00,0,,World Superbikes,
217,Bike,Kawasaki ZX-7 RR [2001],24.07595650609582,1.0559583297978428,20/04/2001 13:00:00,1,,World Superbikes,
217,Bike,Kawasaki ZX-7 RR [2001],24.07446596353478,1.0543621535498906,26/04/2001 13:00:00,0,,World Superbikes,
217,Bike,Kawasaki ZX-7 RR [2001],24.072579495245922,1.0529252743773416,27/04/2001 13:00:00,0,,World Superbikes,
217,Bike,Kawasaki ZX-7 RR [2001],24.07015023722559,1.0516473877574015,27/04/2001 13:00:00,1,,World Superbikes,
217,Bike,Kawasaki ZX-7 RR [2001],24.067013253384403,1.050533643733885,10/05/2001 13:00:00,0,,World Superbikes,
217,Bike,Kawasaki ZX-7 RR [2001],24.064020661923955,1.0495859994338281,11/05/2001 13:00:00,0,,World Superbikes,
217,Bike,Kawasaki ZX-7 RR [2001],24.06127318877958,1.0488045711412464,12/05/2001 13:00:00,0,,World Superbikes,
217,Bike,Kawasaki ZX-7 RR [2001],24.05779103292995,1.0481874252416066,25/05/2001 13:00:00,0,,World Superbikes,
217,Bike,Kawasaki ZX-7 RR [2001],24.05507654602146,1.0477288451481133,25/05/2001 13:00:00,1,,World Superbikes,
217,Bike,Kawasaki ZX-7 RR [2001],24.052214044632763,1.0474323793952245,26/05/2001 13:00:00,0,,World Superbikes,
217,Bike,Kawasaki ZX-7 RR [2001],24.049285303978394,1.0473028175780839,07/06/2001 13:00:00,0,,World Superbikes,
217,Bike,Kawasaki ZX-7 RR [2001],24.046397425955323,1.0473440533242349,08/06/2001 13:00:00,0,,World Superbikes,
217,Bike,Kawasaki ZX-7 RR [2001],24.04314029291707,1.047553830687928,09/06/2001 13:00:00,0,,World Superbikes,
217,Bike,Kawasaki ZX-7 RR [2001],24.04056447181875,1.0479245592597968,21/06/2001 13:00:00,0,,World Superbikes,
217,Bike,Kawasaki ZX-7 RR [2001],24.038618127443378,1.048462856520942,22/06/2001 13:00:00,0,,World Superbikes,
217,Bike,Kawasaki ZX-7 RR [2001],24.03661054266249,1.0491713660007842,23/06/2001 13:00:00,0,,World Superbikes,
217,Bike,Kawasaki ZX-7 RR [2001],24.034258161754416,1.0500514061821657,06/07/2001 13:00:00,0,,World Superbikes,
217,Bike,Kawasaki ZX-7 RR [2001],24.031929111784713,1.0510836028702917,07/07/2001 13:00:00,0,,World Superbikes,
217,Bike,Kawasaki ZX-7 RR [2001],24.029477059982568,1.0522731262187839,07/07/2001 13:00:00,1,,World Superbikes,
217,Bike,Kawasaki ZX-7 RR [2001],24.027325099175634,1.0536141593445214,27/07/2001 13:00:00,0,,World Superbikes,
217,Bike,Kawasaki ZX-7 RR [2001],24.025685398283443,1.0550907622528536,27/07/2001 13:00:00,1,,World Superbikes,
217,Bike,Kawasaki ZX-7 RR [2001],24.024549047123106,1.0567116455014716,28/07/2001 13:00:00,0,,World Superbikes,
217,Bike,Kawasaki ZX-7 RR [2001],24.02333953568093,1.058507855265853,30/08/2001 13:00:00,0,,World Superbikes,
217,Bike,Kawasaki ZX-7 RR [2001],24.022376595151947,1.0604616067139037,31/08/2001 13:00:00,0,,World Superbikes,
217,Bike,Kawasaki ZX-7 RR [2001],24.02175089581722,1.0625739714636078,01/09/2001 13:00:00,0,,World Superbikes,
217,Bike,Kawasaki ZX-7 RR [2001],24.021088825079943,1.064857187135029,06/09/2001 13:00:00,0,,World Superbikes,
217,Bike,Kawasaki ZX-7 RR [2001],24.020311322961472,1.067289637484632,07/09/2001 13:00:00,0,,World Superbikes,
217,Bike,Kawasaki ZX-7 RR [2001],24.01894913465234,1.0698797668034494,08/09/2001 13:00:00,0,,World Superbikes,
217,Bike,Kawasaki ZX-7 RR [2001],24.01610582966162,1.0726428171534874,27/09/2001 13:00:00,0,,World Superbikes,
217,Bike,Kawasaki ZX-7 RR [2001],24.01466342099593,1.075584125715535,28/09/2001 13:00:00,0,,World Superbikes,
218,Bike,Ducati 996 R F01 [2001],31.087703839226275,1.0640481979861038,09/03/2001 13:00:00,0,,World Superbikes,
218,Bike,Ducati 996 R F01 [2001],31.088053418715408,1.0610702050446175,09/03/2001 13:00:00,1,,World Superbikes,
218,Bike,Ducati 996 R F01 [2001],31.087921852975953,1.0582584135162898,10/03/2001 13:00:00,0,,World Superbikes,
218,Bike,Ducati 996 R F01 [2001],31.08806422005648,1.0556166192513365,29/03/2001 13:00:00,0,,World Superbikes,
218,Bike,Ducati 996 R F01 [2001],31.087726636323357,1.0531352000527403,30/03/2001 13:00:00,0,,World Superbikes,
218,Bike,Ducati 996 R F01 [2001],31.087259311553293,1.0508147586213992,31/03/2001 13:00:00,0,,World Superbikes,
218,Bike,Ducati 996 R F01 [2001],31.08617996353748,1.0486440182984789,19/04/2001 13:00:00,0,,World Superbikes,
218,Bike,Ducati 996 R F01 [2001],31.08473581347935,1.0466276164981316,20/04/2001 13:00:00,0,,World Superbikes,
218,Bike,Ducati 996 R F01 [2001],31.08339538115891,1.0447636905519873,20/04/2001 13:00:00,1,,World Superbikes,
218,Bike,Ducati 996 R F01 [2001],31.082482404537643,1.0430654048680903,26/04/2001 13:00:00,0,,World Superbikes,
218,Bike,Ducati 996 R F01 [2001],31.082683902172615,1.0415482207572668,27/04/2001 13:00:00,0,,World Superbikes,
218,Bike,Ducati 996 R F01 [2001],31.084371664269003,1.0402116411729097,27/04/2001 13:00:00,1,,World Superbikes,
218,Bike,Ducati 996 R F01 [2001],31.08545517959146,1.0390439596071543,10/05/2001 13:00:00,0,,World Superbikes,
218,Bike,Ducati 996 R F01 [2001],31.085962571870656,1.0380214519275897,11/05/2001 13:00:00,0,,World Superbikes,
218,Bike,Ducati 996 R F01 [2001],31.086043409643395,1.037162843089946,12/05/2001 13:00:00,0,,World Superbikes,
218,Bike,Ducati 996 R F01 [2001],31.085630787817383,1.0364517265045612,25/05/2001 13:00:00,0,,World Superbikes,
218,Bike,Ducati 996 R F01 [2001],31.084771321014728,1.0359088121905622,25/05/2001 13:00:00,1,,World Superbikes,
218,Bike,Ducati 996 R F01 [2001],31.08442813574,1.0355409830064217,26/05/2001 13:00:00,0,,World Superbikes,
218,Bike,Ducati 996 R F01 [2001],31.083726398938165,1.0353374918694804,07/06/2001 13:00:00,0,,World Superbikes,
218,Bike,Ducati 996 R F01 [2001],31.084912873451888,1.0353085216983469,08/06/2001 13:00:00,0,,World Superbikes,
218,Bike,Ducati 996 R F01 [2001],31.086611977472263,1.0354448813410209,09/06/2001 13:00:00,0,,World Superbikes,
218,Bike,Ducati 996 R F01 [2001],31.089369746560248,1.0357476680271567,21/06/2001 13:00:00,0,,World Superbikes,
218,Bike,Ducati 996 R F01 [2001],31.091330275400505,1.0361944416070874,22/06/2001 13:00:00,0,,World Superbikes,
218,Bike,Ducati 996 R F01 [2001],31.092898776930344,1.0367920194749853,23/06/2001 13:00:00,0,,World Superbikes,
218,Bike,Ducati 996 R F01 [2001],31.09512839931443,1.0375544482239967,06/07/2001 13:00:00,0,,World Superbikes,
218,Bike,Ducati 996 R F01 [2001],31.097004075826064,1.0384743368848144,07/07/2001 13:00:00,0,,World Superbikes,
218,Bike,Ducati 996 R F01 [2001],31.098181055105318,1.0395415617733328,07/07/2001 13:00:00,1,,World Superbikes,
218,Bike,Ducati 996 R F01 [2001],31.09943095878896,1.040761652628219,27/07/2001 13:00:00,0,,World Superbikes,
218,Bike,Ducati 996 R F01 [2001],31.101293116690403,1.0421577857354647,27/07/2001 13:00:00,1,,World Superbikes,
218,Bike,Ducati 996 R F01 [2001],31.103315280843677,1.0437290417112153,28/07/2001 13:00:00,0,,World Superbikes,
218,Bike,Ducati 996 R F01 [2001],31.106671177609574,1.0454551345486953,30/08/2001 13:00:00,0,,World Superbikes,
218,Bike,Ducati 996 R F01 [2001],31.10918611236927,1.0473382522602277,31/08/2001 13:00:00,0,,World Superbikes,
218,Bike,Ducati 996 R F01 [2001],31.111249148882635,1.0493778089889048,01/09/2001 13:00:00,0,,World Superbikes,
218,Bike,Ducati 996 R F01 [2001],31.113044307539525,1.05158342347415,06/09/2001 13:00:00,0,,World Superbikes,
218,Bike,Ducati 996 R F01 [2001],31.11446324275737,1.0539459325158542,07/09/2001 13:00:00,0,,World Superbikes,
218,Bike,Ducati 996 R F01 [2001],31.116102473726134,1.0564798322548064,08/09/2001 13:00:00,0,,World Superbikes,
218,Bike,Ducati 996 R F01 [2001],31.117387873864743,1.0591569373321363,27/09/2001 13:00:00,0,,World Superbikes,
218,Bike,Ducati 996 R F01 [2001],31.11759186654362,1.0619873850904669,28/09/2001 13:00:00,0,,World Superbikes,
218,Bike,Ducati 996 R F01 [2001],31.116824669917992,1.0649691103320063,29/09/2001 13:00:00,0,,World Superbikes,
219,Bike,Ducati 996 RS [2001],26.42897391572662,1.0627965304654474,09/03/2001 13:00:00,0,,World Superbikes,
219,Bike,Ducati 996 RS [2001],26.429140678022552,1.0598086676385516,09/03/2001 13:00:00,1,,World Superbikes,
219,Bike,Ducati 996 RS [2001],26.42936903967929,1.0569886505282229,10/03/2001 13:00:00,0,,World Superbikes,
219,Bike,Ducati 996 RS [2001],26.43008620623471,1.0543205783908152,29/03/2001 13:00:00,0,,World Superbikes,
219,Bike,Ducati 996 RS [2001],26.431046205653992,1.051823150360894,30/03/2001 13:00:00,0,,World Superbikes,
219,Bike,Ducati 996 RS [2001],26.432238443217578,1.0494913087952054,31/03/2001 13:00:00,0,,World Superbikes,
219,Bike,Ducati 996 RS [2001],26.43361505983481,1.0473192898548875,19/04/2001 13:00:00,0,,World Superbikes,
219,Bike,Ducati 996 RS [2001],26.435226267464998,1.0453206656862652,20/04/2001 13:00:00,0,,World Superbikes,
219,Bike,Ducati 996 RS [2001],26.43748506457013,1.043494069453264,20/04/2001 13:00:00,1,,World Superbikes,
219,Bike,Ducati 996 RS [2001],26.43902567799724,1.0418237377569615,26/04/2001 13:00:00,0,,World Superbikes,
219,Bike,Ducati 996 RS [2001],26.440988818788973,1.0403259944766277,27/04/2001 13:00:00,0,,World Superbikes,
219,Bike,Ducati 996 RS [2001],26.44334938390481,1.0390002764228032,27/04/2001 13:00:00,1,,World Superbikes,
219,Bike,Ducati 996 RS [2001],26.44572282252424,1.0378460149765996,10/05/2001 13:00:00,0,,World Superbikes,
219,Bike,Ducati 996 RS [2001],26.447870913555676,1.0368589339349328,11/05/2001 13:00:00,0,,World Superbikes,
219,Bike,Ducati 996 RS [2001],26.45033307351732,1.0360392287810758,12/05/2001 13:00:00,0,,World Superbikes,
219,Bike,Ducati 996 RS [2001],26.452987969573247,1.0353596369693916,25/05/2001 13:00:00,0,,World Superbikes,
219,Bike,Ducati 996 RS [2001],26.455297048347372,1.0348424777352816,25/05/2001 13:00:00,1,,World Superbikes,
219,Bike,Ducati 996 RS [2001],26.457518788270253,1.0344892245634745,26/05/2001 13:00:00,0,,World Superbikes,
219,Bike,Ducati 996 RS [2001],26.459689630593218,1.034279957379089,07/06/2001 13:00:00,0,,World Superbikes,
219,Bike,Ducati 996 RS [2001],26.461456249603717,1.0342326588344282,08/06/2001 13:00:00,0,,World Superbikes,
219,Bike,Ducati 996 RS [2001],26.463233062458432,1.0343489740304408,09/06/2001 13:00:00,0,,World Superbikes,
219,Bike,Ducati 996 RS [2001],26.464119772749243,1.0345975888906234,21/06/2001 13:00:00,0,,World Superbikes,
219,Bike,Ducati 996 RS [2001],26.464900657754175,1.035009826863881,22/06/2001 13:00:00,0,,World Superbikes,
219,Bike,Ducati 996 RS [2001],26.465670172550443,1.0355896484095708,23/06/2001 13:00:00,0,,World Superbikes,
219,Bike,Ducati 996 RS [2001],26.466424640888317,1.0363056219541535,06/07/2001 13:00:00,0,,World Superbikes,
219,Bike,Ducati 996 RS [2001],26.467267875451885,1.0371873918252283,07/07/2001 13:00:00,0,,World Superbikes,
219,Bike,Ducati 996 RS [2001],26.468305879994194,1.0382358774778373,07/07/2001 13:00:00,1,,World Superbikes,
219,Bike,Ducati 996 RS [2001],26.46871596352373,1.039441085584883,27/07/2001 13:00:00,0,,World Superbikes,
219,Bike,Ducati 996 RS [2001],26.46926997399027,1.0408132596395725,27/07/2001 13:00:00,1,,World Superbikes,
219,Bike,Ducati 996 RS [2001],26.469620528693618,1.042356753298792,28/07/2001 13:00:00,0,,World Superbikes,
219,Bike,Ducati 996 RS [2001],26.468278455123173,1.0440507288163718,30/08/2001 13:00:00,0,,World Superbikes,
219,Bike,Ducati 996 RS [2001],26.467443481910983,1.045910521926114,31/08/2001 13:00:00,0,,World Superbikes,
219,Bike,Ducati 996 RS [2001],26.46646959548638,1.0479359782318687,01/09/2001 13:00:00,0,,World Superbikes,
219,Bike,Ducati 996 RS [2001],26.465264501727294,1.050108797474326,06/09/2001 13:00:00,0,,World Superbikes,
219,Bike,Ducati 996 RS [2001],26.464243085926412,1.0524502862034448,07/09/2001 13:00:00,0,,World Superbikes,
219,Bike,Ducati 996 RS [2001],26.462689162705406,1.0549648246177408,08/09/2001 13:00:00,0,,World Superbikes,
219,Bike,Ducati 996 RS [2001],26.461831048883937,1.0576289829050904,27/09/2001 13:00:00,0,,World Superbikes,
219,Bike,Ducati 996 RS [2001],26.46098537824387,1.0604610846711302,28/09/2001 13:00:00,0,,World Superbikes,
219,Bike,Ducati 996 RS [2001],26.46020537400927,1.0634634299807526,29/09/2001 13:00:00,0,,World Superbikes,
220,Bike,Honda VTR 1000 SP [2001],28.49409396868489,1.050905679955084,09/03/2001 13:00:00,0,,World Superbikes,
220,Bike,Honda VTR 1000 SP [2001],28.495619870811613,1.047885069887089,09/03/2001 13:00:00,1,,World Superbikes,
220,Bike,Honda VTR 1000 SP [2001],28.49700227354346,1.045032250908597,10/03/2001 13:00:00,0,,World Superbikes,
220,Bike,Honda VTR 1000 SP [2001],28.49791618774823,1.0423420734023592,29/03/2001 13:00:00,0,,World Superbikes,
220,Bike,Honda VTR 1000 SP [2001],28.49863700557367,1.0398125248010748,30/03/2001 13:00:00,0,,World Superbikes,
220,Bike,Honda VTR 1000 SP [2001],28.49933722898566,1.0374493878210562,31/03/2001 13:00:00,0,,World Superbikes,
220,Bike,Honda VTR 1000 SP [2001],28.499392906154696,1.0352461180508299,19/04/2001 13:00:00,0,,World Superbikes,
220,Bike,Honda VTR 1000 SP [2001],28.500109980525593,1.0332023642171082,20/04/2001 13:00:00,0,,World Superbikes,
220,Bike,Honda VTR 1000 SP [2001],28.5004203344083,1.031325237821908,20/04/2001 13:00:00,1,,World Superbikes,
220,Bike,Honda VTR 1000 SP [2001],28.500635327739783,1.0296084289918055,26/04/2001 13:00:00,0,,World Superbikes,
220,Bike,Honda VTR 1000 SP [2001],28.499598558365374,1.0280410949279655,27/04/2001 13:00:00,0,,World Superbikes,
220,Bike,Honda VTR 1000 SP [2001],28.497587849980018,1.0266283645378793,27/04/2001 13:00:00,1,,World Superbikes,
220,Bike,Honda VTR 1000 SP [2001],28.494040960116298,1.0253611090007047,10/05/2001 13:00:00,0,,World Superbikes,
220,Bike,Honda VTR 1000 SP [2001],28.491163755104832,1.0242612141942729,11/05/2001 13:00:00,0,,World Superbikes,
220,Bike,Honda VTR 1000 SP [2001],28.488027357279783,1.0233257383027623,12/05/2001 13:00:00,0,,World Superbikes,
220,Bike,Honda VTR 1000 SP [2001],28.48537124178863,1.0225524105427723,25/05/2001 13:00:00,0,,World Superbikes,
220,Bike,Honda VTR 1000 SP [2001],28.482966068221177,1.0219437980742825,25/05/2001 13:00:00,1,,World Superbikes,
220,Bike,Honda VTR 1000 SP [2001],28.480438109289185,1.0215020153838188,26/05/2001 13:00:00,0,,World Superbikes,
220,Bike,Honda VTR 1000 SP [2001],28.478364052152543,1.021217581082223,07/06/2001 13:00:00,0,,World Superbikes,
220,Bike,Honda VTR 1000 SP [2001],28.475842938616008,1.0211029641109468,08/06/2001 13:00:00,0,,World Superbikes,
220,Bike,Honda VTR 1000 SP [2001],28.473535733424615,1.0211564316455375,09/06/2001 13:00:00,0,,World Superbikes,
220,Bike,Honda VTR 1000 SP [2001],28.47039983017766,1.021365925161636,21/06/2001 13:00:00,0,,World Superbikes,
220,Bike,Honda VTR 1000 SP [2001],28.466725116733826,1.0217402950901162,22/06/2001 13:00:00,0,,World Superbikes,
220,Bike,Honda VTR 1000 SP [2001],28.462633503837484,1.0222780607170925,23/06/2001 13:00:00,0,,World Superbikes,
220,Bike,Honda VTR 1000 SP [2001],28.45866769977614,1.022974184623634,06/07/2001 13:00:00,0,,World Superbikes,
220,Bike,Honda VTR 1000 SP [2001],28.4549811526765,1.0238328419669382,07/07/2001 13:00:00,0,,World Superbikes,
220,Bike,Honda VTR 1000 SP [2001],28.451303400435403,1.0248578907346801,07/07/2001 13:00:00,1,,World Superbikes,
220,Bike,Honda VTR 1000 SP [2001],28.447705706383715,1.0260486727731986,27/07/2001 13:00:00,0,,World Superbikes,
220,Bike,Honda VTR 1000 SP [2001],28.44400501662715,1.0274112879541784,27/07/2001 13:00:00,1,,World Superbikes,
220,Bike,Honda VTR 1000 SP [2001],28.4399382079745,1.0289283869935433,28/07/2001 13:00:00,0,,World Superbikes,
220,Bike,Honda VTR 1000 SP [2001],28.435952355998,1.0306101051506744,30/08/2001 13:00:00,0,,World Superbikes,
220,Bike,Honda VTR 1000 SP [2001],28.431513274822418,1.0324585992502777,31/08/2001 13:00:00,0,,World Superbikes,
220,Bike,Honda VTR 1000 SP [2001],28.427986715047375,1.0344739938334993,01/09/2001 13:00:00,0,,World Superbikes,
220,Bike,Honda VTR 1000 SP [2001],28.42455776789836,1.0366522311253676,06/09/2001 13:00:00,0,,World Superbikes,
220,Bike,Honda VTR 1000 SP [2001],28.422201708259458,1.039003126671258,07/09/2001 13:00:00,0,,World Superbikes,
220,Bike,Honda VTR 1000 SP [2001],28.42104690993007,1.0415258952930702,08/09/2001 13:00:00,0,,World Superbikes,
220,Bike,Honda VTR 1000 SP [2001],28.420467216147912,1.0442192614619594,27/09/2001 13:00:00,0,,World Superbikes,
220,Bike,Honda VTR 1000 SP [2001],28.419708160391718,1.0470800482844653,28/09/2001 13:00:00,0,,World Superbikes,
220,Bike,Honda VTR 1000 SP [2001],28.419245044544432,1.0501125749496145,29/09/2001 13:00:00,0,,World Superbikes,
221,Rider,Regis Laconi,38.00306882658766,0.7298395559795664,09/03/2001 13:00:00,0,Aprilia RSV 1000 [2001],World Superbikes,
221,Rider,Regis Laconi,38.00485236171827,0.7252685412468223,09/03/2001 13:00:00,1,Aprilia RSV 1000 [2001],World Superbikes,
221,Rider,Regis Laconi,38.006270084531145,0.7207908359779136,10/03/2001 13:00:00,0,Aprilia RSV 1000 [2001],World Superbikes,
221,Rider,Regis Laconi,38.005970376919684,0.7163911860308393,29/03/2001 13:00:00,0,Aprilia RSV 1000 [2001],World Superbikes,
221,Rider,Regis Laconi,38.00631824337475,0.7120843572665089,30/03/2001 13:00:00,0,Aprilia RSV 1000 [2001],World Superbikes,
221,Rider,Regis Laconi,38.00602928181017,0.7078649324466624,31/03/2001 13:00:00,0,Aprilia RSV 1000 [2001],World Superbikes,
221,Rider,Regis Laconi,38.006344320906585,0.7037308340914424,19/04/2001 13:00:00,0,Aprilia RSV 1000 [2001],World Superbikes,
221,Rider,Regis Laconi,38.00536568317474,0.6996759448154142,20/04/2001 13:00:00,0,Aprilia RSV 1000 [2001],World Superbikes,
221,Rider,Regis Laconi,38.00494090111655,0.6957086063994379,20/04/2001 13:00:00,1,Aprilia RSV 1000 [2001],World Superbikes,
221,Rider,Regis Laconi,38.004328870511515,0.6918217107961796,26/04/2001 13:00:00,0,Aprilia RSV 1000 [2001],World Superbikes,
221,Rider,Regis Laconi,38.00488622409979,0.688022747060939,27/04/2001 13:00:00,0,Aprilia RSV 1000 [2001],World Superbikes,
221,Rider,Regis Laconi,38.005707194865316,0.6843111848836779,27/04/2001 13:00:00,1,Aprilia RSV 1000 [2001],World Superbikes,
221,Rider,Regis Laconi,38.00755230953384,0.6806779038675702,10/05/2001 13:00:00,0,Aprilia RSV 1000 [2001],World Superbikes,
221,Rider,Regis Laconi,38.01174336340245,0.6771270042359603,11/05/2001 13:00:00,0,Aprilia RSV 1000 [2001],World Superbikes,
221,Rider,Regis Laconi,38.01651308368534,0.6736566528192927,12/05/2001 13:00:00,0,Aprilia RSV 1000 [2001],World Superbikes,
221,Rider,Regis Laconi,38.02210677622036,0.6702612030182088,25/05/2001 13:00:00,0,Aprilia RSV 1000 [2001],World Superbikes,
221,Rider,Regis Laconi,38.028424979227545,0.6669443480544609,25/05/2001 13:00:00,1,Aprilia RSV 1000 [2001],World Superbikes,
221,Rider,Regis Laconi,38.03621143409237,0.6637047454826935,07/06/2001 13:00:00,0,Aprilia RSV 1000 [2001],World Superbikes,
221,Rider,Regis Laconi,38.045427532926844,0.6605437298020423,08/06/2001 13:00:00,0,Aprilia RSV 1000 [2001],World Superbikes,
221,Rider,Regis Laconi,38.05451153313744,0.6574565830116648,09/06/2001 13:00:00,0,Aprilia RSV 1000 [2001],World Superbikes,
221,Rider,Regis Laconi,38.06415525126764,0.6544395679238945,21/06/2001 13:00:00,0,Aprilia RSV 1000 [2001],World Superbikes,
221,Rider,Regis Laconi,38.07464611673278,0.6514961479640735,22/06/2001 13:00:00,0,Aprilia RSV 1000 [2001],World Superbikes,
221,Rider,Regis Laconi,38.08630840154226,0.6486251185002226,23/06/2001 13:00:00,0,Aprilia RSV 1000 [2001],World Superbikes,
221,Rider,Regis Laconi,38.097459211430156,0.6458175301151308,06/07/2001 13:00:00,0,Aprilia RSV 1000 [2001],World Superbikes,
221,Rider,Regis Laconi,38.10877007694018,0.6430783525290624,07/07/2001 13:00:00,0,Aprilia RSV 1000 [2001],World Superbikes,
221,Rider,Regis Laconi,38.12197450222777,0.6404066211307476,07/07/2001 13:00:00,1,Aprilia RSV 1000 [2001],World Superbikes,
221,Rider,Regis Laconi,38.136257815250886,0.637797256779805,27/07/2001 13:00:00,0,Aprilia RSV 1000 [2001],World Superbikes,
221,Rider,Regis Laconi,38.149877000278416,0.635252877791071,27/07/2001 13:00:00,1,Aprilia RSV 1000 [2001],World Superbikes,
221,Rider,Regis Laconi,38.16364418944151,0.6327740395184304,28/07/2001 13:00:00,0,Aprilia RSV 1000 [2001],World Superbikes,
221,Rider,Regis Laconi,38.17761870732239,0.6303573250840815,30/08/2001 13:00:00,0,Aprilia RSV 1000 [2001],World Superbikes,
221,Rider,Regis Laconi,38.19158356791431,0.6280013383911319,31/08/2001 13:00:00,0,Aprilia RSV 1000 [2001],World Superbikes,
221,Rider,Regis Laconi,38.20550654845521,0.6257057252826103,01/09/2001 13:00:00,0,Aprilia RSV 1000 [2001],World Superbikes,
221,Rider,Regis Laconi,38.219383516230806,0.6234660644587319,06/09/2001 13:00:00,0,Aprilia RSV 1000 [2001],World Superbikes,
221,Rider,Regis Laconi,38.23381035796405,0.6212863014742541,07/09/2001 13:00:00,0,Aprilia RSV 1000 [2001],World Superbikes,
221,Rider,Regis Laconi,38.25016065317484,0.6191660760999651,08/09/2001 13:00:00,0,Aprilia RSV 1000 [2001],World Superbikes,
221,Rider,Regis Laconi,38.26735880697558,0.6171010961084604,27/09/2001 13:00:00,0,Aprilia RSV 1000 [2001],World Superbikes,
221,Rider,Regis Laconi,38.28399578638109,0.6150889237390166,28/09/2001 13:00:00,0,Aprilia RSV 1000 [2001],World Superbikes,
221,Rider,Regis Laconi,38.29957062321984,0.6131243389742813,29/09/2001 13:00:00,0,Aprilia RSV 1000 [2001],World Superbikes,
221,Rider,Regis Laconi,38.31350683509227,0.6111995891975582,28/02/2003 13:00:00,0,Ducati 998 RS [2003],World Superbikes,
221,Rider,Regis Laconi,38.32875394813467,0.6093277225385383,28/02/2003 13:00:00,1,Ducati 998 RS [2003],World Superbikes,
221,Rider,Regis Laconi,38.34502321675605,0.6075070617085638,01/03/2003 13:00:00,0,Ducati 998 RS [2003],World Superbikes,
221,Rider,Regis Laconi,38.36160408219117,0.6057333649990893,27/03/2003 13:00:00,0,Ducati 998 RS [2003],World Superbikes,
221,Rider,Regis Laconi,38.37722684812165,0.6039963231586535,28/03/2003 13:00:00,0,Ducati 998 RS [2003],World Superbikes,
221,Rider,Regis Laconi,38.39340841361102,0.6023056697806328,28/03/2003 13:00:00,1,Ducati 998 RS [2003],World Superbikes,
221,Rider,Regis Laconi,38.41128844069745,0.6006605975652247,24/04/2003 13:00:00,0,Ducati 998 RS [2003],World Superbikes,
221,Rider,Regis Laconi,38.42812916288107,0.5990510257590707,25/04/2003 13:00:00,0,Ducati 998 RS [2003],World Superbikes,
221,Rider,Regis Laconi,38.444351964138896,0.5974809036661513,25/04/2003 13:00:00,1,Ducati 998 RS [2003],World Superbikes,
221,Rider,Regis Laconi,38.45893774008739,0.5959286307782697,15/05/2003 13:00:00,0,Ducati 998 RS [2003],World Superbikes,
221,Rider,Regis Laconi,38.473282772949865,0.5944156157822752,16/05/2003 13:00:00,0,Ducati 998 RS [2003],World Superbikes,
221,Rider,Regis Laconi,38.487164415861336,0.5929367724762813,17/05/2003 13:00:00,0,Ducati 998 RS [2003],World Superbikes,
221,Rider,Regis Laconi,38.50115996220938,0.5914929805424622,29/05/2003 13:00:00,0,Ducati 998 RS [2003],World Superbikes,
221,Rider,Regis Laconi,38.51492768693355,0.5900879994491443,30/05/2003 13:00:00,0,Ducati 998 RS [2003],World Superbikes,
221,Rider,Regis Laconi,38.527868038600154,0.5887108520166615,31/05/2003 13:00:00,0,Ducati 998 RS [2003],World Superbikes,
221,Rider,Regis Laconi,38.54100893640084,0.5873709122618717,13/06/2003 13:00:00,0,Ducati 998 RS [2003],World Superbikes,
221,Rider,Regis Laconi,38.55308125822268,0.5860641208334704,13/06/2003 13:00:00,1,Ducati 998 RS [2003],World Superbikes,
221,Rider,Regis Laconi,38.56333020226664,0.5847739838877486,14/06/2003 13:00:00,0,Ducati 998 RS [2003],World Superbikes,
221,Rider,Regis Laconi,38.5728851467131,0.5835175561993384,19/06/2003 13:00:00,0,Ducati 998 RS [2003],World Superbikes,
221,Rider,Regis Laconi,38.58205743664242,0.5822964634445196,20/06/2003 13:00:00,0,Ducati 998 RS [2003],World Superbikes,
221,Rider,Regis Laconi,38.59179919838624,0.5811133492381529,21/06/2003 13:00:00,0,Ducati 998 RS [2003],World Superbikes,
221,Rider,Regis Laconi,38.602311447009114,0.5799681158994875,11/07/2003 13:00:00,0,Ducati 998 RS [2003],World Superbikes,
221,Rider,Regis Laconi,38.61150883945519,0.5788466327710964,12/07/2003 13:00:00,0,Ducati 998 RS [2003],World Superbikes,
221,Rider,Regis Laconi,38.61978490406472,0.5777548319968088,12/07/2003 13:00:00,1,Ducati 998 RS [2003],World Superbikes,
221,Rider,Regis Laconi,38.626727898325946,0.5766858177691814,25/07/2003 13:00:00,0,Ducati 998 RS [2003],World Superbikes,
221,Rider,Regis Laconi,38.632809779156865,0.5756496732960323,25/07/2003 13:00:00,1,Ducati 998 RS [2003],World Superbikes,
221,Rider,Regis Laconi,38.638239687895016,0.5746480765992288,26/07/2003 13:00:00,0,Ducati 998 RS [2003],World Superbikes,
221,Rider,Regis Laconi,38.64323747404147,0.5736790539369853,04/09/2003 13:00:00,0,Ducati 998 RS [2003],World Superbikes,
221,Rider,Regis Laconi,38.64870666259309,0.5727453701889131,05/09/2003 13:00:00,0,Ducati 998 RS [2003],World Superbikes,
221,Rider,Regis Laconi,38.654154669654794,0.5718423692582768,06/09/2003 13:00:00,0,Ducati 998 RS [2003],World Superbikes,
221,Rider,Regis Laconi,38.659977673980094,0.5709694691945072,25/09/2003 13:00:00,0,Ducati 998 RS [2003],World Superbikes,
221,Rider,Regis Laconi,38.66478515795408,0.5701182748114217,26/09/2003 13:00:00,0,Ducati 998 RS [2003],World Superbikes,
221,Rider,Regis Laconi,38.67000758783141,0.5692973574161106,27/09/2003 13:00:00,0,Ducati 998 RS [2003],World Superbikes,
221,Rider,Regis Laconi,38.67427389424681,0.5684962114353284,16/10/2003 13:00:00,0,Ducati 998 RS [2003],World Superbikes,
221,Rider,Regis Laconi,38.67757780420218,0.5677160807953772,17/10/2003 13:00:00,0,Ducati 998 RS [2003],World Superbikes,
221,Rider,Regis Laconi,38.67986656956516,0.5669571167538994,18/10/2003 13:00:00,0,Ducati 998 RS [2003],World Superbikes,
221,Rider,Regis Laconi,38.68152820688867,0.5662211523445053,27/02/2004 13:00:00,0,Ducati 999 F04 [2004],World Superbikes,
221,Rider,Regis Laconi,38.68191756544846,0.5654827641374726,27/02/2004 13:00:00,1,Ducati 999 F04 [2004],World Superbikes,
221,Rider,Regis Laconi,38.68099273955082,0.5647424865448348,28/02/2004 13:00:00,0,Ducati 999 F04 [2004],World Superbikes,
221,Rider,Regis Laconi,38.67874799698228,0.5639991862472017,25/03/2004 13:00:00,0,Ducati 999 F04 [2004],World Superbikes,
221,Rider,Regis Laconi,38.675430596168994,0.5632509986475895,26/03/2004 13:00:00,0,Ducati 999 F04 [2004],World Superbikes,
221,Rider,Regis Laconi,38.671785018009004,0.5625196721456951,26/03/2004 13:00:00,1,Ducati 999 F04 [2004],World Superbikes,
221,Rider,Regis Laconi,38.66681001819206,0.5617848762195687,15/04/2004 13:00:00,0,Ducati 999 F04 [2004],World Superbikes,
221,Rider,Regis Laconi,38.66073658640103,0.561045082709626,16/04/2004 13:00:00,0,Ducati 999 F04 [2004],World Superbikes,
221,Rider,Regis Laconi,38.655232200189815,0.5603301413138086,17/04/2004 13:00:00,0,Ducati 999 F04 [2004],World Superbikes,
221,Rider,Regis Laconi,38.649393768360966,0.559630185898583,13/05/2004 13:00:00,0,Ducati 999 F04 [2004],World Superbikes,
221,Rider,Regis Laconi,38.642152607149,0.5589264855512144,14/05/2004 13:00:00,0,Ducati 999 F04 [2004],World Superbikes,
221,Rider,Regis Laconi,38.633550483730275,0.5582179865757311,15/05/2004 13:00:00,0,Ducati 999 F04 [2004],World Superbikes,
221,Rider,Regis Laconi,38.623561313316,0.5575047358917976,27/05/2004 13:00:00,0,Ducati 999 F04 [2004],World Superbikes,
221,Rider,Regis Laconi,38.61419011329694,0.5568168026603337,28/05/2004 13:00:00,0,Ducati 999 F04 [2004],World Superbikes,
221,Rider,Regis Laconi,38.60344967865709,0.5561233531750251,29/05/2004 13:00:00,0,Ducati 999 F04 [2004],World Superbikes,
221,Rider,Regis Laconi,38.592645064459774,0.5554494019048106,11/06/2004 13:00:00,0,Ducati 999 F04 [2004],World Superbikes,
221,Rider,Regis Laconi,38.581704627252805,0.554793324802475,11/06/2004 13:00:00,1,Ducati 999 F04 [2004],World Superbikes,
221,Rider,Regis Laconi,38.57047737596573,0.5541548583502516,12/06/2004 13:00:00,0,Ducati 999 F04 [2004],World Superbikes,
221,Rider,Regis Laconi,38.55788510602075,0.5535097377986066,09/07/2004 13:00:00,0,Ducati 999 F04 [2004],World Superbikes,
221,Rider,Regis Laconi,38.545108795820674,0.5528819591225547,10/07/2004 13:00:00,0,Ducati 999 F04 [2004],World Superbikes,
221,Rider,Regis Laconi,38.53254740182068,0.5522737660129926,10/07/2004 13:00:00,1,Ducati 999 F04 [2004],World Superbikes,
221,Rider,Regis Laconi,38.52084833820748,0.5516855601113689,30/07/2004 13:00:00,0,Ducati 999 F04 [2004],World Superbikes,
221,Rider,Regis Laconi,38.509966126136625,0.5511219759321291,30/07/2004 13:00:00,1,Ducati 999 F04 [2004],World Superbikes,
221,Rider,Regis Laconi,38.49775773065617,0.5505520443924965,31/07/2004 13:00:00,0,Ducati 999 F04 [2004],World Superbikes,
221,Rider,Regis Laconi,38.485524718777725,0.5499980570028823,02/09/2004 13:00:00,0,Ducati 999 F04 [2004],World Superbikes,
221,Rider,Regis Laconi,38.47457619158038,0.5494674438273852,03/09/2004 13:00:00,0,Ducati 999 F04 [2004],World Superbikes,
221,Rider,Regis Laconi,38.4642224721243,0.5489568703878585,04/09/2004 13:00:00,0,Ducati 999 F04 [2004],World Superbikes,
221,Rider,Regis Laconi,38.453633875527665,0.5484596741553033,23/09/2004 13:00:00,0,Ducati 999 F04 [2004],World Superbikes,
221,Rider,Regis Laconi,38.444039372043335,0.547984144699901,24/09/2004 13:00:00,0,Ducati 999 F04 [2004],World Superbikes,
221,Rider,Regis Laconi,38.43332646901388,0.5474972478648817,25/09/2004 13:00:00,0,Ducati 999 F04 [2004],World Superbikes,
221,Rider,Regis Laconi,38.421382700992964,0.5469972778157971,30/09/2004 13:00:00,0,Ducati 999 F04 [2004],World Superbikes,
221,Rider,Regis Laconi,38.409448499916266,0.5465135178265507,01/10/2004 13:00:00,0,Ducati 999 F04 [2004],World Superbikes,
221,Rider,Regis Laconi,38.39803407098597,0.5460496184363383,02/10/2004 13:00:00,0,Ducati 999 F04 [2004],World Superbikes,
221,Rider,Regis Laconi,38.387204467518025,0.5456028907919843,23/02/2005 13:00:00,0,Ducati 999 F05 [2005],World Superbikes,
221,Rider,Regis Laconi,38.375333888073456,0.5451632518119022,24/02/2005 13:00:00,0,Ducati 999 F05 [2005],World Superbikes,
221,Rider,Regis Laconi,38.36325453475143,0.5447417806732034,25/02/2005 13:00:00,0,Ducati 999 F05 [2005],World Superbikes,
221,Rider,Regis Laconi,38.34955873823332,0.5443101701253089,31/03/2005 13:00:00,0,Ducati 999 F05 [2005],World Superbikes,
221,Rider,Regis Laconi,38.33538298666595,0.5438900116136981,01/04/2005 13:00:00,0,Ducati 999 F05 [2005],World Superbikes,
221,Rider,Regis Laconi,38.32158522151865,0.5434898449836674,01/04/2005 13:00:00,1,Ducati 999 F05 [2005],World Superbikes,
221,Rider,Regis Laconi,38.308851591586645,0.5431073709289712,05/05/2005 13:00:00,0,Ducati 999 F05 [2005],World Superbikes,
221,Rider,Regis Laconi,38.296694401246064,0.5427445970342815,06/05/2005 13:00:00,0,Ducati 999 F05 [2005],World Superbikes,
221,Rider,Regis Laconi,38.28446939057903,0.5423979939042818,07/05/2005 13:00:00,0,Ducati 999 F05 [2005],World Superbikes,
221,Rider,Regis Laconi,38.27163693328151,0.5420609537242757,27/05/2005 13:00:00,0,Ducati 999 F05 [2005],World Superbikes,
221,Rider,Regis Laconi,38.2569743454678,0.5417181728583429,27/05/2005 13:00:00,1,Ducati 999 F05 [2005],World Superbikes,
221,Rider,Regis Laconi,38.24228436778572,0.5413911824016893,28/05/2005 13:00:00,0,Ducati 999 F05 [2005],World Superbikes,
221,Rider,Regis Laconi,38.22696334625885,0.5410756835700309,23/06/2005 13:00:00,0,Ducati 999 F05 [2005],World Superbikes,
221,Rider,Regis Laconi,38.211003359636884,0.5407709377397794,24/06/2005 13:00:00,0,Ducati 999 F05 [2005],World Superbikes,
221,Rider,Regis Laconi,38.19545291562248,0.540484734134592,25/06/2005 13:00:00,0,Ducati 999 F05 [2005],World Superbikes,
221,Rider,Regis Laconi,38.179314372905985,0.5402074625293871,14/07/2005 13:00:00,0,Ducati 999 F05 [2005],World Superbikes,
221,Rider,Regis Laconi,38.16334205485678,0.5399480368994255,15/07/2005 13:00:00,0,Ducati 999 F05 [2005],World Superbikes,
221,Rider,Regis Laconi,38.14992644001912,0.5397083743870537,16/07/2005 13:00:00,0,Ducati 999 F05 [2005],World Superbikes,
221,Rider,Regis Laconi,38.137961182893704,0.5394829229627196,05/08/2005 13:00:00,0,Ducati 999 F05 [2005],World Superbikes,
221,Rider,Regis Laconi,38.12480302940344,0.5392619075492378,05/08/2005 13:00:00,1,Ducati 999 F05 [2005],World Superbikes,
221,Rider,Regis Laconi,38.11146665046036,0.5390539910498506,06/08/2005 13:00:00,0,Ducati 999 F05 [2005],World Superbikes,
221,Rider,Regis Laconi,38.09797279249924,0.5388568449602645,29/09/2005 13:00:00,0,Ducati 999 F05 [2005],World Superbikes,
221,Rider,Regis Laconi,38.08543410162553,0.5386778849205923,30/09/2005 13:00:00,0,Ducati 999 F05 [2005],World Superbikes,
221,Rider,Regis Laconi,38.072740588631206,0.5385142911051111,01/10/2005 13:00:00,0,Ducati 999 F05 [2005],World Superbikes,
221,Rider,Regis Laconi,38.05888802807569,0.5383557571286949,22/02/2006 13:00:00,0,Kawasaki ZX-10R [2006],World Superbikes,
221,Rider,Regis Laconi,38.04307972615368,0.5382022474948823,23/02/2006 13:00:00,0,Kawasaki ZX-10R [2006],World Superbikes,
221,Rider,Regis Laconi,38.028454862031715,0.5380676992493914,02/03/2006 13:00:00,0,Kawasaki ZX-10R [2006],World Superbikes,
221,Rider,Regis Laconi,38.015399563143355,0.5379515234901073,03/03/2006 13:00:00,0,Kawasaki ZX-10R [2006],World Superbikes,
221,Rider,Regis Laconi,38.003291786121515,0.5378547111570182,03/03/2006 13:00:00,1,Kawasaki ZX-10R [2006],World Superbikes,
221,Rider,Regis Laconi,37.992807648278934,0.5377662863310912,20/04/2006 13:00:00,0,Kawasaki ZX-10R [2006],World Superbikes,
221,Rider,Regis Laconi,37.98283771657387,0.5376973325490049,21/04/2006 13:00:00,0,Kawasaki ZX-10R [2006],World Superbikes,
221,Rider,Regis Laconi,37.97524859814484,0.5376456868239251,22/04/2006 13:00:00,0,Kawasaki ZX-10R [2006],World Superbikes,
221,Rider,Regis Laconi,37.967250586038034,0.5376089403416383,04/05/2006 13:00:00,0,Kawasaki ZX-10R [2006],World Superbikes,
221,Rider,Regis Laconi,37.95826269390981,0.5375862947223788,05/05/2006 13:00:00,0,Kawasaki ZX-10R [2006],World Superbikes,
221,Rider,Regis Laconi,37.94879855421249,0.5375804400693069,06/05/2006 13:00:00,0,Kawasaki ZX-10R [2006],World Superbikes,
221,Rider,Regis Laconi,37.93831292066211,0.537585636594328,26/05/2006 13:00:00,0,Kawasaki ZX-10R [2006],World Superbikes,
221,Rider,Regis Laconi,37.92771615544884,0.5376093301282294,26/05/2006 13:00:00,1,Kawasaki ZX-10R [2006],World Superbikes,
221,Rider,Regis Laconi,37.91786804265713,0.5376486073832126,27/05/2006 13:00:00,0,Kawasaki ZX-10R [2006],World Superbikes,
221,Rider,Regis Laconi,37.908055874677615,0.5377038876276247,22/06/2006 13:00:00,0,Kawasaki ZX-10R [2006],World Superbikes,
221,Rider,Regis Laconi,37.89663019529735,0.5377699447600461,23/06/2006 13:00:00,0,Kawasaki ZX-10R [2006],World Superbikes,
221,Rider,Regis Laconi,37.88354886502499,0.5378468643122686,24/06/2006 13:00:00,0,Kawasaki ZX-10R [2006],World Superbikes,
221,Rider,Regis Laconi,37.870635275821236,0.537937456245077,20/07/2006 13:00:00,0,Kawasaki ZX-10R [2006],World Superbikes,
221,Rider,Regis Laconi,37.85738251038691,0.5380470218157936,21/07/2006 13:00:00,0,Kawasaki ZX-10R [2006],World Superbikes,
221,Rider,Regis Laconi,37.843494699564154,0.5381745979975621,22/07/2006 13:00:00,0,Kawasaki ZX-10R [2006],World Superbikes,
221,Rider,Regis Laconi,37.829771740977485,0.5383170051073267,04/08/2006 13:00:00,0,Kawasaki ZX-10R [2006],World Superbikes,
221,Rider,Regis Laconi,37.816292377460556,0.5384780908418927,04/08/2006 13:00:00,1,Kawasaki ZX-10R [2006],World Superbikes,
221,Rider,Regis Laconi,37.80066175527956,0.5386480632951335,05/08/2006 13:00:00,0,Kawasaki ZX-10R [2006],World Superbikes,
221,Rider,Regis Laconi,37.78454761646213,0.5388334074011775,31/08/2006 13:00:00,0,Kawasaki ZX-10R [2006],World Superbikes,
221,Rider,Regis Laconi,37.76843569048884,0.5390381181211087,01/09/2006 13:00:00,0,Kawasaki ZX-10R [2006],World Superbikes,
221,Rider,Regis Laconi,37.75341871751002,0.5392621543810666,07/09/2006 13:00:00,0,Kawasaki ZX-10R [2006],World Superbikes,
221,Rider,Regis Laconi,37.739329408536506,0.5395055267644063,08/09/2006 13:00:00,0,Kawasaki ZX-10R [2006],World Superbikes,
221,Rider,Regis Laconi,37.725865241180216,0.5397682938397245,09/09/2006 13:00:00,0,Kawasaki ZX-10R [2006],World Superbikes,
221,Rider,Regis Laconi,37.71309737598999,0.5400466706154123,28/09/2006 13:00:00,0,Kawasaki ZX-10R [2006],World Superbikes,
221,Rider,Regis Laconi,37.701830456561375,0.5403450087298989,29/09/2006 13:00:00,0,Kawasaki ZX-10R [2006],World Superbikes,
221,Rider,Regis Laconi,37.6911906142021,0.5406639377207901,30/09/2006 13:00:00,0,Kawasaki ZX-10R [2006],World Superbikes,
221,Rider,Regis Laconi,37.682252352275256,0.5409931731471634,05/10/2006 13:00:00,0,Kawasaki ZX-10R [2006],World Superbikes,
221,Rider,Regis Laconi,37.674323730140344,0.5413422634892442,06/10/2006 13:00:00,0,Kawasaki ZX-10R [2006],World Superbikes,
221,Rider,Regis Laconi,37.66720753581404,0.5417077301511047,07/10/2006 13:00:00,0,Kawasaki ZX-10R [2006],World Superbikes,
221,Rider,Regis Laconi,37.66194804984749,0.5420823435638139,21/02/2007 13:00:00,0,Kawasaki ZX-10R [2007],World Superbikes,
221,Rider,Regis Laconi,37.65783131161293,0.5424728572696266,22/02/2007 13:00:00,0,Kawasaki ZX-10R [2007],World Superbikes,
221,Rider,Regis Laconi,37.65414762788067,0.5428819107584717,23/02/2007 13:00:00,0,Kawasaki ZX-10R [2007],World Superbikes,
221,Rider,Regis Laconi,37.65159855383199,0.5433054796314009,01/03/2007 13:00:00,0,Kawasaki ZX-10R [2007],World Superbikes,
221,Rider,Regis Laconi,37.65116132051817,0.5437426180108986,02/03/2007 13:00:00,0,Kawasaki ZX-10R [2007],World Superbikes,
221,Rider,Regis Laconi,37.65058822106375,0.5441980779759461,02/03/2007 13:00:00,1,Kawasaki ZX-10R [2007],World Superbikes,
221,Rider,Regis Laconi,37.65031954738498,0.5446708086180454,30/03/2007 13:00:00,0,Kawasaki ZX-10R [2007],World Superbikes,
221,Rider,Regis Laconi,37.64903347579841,0.5451612358443836,30/03/2007 13:00:00,1,Kawasaki ZX-10R [2007],World Superbikes,
221,Rider,Regis Laconi,37.64751386177796,0.545671401679009,31/03/2007 13:00:00,0,Kawasaki ZX-10R [2007],World Superbikes,
221,Rider,Regis Laconi,37.644358252594216,0.546195626467258,12/04/2007 13:00:00,0,Kawasaki ZX-10R [2007],World Superbikes,
221,Rider,Regis Laconi,37.642780980573114,0.5467396696668132,13/04/2007 13:00:00,0,Kawasaki ZX-10R [2007],World Superbikes,
221,Rider,Regis Laconi,37.64399199743471,0.5472953563247775,14/04/2007 13:00:00,0,Kawasaki ZX-10R [2007],World Superbikes,
221,Rider,Regis Laconi,37.6471260016929,0.5478604643252207,26/04/2007 13:00:00,0,Kawasaki ZX-10R [2007],World Superbikes,
221,Rider,Regis Laconi,37.652118782234744,0.5484426048461694,27/04/2007 13:00:00,0,Kawasaki ZX-10R [2007],World Superbikes,
221,Rider,Regis Laconi,37.65759703696339,0.5490472594243814,28/04/2007 13:00:00,0,Kawasaki ZX-10R [2007],World Superbikes,
221,Rider,Regis Laconi,37.66424624233591,0.5496719582661428,10/05/2007 13:00:00,0,Kawasaki ZX-10R [2007],World Superbikes,
221,Rider,Regis Laconi,37.66974882849417,0.5503187363662819,11/05/2007 13:00:00,0,Kawasaki ZX-10R [2007],World Superbikes,
221,Rider,Regis Laconi,37.672790717241334,0.5509714633423473,12/05/2007 13:00:00,0,Kawasaki ZX-10R [2007],World Superbikes,
221,Rider,Regis Laconi,37.675442194932224,0.5516459765934506,25/05/2007 13:00:00,0,Kawasaki ZX-10R [2007],World Superbikes,
221,Rider,Regis Laconi,37.677876976182425,0.5523434540279941,25/05/2007 13:00:00,1,Kawasaki ZX-10R [2007],World Superbikes,
221,Rider,Regis Laconi,37.68021104042285,0.5530650345496179,26/05/2007 13:00:00,0,Kawasaki ZX-10R [2007],World Superbikes,
221,Rider,Regis Laconi,37.68407776375784,0.5538069590409945,14/06/2007 13:00:00,0,Kawasaki ZX-10R [2007],World Superbikes,
221,Rider,Regis Laconi,37.68800818888795,0.554573548051956,15/06/2007 13:00:00,0,Kawasaki ZX-10R [2007],World Superbikes,
221,Rider,Regis Laconi,37.69228290511488,0.5553645368749237,16/06/2007 13:00:00,0,Kawasaki ZX-10R [2007],World Superbikes,
221,Rider,Regis Laconi,37.697412202963804,0.5561784149353612,19/07/2007 13:00:00,0,Kawasaki ZX-10R [2007],World Superbikes,
221,Rider,Regis Laconi,37.70265911633298,0.5570184208676141,20/07/2007 13:00:00,0,Kawasaki ZX-10R [2007],World Superbikes,
221,Rider,Regis Laconi,37.70807620225466,0.5578847235829937,21/07/2007 13:00:00,0,Kawasaki ZX-10R [2007],World Superbikes,
221,Rider,Regis Laconi,37.715484157022175,0.5587679596843669,03/08/2007 13:00:00,0,Kawasaki ZX-10R [2007],World Superbikes,
221,Rider,Regis Laconi,37.72381826371631,0.5596781157284261,03/08/2007 13:00:00,1,Kawasaki ZX-10R [2007],World Superbikes,
221,Rider,Regis Laconi,37.73193142056909,0.5606164968135287,04/08/2007 13:00:00,0,Kawasaki ZX-10R [2007],World Superbikes,
221,Rider,Regis Laconi,37.74096275196005,0.5615808316169582,06/09/2007 13:00:00,0,Kawasaki ZX-10R [2007],World Superbikes,
221,Rider,Regis Laconi,37.7509745983588,0.5625726432946941,07/09/2007 13:00:00,0,Kawasaki ZX-10R [2007],World Superbikes,
221,Rider,Regis Laconi,37.760156964245,0.5635892121422696,08/09/2007 13:00:00,0,Kawasaki ZX-10R [2007],World Superbikes,
221,Rider,Regis Laconi,37.76742144241016,0.5646286774972545,27/09/2007 13:00:00,0,Kawasaki ZX-10R [2007],World Superbikes,
221,Rider,Regis Laconi,37.77467656153959,0.5656989944662749,28/09/2007 13:00:00,0,Kawasaki ZX-10R [2007],World Superbikes,
221,Rider,Regis Laconi,37.782345234647664,0.5668000014749214,29/09/2007 13:00:00,0,Kawasaki ZX-10R [2007],World Superbikes,
221,Rider,Regis Laconi,37.791765609682216,0.5679281151597281,04/10/2007 13:00:00,0,Kawasaki ZX-10R [2007],World Superbikes,
221,Rider,Regis Laconi,37.801016094548366,0.5690877718202911,05/10/2007 13:00:00,0,Kawasaki ZX-10R [2007],World Superbikes,
221,Rider,Regis Laconi,37.8090170719376,0.5702766169303416,06/10/2007 13:00:00,0,Kawasaki ZX-10R [2007],World Superbikes,
221,Rider,Regis Laconi,37.81685602521424,0.5714966283380363,20/02/2008 13:00:00,0,Kawasaki ZX-10R [2008],World Superbikes,
221,Rider,Regis Laconi,37.82574448671272,0.5727528975679052,21/02/2008 13:00:00,0,Kawasaki ZX-10R [2008],World Superbikes,
221,Rider,Regis Laconi,37.83709434103382,0.5740414358735391,28/02/2008 13:00:00,0,Kawasaki ZX-10R [2008],World Superbikes,
221,Rider,Regis Laconi,37.847511801547775,0.5753669826094656,29/02/2008 13:00:00,0,Kawasaki ZX-10R [2008],World Superbikes,
221,Rider,Regis Laconi,37.85740004603945,0.5767306667025992,29/02/2008 13:00:00,1,Kawasaki ZX-10R [2008],World Superbikes,
221,Rider,Regis Laconi,37.8674295063227,0.5781284862555004,03/04/2008 13:00:00,0,Kawasaki ZX-10R [2008],World Superbikes,
221,Rider,Regis Laconi,37.876341632712126,0.5795664964978424,04/04/2008 13:00:00,0,Kawasaki ZX-10R [2008],World Superbikes,
221,Rider,Regis Laconi,37.88678144696966,0.5810449226880022,05/04/2008 13:00:00,0,Kawasaki ZX-10R [2008],World Superbikes,
221,Rider,Regis Laconi,37.89833730975859,0.5825524386081006,24/04/2008 13:00:00,0,Kawasaki ZX-10R [2008],World Superbikes,
221,Rider,Regis Laconi,37.910936010387175,0.5841015653550526,25/04/2008 13:00:00,0,Kawasaki ZX-10R [2008],World Superbikes,
221,Rider,Regis Laconi,37.92366145303149,0.5856947220543811,26/04/2008 13:00:00,0,Kawasaki ZX-10R [2008],World Superbikes,
221,Rider,Regis Laconi,37.93637500588661,0.5873279245177233,08/05/2008 13:00:00,0,Kawasaki ZX-10R [2008],World Superbikes,
221,Rider,Regis Laconi,37.94884912295515,0.5890073950407965,09/05/2008 13:00:00,0,Kawasaki ZX-10R [2008],World Superbikes,
221,Rider,Regis Laconi,37.958868706936684,0.5907248205890292,10/05/2008 13:00:00,0,Kawasaki ZX-10R [2008],World Superbikes,
221,Rider,Regis Laconi,37.96868238019172,0.5924858326881841,30/05/2008 13:00:00,0,Kawasaki ZX-10R [2008],World Superbikes,
221,Rider,Regis Laconi,37.97862525105146,0.594295638556054,30/05/2008 13:00:00,1,Kawasaki ZX-10R [2008],World Superbikes,
221,Rider,Regis Laconi,37.98613193131717,0.5961430839798294,31/05/2008 13:00:00,0,Kawasaki ZX-10R [2008],World Superbikes,
221,Rider,Regis Laconi,37.9925443540866,0.5980354036481578,12/06/2008 13:00:00,0,Kawasaki ZX-10R [2008],World Superbikes,
221,Rider,Regis Laconi,37.99742714587384,0.599975735824006,13/06/2008 13:00:00,0,Kawasaki ZX-10R [2008],World Superbikes,
221,Rider,Regis Laconi,38.001574826411705,0.6019674218034164,14/06/2008 13:00:00,0,Kawasaki ZX-10R [2008],World Superbikes,
221,Rider,Regis Laconi,38.006099546531146,0.6040051351391669,26/06/2008 13:00:00,0,Kawasaki ZX-10R [2008],World Superbikes,
221,Rider,Regis Laconi,38.00922326262439,0.6060939531578226,27/06/2008 13:00:00,0,Kawasaki ZX-10R [2008],World Superbikes,
221,Rider,Regis Laconi,38.01038509746556,0.6082317302464881,28/06/2008 13:00:00,0,Kawasaki ZX-10R [2008],World Superbikes,
221,Rider,Regis Laconi,38.010787303958494,0.6104212271796515,17/07/2008 13:00:00,0,Kawasaki ZX-10R [2008],World Superbikes,
221,Rider,Regis Laconi,38.0115124036948,0.6126669722091146,18/07/2008 13:00:00,0,Kawasaki ZX-10R [2008],World Superbikes,
221,Rider,Regis Laconi,38.013840156233826,0.614967314831183,01/08/2008 13:00:00,0,Kawasaki ZX-10R [2008],World Superbikes,
221,Rider,Regis Laconi,38.01674281932375,0.6173247713684105,01/08/2008 13:00:00,1,Kawasaki ZX-10R [2008],World Superbikes,
221,Rider,Regis Laconi,38.021122795288505,0.6197380238995903,05/09/2008 13:00:00,0,Kawasaki ZX-10R [2008],World Superbikes,
221,Rider,Regis Laconi,38.0259921675249,0.6222126017799601,05/09/2008 13:00:00,1,Kawasaki ZX-10R [2008],World Superbikes,
221,Rider,Regis Laconi,38.03210642920763,0.6247472126081746,18/09/2008 13:00:00,0,Kawasaki ZX-10R [2008],World Superbikes,
221,Rider,Regis Laconi,38.037456311954735,0.6273441479783495,19/09/2008 13:00:00,0,Kawasaki ZX-10R [2008],World Superbikes,
221,Rider,Regis Laconi,38.043233064472695,0.6300045462039199,20/09/2008 13:00:00,0,Kawasaki ZX-10R [2008],World Superbikes,
221,Rider,Regis Laconi,38.05047224238544,0.6327129795702866,02/10/2008 13:00:00,0,Kawasaki ZX-10R [2008],World Superbikes,
221,Rider,Regis Laconi,38.059065915647466,0.6354862504683011,03/10/2008 13:00:00,0,Kawasaki ZX-10R [2008],World Superbikes,
221,Rider,Regis Laconi,38.06540200016782,0.6383116739154736,31/10/2008 13:00:00,0,Kawasaki ZX-10R [2008],World Superbikes,
221,Rider,Regis Laconi,38.070421253005925,0.641205008008419,31/10/2008 13:00:00,1,Kawasaki ZX-10R [2008],World Superbikes,
221,Rider,Regis Laconi,38.07379865755071,0.6441668115633619,01/11/2008 13:00:00,0,Kawasaki ZX-10R [2008],World Superbikes,
221,Rider,Regis Laconi,38.07627647675471,0.6471945781205931,26/02/2009 13:00:00,0,Ducati 1098 RS 09 [2009],World Superbikes,
221,Rider,Regis Laconi,38.078936821861035,0.6502929491902024,27/02/2009 13:00:00,0,Ducati 1098 RS 09 [2009],World Superbikes,
221,Rider,Regis Laconi,38.080940866627714,0.6534606174813394,27/02/2009 13:00:00,1,Ducati 1098 RS 09 [2009],World Superbikes,
221,Rider,Regis Laconi,38.08366212301921,0.6566981167435586,27/02/2009 13:00:00,2,Ducati 1098 RS 09 [2009],World Superbikes,
221,Rider,Regis Laconi,38.084004906014535,0.659984625144618,27/02/2009 13:00:00,3,Ducati 1098 RS 09 [2009],World Superbikes,
221,Rider,Regis Laconi,38.08583440722916,0.6633048795241108,11/03/2009 13:00:00,0,Ducati 1098 RS 09 [2009],World Superbikes,
221,Rider,Regis Laconi,38.08738029730554,0.6667006905701731,12/03/2009 13:00:00,0,Ducati 1098 RS 09 [2009],World Superbikes,
221,Rider,Regis Laconi,38.08916692407136,0.6701745126894819,12/03/2009 13:00:00,1,Ducati 1098 RS 09 [2009],World Superbikes,
221,Rider,Regis Laconi,38.09171038164007,0.6737259997940762,12/03/2009 13:00:00,2,Ducati 1098 RS 09 [2009],World Superbikes,
221,Rider,Regis Laconi,38.09504672682365,0.6773521012686378,03/04/2009 13:00:00,0,Ducati 1098 RS 09 [2009],World Superbikes,
221,Rider,Regis Laconi,38.09858296693714,0.681059745607978,03/04/2009 13:00:00,1,Ducati 1098 RS 09 [2009],World Superbikes,
221,Rider,Regis Laconi,38.100226920865815,0.6848342501904329,04/04/2009 13:00:00,0,Ducati 1098 RS 09 [2009],World Superbikes,
221,Rider,Regis Laconi,38.1016188403605,0.6886910839000551,04/04/2009 13:00:00,1,Ducati 1098 RS 09 [2009],World Superbikes,
221,Rider,Regis Laconi,38.10163478499273,0.6926229957954447,04/04/2009 13:00:00,2,Ducati 1098 RS 09 [2009],World Superbikes,
221,Rider,Regis Laconi,38.100137514570484,0.6966155041791203,24/04/2009 13:00:00,0,Ducati 1098 RS 09 [2009],World Superbikes,
221,Rider,Regis Laconi,38.09781246446822,0.7006935349596953,24/04/2009 13:00:00,1,Ducati 1098 RS 09 [2009],World Superbikes,
221,Rider,Regis Laconi,38.09303657818925,0.7048360218517096,25/04/2009 13:00:00,0,Ducati 1098 RS 09 [2009],World Superbikes,
221,Rider,Regis Laconi,38.088196321685594,0.7090679817811331,25/04/2009 13:00:00,1,Ducati 1098 RS 09 [2009],World Superbikes,
221,Rider,Regis Laconi,38.08403897419477,0.7133859446241769,08/05/2009 13:00:00,0,Ducati 1098 RS 09 [2009],World Superbikes,
221,Rider,Regis Laconi,38.08125889894119,0.7177962669043758,08/05/2009 13:00:00,1,Ducati 1098 RS 09 [2009],World Superbikes,
221,Rider,Regis Laconi,38.078535521959594,0.7223007861536623,09/05/2009 13:00:00,0,Ducati 1098 RS 09 [2009],World Superbikes,
221,Rider,Regis Laconi,38.07628485531849,0.7268993338718117,09/05/2009 13:00:00,1,Ducati 1098 RS 09 [2009],World Superbikes,
222,Rider,James Toseland,35.182678282481895,0.7241661466539331,09/03/2001 13:00:00,0,Ducati 996 RS [2001],World Superbikes,
222,Rider,James Toseland,35.18352930372217,0.7195559782700282,09/03/2001 13:00:00,1,Ducati 996 RS [2001],World Superbikes,
222,Rider,James Toseland,35.18449060631536,0.7150409492033445,10/03/2001 13:00:00,0,Ducati 996 RS [2001],World Superbikes,
222,Rider,James Toseland,35.18617287970533,0.7106100674425666,29/03/2001 13:00:00,0,Ducati 996 RS [2001],World Superbikes,
222,Rider,James Toseland,35.188067333876944,0.7062704838931915,30/03/2001 13:00:00,0,Ducati 996 RS [2001],World Superbikes,
222,Rider,James Toseland,35.19087020147972,0.702020069443966,31/03/2001 13:00:00,0,Ducati 996 RS [2001],World Superbikes,
222,Rider,James Toseland,35.19513217223437,0.6978462105872127,19/04/2001 13:00:00,0,Ducati 996 RS [2001],World Superbikes,
222,Rider,James Toseland,35.20092378761884,0.6937592128663067,20/04/2001 13:00:00,0,Ducati 996 RS [2001],World Superbikes,
222,Rider,James Toseland,35.207092791345325,0.6897590240268756,26/04/2001 13:00:00,0,Ducati 996 RS [2001],World Superbikes,
222,Rider,James Toseland,35.21396145343117,0.6858451613926736,27/04/2001 13:00:00,0,Ducati 996 RS [2001],World Superbikes,
222,Rider,James Toseland,35.2215420980573,0.6820164218490649,10/05/2001 13:00:00,0,Ducati 996 RS [2001],World Superbikes,
222,Rider,James Toseland,35.229724500207155,0.678271889358245,11/05/2001 13:00:00,0,Ducati 996 RS [2001],World Superbikes,
222,Rider,James Toseland,35.23697589871358,0.6746063495047177,12/05/2001 13:00:00,0,Ducati 996 RS [2001],World Superbikes,
222,Rider,James Toseland,35.24520425631107,0.6710107104062196,25/05/2001 13:00:00,0,Ducati 996 RS [2001],World Superbikes,
222,Rider,James Toseland,35.251784400489704,0.6674909841567174,25/05/2001 13:00:00,1,Ducati 996 RS [2001],World Superbikes,
222,Rider,James Toseland,35.25917200741801,0.6640481408401779,26/05/2001 13:00:00,0,Ducati 996 RS [2001],World Superbikes,
222,Rider,James Toseland,35.26667628926844,0.6606745642474278,07/06/2001 13:00:00,0,Ducati 996 RS [2001],World Superbikes,
222,Rider,James Toseland,35.275573530737574,0.6573771633341321,08/06/2001 13:00:00,0,Ducati 996 RS [2001],World Superbikes,
222,Rider,James Toseland,35.28596754057142,0.6541534041995894,21/06/2001 13:00:00,0,Ducati 996 RS [2001],World Superbikes,
222,Rider,James Toseland,35.29615887551982,0.6510028591149934,22/06/2001 13:00:00,0,Ducati 996 RS [2001],World Superbikes,
222,Rider,James Toseland,35.30611972437887,0.6479238244595168,23/06/2001 13:00:00,0,Ducati 996 RS [2001],World Superbikes,
222,Rider,James Toseland,35.31735927838433,0.6449025845443768,06/07/2001 13:00:00,0,Ducati 996 RS [2001],World Superbikes,
222,Rider,James Toseland,35.32813062711553,0.6419497974048131,07/07/2001 13:00:00,0,Ducati 996 RS [2001],World Superbikes,
222,Rider,James Toseland,35.338220566547974,0.63906453393897,07/07/2001 13:00:00,1,Ducati 996 RS [2001],World Superbikes,
222,Rider,James Toseland,35.347272136715944,0.6362425625905727,27/07/2001 13:00:00,0,Ducati 996 RS [2001],World Superbikes,
222,Rider,James Toseland,35.356767907652895,0.633486128704389,27/07/2001 13:00:00,1,Ducati 996 RS [2001],World Superbikes,
222,Rider,James Toseland,35.36594029432136,0.630794666191832,28/07/2001 13:00:00,0,Ducati 996 RS [2001],World Superbikes,
222,Rider,James Toseland,35.373753524727356,0.6281639154432266,30/08/2001 13:00:00,0,Ducati 996 RS [2001],World Superbikes,
222,Rider,James Toseland,35.381826351053036,0.6255953600201473,31/08/2001 13:00:00,0,Ducati 996 RS [2001],World Superbikes,
222,Rider,James Toseland,35.38875131120732,0.6230852510704965,01/09/2001 13:00:00,0,Ducati 996 RS [2001],World Superbikes,
222,Rider,James Toseland,35.39541294472669,0.6206302526966683,06/09/2001 13:00:00,0,Ducati 996 RS [2001],World Superbikes,
222,Rider,James Toseland,35.40044861107063,0.6182292674803863,07/09/2001 13:00:00,0,Ducati 996 RS [2001],World Superbikes,
222,Rider,James Toseland,35.40436324901431,0.6158827810964426,08/09/2001 13:00:00,0,Ducati 996 RS [2001],World Superbikes,
222,Rider,James Toseland,35.40714027603098,0.6135899929594296,27/09/2001 13:00:00,0,Ducati 996 RS [2001],World Superbikes,
222,Rider,James Toseland,35.40955858862778,0.6113520487685541,28/09/2001 13:00:00,0,Ducati 996 RS [2001],World Superbikes,
222,Rider,James Toseland,35.41238985378687,0.6091700784636784,29/09/2001 13:00:00,0,Ducati 996 RS [2001],World Superbikes,
222,Rider,James Toseland,35.415496117788514,0.6070359685350327,08/03/2002 13:00:00,0,Ducati 998 F01 [2002],World Superbikes,
222,Rider,James Toseland,35.41820611589722,0.6049494436948634,08/03/2002 13:00:00,1,Ducati 998 F01 [2002],World Superbikes,
222,Rider,James Toseland,35.421796439807835,0.6029120942145348,09/03/2002 13:00:00,0,Ducati 998 F01 [2002],World Superbikes,
222,Rider,James Toseland,35.427033554566904,0.6009169251342401,21/03/2002 13:00:00,0,Ducati 998 F01 [2002],World Superbikes,
222,Rider,James Toseland,35.43241269380509,0.5989679777741721,22/03/2002 13:00:00,0,Ducati 998 F01 [2002],World Superbikes,
222,Rider,James Toseland,35.43836857415524,0.5970668272277873,22/03/2002 13:00:00,1,Ducati 998 F01 [2002],World Superbikes,
222,Rider,James Toseland,35.445052685486004,0.5952086558938325,04/04/2002 13:00:00,0,Ducati 998 F01 [2002],World Superbikes,
222,Rider,James Toseland,35.452366553498784,0.5933935339887042,05/04/2002 13:00:00,0,Ducati 998 F01 [2002],World Superbikes,
222,Rider,James Toseland,35.459881622362715,0.5916210380086436,06/04/2002 13:00:00,0,Ducati 998 F01 [2002],World Superbikes,
222,Rider,James Toseland,35.468080631473015,0.5898890954246958,18/04/2002 13:00:00,0,Ducati 998 F01 [2002],World Superbikes,
222,Rider,James Toseland,35.4776362357826,0.5882010156407765,19/04/2002 13:00:00,0,Ducati 998 F01 [2002],World Superbikes,
222,Rider,James Toseland,35.48722613164499,0.5865567514037112,19/04/2002 13:00:00,1,Ducati 998 F01 [2002],World Superbikes,
222,Rider,James Toseland,35.49692462136563,0.584951520721207,09/05/2002 13:00:00,0,Ducati 998 F01 [2002],World Superbikes,
222,Rider,James Toseland,35.50608229536455,0.5833837730383914,10/05/2002 13:00:00,0,Ducati 998 F01 [2002],World Superbikes,
222,Rider,James Toseland,35.51559480536497,0.581855679587341,11/05/2002 13:00:00,0,Ducati 998 F01 [2002],World Superbikes,
222,Rider,James Toseland,35.52479721314027,0.5803609384022974,24/05/2002 13:00:00,0,Ducati 998 F01 [2002],World Superbikes,
222,Rider,James Toseland,35.53360364962055,0.5789059484642205,24/05/2002 13:00:00,1,Ducati 998 F01 [2002],World Superbikes,
222,Rider,James Toseland,35.54226556610162,0.5774896920749185,25/05/2002 13:00:00,0,Ducati 998 F01 [2002],World Superbikes,
222,Rider,James Toseland,35.55169188552614,0.5761077362362073,06/06/2002 13:00:00,0,Ducati 998 F01 [2002],World Superbikes,
222,Rider,James Toseland,35.56219386669584,0.574763105104462,07/06/2002 13:00:00,0,Ducati 998 F01 [2002],World Superbikes,
222,Rider,James Toseland,35.57409600493901,0.5734535895289681,08/06/2002 13:00:00,0,Ducati 998 F01 [2002],World Superbikes,
222,Rider,James Toseland,35.58574480478486,0.5721736508703485,20/06/2002 13:00:00,0,Ducati 998 F01 [2002],World Superbikes,
222,Rider,James Toseland,35.59834883890979,0.5709277696674522,21/06/2002 13:00:00,0,Ducati 998 F01 [2002],World Superbikes,
222,Rider,James Toseland,35.61102027866884,0.5697122210021125,22/06/2002 13:00:00,0,Ducati 998 F01 [2002],World Superbikes,
222,Rider,James Toseland,35.62281471050766,0.5685227553993052,12/07/2002 13:00:00,0,Ducati 998 F01 [2002],World Superbikes,
222,Rider,James Toseland,35.634694002892836,0.5673659228306754,13/07/2002 13:00:00,0,Ducati 998 F01 [2002],World Superbikes,
222,Rider,James Toseland,35.647449287434384,0.5662411938752664,13/07/2002 13:00:00,1,Ducati 998 F01 [2002],World Superbikes,
222,Rider,James Toseland,35.659999450160136,0.5651456552810645,26/07/2002 13:00:00,0,Ducati 998 F01 [2002],World Superbikes,
222,Rider,James Toseland,35.673331917153504,0.5640823204345913,26/07/2002 13:00:00,1,Ducati 998 F01 [2002],World Superbikes,
222,Rider,James Toseland,35.687724960609984,0.563050587778525,27/07/2002 13:00:00,0,Ducati 998 F01 [2002],World Superbikes,
222,Rider,James Toseland,35.701356423689745,0.562045607869574,29/08/2002 13:00:00,0,Ducati 998 F01 [2002],World Superbikes,
222,Rider,James Toseland,35.71488934673551,0.561066706898343,30/08/2002 13:00:00,0,Ducati 998 F01 [2002],World Superbikes,
222,Rider,James Toseland,35.727059161329045,0.5601102866367129,31/08/2002 13:00:00,0,Ducati 998 F01 [2002],World Superbikes,
222,Rider,James Toseland,35.7394620225005,0.5591735525030214,05/09/2002 13:00:00,0,Ducati 998 F01 [2002],World Superbikes,
222,Rider,James Toseland,35.75191702702636,0.5582599952090579,06/09/2002 13:00:00,0,Ducati 998 F01 [2002],World Superbikes,
222,Rider,James Toseland,35.76357068836245,0.5573680837498143,07/09/2002 13:00:00,0,Ducati 998 F01 [2002],World Superbikes,
222,Rider,James Toseland,35.77509868008366,0.5564977410988006,26/09/2002 13:00:00,0,Ducati 998 F01 [2002],World Superbikes,
222,Rider,James Toseland,35.785674482263154,0.5556481357399299,27/09/2002 13:00:00,0,Ducati 998 F01 [2002],World Superbikes,
222,Rider,James Toseland,35.79951997146134,0.554824048833972,28/09/2002 13:00:00,0,Ducati 998 F01 [2002],World Superbikes,
222,Rider,James Toseland,35.81319113282235,0.5540189348007709,28/02/2003 13:00:00,0,Ducati 998 F02 [2003],World Superbikes,
222,Rider,James Toseland,35.82723731426765,0.5532367093604592,28/02/2003 13:00:00,1,Ducati 998 F02 [2003],World Superbikes,
222,Rider,James Toseland,35.84103702418991,0.5524751448623079,01/03/2003 13:00:00,0,Ducati 998 F02 [2003],World Superbikes,
222,Rider,James Toseland,35.85378004454284,0.5517224536622005,27/03/2003 13:00:00,0,Ducati 998 F02 [2003],World Superbikes,
222,Rider,James Toseland,35.86711539503439,0.5509926383311071,28/03/2003 13:00:00,0,Ducati 998 F02 [2003],World Superbikes,
222,Rider,James Toseland,35.88118317486248,0.5502836956213607,28/03/2003 13:00:00,1,Ducati 998 F02 [2003],World Superbikes,
222,Rider,James Toseland,35.89546861176765,0.5495946215071824,24/04/2003 13:00:00,0,Ducati 998 F02 [2003],World Superbikes,
222,Rider,James Toseland,35.908943084892734,0.5489211802843124,25/04/2003 13:00:00,0,Ducati 998 F02 [2003],World Superbikes,
222,Rider,James Toseland,35.923058285721716,0.5482694115912536,25/04/2003 13:00:00,1,Ducati 998 F02 [2003],World Superbikes,
222,Rider,James Toseland,35.93770774432176,0.5476358849652295,15/05/2003 13:00:00,0,Ducati 998 F02 [2003],World Superbikes,
222,Rider,James Toseland,35.95052672570216,0.5469985951426598,16/05/2003 13:00:00,0,Ducati 998 F02 [2003],World Superbikes,
222,Rider,James Toseland,35.96321147769008,0.5463747236690556,17/05/2003 13:00:00,0,Ducati 998 F02 [2003],World Superbikes,
222,Rider,James Toseland,35.97542891859165,0.5457601109385298,29/05/2003 13:00:00,0,Ducati 998 F02 [2003],World Superbikes,
222,Rider,James Toseland,35.986485686961466,0.5451546312182928,30/05/2003 13:00:00,0,Ducati 998 F02 [2003],World Superbikes,
222,Rider,James Toseland,35.9981582189731,0.5445641182166844,31/05/2003 13:00:00,0,Ducati 998 F02 [2003],World Superbikes,
222,Rider,James Toseland,36.009118391367764,0.5439843433802247,13/06/2003 13:00:00,0,Ducati 998 F02 [2003],World Superbikes,
222,Rider,James Toseland,36.02020353180646,0.5434248399117517,13/06/2003 13:00:00,1,Ducati 998 F02 [2003],World Superbikes,
222,Rider,James Toseland,36.029926535660735,0.5428750871263779,14/06/2003 13:00:00,0,Ducati 998 F02 [2003],World Superbikes,
222,Rider,James Toseland,36.03966780276169,0.5423415495824602,19/06/2003 13:00:00,0,Ducati 998 F02 [2003],World Superbikes,
222,Rider,James Toseland,36.049953824217646,0.5418257906847674,20/06/2003 13:00:00,0,Ducati 998 F02 [2003],World Superbikes,
222,Rider,James Toseland,36.06008163576774,0.5413239427008847,21/06/2003 13:00:00,0,Ducati 998 F02 [2003],World Superbikes,
222,Rider,James Toseland,36.06991130014637,0.5408310948811671,11/07/2003 13:00:00,0,Ducati 998 F02 [2003],World Superbikes,
222,Rider,James Toseland,36.07996460989972,0.5403548347947028,12/07/2003 13:00:00,0,Ducati 998 F02 [2003],World Superbikes,
222,Rider,James Toseland,36.08931578413887,0.539890991256632,12/07/2003 13:00:00,1,Ducati 998 F02 [2003],World Superbikes,
222,Rider,James Toseland,36.098628290704355,0.5394409226710126,25/07/2003 13:00:00,0,Ducati 998 F02 [2003],World Superbikes,
222,Rider,James Toseland,36.107860383558645,0.5390081673604963,25/07/2003 13:00:00,1,Ducati 998 F02 [2003],World Superbikes,
222,Rider,James Toseland,36.11649650847276,0.5385911486638351,26/07/2003 13:00:00,0,Ducati 998 F02 [2003],World Superbikes,
222,Rider,James Toseland,36.12547790436548,0.5381893966038815,04/09/2003 13:00:00,0,Ducati 998 F02 [2003],World Superbikes,
222,Rider,James Toseland,36.13498794118264,0.537803589430884,05/09/2003 13:00:00,0,Ducati 998 F02 [2003],World Superbikes,
222,Rider,James Toseland,36.14558158425967,0.537430120168111,06/09/2003 13:00:00,0,Ducati 998 F02 [2003],World Superbikes,
222,Rider,James Toseland,36.15674717857755,0.537067832565742,25/09/2003 13:00:00,0,Ducati 998 F02 [2003],World Superbikes,
222,Rider,James Toseland,36.166094094899535,0.53669615251107,26/09/2003 13:00:00,0,Ducati 998 F02 [2003],World Superbikes,
222,Rider,James Toseland,36.17538005642584,0.5363354061380012,27/09/2003 13:00:00,0,Ducati 998 F02 [2003],World Superbikes,
222,Rider,James Toseland,36.184442772983424,0.5359828471472239,16/10/2003 13:00:00,0,Ducati 998 F02 [2003],World Superbikes,
222,Rider,James Toseland,36.19314911715917,0.5356412623457628,17/10/2003 13:00:00,0,Ducati 998 F02 [2003],World Superbikes,
222,Rider,James Toseland,36.20109553563082,0.5353076693677031,18/10/2003 13:00:00,0,Ducati 998 F02 [2003],World Superbikes,
222,Rider,James Toseland,36.2071590589329,0.5349629803337999,27/02/2004 13:00:00,0,Ducati 999 F04 [2004],World Superbikes,
222,Rider,James Toseland,36.21228046584138,0.5346182711531021,27/02/2004 13:00:00,1,Ducati 999 F04 [2004],World Superbikes,
222,Rider,James Toseland,36.21640112343128,0.5342737338145584,28/02/2004 13:00:00,0,Ducati 999 F04 [2004],World Superbikes,
222,Rider,James Toseland,36.21951599212041,0.5339276898533274,25/03/2004 13:00:00,0,Ducati 999 F04 [2004],World Superbikes,
222,Rider,James Toseland,36.22398237870891,0.5335938056709859,26/03/2004 13:00:00,0,Ducati 999 F04 [2004],World Superbikes,
222,Rider,James Toseland,36.2287549231342,0.5332700814775031,26/03/2004 13:00:00,1,Ducati 999 F04 [2004],World Superbikes,
222,Rider,James Toseland,36.233959348473824,0.5329562543046337,15/04/2004 13:00:00,0,Ducati 999 F04 [2004],World Superbikes,
222,Rider,James Toseland,36.24130613014469,0.5326552021623271,16/04/2004 13:00:00,0,Ducati 999 F04 [2004],World Superbikes,
222,Rider,James Toseland,36.25246671308452,0.5323650567576548,13/05/2004 13:00:00,0,Ducati 999 F04 [2004],World Superbikes,
222,Rider,James Toseland,36.2634242136552,0.5320816553765189,14/05/2004 13:00:00,0,Ducati 999 F04 [2004],World Superbikes,
222,Rider,James Toseland,36.27509138460766,0.5318093447774739,15/05/2004 13:00:00,0,Ducati 999 F04 [2004],World Superbikes,
222,Rider,James Toseland,36.28720874925304,0.5315460984650208,27/05/2004 13:00:00,0,Ducati 999 F04 [2004],World Superbikes,
222,Rider,James Toseland,36.30037321213541,0.5312953468568378,28/05/2004 13:00:00,0,Ducati 999 F04 [2004],World Superbikes,
222,Rider,James Toseland,36.31400082552823,0.531055094167205,29/05/2004 13:00:00,0,Ducati 999 F04 [2004],World Superbikes,
222,Rider,James Toseland,36.32864059322862,0.5308241947195138,11/06/2004 13:00:00,0,Ducati 999 F04 [2004],World Superbikes,
222,Rider,James Toseland,36.34391201810759,0.5306043857281689,11/06/2004 13:00:00,1,Ducati 999 F04 [2004],World Superbikes,
222,Rider,James Toseland,36.359170621423104,0.530392492469818,12/06/2004 13:00:00,0,Ducati 999 F04 [2004],World Superbikes,
222,Rider,James Toseland,36.37425478739026,0.530186835358177,09/07/2004 13:00:00,0,Ducati 999 F04 [2004],World Superbikes,
222,Rider,James Toseland,36.38972214500007,0.5299891280388571,10/07/2004 13:00:00,0,Ducati 999 F04 [2004],World Superbikes,
222,Rider,James Toseland,36.4061186060924,0.5298006907282243,10/07/2004 13:00:00,1,Ducati 999 F04 [2004],World Superbikes,
222,Rider,James Toseland,36.42160150653499,0.5296121706157454,30/07/2004 13:00:00,0,Ducati 999 F04 [2004],World Superbikes,
222,Rider,James Toseland,36.439145412508886,0.5294354134750435,30/07/2004 13:00:00,1,Ducati 999 F04 [2004],World Superbikes,
222,Rider,James Toseland,36.4566898706707,0.5292675647987283,31/07/2004 13:00:00,0,Ducati 999 F04 [2004],World Superbikes,
222,Rider,James Toseland,36.47630678709545,0.5291054433443888,02/09/2004 13:00:00,0,Ducati 999 F04 [2004],World Superbikes,
222,Rider,James Toseland,36.49622277674781,0.528952750780583,03/09/2004 13:00:00,0,Ducati 999 F04 [2004],World Superbikes,
222,Rider,James Toseland,36.51522334156975,0.5287979104055603,04/09/2004 13:00:00,0,Ducati 999 F04 [2004],World Superbikes,
222,Rider,James Toseland,36.533182007915705,0.5286405492893594,23/09/2004 13:00:00,0,Ducati 999 F04 [2004],World Superbikes,
222,Rider,James Toseland,36.551558735201624,0.5284926127808948,24/09/2004 13:00:00,0,Ducati 999 F04 [2004],World Superbikes,
222,Rider,James Toseland,36.57134813238253,0.5283551326646089,25/09/2004 13:00:00,0,Ducati 999 F04 [2004],World Superbikes,
222,Rider,James Toseland,36.59159183616712,0.5282240150269794,30/09/2004 13:00:00,0,Ducati 999 F04 [2004],World Superbikes,
222,Rider,James Toseland,36.611169205869565,0.5280949571787823,01/10/2004 13:00:00,0,Ducati 999 F04 [2004],World Superbikes,
222,Rider,James Toseland,36.63177593146952,0.5279760261663435,02/10/2004 13:00:00,0,Ducati 999 F04 [2004],World Superbikes,
222,Rider,James Toseland,36.65200753644887,0.5278597298790603,23/02/2005 13:00:00,0,Ducati 999 F05 [2005],World Superbikes,
222,Rider,James Toseland,36.67279390877879,0.5277542302563312,24/02/2005 13:00:00,0,Ducati 999 F05 [2005],World Superbikes,
222,Rider,James Toseland,36.695234212266975,0.5276606070002082,25/02/2005 13:00:00,0,Ducati 999 F05 [2005],World Superbikes,
222,Rider,James Toseland,36.71945608171914,0.5275727049863865,31/03/2005 13:00:00,0,Ducati 999 F05 [2005],World Superbikes,
222,Rider,James Toseland,36.74538288663689,0.5274975044153566,01/04/2005 13:00:00,0,Ducati 999 F05 [2005],World Superbikes,
222,Rider,James Toseland,36.77210200260868,0.5274349211233902,01/04/2005 13:00:00,1,Ducati 999 F05 [2005],World Superbikes,
222,Rider,James Toseland,36.8001148763822,0.5273792037298796,21/04/2005 13:00:00,0,Ducati 999 F05 [2005],World Superbikes,
222,Rider,James Toseland,36.82924966624096,0.527336111712366,22/04/2005 13:00:00,0,Ducati 999 F05 [2005],World Superbikes,
222,Rider,James Toseland,36.86146438603623,0.5273046411628183,05/05/2005 13:00:00,0,Ducati 999 F05 [2005],World Superbikes,
222,Rider,James Toseland,36.89357154550079,0.5272819250078852,06/05/2005 13:00:00,0,Ducati 999 F05 [2005],World Superbikes,
222,Rider,James Toseland,36.92590627965054,0.5272675576130539,07/05/2005 13:00:00,0,Ducati 999 F05 [2005],World Superbikes,
222,Rider,James Toseland,36.95900881276108,0.5272596833309219,27/05/2005 13:00:00,0,Ducati 999 F05 [2005],World Superbikes,
222,Rider,James Toseland,36.99065242571711,0.5272505675102639,27/05/2005 13:00:00,1,Ducati 999 F05 [2005],World Superbikes,
222,Rider,James Toseland,37.02232207441785,0.5272496264097711,28/05/2005 13:00:00,0,Ducati 999 F05 [2005],World Superbikes,
222,Rider,James Toseland,37.05435608931666,0.5272563099237983,23/06/2005 13:00:00,0,Ducati 999 F05 [2005],World Superbikes,
222,Rider,James Toseland,37.086204508845285,0.5272701242363917,24/06/2005 13:00:00,0,Ducati 999 F05 [2005],World Superbikes,
222,Rider,James Toseland,37.119290312161795,0.5272962785563987,25/06/2005 13:00:00,0,Ducati 999 F05 [2005],World Superbikes,
222,Rider,James Toseland,37.15289637922243,0.5273289534560607,14/07/2005 13:00:00,0,Ducati 999 F05 [2005],World Superbikes,
222,Rider,James Toseland,37.18715811914503,0.5273739048818625,15/07/2005 13:00:00,0,Ducati 999 F05 [2005],World Superbikes,
222,Rider,James Toseland,37.221783720012716,0.5274291649644653,16/07/2005 13:00:00,0,Ducati 999 F05 [2005],World Superbikes,
222,Rider,James Toseland,37.25523559511267,0.5274784215124174,05/08/2005 13:00:00,0,Ducati 999 F05 [2005],World Superbikes,
222,Rider,James Toseland,37.28905117995413,0.5275379536562568,05/08/2005 13:00:00,1,Ducati 999 F05 [2005],World Superbikes,
222,Rider,James Toseland,37.32404969021779,0.5276098589860919,06/08/2005 13:00:00,0,Ducati 999 F05 [2005],World Superbikes,
222,Rider,James Toseland,37.35836008187187,0.5276829841285233,01/09/2005 13:00:00,0,Ducati 999 F05 [2005],World Superbikes,
222,Rider,James Toseland,37.39077689681977,0.5277402240837312,02/09/2005 13:00:00,0,Ducati 999 F05 [2005],World Superbikes,
222,Rider,James Toseland,37.42220482821258,0.5277987228690761,03/09/2005 13:00:00,0,Ducati 999 F05 [2005],World Superbikes,
222,Rider,James Toseland,37.45246337804577,0.5278551306252294,08/09/2005 13:00:00,0,Ducati 999 F05 [2005],World Superbikes,
222,Rider,James Toseland,37.483130889955724,0.5279207048970896,09/09/2005 13:00:00,0,Ducati 999 F05 [2005],World Superbikes,
222,Rider,James Toseland,37.514080237366194,0.5279952809573039,10/09/2005 13:00:00,0,Ducati 999 F05 [2005],World Superbikes,
222,Rider,James Toseland,37.54468103660298,0.5280746200810752,29/09/2005 13:00:00,0,Ducati 999 F05 [2005],World Superbikes,
222,Rider,James Toseland,37.57574520076395,0.5281651045818103,30/09/2005 13:00:00,0,Ducati 999 F05 [2005],World Superbikes,
222,Rider,James Toseland,37.60740125366512,0.5282670198128303,01/10/2005 13:00:00,0,Ducati 999 F05 [2005],World Superbikes,
222,Rider,James Toseland,37.63859236434597,0.5283737589782546,06/10/2005 13:00:00,0,Ducati 999 F05 [2005],World Superbikes,
222,Rider,James Toseland,37.67201230606434,0.5284924281744658,07/10/2005 13:00:00,0,Ducati 999 F05 [2005],World Superbikes,
222,Rider,James Toseland,37.706665771929885,0.5286227269991317,08/10/2005 13:00:00,0,Ducati 999 F05 [2005],World Superbikes,
222,Rider,James Toseland,37.74143562171962,0.5287605477037457,22/02/2006 13:00:00,0,Honda CBR 1000RR Fireblade [2006],World Superbikes,
222,Rider,James Toseland,37.77774194729126,0.528912043658594,23/02/2006 13:00:00,0,Honda CBR 1000RR Fireblade [2006],World Superbikes,
222,Rider,James Toseland,37.814071886140226,0.5290759425330379,24/02/2006 13:00:00,0,Honda CBR 1000RR Fireblade [2006],World Superbikes,
222,Rider,James Toseland,37.84951727608139,0.5292462703860085,02/03/2006 13:00:00,0,Honda CBR 1000RR Fireblade [2006],World Superbikes,
222,Rider,James Toseland,37.883620914657705,0.5294226762703031,03/03/2006 13:00:00,0,Honda CBR 1000RR Fireblade [2006],World Superbikes,
222,Rider,James Toseland,37.91673826671402,0.5296065879711378,03/03/2006 13:00:00,1,Honda CBR 1000RR Fireblade [2006],World Superbikes,
222,Rider,James Toseland,37.948655047775375,0.5297935432243361,20/04/2006 13:00:00,0,Honda CBR 1000RR Fireblade [2006],World Superbikes,
222,Rider,James Toseland,37.981090256056916,0.5299947722795735,21/04/2006 13:00:00,0,Honda CBR 1000RR Fireblade [2006],World Superbikes,
222,Rider,James Toseland,38.01398608913628,0.5302105656065902,22/04/2006 13:00:00,0,Honda CBR 1000RR Fireblade [2006],World Superbikes,
222,Rider,James Toseland,38.047457277999314,0.5304374410451204,04/05/2006 13:00:00,0,Honda CBR 1000RR Fireblade [2006],World Superbikes,
222,Rider,James Toseland,38.079911979596105,0.5306717815194857,05/05/2006 13:00:00,0,Honda CBR 1000RR Fireblade [2006],World Superbikes,
222,Rider,James Toseland,38.11140797424104,0.5309145019631442,06/05/2006 13:00:00,0,Honda CBR 1000RR Fireblade [2006],World Superbikes,
222,Rider,James Toseland,38.14327477093776,0.5311673512998617,26/05/2006 13:00:00,0,Honda CBR 1000RR Fireblade [2006],World Superbikes,
222,Rider,James Toseland,38.174387450260674,0.5314317048578593,27/05/2006 13:00:00,0,Honda CBR 1000RR Fireblade [2006],World Superbikes,
222,Rider,James Toseland,38.20713400861296,0.5317036684696348,22/06/2006 13:00:00,0,Honda CBR 1000RR Fireblade [2006],World Superbikes,
222,Rider,James Toseland,38.23985223582826,0.5319901803402,23/06/2006 13:00:00,0,Honda CBR 1000RR Fireblade [2006],World Superbikes,
222,Rider,James Toseland,38.27252897301404,0.5322909232208266,24/06/2006 13:00:00,0,Honda CBR 1000RR Fireblade [2006],World Superbikes,
222,Rider,James Toseland,38.303118737093946,0.5325820494730416,20/07/2006 13:00:00,0,Honda CBR 1000RR Fireblade [2006],World Superbikes,
222,Rider,James Toseland,38.331749042657705,0.5328674909200852,21/07/2006 13:00:00,0,Honda CBR 1000RR Fireblade [2006],World Superbikes,
222,Rider,James Toseland,38.35949656661615,0.5331648573119413,22/07/2006 13:00:00,0,Honda CBR 1000RR Fireblade [2006],World Superbikes,
222,Rider,James Toseland,38.385701018158464,0.5334658721915161,04/08/2006 13:00:00,0,Honda CBR 1000RR Fireblade [2006],World Superbikes,
222,Rider,James Toseland,38.41239269203071,0.5337824647200925,04/08/2006 13:00:00,1,Honda CBR 1000RR Fireblade [2006],World Superbikes,
222,Rider,James Toseland,38.43851059255941,0.5341125886037837,05/08/2006 13:00:00,0,Honda CBR 1000RR Fireblade [2006],World Superbikes,
222,Rider,James Toseland,38.463783114197085,0.5344528158358932,31/08/2006 13:00:00,0,Honda CBR 1000RR Fireblade [2006],World Superbikes,
222,Rider,James Toseland,38.48817685892416,0.5348061443849447,01/09/2006 13:00:00,0,Honda CBR 1000RR Fireblade [2006],World Superbikes,
222,Rider,James Toseland,38.51095032068119,0.5351634400729506,02/09/2006 13:00:00,0,Honda CBR 1000RR Fireblade [2006],World Superbikes,
222,Rider,James Toseland,38.533791966041576,0.5355335074043495,07/09/2006 13:00:00,0,Honda CBR 1000RR Fireblade [2006],World Superbikes,
222,Rider,James Toseland,38.55664880356414,0.5359194076502961,08/09/2006 13:00:00,0,Honda CBR 1000RR Fireblade [2006],World Superbikes,
222,Rider,James Toseland,38.579670604122285,0.5363221145923133,09/09/2006 13:00:00,0,Honda CBR 1000RR Fireblade [2006],World Superbikes,
222,Rider,James Toseland,38.601529620037354,0.536733392592707,28/09/2006 13:00:00,0,Honda CBR 1000RR Fireblade [2006],World Superbikes,
222,Rider,James Toseland,38.621124908667746,0.5371393487864967,29/09/2006 13:00:00,0,Honda CBR 1000RR Fireblade [2006],World Superbikes,
222,Rider,James Toseland,38.63956711020822,0.5375570672729842,30/09/2006 13:00:00,0,Honda CBR 1000RR Fireblade [2006],World Superbikes,
222,Rider,James Toseland,38.65643917244849,0.5379780832670383,05/10/2006 13:00:00,0,Honda CBR 1000RR Fireblade [2006],World Superbikes,
222,Rider,James Toseland,38.67179157260578,0.5384072071125448,07/10/2006 13:00:00,0,Honda CBR 1000RR Fireblade [2006],World Superbikes,
222,Rider,James Toseland,38.68568368169577,0.5388416550246449,21/02/2007 13:00:00,0,Honda CBR 1000RR Fireblade [2007],World Superbikes,
222,Rider,James Toseland,38.69813104659808,0.5392832058506002,22/02/2007 13:00:00,0,Honda CBR 1000RR Fireblade [2007],World Superbikes,
222,Rider,James Toseland,38.70849667987298,0.5397189673865944,23/02/2007 13:00:00,0,Honda CBR 1000RR Fireblade [2007],World Superbikes,
222,Rider,James Toseland,38.71784891470973,0.5401652496199806,01/03/2007 13:00:00,0,Honda CBR 1000RR Fireblade [2007],World Superbikes,
222,Rider,James Toseland,38.72511501044505,0.540605626979262,02/03/2007 13:00:00,0,Honda CBR 1000RR Fireblade [2007],World Superbikes,
222,Rider,James Toseland,38.73083005412271,0.541049115432835,02/03/2007 13:00:00,1,Honda CBR 1000RR Fireblade [2007],World Superbikes,
222,Rider,James Toseland,38.735028785173824,0.541494918459897,30/03/2007 13:00:00,0,Honda CBR 1000RR Fireblade [2007],World Superbikes,
222,Rider,James Toseland,38.738543929891215,0.5419543111459759,30/03/2007 13:00:00,1,Honda CBR 1000RR Fireblade [2007],World Superbikes,
222,Rider,James Toseland,38.74170534962421,0.542429047669294,31/03/2007 13:00:00,0,Honda CBR 1000RR Fireblade [2007],World Superbikes,
222,Rider,James Toseland,38.74427150716292,0.54291841265207,12/04/2007 13:00:00,0,Honda CBR 1000RR Fireblade [2007],World Superbikes,
222,Rider,James Toseland,38.74579232489924,0.5434202867239983,13/04/2007 13:00:00,0,Honda CBR 1000RR Fireblade [2007],World Superbikes,
222,Rider,James Toseland,38.74738170959565,0.5439413089292744,14/04/2007 13:00:00,0,Honda CBR 1000RR Fireblade [2007],World Superbikes,
222,Rider,James Toseland,38.748659050096165,0.5444796711722575,26/04/2007 13:00:00,0,Honda CBR 1000RR Fireblade [2007],World Superbikes,
222,Rider,James Toseland,38.747965443261414,0.5450152270133907,27/04/2007 13:00:00,0,Honda CBR 1000RR Fireblade [2007],World Superbikes,
222,Rider,James Toseland,38.74630241691963,0.5455612319623244,28/04/2007 13:00:00,0,Honda CBR 1000RR Fireblade [2007],World Superbikes,
222,Rider,James Toseland,38.74265947796898,0.5461052320935135,10/05/2007 13:00:00,0,Honda CBR 1000RR Fireblade [2007],World Superbikes,
222,Rider,James Toseland,38.73718945045324,0.5466471264017196,11/05/2007 13:00:00,0,Honda CBR 1000RR Fireblade [2007],World Superbikes,
222,Rider,James Toseland,38.73198304841282,0.5472107159939325,12/05/2007 13:00:00,0,Honda CBR 1000RR Fireblade [2007],World Superbikes,
222,Rider,James Toseland,38.72639768080703,0.5477916963737289,25/05/2007 13:00:00,0,Honda CBR 1000RR Fireblade [2007],World Superbikes,
222,Rider,James Toseland,38.71975833794136,0.5483879306278916,25/05/2007 13:00:00,1,Honda CBR 1000RR Fireblade [2007],World Superbikes,
222,Rider,James Toseland,38.71169405545318,0.5489949550796371,26/05/2007 13:00:00,0,Honda CBR 1000RR Fireblade [2007],World Superbikes,
222,Rider,James Toseland,38.70258640312684,0.5496167321541322,14/06/2007 13:00:00,0,Honda CBR 1000RR Fireblade [2007],World Superbikes,
222,Rider,James Toseland,38.693735846439154,0.5502603249016711,15/06/2007 13:00:00,0,Honda CBR 1000RR Fireblade [2007],World Superbikes,
222,Rider,James Toseland,38.68558169097609,0.5509259965143966,16/06/2007 13:00:00,0,Honda CBR 1000RR Fireblade [2007],World Superbikes,
222,Rider,James Toseland,38.676731932044355,0.5516086756326802,19/07/2007 13:00:00,0,Honda CBR 1000RR Fireblade [2007],World Superbikes,
222,Rider,James Toseland,38.66721695609398,0.5523104138236661,20/07/2007 13:00:00,0,Honda CBR 1000RR Fireblade [2007],World Superbikes,
222,Rider,James Toseland,38.65699608221674,0.5530302700496192,21/07/2007 13:00:00,0,Honda CBR 1000RR Fireblade [2007],World Superbikes,
222,Rider,James Toseland,38.6460268402977,0.5537694663056613,03/08/2007 13:00:00,0,Honda CBR 1000RR Fireblade [2007],World Superbikes,
222,Rider,James Toseland,38.63281865386495,0.5545101996534489,03/08/2007 13:00:00,1,Honda CBR 1000RR Fireblade [2007],World Superbikes,
222,Rider,James Toseland,38.61853128717182,0.5552678021182688,04/08/2007 13:00:00,0,Honda CBR 1000RR Fireblade [2007],World Superbikes,
222,Rider,James Toseland,38.60268833905603,0.5560378898828817,06/09/2007 13:00:00,0,Honda CBR 1000RR Fireblade [2007],World Superbikes,
222,Rider,James Toseland,38.58613075745176,0.556828392903026,07/09/2007 13:00:00,0,Honda CBR 1000RR Fireblade [2007],World Superbikes,
222,Rider,James Toseland,38.570523738211975,0.5576430720186303,08/09/2007 13:00:00,0,Honda CBR 1000RR Fireblade [2007],World Superbikes,
222,Rider,James Toseland,38.55513025173651,0.5584826810109246,27/09/2007 13:00:00,0,Honda CBR 1000RR Fireblade [2007],World Superbikes,
222,Rider,James Toseland,38.539478435693965,0.5593461193509365,28/09/2007 13:00:00,0,Honda CBR 1000RR Fireblade [2007],World Superbikes,
222,Rider,James Toseland,38.52310261282446,0.5602323892120267,29/09/2007 13:00:00,0,Honda CBR 1000RR Fireblade [2007],World Superbikes,
222,Rider,James Toseland,38.50748603004874,0.5611436218697826,04/10/2007 13:00:00,0,Honda CBR 1000RR Fireblade [2007],World Superbikes,
222,Rider,James Toseland,38.492036932668604,0.5620824735642049,05/10/2007 13:00:00,0,Honda CBR 1000RR Fireblade [2007],World Superbikes,
222,Rider,James Toseland,38.47677226130961,0.5630493296406651,06/10/2007 13:00:00,0,Honda CBR 1000RR Fireblade [2007],World Superbikes,
222,Rider,James Toseland,38.45955257337833,0.5640237690279063,25/02/2010 13:00:00,0,Yamaha YZF-R1 [2010],World Superbikes,
222,Rider,James Toseland,38.44295986539537,0.5650307799308577,26/02/2010 13:00:00,0,Yamaha YZF-R1 [2010],World Superbikes,
222,Rider,James Toseland,38.425464161579896,0.5660689282769287,26/02/2010 13:00:00,1,Yamaha YZF-R1 [2010],World Superbikes,
222,Rider,James Toseland,38.4075905400538,0.5671407851266539,26/02/2010 13:00:00,2,Yamaha YZF-R1 [2010],World Superbikes,
222,Rider,James Toseland,38.38867122239463,0.5682437011492494,26/02/2010 13:00:00,3,Yamaha YZF-R1 [2010],World Superbikes,
222,Rider,James Toseland,38.37107484349331,0.5693452871271153,26/03/2010 13:00:00,0,Yamaha YZF-R1 [2010],World Superbikes,
222,Rider,James Toseland,38.35223065978482,0.5704806376657311,26/03/2010 13:00:00,1,Yamaha YZF-R1 [2010],World Superbikes,
222,Rider,James Toseland,38.3326248435641,0.5716521200686475,27/03/2010 13:00:00,0,Yamaha YZF-R1 [2010],World Superbikes,
222,Rider,James Toseland,38.3116275155067,0.5728572325406928,27/03/2010 13:00:00,1,Yamaha YZF-R1 [2010],World Superbikes,
222,Rider,James Toseland,38.29246316274632,0.5740885542317811,09/04/2010 13:00:00,0,Yamaha YZF-R1 [2010],World Superbikes,
222,Rider,James Toseland,38.27353387950225,0.5753582854622136,09/04/2010 13:00:00,1,Yamaha YZF-R1 [2010],World Superbikes,
222,Rider,James Toseland,38.25506804242022,0.5766673484573622,10/04/2010 13:00:00,0,Yamaha YZF-R1 [2010],World Superbikes,
222,Rider,James Toseland,38.236150360409034,0.5780163723841172,10/04/2010 13:00:00,1,Yamaha YZF-R1 [2010],World Superbikes,
222,Rider,James Toseland,38.21707008332418,0.5794039913434686,23/04/2010 13:00:00,0,Yamaha YZF-R1 [2010],World Superbikes,
222,Rider,James Toseland,38.197937246677625,0.5808324887491628,23/04/2010 13:00:00,1,Yamaha YZF-R1 [2010],World Superbikes,
222,Rider,James Toseland,38.18022132108097,0.5822984589965193,24/04/2010 13:00:00,0,Yamaha YZF-R1 [2010],World Superbikes,
222,Rider,James Toseland,38.16154918743506,0.5838059582253051,24/04/2010 13:00:00,1,Yamaha YZF-R1 [2010],World Superbikes,
222,Rider,James Toseland,38.14285649495816,0.5853548134704942,07/05/2010 13:00:00,0,Yamaha YZF-R1 [2010],World Superbikes,
222,Rider,James Toseland,38.12390174074337,0.5869479482538575,07/05/2010 13:00:00,1,Yamaha YZF-R1 [2010],World Superbikes,
222,Rider,James Toseland,38.104900783430274,0.5885869785517547,08/05/2010 13:00:00,0,Yamaha YZF-R1 [2010],World Superbikes,
222,Rider,James Toseland,38.084803044229055,0.5902697917536965,08/05/2010 13:00:00,1,Yamaha YZF-R1 [2010],World Superbikes,
222,Rider,James Toseland,38.06345778418032,0.5919939364181156,08/05/2010 13:00:00,2,Yamaha YZF-R1 [2010],World Superbikes,
222,Rider,James Toseland,38.042984932162575,0.5937425927242033,14/05/2010 13:00:00,0,Yamaha YZF-R1 [2010],World Superbikes,
222,Rider,James Toseland,38.02357341889635,0.5955367607973755,14/05/2010 13:00:00,1,Yamaha YZF-R1 [2010],World Superbikes,
222,Rider,James Toseland,38.00617509619045,0.5973724038124459,15/05/2010 13:00:00,0,Yamaha YZF-R1 [2010],World Superbikes,
222,Rider,James Toseland,37.987419615638096,0.599255072175596,15/05/2010 13:00:00,1,Yamaha YZF-R1 [2010],World Superbikes,
222,Rider,James Toseland,37.9678445868824,0.6011851310470538,15/05/2010 13:00:00,2,Yamaha YZF-R1 [2010],World Superbikes,
222,Rider,James Toseland,37.94647358084088,0.603149367836519,29/05/2010 13:00:00,0,Yamaha YZF-R1 [2010],World Superbikes,
222,Rider,James Toseland,37.92438976573908,0.6051649292716562,29/05/2010 13:00:00,1,Yamaha YZF-R1 [2010],World Superbikes,
222,Rider,James Toseland,37.90417040287821,0.607224288874319,30/05/2010 13:00:00,0,Yamaha YZF-R1 [2010],World Superbikes,
222,Rider,James Toseland,37.88430949071841,0.6093374641961995,30/05/2010 13:00:00,1,Yamaha YZF-R1 [2010],World Superbikes,
222,Rider,James Toseland,37.86560727285668,0.6114981571573934,25/06/2010 13:00:00,0,Yamaha YZF-R1 [2010],World Superbikes,
222,Rider,James Toseland,37.846722952848474,0.6137152666193152,25/06/2010 13:00:00,1,Yamaha YZF-R1 [2010],World Superbikes,
222,Rider,James Toseland,37.82818202293965,0.6159897909518364,26/06/2010 13:00:00,0,Yamaha YZF-R1 [2010],World Superbikes,
222,Rider,James Toseland,37.809880518800924,0.618321826742421,26/06/2010 13:00:00,1,Yamaha YZF-R1 [2010],World Superbikes,
222,Rider,James Toseland,37.7922961330645,0.6207090192880779,09/07/2010 13:00:00,0,Yamaha YZF-R1 [2010],World Superbikes,
222,Rider,James Toseland,37.77438359084209,0.6231562659593686,09/07/2010 13:00:00,1,Yamaha YZF-R1 [2010],World Superbikes,
222,Rider,James Toseland,37.75636191294154,0.625664730611103,10/07/2010 13:00:00,0,Yamaha YZF-R1 [2010],World Superbikes,
222,Rider,James Toseland,37.73837875270526,0.6282353513395796,10/07/2010 13:00:00,1,Yamaha YZF-R1 [2010],World Superbikes,
222,Rider,James Toseland,37.720614494380236,0.6308675072200606,30/07/2010 13:00:00,0,Yamaha YZF-R1 [2010],World Superbikes,
222,Rider,James Toseland,37.70177941261169,0.6335631267178422,30/07/2010 13:00:00,1,Yamaha YZF-R1 [2010],World Superbikes,
222,Rider,James Toseland,37.684767050121074,0.636320465187916,31/07/2010 13:00:00,0,Yamaha YZF-R1 [2010],World Superbikes,
222,Rider,James Toseland,37.66672943790326,0.6391426706069064,31/07/2010 13:00:00,1,Yamaha YZF-R1 [2010],World Superbikes,
222,Rider,James Toseland,37.64909148542006,0.6420289038640831,03/09/2010 13:00:00,0,Yamaha YZF-R1 [2010],World Superbikes,
222,Rider,James Toseland,37.633442917912696,0.6449705691634374,03/09/2010 13:00:00,1,Yamaha YZF-R1 [2010],World Superbikes,
222,Rider,James Toseland,37.618155581806455,0.6479809018778663,04/09/2010 13:00:00,0,Yamaha YZF-R1 [2010],World Superbikes,
222,Rider,James Toseland,37.601442796515215,0.6510579380141657,04/09/2010 13:00:00,1,Yamaha YZF-R1 [2010],World Superbikes,
222,Rider,James Toseland,37.584045695234515,0.654205577137188,04/09/2010 13:00:00,2,Yamaha YZF-R1 [2010],World Superbikes,
222,Rider,James Toseland,37.565515282837204,0.6574101701084533,24/09/2010 13:00:00,0,Yamaha YZF-R1 [2010],World Superbikes,
222,Rider,James Toseland,37.54732266030103,0.6606882584415289,24/09/2010 13:00:00,1,Yamaha YZF-R1 [2010],World Superbikes,
222,Rider,James Toseland,37.528200935209185,0.6640377256214776,25/09/2010 13:00:00,0,Yamaha YZF-R1 [2010],World Superbikes,
222,Rider,James Toseland,37.51087567660829,0.6674481965554854,01/10/2010 13:00:00,0,Yamaha YZF-R1 [2010],World Superbikes,
222,Rider,James Toseland,37.49378937348163,0.6709353600444767,01/10/2010 13:00:00,1,Yamaha YZF-R1 [2010],World Superbikes,
222,Rider,James Toseland,37.47765525128101,0.674496318616769,02/10/2010 13:00:00,0,Yamaha YZF-R1 [2010],World Superbikes,
222,Rider,James Toseland,37.46136819342805,0.6781375706948243,02/10/2010 13:00:00,1,Yamaha YZF-R1 [2010],World Superbikes,
222,Rider,James Toseland,37.44656267218415,0.6818456980237442,24/02/2011 13:00:00,0,BMW S1000 RR [2011],World Superbikes,
222,Rider,James Toseland,37.43221456771511,0.6856358172621633,25/02/2011 13:00:00,0,BMW S1000 RR [2011],World Superbikes,
222,Rider,James Toseland,37.418369483878806,0.6895101744623625,25/02/2011 13:00:00,1,BMW S1000 RR [2011],World Superbikes,
222,Rider,James Toseland,37.40580703338735,0.6934531482879668,06/05/2011 13:00:00,0,BMW S1000 RR [2011],World Superbikes,
222,Rider,James Toseland,37.39501922335036,0.6974681590575719,06/05/2011 13:00:00,1,BMW S1000 RR [2011],World Superbikes,
222,Rider,James Toseland,37.38730529699591,0.7015423918336665,28/05/2011 13:00:00,0,BMW S1000 RR [2011],World Superbikes,
222,Rider,James Toseland,37.380892012829015,0.7057003134751315,28/05/2011 13:00:00,1,BMW S1000 RR [2011],World Superbikes,
222,Rider,James Toseland,37.37628849111873,0.7099355606550222,29/07/2011 13:00:00,0,BMW S1000 RR [2011],World Superbikes,
222,Rider,James Toseland,37.37149612205482,0.7142636424967517,29/07/2011 13:00:00,1,BMW S1000 RR [2011],World Superbikes,
222,Rider,James Toseland,37.36690124658365,0.7186859368314574,30/07/2011 13:00:00,0,BMW S1000 RR [2011],World Superbikes,
222,Rider,James Toseland,37.36357133180701,0.7231884887566676,02/09/2011 13:00:00,0,BMW S1000 RR [2011],World Superbikes,
222,Rider,James Toseland,37.36080034285251,0.7277837698283265,02/09/2011 13:00:00,1,BMW S1000 RR [2011],World Superbikes,
223,Rider,Tadayuki Okada,35.270578960086496,1.0543387213034296,09/03/2001 13:00:00,0,Honda VTR 1000 SP [2001],World Superbikes,
223,Rider,Tadayuki Okada,35.27229875761112,1.0513326494785573,09/03/2001 13:00:00,1,Honda VTR 1000 SP [2001],World Superbikes,
223,Rider,Tadayuki Okada,35.27264071036838,1.048492123132762,10/03/2001 13:00:00,0,Honda VTR 1000 SP [2001],World Superbikes,
223,Rider,Tadayuki Okada,35.272505456734,1.0458173562548634,29/03/2001 13:00:00,0,Honda VTR 1000 SP [2001],World Superbikes,
223,Rider,Tadayuki Okada,35.27102643437219,1.043308694974323,30/03/2001 13:00:00,0,Honda VTR 1000 SP [2001],World Superbikes,
223,Rider,Tadayuki Okada,35.27014839039354,1.0409718703620605,31/03/2001 13:00:00,0,Honda VTR 1000 SP [2001],World Superbikes,
223,Rider,Tadayuki Okada,35.26852904699798,1.0387986492462613,19/04/2001 13:00:00,0,Honda VTR 1000 SP [2001],World Superbikes,
223,Rider,Tadayuki Okada,35.26638879954953,1.0367949836482302,20/04/2001 13:00:00,0,Honda VTR 1000 SP [2001],World Superbikes,
223,Rider,Tadayuki Okada,35.26410021746366,1.034961777278211,20/04/2001 13:00:00,1,Honda VTR 1000 SP [2001],World Superbikes,
223,Rider,Tadayuki Okada,35.26204961474703,1.0332947528720664,26/04/2001 13:00:00,0,Honda VTR 1000 SP2 [2001],World Superbikes,
223,Rider,Tadayuki Okada,35.259311596187864,1.0317591781806903,27/04/2001 13:00:00,0,Honda VTR 1000 SP2 [2001],World Superbikes,
223,Rider,Tadayuki Okada,35.255522716486546,1.0303543825465127,27/04/2001 13:00:00,1,Honda VTR 1000 SP2 [2001],World Superbikes,
223,Rider,Tadayuki Okada,35.25338371074964,1.0290443686113668,10/05/2001 13:00:00,0,Honda VTR 1000 SP [2001],World Superbikes,
223,Rider,Tadayuki Okada,35.25294763836918,1.0279066733812119,11/05/2001 13:00:00,0,Honda VTR 1000 SP [2001],World Superbikes,
223,Rider,Tadayuki Okada,35.25220702711103,1.026937625361326,12/05/2001 13:00:00,0,Honda VTR 1000 SP [2001],World Superbikes,
223,Rider,Tadayuki Okada,35.25214273430136,1.026130125295923,25/05/2001 13:00:00,0,Honda VTR 1000 SP [2001],World Superbikes,
223,Rider,Tadayuki Okada,35.25107339304996,1.025490552810813,25/05/2001 13:00:00,1,Honda VTR 1000 SP [2001],World Superbikes,
223,Rider,Tadayuki Okada,35.24858206223107,1.0250157847543513,26/05/2001 13:00:00,0,Honda VTR 1000 SP [2001],World Superbikes,
223,Rider,Tadayuki Okada,35.247305233098714,1.0246954932129866,07/06/2001 13:00:00,0,Honda VTR 1000 SP [2001],World Superbikes,
223,Rider,Tadayuki Okada,35.24473107535916,1.0245369014153074,08/06/2001 13:00:00,0,Honda VTR 1000 SP [2001],World Superbikes,
223,Rider,Tadayuki Okada,35.24222246795551,1.0245486716168128,09/06/2001 13:00:00,0,Honda VTR 1000 SP [2001],World Superbikes,
223,Rider,Tadayuki Okada,35.238448610587334,1.0247189130615026,21/06/2001 13:00:00,0,Honda VTR 1000 SP [2001],World Superbikes,
223,Rider,Tadayuki Okada,35.23376658014165,1.0250523791388046,22/06/2001 13:00:00,0,Honda VTR 1000 SP [2001],World Superbikes,
223,Rider,Tadayuki Okada,35.227185172496895,1.0255363038499172,23/06/2001 13:00:00,0,Honda VTR 1000 SP [2001],World Superbikes,
223,Rider,Tadayuki Okada,35.22128235766429,1.0261843039598602,06/07/2001 13:00:00,0,Honda VTR 1000 SP [2001],World Superbikes,
223,Rider,Tadayuki Okada,35.21589202053568,1.0270026263924876,07/07/2001 13:00:00,0,Honda VTR 1000 SP [2001],World Superbikes,
223,Rider,Tadayuki Okada,35.209548735928536,1.0279882180989042,07/07/2001 13:00:00,1,Honda VTR 1000 SP [2001],World Superbikes,
223,Rider,Tadayuki Okada,35.20303282223618,1.0291396103323014,27/07/2001 13:00:00,0,Honda VTR 1000 SP [2001],World Superbikes,
223,Rider,Tadayuki Okada,35.19648435339322,1.030463127350958,27/07/2001 13:00:00,1,Honda VTR 1000 SP [2001],World Superbikes,
223,Rider,Tadayuki Okada,35.190970060143236,1.0319586554584863,28/07/2001 13:00:00,0,Honda VTR 1000 SP [2001],World Superbikes,
223,Rider,Tadayuki Okada,35.18583839423436,1.0336197060904815,30/08/2001 13:00:00,0,Honda VTR 1000 SP [2001],World Superbikes,
223,Rider,Tadayuki Okada,35.17991359841183,1.0354465618302746,31/08/2001 13:00:00,0,Honda VTR 1000 SP [2001],World Superbikes,
223,Rider,Tadayuki Okada,35.176096768129746,1.037444117712442,01/09/2001 13:00:00,0,Honda VTR 1000 SP [2001],World Superbikes,
223,Rider,Tadayuki Okada,35.17266562799005,1.039605483867706,06/09/2001 13:00:00,0,Honda VTR 1000 SP [2001],World Superbikes,
223,Rider,Tadayuki Okada,35.170232435241225,1.0419379937693334,07/09/2001 13:00:00,0,Honda VTR 1000 SP [2001],World Superbikes,
223,Rider,Tadayuki Okada,35.16937723878612,1.0444438671196765,08/09/2001 13:00:00,0,Honda VTR 1000 SP [2001],World Superbikes,
223,Rider,Tadayuki Okada,35.168571740670636,1.047119077072849,27/09/2001 13:00:00,0,Honda VTR 1000 SP [2001],World Superbikes,
223,Rider,Tadayuki Okada,35.16723991037106,1.049964275314838,28/09/2001 13:00:00,0,Honda VTR 1000 SP [2001],World Superbikes,
223,Rider,Tadayuki Okada,35.16595471949264,1.0529852134281998,29/09/2001 13:00:00,0,Honda VTR 1000 SP [2001],World Superbikes,
224,Bike,Suzuki GSX-R 750 [2001],24.94460797547934,1.0472850070478497,09/03/2001 13:00:00,0,,World Superbikes,
224,Bike,Suzuki GSX-R 750 [2001],24.94543879150571,1.0442562732007425,09/03/2001 13:00:00,1,,World Superbikes,
224,Bike,Suzuki GSX-R 750 [2001],24.947016635301928,1.0414029305048995,10/03/2001 13:00:00,0,,World Superbikes,
224,Bike,Suzuki GSX-R 750 [2001],24.949415920995254,1.0387156121452175,29/03/2001 13:00:00,0,,World Superbikes,
224,Bike,Suzuki GSX-R 750 [2001],24.95016868037738,1.0361920412998116,30/03/2001 13:00:00,0,,World Superbikes,
224,Bike,Suzuki GSX-R 750 [2001],24.950224587858607,1.033840097098267,31/03/2001 13:00:00,0,,World Superbikes,
224,Bike,Suzuki GSX-R 750 [2001],24.951100506183465,1.0316321781931714,19/04/2001 13:00:00,0,,World Superbikes,
224,Bike,Suzuki GSX-R 750 [2001],24.95172949544549,1.029575366119631,20/04/2001 13:00:00,0,,World Superbikes,
224,Bike,Suzuki GSX-R 750 [2001],24.953360966564343,1.027657574715882,20/04/2001 13:00:00,1,,World Superbikes,
224,Bike,Suzuki GSX-R 750 [2001],24.95674025429119,1.0258953449253583,26/04/2001 13:00:00,0,,World Superbikes,
224,Bike,Suzuki GSX-R 750 [2001],24.959787053077957,1.0243038807071698,27/04/2001 13:00:00,0,,World Superbikes,
224,Bike,Suzuki GSX-R 750 [2001],24.962877057449074,1.0228826954916324,27/04/2001 13:00:00,1,,World Superbikes,
224,Bike,Suzuki GSX-R 750 [2001],24.9666243798018,1.021620149686781,10/05/2001 13:00:00,0,,World Superbikes,
224,Bike,Suzuki GSX-R 750 [2001],24.970345548054134,1.020528557251315,11/05/2001 13:00:00,0,,World Superbikes,
224,Bike,Suzuki GSX-R 750 [2001],24.97259119542599,1.019588525544033,12/05/2001 13:00:00,0,,World Superbikes,
224,Bike,Suzuki GSX-R 750 [2001],24.975595773384597,1.0187999357763944,25/05/2001 13:00:00,0,,World Superbikes,
224,Bike,Suzuki GSX-R 750 [2001],24.977801824298332,1.0181813940445223,25/05/2001 13:00:00,1,,World Superbikes,
224,Bike,Suzuki GSX-R 750 [2001],24.97824488101971,1.017727766732614,26/05/2001 13:00:00,0,,World Superbikes,
224,Bike,Suzuki GSX-R 750 [2001],24.97939246513871,1.0174242377749632,07/06/2001 13:00:00,0,,World Superbikes,
224,Bike,Suzuki GSX-R 750 [2001],24.979823030651236,1.0172913533854715,08/06/2001 13:00:00,0,,World Superbikes,
224,Bike,Suzuki GSX-R 750 [2001],24.98013219616599,1.0173292859039034,09/06/2001 13:00:00,0,,World Superbikes,
224,Bike,Suzuki GSX-R 750 [2001],24.980458745485667,1.0175246129987998,21/06/2001 13:00:00,0,,World Superbikes,
224,Bike,Suzuki GSX-R 750 [2001],24.98267681595121,1.017891491121459,22/06/2001 13:00:00,0,,World Superbikes,
224,Bike,Suzuki GSX-R 750 [2001],24.98635255101313,1.0184288912134944,23/06/2001 13:00:00,0,,World Superbikes,
224,Bike,Suzuki GSX-R 750 [2001],24.991278732853466,1.0191266978253697,06/07/2001 13:00:00,0,,World Superbikes,
224,Bike,Suzuki GSX-R 750 [2001],24.995481608513025,1.0199935400666431,07/07/2001 13:00:00,0,,World Superbikes,
224,Bike,Suzuki GSX-R 750 [2001],24.998864322931254,1.0210300184430863,07/07/2001 13:00:00,1,,World Superbikes,
224,Bike,Suzuki GSX-R 750 [2001],25.00201010552952,1.022229262563939,27/07/2001 13:00:00,0,,World Superbikes,
224,Bike,Suzuki GSX-R 750 [2001],25.003484606730396,1.023594863912222,27/07/2001 13:00:00,1,,World Superbikes,
224,Bike,Suzuki GSX-R 750 [2001],25.003221962847142,1.0251281132736751,28/07/2001 13:00:00,0,,World Superbikes,
224,Bike,Suzuki GSX-R 750 [2001],25.002179143422385,1.0268259308528973,30/08/2001 13:00:00,0,,World Superbikes,
224,Bike,Suzuki GSX-R 750 [2001],25.001170692471845,1.0286939700083415,31/08/2001 13:00:00,0,,World Superbikes,
224,Bike,Suzuki GSX-R 750 [2001],24.999914566922,1.0307333086202313,01/09/2001 13:00:00,0,,World Superbikes,
224,Bike,Suzuki GSX-R 750 [2001],24.999965682127574,1.03292474356894,06/09/2001 13:00:00,0,,World Superbikes,
224,Bike,Suzuki GSX-R 750 [2001],24.99959730386651,1.0352881965769691,07/09/2001 13:00:00,0,,World Superbikes,
224,Bike,Suzuki GSX-R 750 [2001],24.999981345665198,1.0378225127118348,08/09/2001 13:00:00,0,,World Superbikes,
224,Bike,Suzuki GSX-R 750 [2001],24.999955720453258,1.0405207020193272,27/09/2001 13:00:00,0,,World Superbikes,
224,Bike,Suzuki GSX-R 750 [2001],24.999869317969708,1.0433925290680557,28/09/2001 13:00:00,0,,World Superbikes,
224,Bike,Suzuki GSX-R 750 [2001],24.99922020043462,1.0464396444954571,29/09/2001 13:00:00,0,,World Superbikes,
225,Bike,Yamaha YZF-R7 [2001],21.599535719508125,1.2447439569043006,09/03/2001 13:00:00,0,,World Superbikes,
225,Bike,Yamaha YZF-R7 [2001],21.598545346862192,1.2423004333611165,09/03/2001 13:00:00,1,,World Superbikes,
225,Bike,Yamaha YZF-R7 [2001],21.597478233174055,1.2400740005497477,29/03/2001 13:00:00,0,,World Superbikes,
225,Bike,Yamaha YZF-R7 [2001],21.596900875774494,1.2380578593649234,30/03/2001 13:00:00,0,,World Superbikes,
225,Bike,Yamaha YZF-R7 [2001],21.59822251847555,1.2362361753802695,19/04/2001 13:00:00,0,,World Superbikes,
225,Bike,Yamaha YZF-R7 [2001],21.59871243253657,1.2346318143160488,20/04/2001 13:00:00,0,,World Superbikes,
225,Bike,Yamaha YZF-R7 [2001],21.59630948656264,1.233234854186862,20/04/2001 13:00:00,1,,World Superbikes,
225,Bike,Yamaha YZF-R7 [2001],21.595140402616266,1.2319674026413494,26/04/2001 13:00:00,0,,World Superbikes,
225,Bike,Yamaha YZF-R7 [2001],21.594715869721238,1.2309085509020954,27/04/2001 13:00:00,0,,World Superbikes,
225,Bike,Yamaha YZF-R7 [2001],21.595036079582965,1.2300588000217756,10/05/2001 13:00:00,0,,World Superbikes,
225,Bike,Yamaha YZF-R7 [2001],21.596139497325026,1.2294149378166082,11/05/2001 13:00:00,0,,World Superbikes,
225,Bike,Yamaha YZF-R7 [2001],21.59762902532824,1.2289812894313317,25/05/2001 13:00:00,0,,World Superbikes,
225,Bike,Yamaha YZF-R7 [2001],21.6002084029484,1.2287497524019466,25/05/2001 13:00:00,1,,World Superbikes,
225,Bike,Yamaha YZF-R7 [2001],21.603880901217554,1.2287208765596505,07/06/2001 13:00:00,0,,World Superbikes,
225,Bike,Yamaha YZF-R7 [2001],21.60631353653649,1.2289110714184392,08/06/2001 13:00:00,0,,World Superbikes,
225,Bike,Yamaha YZF-R7 [2001],21.608438711667567,1.2293161309003764,21/06/2001 13:00:00,0,,World Superbikes,
225,Bike,Yamaha YZF-R7 [2001],21.61107264999513,1.2299322275731412,22/06/2001 13:00:00,0,,World Superbikes,
225,Bike,Yamaha YZF-R7 [2001],21.613221863433175,1.2307638925323083,27/07/2001 13:00:00,0,,World Superbikes,
225,Bike,Yamaha YZF-R7 [2001],21.61602490969748,1.2318053292933904,27/07/2001 13:00:00,1,,World Superbikes,
225,Bike,Yamaha YZF-R7 [2001],21.619731077331995,1.2330550138497367,30/08/2001 13:00:00,0,,World Superbikes,
225,Bike,Yamaha YZF-R7 [2001],21.62285809915004,1.2344906475901474,31/08/2001 13:00:00,0,,World Superbikes,
225,Bike,Yamaha YZF-R7 [2001],21.62580358370986,1.2361017766657973,06/09/2001 13:00:00,0,,World Superbikes,
225,Bike,Yamaha YZF-R7 [2001],21.627471812777635,1.2379268413159359,07/09/2001 13:00:00,0,,World Superbikes,
225,Bike,Yamaha YZF-R7 [2001],21.63034789121284,1.2399513899990526,08/09/2001 13:00:00,0,,World Superbikes,
225,Bike,Yamaha YZF-R7 [2001],21.632141348799287,1.2421801728464257,27/09/2001 13:00:00,0,,World Superbikes,
225,Bike,Yamaha YZF-R7 [2001],21.633226102818572,1.2446250604701954,28/09/2001 13:00:00,0,,World Superbikes,
226,Rider,Stéphane Chambon,33.81183100511193,1.094296038164233,09/03/2001 13:00:00,0,Suzuki GSX-R 750 [2001],World Superbikes,
226,Rider,Stéphane Chambon,33.813464213692875,1.0914215038420634,09/03/2001 13:00:00,1,Suzuki GSX-R 750 [2001],World Superbikes,
226,Rider,Stéphane Chambon,33.81623348951269,1.088729587869051,29/03/2001 13:00:00,0,Suzuki GSX-R 750 [2001],World Superbikes,
226,Rider,Stéphane Chambon,33.81770928756543,1.0862179810256276,30/03/2001 13:00:00,0,Suzuki GSX-R 750 [2001],World Superbikes,
226,Rider,Stéphane Chambon,33.81789189943977,1.083886279656216,31/03/2001 13:00:00,0,Suzuki GSX-R 750 [2001],World Superbikes,
226,Rider,Stéphane Chambon,33.82009590247236,1.0816841010461395,19/04/2001 13:00:00,0,Suzuki GSX-R 750 [2001],World Superbikes,
226,Rider,Stéphane Chambon,33.822834516503455,1.0796640530167854,20/04/2001 13:00:00,0,Suzuki GSX-R 750 [2001],World Superbikes,
226,Rider,Stéphane Chambon,33.82634517990806,1.0778270849418463,26/04/2001 13:00:00,0,Suzuki GSX-R 750 [2001],World Superbikes,
226,Rider,Stéphane Chambon,33.82977646203277,1.0761736226416334,27/04/2001 13:00:00,0,Suzuki GSX-R 750 [2001],World Superbikes,
226,Rider,Stéphane Chambon,33.833770814645504,1.074701586874669,10/05/2001 13:00:00,0,Suzuki GSX-R 750 [2001],World Superbikes,
226,Rider,Stéphane Chambon,33.837987678443916,1.0734125059327746,11/05/2001 13:00:00,0,Suzuki GSX-R 750 [2001],World Superbikes,
226,Rider,Stéphane Chambon,33.84194289168602,1.0723035528923885,12/05/2001 13:00:00,0,Suzuki GSX-R 750 [2001],World Superbikes,
226,Rider,Stéphane Chambon,33.847289159975645,1.0713412536347438,25/05/2001 13:00:00,0,Suzuki GSX-R 750 [2001],World Superbikes,
226,Rider,Stéphane Chambon,33.851676808795844,1.0705587088682473,25/05/2001 13:00:00,1,Suzuki GSX-R 750 [2001],World Superbikes,
226,Rider,Stéphane Chambon,33.854302378054705,1.0699553311511183,26/05/2001 13:00:00,0,Suzuki GSX-R 750 [2001],World Superbikes,
226,Rider,Stéphane Chambon,33.85814561121507,1.0694992854962593,07/06/2001 13:00:00,0,Suzuki GSX-R 750 [2001],World Superbikes,
226,Rider,Stéphane Chambon,33.860902231557496,1.06922372221975,08/06/2001 13:00:00,0,Suzuki GSX-R 750 [2001],World Superbikes,
226,Rider,Stéphane Chambon,33.863171053409914,1.0691283347736074,09/06/2001 13:00:00,0,Suzuki GSX-R 750 [2001],World Superbikes,
226,Rider,Stéphane Chambon,33.86612651981679,1.069192772721829,21/06/2001 13:00:00,0,Suzuki GSX-R 750 [2001],World Superbikes,
226,Rider,Stéphane Chambon,33.86991134176017,1.0694392438690248,22/06/2001 13:00:00,0,Suzuki GSX-R 750 [2001],World Superbikes,
226,Rider,Stéphane Chambon,33.87569058465436,1.0698644778008097,06/07/2001 13:00:00,0,Suzuki GSX-R 750 [2001],World Superbikes,
226,Rider,Stéphane Chambon,33.880632615308926,1.070468754587788,07/07/2001 13:00:00,0,Suzuki GSX-R 750 [2001],World Superbikes,
226,Rider,Stéphane Chambon,33.88470923630724,1.071252541680949,07/07/2001 13:00:00,1,Suzuki GSX-R 750 [2001],World Superbikes,
226,Rider,Stéphane Chambon,33.88874353645588,1.0722043715548264,27/07/2001 13:00:00,0,Suzuki GSX-R 750 [2001],World Superbikes,
226,Rider,Stéphane Chambon,33.89142444891679,1.0733371471813442,27/07/2001 13:00:00,1,Suzuki GSX-R 750 [2001],World Superbikes,
226,Rider,Stéphane Chambon,33.89238214673526,1.07464964055723,28/07/2001 13:00:00,0,Suzuki GSX-R 750 [2001],World Superbikes,
226,Rider,Stéphane Chambon,33.893027872208,1.0761341159029052,30/08/2001 13:00:00,0,Suzuki GSX-R 750 [2001],World Superbikes,
226,Rider,Stéphane Chambon,33.89252583191154,1.077796633363591,31/08/2001 13:00:00,0,Suzuki GSX-R 750 [2001],World Superbikes,
226,Rider,Stéphane Chambon,33.89166714506667,1.079639223335684,01/09/2001 13:00:00,0,Suzuki GSX-R 750 [2001],World Superbikes,
226,Rider,Stéphane Chambon,33.8921022278903,1.081633783930875,06/09/2001 13:00:00,0,Suzuki GSX-R 750 [2001],World Superbikes,
226,Rider,Stéphane Chambon,33.89125612519709,1.0838088336071572,07/09/2001 13:00:00,0,Suzuki GSX-R 750 [2001],World Superbikes,
226,Rider,Stéphane Chambon,33.89189026133514,1.086162878214257,08/09/2001 13:00:00,0,Suzuki GSX-R 750 [2001],World Superbikes,
226,Rider,Stéphane Chambon,33.89284063481626,1.0886867694492146,27/09/2001 13:00:00,0,Suzuki GSX-R 750 [2001],World Superbikes,
226,Rider,Stéphane Chambon,33.892627716383586,1.0913905358183724,28/09/2001 13:00:00,0,Suzuki GSX-R 750 [2001],World Superbikes,
226,Rider,Stéphane Chambon,33.89169830192115,1.0942790523858152,29/09/2001 13:00:00,0,Suzuki GSX-R 750 [2001],World Superbikes,
227,Rider,Broc Parkes,28.763236536433656,0.75934331140906,09/03/2001 13:00:00,0,Ducati 996 RS [2001],World Superbikes,
227,Rider,Broc Parkes,28.764269258551582,0.7549654827776635,09/03/2001 13:00:00,1,Ducati 996 RS [2001],World Superbikes,
227,Rider,Broc Parkes,28.765133812240695,0.7506937053761383,29/03/2001 13:00:00,0,Ducati 996 RS [2001],World Superbikes,
227,Rider,Broc Parkes,28.766274906673633,0.7465241342399359,30/03/2001 13:00:00,0,Ducati 996 RS [2001],World Superbikes,
227,Rider,Broc Parkes,28.76686229137126,0.7424561053567654,31/03/2001 13:00:00,0,Ducati 996 RS [2001],World Superbikes,
227,Rider,Broc Parkes,28.767323786098032,0.7384790116658196,19/04/2001 13:00:00,0,Ducati 996 RS [2001],World Superbikes,
227,Rider,Broc Parkes,28.76673010152242,0.734602770079204,20/04/2001 13:00:00,0,Ducati 996 RS [2001],World Superbikes,
227,Rider,Broc Parkes,28.765668285608395,0.730827033328182,20/04/2001 13:00:00,1,Ducati 996 RS [2001],World Superbikes,
227,Rider,Broc Parkes,28.76294501680109,0.7271450616773023,26/04/2001 13:00:00,0,Ducati 996 RS [2001],World Superbikes,
227,Rider,Broc Parkes,28.760106997548647,0.7235605594909096,27/04/2001 13:00:00,0,Ducati 996 RS [2001],World Superbikes,
227,Rider,Broc Parkes,28.756537002743755,0.7200738314877966,25/05/2001 13:00:00,0,Ducati 996 RS [2001],World Superbikes,
227,Rider,Broc Parkes,28.75403421199223,0.7166772459975518,25/05/2001 13:00:00,1,Ducati 996 RS [2001],World Superbikes,
227,Rider,Broc Parkes,28.752335707593023,0.7133710154801411,07/06/2001 13:00:00,0,Ducati 996 RS [2001],World Superbikes,
227,Rider,Broc Parkes,28.747408189192242,0.7101481728147817,08/06/2001 13:00:00,0,Ducati 996 RS [2001],World Superbikes,
227,Rider,Broc Parkes,28.742327650854172,0.7070175104118326,21/06/2001 13:00:00,0,Ducati 996 RS [2001],World Superbikes,
227,Rider,Broc Parkes,28.736755825347124,0.703979283843032,22/06/2001 13:00:00,0,Ducati 996 RS [2001],World Superbikes,
227,Rider,Broc Parkes,28.731318279704137,0.7010316250159412,06/07/2001 13:00:00,0,Ducati 996 RS [2001],World Superbikes,
227,Rider,Broc Parkes,28.726914606888904,0.6981676281618336,07/07/2001 13:00:00,0,Ducati 996 RS [2001],World Superbikes,
227,Rider,Broc Parkes,28.724584662685118,0.6953780029906951,30/08/2001 13:00:00,0,Ducati 996 RS [2001],World Superbikes,
227,Rider,Broc Parkes,28.723775843667248,0.6926703854643846,31/08/2001 13:00:00,0,Ducati 996 RS [2001],World Superbikes,
227,Rider,Broc Parkes,28.72478173819067,0.6900400922889685,06/09/2001 13:00:00,0,Ducati 996 RS [2001],World Superbikes,
227,Rider,Broc Parkes,28.726936718184838,0.687487466833764,07/09/2001 13:00:00,0,Ducati 996 RS [2001],World Superbikes,
227,Rider,Broc Parkes,28.72799281676179,0.685018165676629,27/09/2001 13:00:00,0,Ducati 996 RS [2001],World Superbikes,
227,Rider,Broc Parkes,28.7291078383979,0.6826325137559576,28/09/2001 13:00:00,0,Ducati 996 RS [2001],World Superbikes,
227,Rider,Broc Parkes,28.729167868128236,0.6803303983479803,29/09/2001 13:00:00,0,Ducati 996 RS [2001],World Superbikes,
227,Rider,Broc Parkes,28.730692260211033,0.6780684269896567,08/03/2002 13:00:00,0,Ducati 998 RS [2002],World Superbikes,
227,Rider,Broc Parkes,28.733388496479105,0.6758811018533046,08/03/2002 13:00:00,1,Ducati 998 RS [2002],World Superbikes,
227,Rider,Broc Parkes,28.736818484492353,0.673769447489836,21/03/2002 13:00:00,0,Ducati 998 RS [2002],World Superbikes,
227,Rider,Broc Parkes,28.740230398641064,0.6717327176485807,22/03/2002 13:00:00,0,Ducati 998 RS [2002],World Superbikes,
227,Rider,Broc Parkes,28.7430123160162,0.669773139819415,22/03/2002 13:00:00,1,Ducati 998 RS [2002],World Superbikes,
227,Rider,Broc Parkes,28.745222283306056,0.6678847818421187,04/04/2002 13:00:00,0,Ducati 998 RS [2002],World Superbikes,
227,Rider,Broc Parkes,28.74808356278437,0.6660680047271591,05/04/2002 13:00:00,0,Ducati 998 RS [2002],World Superbikes,
227,Rider,Broc Parkes,28.751542417459266,0.6643214069868804,18/04/2002 13:00:00,0,Ducati 998 RS [2002],World Superbikes,
227,Rider,Broc Parkes,28.756517125169463,0.6626386046504187,19/04/2002 13:00:00,0,Ducati 998 RS [2002],World Superbikes,
227,Rider,Broc Parkes,28.76282330780277,0.6610231343740756,09/05/2002 13:00:00,0,Ducati 998 RS [2002],World Superbikes,
227,Rider,Broc Parkes,28.769288240350914,0.6594814735475669,10/05/2002 13:00:00,0,Ducati 998 RS [2002],World Superbikes,
227,Rider,Broc Parkes,28.775673907941744,0.6580129806176974,24/05/2002 13:00:00,0,Ducati 998 RS [2002],World Superbikes,
227,Rider,Broc Parkes,28.782960061291956,0.6566171410436442,24/05/2002 13:00:00,1,Ducati 998 RS [2002],World Superbikes,
227,Rider,Broc Parkes,28.792331105805655,0.6552837351677459,06/06/2002 13:00:00,0,Ducati 998 RS [2002],World Superbikes,
227,Rider,Broc Parkes,28.801781301298757,0.6540201778728802,07/06/2002 13:00:00,0,Ducati 998 RS [2002],World Superbikes,
227,Rider,Broc Parkes,28.81127171333035,0.6528250407966393,08/06/2002 13:00:00,0,Ducati 998 RS [2002],World Superbikes,
227,Rider,Broc Parkes,28.822115273517884,0.6516782585563331,20/06/2002 13:00:00,0,Ducati 998 RS [2002],World Superbikes,
227,Rider,Broc Parkes,28.833515569377862,0.6506007854458418,21/06/2002 13:00:00,0,Ducati 998 RS [2002],World Superbikes,
227,Rider,Broc Parkes,28.846001314162482,0.6495909017720419,12/07/2002 13:00:00,0,Ducati 998 RS [2002],World Superbikes,
227,Rider,Broc Parkes,28.85922168125275,0.648646634765605,13/07/2002 13:00:00,0,Ducati 998 RS [2002],World Superbikes,
227,Rider,Broc Parkes,28.873122236321063,0.6477680261704326,26/07/2002 13:00:00,0,Ducati 998 RS [2002],World Superbikes,
227,Rider,Broc Parkes,28.889396897427492,0.6469428756317591,26/07/2002 13:00:00,1,Ducati 998 RS [2002],World Superbikes,
227,Rider,Broc Parkes,28.908594371602383,0.6461635230065988,29/08/2002 13:00:00,0,Ducati 998 RS [2002],World Superbikes,
227,Rider,Broc Parkes,28.927717772759827,0.6454492217147241,30/08/2002 13:00:00,0,Ducati 998 RS [2002],World Superbikes,
227,Rider,Broc Parkes,28.94657933291596,0.6447992618698293,31/08/2002 13:00:00,0,Ducati 998 RS [2002],World Superbikes,
227,Rider,Broc Parkes,28.96545979612893,0.6442036300542241,05/09/2002 13:00:00,0,Ducati 998 RS [2002],World Superbikes,
227,Rider,Broc Parkes,28.984077923690784,0.6436729248572145,06/09/2002 13:00:00,0,Ducati 998 RS [2002],World Superbikes,
227,Rider,Broc Parkes,29.00088806862405,0.6432059978658474,07/09/2002 13:00:00,0,Ducati 998 RS [2002],World Superbikes,
227,Rider,Broc Parkes,29.016981158986898,0.6427988419166122,26/09/2002 13:00:00,0,Ducati 998 RS [2002],World Superbikes,
227,Rider,Broc Parkes,29.03376094422144,0.6424590930698841,27/09/2002 13:00:00,0,Ducati 998 RS [2002],World Superbikes,
227,Rider,Broc Parkes,29.05080236472969,0.6421894864674873,26/02/2009 13:00:00,0,Kawasaki ZX 10R [2009],World Superbikes,
227,Rider,Broc Parkes,29.06744778841879,0.6419891885172296,27/02/2009 13:00:00,0,Kawasaki ZX 10R [2009],World Superbikes,
227,Rider,Broc Parkes,29.08339028451354,0.641859879887252,27/02/2009 13:00:00,1,Kawasaki ZX 10R [2009],World Superbikes,
227,Rider,Broc Parkes,29.098700037907825,0.6417964798757736,27/02/2009 13:00:00,2,Kawasaki ZX 10R [2009],World Superbikes,
227,Rider,Broc Parkes,29.11498505909415,0.6417553965144718,11/03/2009 13:00:00,0,Kawasaki ZX 10R [2009],World Superbikes,
227,Rider,Broc Parkes,29.13078023987274,0.6417842775224762,12/03/2009 13:00:00,0,Kawasaki ZX 10R [2009],World Superbikes,
227,Rider,Broc Parkes,29.144597768297686,0.6418834354354649,12/03/2009 13:00:00,1,Kawasaki ZX 10R [2009],World Superbikes,
227,Rider,Broc Parkes,29.155472620389595,0.6420469644767912,12/03/2009 13:00:00,2,Kawasaki ZX 10R [2009],World Superbikes,
227,Rider,Broc Parkes,29.165929569157885,0.6422727351572121,03/04/2009 13:00:00,0,Kawasaki ZX 10R [2009],World Superbikes,
227,Rider,Broc Parkes,29.17549029782451,0.6425693528215043,03/04/2009 13:00:00,1,Kawasaki ZX 10R [2009],World Superbikes,
227,Rider,Broc Parkes,29.183007222860848,0.6429368461816041,04/04/2009 13:00:00,0,Kawasaki ZX 10R [2009],World Superbikes,
227,Rider,Broc Parkes,29.18942718305145,0.6433728921374028,04/04/2009 13:00:00,1,Kawasaki ZX 10R [2009],World Superbikes,
227,Rider,Broc Parkes,29.19543449005482,0.6438697308407318,08/05/2009 13:00:00,0,Kawasaki ZX 10R [2009],World Superbikes,
227,Rider,Broc Parkes,29.20202025544356,0.6444348158358199,08/05/2009 13:00:00,1,Kawasaki ZX 10R [2009],World Superbikes,
227,Rider,Broc Parkes,29.207622946811664,0.6450710612325554,09/05/2009 13:00:00,0,Kawasaki ZX 10R [2009],World Superbikes,
227,Rider,Broc Parkes,29.21276860961667,0.6457747949511802,09/05/2009 13:00:00,1,Kawasaki ZX 10R [2009],World Superbikes,
227,Rider,Broc Parkes,29.217410712865142,0.6465415572418176,15/05/2009 13:00:00,0,Kawasaki ZX 10R [2009],World Superbikes,
227,Rider,Broc Parkes,29.22186825689169,0.647377316786118,15/05/2009 13:00:00,1,Kawasaki ZX 10R [2009],World Superbikes,
227,Rider,Broc Parkes,29.226279201339846,0.6482815220767709,16/05/2009 13:00:00,0,Kawasaki ZX 10R [2009],World Superbikes,
227,Rider,Broc Parkes,29.23091079953336,0.649249312419143,29/05/2009 13:00:00,0,Kawasaki ZX 10R [2009],World Superbikes,
227,Rider,Broc Parkes,29.23438847826983,0.6502901047315367,29/05/2009 13:00:00,1,Kawasaki ZX 10R [2009],World Superbikes,
227,Rider,Broc Parkes,29.236842007744478,0.6514046274457871,30/05/2009 13:00:00,0,Kawasaki ZX 10R [2009],World Superbikes,
227,Rider,Broc Parkes,29.23842598348993,0.6525901271470392,30/05/2009 13:00:00,1,Kawasaki ZX 10R [2009],World Superbikes,
227,Rider,Broc Parkes,29.237920595016448,0.6538457668709312,30/05/2009 13:00:00,2,Kawasaki ZX 10R [2009],World Superbikes,
227,Rider,Broc Parkes,29.237142173964394,0.6551451733476307,19/06/2009 13:00:00,0,Kawasaki ZX 10R [2009],World Superbikes,
227,Rider,Broc Parkes,29.233656891162187,0.6565176559589119,19/06/2009 13:00:00,1,Kawasaki ZX 10R [2009],World Superbikes,
227,Rider,Broc Parkes,29.229928874598663,0.6579665688583638,20/06/2009 13:00:00,0,Kawasaki ZX 10R [2009],World Superbikes,
227,Rider,Broc Parkes,29.22678543304264,0.6594759316871395,26/06/2009 13:00:00,0,Kawasaki ZX 10R [2009],World Superbikes,
227,Rider,Broc Parkes,29.223199261918637,0.661062508898015,26/06/2009 13:00:00,1,Kawasaki ZX 10R [2009],World Superbikes,
227,Rider,Broc Parkes,29.219586373551067,0.6627262637557763,24/07/2009 13:00:00,0,Kawasaki ZX 10R [2009],World Superbikes,
227,Rider,Broc Parkes,29.21412022850375,0.6644685963436886,24/07/2009 13:00:00,1,Kawasaki ZX 10R [2009],World Superbikes,
227,Rider,Broc Parkes,29.206385912317998,0.6662884241644408,25/07/2009 13:00:00,0,Kawasaki ZX 10R [2009],World Superbikes,
227,Rider,Broc Parkes,29.199267201786313,0.6681691084624204,04/09/2009 13:00:00,0,Kawasaki ZX 10R [2009],World Superbikes,
227,Rider,Broc Parkes,29.194039550220158,0.6701095816998419,04/09/2009 13:00:00,1,Kawasaki ZX 10R [2009],World Superbikes,
227,Rider,Broc Parkes,29.18715491498823,0.6721304121661725,05/09/2009 13:00:00,0,Kawasaki ZX 10R [2009],World Superbikes,
227,Rider,Broc Parkes,29.178599249627762,0.6742301351011742,05/09/2009 13:00:00,1,Kawasaki ZX 10R [2009],World Superbikes,
227,Rider,Broc Parkes,29.170386746211868,0.6763885189749448,25/09/2009 13:00:00,0,Kawasaki ZX 10R [2009],World Superbikes,
227,Rider,Broc Parkes,29.161541133305224,0.6786289793591002,26/09/2009 13:00:00,0,Kawasaki ZX 10R [2009],World Superbikes,
227,Rider,Broc Parkes,29.1529145271151,0.6809422489429614,02/10/2009 13:00:00,0,Kawasaki ZX 10R [2009],World Superbikes,
227,Rider,Broc Parkes,29.143276122114433,0.6833385460871266,02/10/2009 13:00:00,1,Kawasaki ZX 10R [2009],World Superbikes,
227,Rider,Broc Parkes,29.133963898998747,0.6858149449911404,03/10/2009 13:00:00,0,Kawasaki ZX 10R [2009],World Superbikes,
227,Rider,Broc Parkes,29.12563615077945,0.6883570039274939,23/10/2009 13:00:00,0,Kawasaki ZX 10R [2009],World Superbikes,
227,Rider,Broc Parkes,29.11635561267084,0.6909851997811964,23/10/2009 13:00:00,1,Kawasaki ZX 10R [2009],World Superbikes,
227,Rider,Broc Parkes,29.106278750353194,0.6937002092267149,24/10/2009 13:00:00,0,Kawasaki ZX 10R [2009],World Superbikes,
227,Rider,Broc Parkes,29.096661741348406,0.6964919755661282,23/04/2010 13:00:00,0,Honda CBR1000RR [2010],World Superbikes,
227,Rider,Broc Parkes,29.08870799119366,0.6993281098224939,23/04/2010 13:00:00,1,Honda CBR1000RR [2010],World Superbikes,
227,Rider,Broc Parkes,29.081048358145228,0.7022244457863538,24/04/2010 13:00:00,0,Honda CBR1000RR [2010],World Superbikes,
227,Rider,Broc Parkes,29.0742413102344,0.7051524006301696,07/05/2010 13:00:00,0,Honda CBR1000RR [2010],World Superbikes,
227,Rider,Broc Parkes,29.068239686493044,0.7081512724692598,07/05/2010 13:00:00,1,Honda CBR1000RR [2010],World Superbikes,
227,Rider,Broc Parkes,29.064274226060768,0.7112036377167532,14/05/2010 13:00:00,0,Honda CBR1000RR [2010],World Superbikes,
227,Rider,Broc Parkes,29.061411578066714,0.7143180936160721,14/05/2010 13:00:00,1,Honda CBR1000RR [2010],World Superbikes,
227,Rider,Broc Parkes,29.05891031076429,0.7175001804997515,15/05/2010 13:00:00,0,Honda CBR1000RR [2010],World Superbikes,
227,Rider,Broc Parkes,29.057290777412025,0.7207186604107865,29/05/2010 13:00:00,0,Honda CBR1000RR [2010],World Superbikes,
227,Rider,Broc Parkes,29.055940239993138,0.724012036609755,29/05/2010 13:00:00,1,Honda CBR1000RR [2010],World Superbikes,
227,Rider,Broc Parkes,29.05562570677253,0.7273689237880417,30/05/2010 13:00:00,0,Honda CBR1000RR [2010],World Superbikes,
227,Rider,Broc Parkes,29.055647935061092,0.7307829122526147,25/06/2010 13:00:00,0,Honda CBR1000RR [2010],World Superbikes,
227,Rider,Broc Parkes,29.05579573957362,0.7342773787473341,25/06/2010 13:00:00,1,Honda CBR1000RR [2010],World Superbikes,
227,Rider,Broc Parkes,29.055866622646253,0.7378567532353848,26/06/2010 13:00:00,0,Honda CBR1000RR [2010],World Superbikes,
227,Rider,Broc Parkes,29.056243784417525,0.7414948969721051,09/07/2010 13:00:00,0,Honda CBR1000RR [2010],World Superbikes,
227,Rider,Broc Parkes,29.056917995317193,0.7452053283926598,09/07/2010 13:00:00,1,Honda CBR1000RR [2010],World Superbikes,
227,Rider,Broc Parkes,29.058442414947883,0.7489870974023898,30/07/2010 13:00:00,0,Honda CBR1000RR [2010],World Superbikes,
227,Rider,Broc Parkes,29.05934112237719,0.7528656590188806,30/07/2010 13:00:00,1,Honda CBR1000RR [2010],World Superbikes,
227,Rider,Broc Parkes,29.05802987415241,0.7568519795124032,31/07/2010 13:00:00,0,Honda CBR1000RR [2010],World Superbikes,
227,Rider,Broc Parkes,29.056659855519133,0.7609241765017942,18/10/2013 13:00:00,0,Yamaha YZF-R1 [2013],World Superbikes,
227,Rider,Broc Parkes,29.055425653747136,0.7650823953636129,18/10/2013 13:00:00,1,Yamaha YZF-R1 [2013],World Superbikes,
227,Rider,Broc Parkes,29.05412206156051,0.7693295229622426,19/10/2013 13:00:00,0,Yamaha YZF-R1 [2013],World Superbikes,
227,Rider,Broc Parkes,29.05308791082734,0.7736577434711154,19/10/2013 13:00:00,1,Yamaha YZF-R1 [2013],World Superbikes,
228,Bike,Honda VTR 1000 RC [2001],16.338414650565824,1.9200486883628562,09/03/2001 13:00:00,0,,World Superbikes,
228,Bike,Honda VTR 1000 RC [2001],16.33644256307504,1.918739930288256,09/03/2001 13:00:00,1,,World Superbikes,
228,Bike,Honda VTR 1000 RC [2001],16.33341495211171,1.9177355420337052,29/03/2001 13:00:00,0,,World Superbikes,
228,Bike,Honda VTR 1000 RC [2001],16.3314666674208,1.9169109757506877,30/03/2001 13:00:00,0,,World Superbikes,
228,Bike,Honda VTR 1000 RC [2001],16.32961001340784,1.9163199413655725,19/04/2001 13:00:00,0,,World Superbikes,
228,Bike,Honda VTR 1000 RC [2001],16.328694703722768,1.9159167964280235,20/04/2001 13:00:00,0,,World Superbikes,
228,Bike,Honda VTR 1000 RC [2001],16.324491776796144,1.9158432001340173,10/05/2001 13:00:00,0,,World Superbikes,
228,Bike,Honda VTR 1000 RC [2001],16.321118780277462,1.9158931298589537,11/05/2001 13:00:00,0,,World Superbikes,
228,Bike,Honda VTR 1000 RC [2001],16.31860077628279,1.9160686907555273,25/05/2001 13:00:00,0,,World Superbikes,
228,Bike,Honda VTR 1000 RC [2001],16.31613722158723,1.9164130415175074,25/05/2001 13:00:00,1,,World Superbikes,
228,Bike,Honda VTR 1000 RC [2001],16.314689754256047,1.9168932431983507,21/06/2001 13:00:00,0,,World Superbikes,
228,Bike,Honda VTR 1000 RC [2001],16.313339474171432,1.9176440881910768,22/06/2001 13:00:00,0,,World Superbikes,
228,Bike,Honda VTR 1000 RC [2001],16.312271098530427,1.918670411126824,06/07/2001 13:00:00,0,,World Superbikes,
228,Bike,Honda VTR 1000 RC [2001],16.311289588197813,1.919941560019313,07/07/2001 13:00:00,0,,World Superbikes,
228,Bike,Honda VTR 1000 RC [2001],16.311275462872477,1.9213867160328975,27/07/2001 13:00:00,1,,World Superbikes,
229,Rider,Jay Normoyle,15.343124761436126,3.102296370612165,19/04/2001 13:00:00,0,Suzuki GSX-R 750 [2001],World Superbikes,
229,Rider,Jay Normoyle,15.342242984361425,3.101968987484182,20/04/2001 13:00:00,0,Suzuki GSX-R 750 [2001],World Superbikes,
229,Rider,Jay Normoyle,15.342049421440075,3.1019139277699947,27/03/2003 13:00:00,0,Suzuki GSX 1000R [2003],World Superbikes,
229,Rider,Jay Normoyle,15.342184327234,3.102318666346922,28/03/2003 13:00:00,0,Suzuki GSX 1000R [2003],World Superbikes,
230,Rider,Warwick Nowland,21.02460279532098,1.4927339509210402,19/04/2001 13:00:00,0,Honda VTR 1000 RC [2001],World Superbikes,
230,Rider,Warwick Nowland,21.02514659992839,1.4906997774436042,20/04/2001 13:00:00,0,Honda VTR 1000 RC [2001],World Superbikes,
230,Rider,Warwick Nowland,21.02240278729424,1.4889092813600977,27/02/2004 13:00:00,0,Suzuki GSX 1000R [2004],World Superbikes,
230,Rider,Warwick Nowland,21.01926100143347,1.4873500782083569,27/02/2004 13:00:00,1,Suzuki GSX 1000R [2004],World Superbikes,
230,Rider,Warwick Nowland,21.01687225819397,1.4859893750450957,25/03/2004 13:00:00,0,Suzuki GSX 1000R [2004],World Superbikes,
230,Rider,Warwick Nowland,21.014523443406635,1.4848368739609694,26/03/2004 13:00:00,0,Suzuki GSX 1000R [2004],World Superbikes,
230,Rider,Warwick Nowland,21.012660817404292,1.4838693274207468,15/04/2004 13:00:00,0,Suzuki GSX 1000R [2004],World Superbikes,
230,Rider,Warwick Nowland,21.011438243199994,1.483137633636569,16/04/2004 13:00:00,0,Suzuki GSX 1000R [2004],World Superbikes,
230,Rider,Warwick Nowland,21.009262904340645,1.48265611730842,11/06/2004 13:00:00,0,Suzuki GSX 1000R [2004],World Superbikes,
230,Rider,Warwick Nowland,21.00809091418835,1.4823748394870357,11/06/2004 13:00:00,1,Suzuki GSX 1000R [2004],World Superbikes,
230,Rider,Warwick Nowland,21.007085349763347,1.4823192642072114,09/07/2004 13:00:00,0,Suzuki GSX 1000R [2004],World Superbikes,
230,Rider,Warwick Nowland,21.00742043729072,1.4824241419666817,10/07/2004 13:00:00,0,Suzuki GSX 1000R [2004],World Superbikes,
230,Rider,Warwick Nowland,21.009177065794397,1.4826903706203935,30/07/2004 13:00:00,0,Suzuki GSX 1000R [2004],World Superbikes,
230,Rider,Warwick Nowland,21.010535239481637,1.483186974588378,30/07/2004 13:00:00,1,Suzuki GSX 1000R [2004],World Superbikes,
230,Rider,Warwick Nowland,21.011725691268936,1.4839204946501336,02/09/2004 13:00:00,0,Suzuki GSX 1000R [2004],World Superbikes,
230,Rider,Warwick Nowland,21.01300443207681,1.4848813394475118,03/09/2004 13:00:00,0,Suzuki GSX 1000R [2004],World Superbikes,
230,Rider,Warwick Nowland,21.014003263583945,1.4860747968915264,23/09/2004 13:00:00,0,Suzuki GSX 1000R [2004],World Superbikes,
230,Rider,Warwick Nowland,21.014495925300203,1.4875196196722111,24/09/2004 13:00:00,0,Suzuki GSX 1000R [2004],World Superbikes,
230,Rider,Warwick Nowland,21.015631566486853,1.4892091794170494,30/09/2004 13:00:00,0,Suzuki GSX 1000R [2004],World Superbikes,
230,Rider,Warwick Nowland,21.016975359083656,1.4911412099407122,01/10/2004 13:00:00,0,Suzuki GSX 1000R [2004],World Superbikes,
231,Bike,Honda VTR 1000 SP2 [2001],25.807363990690053,3.125876843730569,26/04/2001 13:00:00,0,,World Superbikes,
231,Bike,Honda VTR 1000 SP2 [2001],25.806906335710394,3.125644951777425,27/04/2001 13:00:00,0,,World Superbikes,
231,Bike,Honda VTR 1000 SP2 [2001],25.80570533298243,3.125977966213494,27/04/2001 13:00:00,1,,World Superbikes,
232,Bike,Yamaha YZF 750 R [2001],26.179896587112662,3.124099074677646,26/04/2001 13:00:00,0,,World Superbikes,
232,Bike,Yamaha YZF 750 R [2001],26.179215118571477,3.1238379886323737,27/04/2001 13:00:00,0,,World Superbikes,
232,Bike,Yamaha YZF 750 R [2001],26.17863220244292,3.1241206630925222,27/04/2001 13:00:00,1,,World Superbikes,
233,Rider,Yukio Kagayama,36.34682414104108,0.7361419509314742,26/04/2001 13:00:00,0,Suzuki GSX 1000R [2001],World Superbikes,
233,Rider,Yukio Kagayama,36.34769501538496,0.7315852593107857,27/04/2001 13:00:00,0,Suzuki GSX 1000R [2001],World Superbikes,
233,Rider,Yukio Kagayama,36.34708726026752,0.7270972818375918,27/04/2001 13:00:00,1,Suzuki GSX 1000R [2001],World Superbikes,
233,Rider,Yukio Kagayama,36.34793911293103,0.7226669674134608,13/06/2003 13:00:00,0,Suzuki [2003],World Superbikes,
233,Rider,Yukio Kagayama,36.34930919469714,0.7183212678673113,13/06/2003 13:00:00,1,Suzuki [2003],World Superbikes,
233,Rider,Yukio Kagayama,36.349672846234455,0.7140544812691496,14/06/2003 13:00:00,0,Suzuki [2003],World Superbikes,
233,Rider,Yukio Kagayama,36.34847670737463,0.709855627122611,25/07/2003 13:00:00,0,Suzuki [2003],World Superbikes,
233,Rider,Yukio Kagayama,36.347831072501634,0.7057379089958208,25/07/2003 13:00:00,1,Suzuki [2003],World Superbikes,
233,Rider,Yukio Kagayama,36.34862041068027,0.7017006260731145,23/02/2005 13:00:00,0,Suzuki GSX-R 1000 K5 [2005],World Superbikes,
233,Rider,Yukio Kagayama,36.349095764002456,0.6977486694662013,24/02/2005 13:00:00,0,Suzuki GSX-R 1000 K5 [2005],World Superbikes,
233,Rider,Yukio Kagayama,36.35055220587804,0.693885279535822,25/02/2005 13:00:00,0,Suzuki GSX-R 1000 K5 [2005],World Superbikes,
233,Rider,Yukio Kagayama,36.35173486634033,0.6901002985108297,31/03/2005 13:00:00,0,Suzuki GSX-R 1000 K5 [2005],World Superbikes,
233,Rider,Yukio Kagayama,36.35157251510862,0.6863797189703531,01/04/2005 13:00:00,0,Suzuki GSX-R 1000 K5 [2005],World Superbikes,
233,Rider,Yukio Kagayama,36.35278746059822,0.682745250572448,01/04/2005 13:00:00,1,Suzuki GSX-R 1000 K5 [2005],World Superbikes,
233,Rider,Yukio Kagayama,36.352383267844736,0.6791601036467303,21/04/2005 13:00:00,0,Suzuki GSX-R 1000 K5 [2005],World Superbikes,
233,Rider,Yukio Kagayama,36.35211514467024,0.6756545505155456,22/04/2005 13:00:00,0,Suzuki GSX-R 1000 K5 [2005],World Superbikes,
233,Rider,Yukio Kagayama,36.352166378190475,0.6722285756393872,23/04/2005 13:00:00,0,Suzuki GSX-R 1000 K5 [2005],World Superbikes,
233,Rider,Yukio Kagayama,36.35311775281048,0.6688770737624341,05/05/2005 13:00:00,0,Suzuki GSX-R 1000 K5 [2005],World Superbikes,
233,Rider,Yukio Kagayama,36.352798688513545,0.6655847003819663,06/05/2005 13:00:00,0,Suzuki GSX-R 1000 K5 [2005],World Superbikes,
233,Rider,Yukio Kagayama,36.35151344565636,0.6623601223567717,07/05/2005 13:00:00,0,Suzuki GSX-R 1000 K5 [2005],World Superbikes,
233,Rider,Yukio Kagayama,36.34818761358495,0.659178290583509,27/05/2005 13:00:00,0,Suzuki GSX-R 1000 K5 [2005],World Superbikes,
233,Rider,Yukio Kagayama,36.34417865342295,0.6560631505912273,27/05/2005 13:00:00,1,Suzuki GSX-R 1000 K5 [2005],World Superbikes,
233,Rider,Yukio Kagayama,36.3395280209741,0.6530141475321424,28/05/2005 13:00:00,0,Suzuki GSX-R 1000 K5 [2005],World Superbikes,
233,Rider,Yukio Kagayama,36.33296757874894,0.650007483641896,23/06/2005 13:00:00,0,Suzuki GSX-R 1000 K5 [2005],World Superbikes,
233,Rider,Yukio Kagayama,36.32671303802577,0.6470698510713088,24/06/2005 13:00:00,0,Suzuki GSX-R 1000 K5 [2005],World Superbikes,
233,Rider,Yukio Kagayama,36.31962075527357,0.6441925279322425,25/06/2005 13:00:00,0,Suzuki GSX-R 1000 K5 [2005],World Superbikes,
233,Rider,Yukio Kagayama,36.312339657155796,0.6413767361914441,14/07/2005 13:00:00,0,Suzuki GSX-R 1000 K5 [2005],World Superbikes,
233,Rider,Yukio Kagayama,36.30590839939965,0.6386301746063435,15/07/2005 13:00:00,0,Suzuki GSX-R 1000 K5 [2005],World Superbikes,
233,Rider,Yukio Kagayama,36.29943565734909,0.6359480607444964,16/07/2005 13:00:00,0,Suzuki GSX-R 1000 K5 [2005],World Superbikes,
233,Rider,Yukio Kagayama,36.29352290851664,0.6333257201529457,05/08/2005 13:00:00,0,Suzuki GSX-R 1000 K5 [2005],World Superbikes,
233,Rider,Yukio Kagayama,36.287176549373584,0.630764422063681,05/08/2005 13:00:00,1,Suzuki GSX-R 1000 K5 [2005],World Superbikes,
233,Rider,Yukio Kagayama,36.2829487317661,0.6282679983419082,06/08/2005 13:00:00,0,Suzuki GSX-R 1000 K5 [2005],World Superbikes,
233,Rider,Yukio Kagayama,36.280633189500584,0.6258270011734697,01/09/2005 13:00:00,0,Suzuki GSX-R 1000 K5 [2005],World Superbikes,
233,Rider,Yukio Kagayama,36.27910983170949,0.6234471052630204,02/09/2005 13:00:00,0,Suzuki GSX-R 1000 K5 [2005],World Superbikes,
233,Rider,Yukio Kagayama,36.278238427629454,0.6211276680349471,03/09/2005 13:00:00,0,Suzuki GSX-R 1000 K5 [2005],World Superbikes,
233,Rider,Yukio Kagayama,36.27785163594659,0.6188623091464137,08/09/2005 13:00:00,0,Suzuki GSX-R 1000 K5 [2005],World Superbikes,
233,Rider,Yukio Kagayama,36.27907629903499,0.6166545484203511,09/09/2005 13:00:00,0,Suzuki GSX-R 1000 K5 [2005],World Superbikes,
233,Rider,Yukio Kagayama,36.28150985030253,0.6145036832497022,10/09/2005 13:00:00,0,Suzuki GSX-R 1000 K5 [2005],World Superbikes,
233,Rider,Yukio Kagayama,36.28489749163348,0.6124032037480052,29/09/2005 13:00:00,0,Suzuki GSX-R 1000 K5 [2005],World Superbikes,
233,Rider,Yukio Kagayama,36.28814622737813,0.610356894662082,30/09/2005 13:00:00,0,Suzuki GSX-R 1000 K5 [2005],World Superbikes,
233,Rider,Yukio Kagayama,36.28984152452039,0.6083506219205254,01/10/2005 13:00:00,0,Suzuki GSX-R 1000 K5 [2005],World Superbikes,
233,Rider,Yukio Kagayama,36.29181385644787,0.6063941339615733,06/10/2005 13:00:00,0,Suzuki GSX-R 1000 K5 [2005],World Superbikes,
233,Rider,Yukio Kagayama,36.29205331127725,0.604462198092275,07/10/2005 13:00:00,0,Suzuki GSX-R 1000 K5 [2005],World Superbikes,
233,Rider,Yukio Kagayama,36.29248799786297,0.602580700354634,08/10/2005 13:00:00,0,Suzuki GSX-R 1000 K5 [2005],World Superbikes,
233,Rider,Yukio Kagayama,36.293438417840754,0.6007463554746915,22/02/2006 13:00:00,0,Suzuki GSX-R1000 K6 [2006],World Superbikes,
233,Rider,Yukio Kagayama,36.29540863249346,0.5989648720284158,23/02/2006 13:00:00,0,Suzuki GSX-R1000 K6 [2006],World Superbikes,
233,Rider,Yukio Kagayama,36.29693157079084,0.5972323401656697,24/02/2006 13:00:00,0,Suzuki GSX-R1000 K6 [2006],World Superbikes,
233,Rider,Yukio Kagayama,36.298301461522904,0.595544499771899,02/03/2006 13:00:00,0,Suzuki GSX-R1000 K6 [2006],World Superbikes,
233,Rider,Yukio Kagayama,36.29883164980765,0.5939021302269731,03/03/2006 13:00:00,0,Suzuki GSX-R1000 K6 [2006],World Superbikes,
233,Rider,Yukio Kagayama,36.30016850216552,0.5923091094485786,03/03/2006 13:00:00,1,Suzuki GSX-R1000 K6 [2006],World Superbikes,
233,Rider,Yukio Kagayama,36.30258000821848,0.5907578010786106,20/04/2006 13:00:00,0,Suzuki GSX-R1000 K6 [2006],World Superbikes,
233,Rider,Yukio Kagayama,36.30420468483708,0.5892498844724368,21/04/2006 13:00:00,0,Suzuki GSX-R1000 K6 [2006],World Superbikes,
233,Rider,Yukio Kagayama,36.30779171835991,0.5877888444094913,22/04/2006 13:00:00,0,Suzuki GSX-R1000 K6 [2006],World Superbikes,
233,Rider,Yukio Kagayama,36.31245227658003,0.5863681051325678,04/05/2006 13:00:00,0,Suzuki GSX-R1000 K6 [2006],World Superbikes,
233,Rider,Yukio Kagayama,36.318137458346506,0.5849922646226003,05/05/2006 13:00:00,0,Suzuki GSX-R1000 K6 [2006],World Superbikes,
233,Rider,Yukio Kagayama,36.323001053472865,0.5836564084696012,06/05/2006 13:00:00,0,Suzuki GSX-R1000 K6 [2006],World Superbikes,
233,Rider,Yukio Kagayama,36.328304651771795,0.5823592727554026,26/05/2006 13:00:00,0,Suzuki GSX-R1000 K6 [2006],World Superbikes,
233,Rider,Yukio Kagayama,36.333144244785814,0.5811037259114232,26/05/2006 13:00:00,1,Suzuki GSX-R1000 K6 [2006],World Superbikes,
233,Rider,Yukio Kagayama,36.33849572409612,0.5798870352673778,27/05/2006 13:00:00,0,Suzuki GSX-R1000 K6 [2006],World Superbikes,
233,Rider,Yukio Kagayama,36.34628915818366,0.5786892935173144,22/06/2006 13:00:00,0,Suzuki GSX-R1000 K6 [2006],World Superbikes,
233,Rider,Yukio Kagayama,36.354035120457226,0.5775327254621208,23/06/2006 13:00:00,0,Suzuki GSX-R1000 K6 [2006],World Superbikes,
233,Rider,Yukio Kagayama,36.36225106088565,0.5764169671887746,24/06/2006 13:00:00,0,Suzuki GSX-R1000 K6 [2006],World Superbikes,
233,Rider,Yukio Kagayama,36.371112851553406,0.5753349574480364,20/07/2006 13:00:00,0,Suzuki GSX-R1000 K6 [2006],World Superbikes,
233,Rider,Yukio Kagayama,36.379397170040164,0.5742915699313157,21/07/2006 13:00:00,0,Suzuki GSX-R1000 K6 [2006],World Superbikes,
233,Rider,Yukio Kagayama,36.38535241191813,0.5732634008244755,22/07/2006 13:00:00,0,Suzuki GSX-R1000 K6 [2006],World Superbikes,
233,Rider,Yukio Kagayama,36.39081939567556,0.5722681028330855,04/08/2006 13:00:00,0,Suzuki GSX-R1000 K6 [2006],World Superbikes,
233,Rider,Yukio Kagayama,36.39619920853856,0.5713098572537458,04/08/2006 13:00:00,1,Suzuki GSX-R1000 K6 [2006],World Superbikes,
233,Rider,Yukio Kagayama,36.40029150405332,0.5703838850641698,05/08/2006 13:00:00,0,Suzuki GSX-R1000 K6 [2006],World Superbikes,
233,Rider,Yukio Kagayama,36.40460859245933,0.5694909470753521,31/08/2006 13:00:00,0,Suzuki GSX-R1000 K6 [2006],World Superbikes,
233,Rider,Yukio Kagayama,36.40851548300074,0.5686335611046012,01/09/2006 13:00:00,0,Suzuki GSX-R1000 K6 [2006],World Superbikes,
233,Rider,Yukio Kagayama,36.41107884291717,0.567805063112375,02/09/2006 13:00:00,0,Suzuki GSX-R1000 K6 [2006],World Superbikes,
233,Rider,Yukio Kagayama,36.41223475405087,0.5670019114213379,07/09/2006 13:00:00,0,Suzuki GSX-R1000 K6 [2006],World Superbikes,
233,Rider,Yukio Kagayama,36.411925035421085,0.5662247941766588,08/09/2006 13:00:00,0,Suzuki GSX-R1000 K6 [2006],World Superbikes,
233,Rider,Yukio Kagayama,36.411196593068034,0.5654808674458732,09/09/2006 13:00:00,0,Suzuki GSX-R1000 K6 [2006],World Superbikes,
233,Rider,Yukio Kagayama,36.41048616759924,0.564767556818749,28/09/2006 13:00:00,0,Suzuki GSX-R1000 K6 [2006],World Superbikes,
233,Rider,Yukio Kagayama,36.40860951223546,0.5640823209393309,29/09/2006 13:00:00,0,Suzuki GSX-R1000 K6 [2006],World Superbikes,
233,Rider,Yukio Kagayama,36.40437556852305,0.5634081889194741,30/09/2006 13:00:00,0,Suzuki GSX-R1000 K6 [2006],World Superbikes,
233,Rider,Yukio Kagayama,36.399442631048494,0.5627608361674632,05/10/2006 13:00:00,0,Suzuki GSX-R1000 K6 [2006],World Superbikes,
233,Rider,Yukio Kagayama,36.39387397769404,0.5621439079110461,07/10/2006 13:00:00,0,Suzuki GSX-R1000 K6 [2006],World Superbikes,
233,Rider,Yukio Kagayama,36.38833403384579,0.5615551735928075,21/02/2007 13:00:00,0,Suzuki GSX-R1000 K7 [2007],World Superbikes,
233,Rider,Yukio Kagayama,36.38227731366672,0.5609936704257488,22/02/2007 13:00:00,0,Suzuki GSX-R1000 K7 [2007],World Superbikes,
233,Rider,Yukio Kagayama,36.375449767696246,0.5604598672701919,23/02/2007 13:00:00,0,Suzuki GSX-R1000 K7 [2007],World Superbikes,
233,Rider,Yukio Kagayama,36.36817989976324,0.5599527672190796,01/03/2007 13:00:00,0,Suzuki GSX-R1000 K7 [2007],World Superbikes,
233,Rider,Yukio Kagayama,36.36037761467616,0.5594735202536443,30/03/2007 13:00:00,0,Suzuki GSX-R1000 K7 [2007],World Superbikes,
233,Rider,Yukio Kagayama,36.35212544132356,0.5590222568026405,12/04/2007 13:00:00,0,Suzuki GSX-R1000 K7 [2007],World Superbikes,
233,Rider,Yukio Kagayama,36.34459565878149,0.5585996910696418,13/04/2007 13:00:00,0,Suzuki GSX-R1000 K7 [2007],World Superbikes,
233,Rider,Yukio Kagayama,36.33901130206948,0.5582007539633645,14/04/2007 13:00:00,0,Suzuki GSX-R1000 K7 [2007],World Superbikes,
233,Rider,Yukio Kagayama,36.33329743485818,0.557828590244428,26/04/2007 13:00:00,0,Suzuki GSX-R1000 K7 [2007],World Superbikes,
233,Rider,Yukio Kagayama,36.32996145885967,0.5574727366984258,27/04/2007 13:00:00,0,Suzuki GSX-R1000 K7 [2007],World Superbikes,
233,Rider,Yukio Kagayama,36.32830056842725,0.5571391236418887,28/04/2007 13:00:00,0,Suzuki GSX-R1000 K7 [2007],World Superbikes,
233,Rider,Yukio Kagayama,36.32654933354898,0.5568311343062404,10/05/2007 13:00:00,0,Suzuki GSX-R1000 K7 [2007],World Superbikes,
233,Rider,Yukio Kagayama,36.32469637464323,0.5565520242071812,11/05/2007 13:00:00,0,Suzuki GSX-R1000 K7 [2007],World Superbikes,
233,Rider,Yukio Kagayama,36.32313884908388,0.5563007900916913,12/05/2007 13:00:00,0,Suzuki GSX-R1000 K7 [2007],World Superbikes,
233,Rider,Yukio Kagayama,36.32146892639744,0.5560747895658062,25/05/2007 13:00:00,0,Suzuki GSX-R1000 K7 [2007],World Superbikes,
233,Rider,Yukio Kagayama,36.32038057648808,0.5558742427502453,25/05/2007 13:00:00,1,Suzuki GSX-R1000 K7 [2007],World Superbikes,
233,Rider,Yukio Kagayama,36.32002866072878,0.5556988444822372,26/05/2007 13:00:00,0,Suzuki GSX-R1000 K7 [2007],World Superbikes,
233,Rider,Yukio Kagayama,36.319299138495815,0.5555473729775334,14/06/2007 13:00:00,0,Suzuki GSX-R1000 K7 [2007],World Superbikes,
233,Rider,Yukio Kagayama,36.31696593390908,0.5554139287834767,15/06/2007 13:00:00,0,Suzuki GSX-R1000 K7 [2007],World Superbikes,
233,Rider,Yukio Kagayama,36.31392212688057,0.5553046343523237,16/06/2007 13:00:00,0,Suzuki GSX-R1000 K7 [2007],World Superbikes,
233,Rider,Yukio Kagayama,36.310860074262344,0.5552187804684858,19/07/2007 13:00:00,0,Suzuki GSX-R1000 K7 [2007],World Superbikes,
233,Rider,Yukio Kagayama,36.30819099625999,0.5551585815987128,20/07/2007 13:00:00,0,Suzuki GSX-R1000 K7 [2007],World Superbikes,
233,Rider,Yukio Kagayama,36.30457391625684,0.5551204634286812,21/07/2007 13:00:00,0,Suzuki GSX-R1000 K7 [2007],World Superbikes,
233,Rider,Yukio Kagayama,36.300254665611824,0.5551051258019856,03/08/2007 13:00:00,0,Suzuki GSX-R1000 K7 [2007],World Superbikes,
233,Rider,Yukio Kagayama,36.295788588503136,0.5551153503026417,03/08/2007 13:00:00,1,Suzuki GSX-R1000 K7 [2007],World Superbikes,
233,Rider,Yukio Kagayama,36.291362111341385,0.5551514958427474,04/08/2007 13:00:00,0,Suzuki GSX-R1000 K7 [2007],World Superbikes,
233,Rider,Yukio Kagayama,36.28559355262681,0.555209146645998,27/09/2007 13:00:00,0,Suzuki GSX-R1000 K7 [2007],World Superbikes,
233,Rider,Yukio Kagayama,36.281204663735835,0.5552931712512593,28/09/2007 13:00:00,0,Suzuki GSX-R1000 K7 [2007],World Superbikes,
233,Rider,Yukio Kagayama,36.28052700872121,0.5553942507548039,20/02/2008 13:00:00,0,Suzuki GSX-R1000 K8 [2008],World Superbikes,
233,Rider,Yukio Kagayama,36.279191792059855,0.5555207417439942,21/02/2008 13:00:00,0,Suzuki GSX-R1000 K8 [2008],World Superbikes,
233,Rider,Yukio Kagayama,36.27843020659662,0.5556756159532521,22/02/2008 13:00:00,0,Suzuki GSX-R1000 K8 [2008],World Superbikes,
233,Rider,Yukio Kagayama,36.27777352338609,0.555856003562921,03/04/2008 13:00:00,0,Suzuki GSX-R1000 K8 [2008],World Superbikes,
233,Rider,Yukio Kagayama,36.27549950756031,0.5560554133395186,04/04/2008 13:00:00,0,Suzuki GSX-R1000 K8 [2008],World Superbikes,
233,Rider,Yukio Kagayama,36.27245667041611,0.5562819179290796,05/04/2008 13:00:00,0,Suzuki GSX-R1000 K8 [2008],World Superbikes,
233,Rider,Yukio Kagayama,36.267843304335905,0.5565258266023898,24/04/2008 13:00:00,0,Suzuki GSX-R1000 K8 [2008],World Superbikes,
233,Rider,Yukio Kagayama,36.262074601092856,0.5567921055514621,25/04/2008 13:00:00,0,Suzuki GSX-R1000 K8 [2008],World Superbikes,
233,Rider,Yukio Kagayama,36.2560317266981,0.5570859602129073,26/04/2008 13:00:00,0,Suzuki GSX-R1000 K8 [2008],World Superbikes,
233,Rider,Yukio Kagayama,36.24999950010397,0.5574053735056742,08/05/2008 13:00:00,0,Suzuki GSX-R1000 K8 [2008],World Superbikes,
233,Rider,Yukio Kagayama,36.24290241113219,0.5577473147066523,09/05/2008 13:00:00,0,Suzuki GSX-R1000 K8 [2008],World Superbikes,
233,Rider,Yukio Kagayama,36.23468950862419,0.5581150325949369,10/05/2008 13:00:00,0,Suzuki GSX-R1000 K8 [2008],World Superbikes,
233,Rider,Yukio Kagayama,36.22592419616211,0.5585086441495122,30/05/2008 13:00:00,0,Suzuki GSX-R1000 K8 [2008],World Superbikes,
233,Rider,Yukio Kagayama,36.21707661034288,0.5589311417160897,30/05/2008 13:00:00,1,Suzuki GSX-R1000 K8 [2008],World Superbikes,
233,Rider,Yukio Kagayama,36.208941743957574,0.5593849082826694,31/05/2008 13:00:00,0,Suzuki GSX-R1000 K8 [2008],World Superbikes,
233,Rider,Yukio Kagayama,36.200976705088344,0.5598656441946973,12/06/2008 13:00:00,0,Suzuki GSX-R1000 K8 [2008],World Superbikes,
233,Rider,Yukio Kagayama,36.19224150820013,0.5603743172224904,13/06/2008 13:00:00,0,Suzuki GSX-R1000 K8 [2008],World Superbikes,
233,Rider,Yukio Kagayama,36.18394999266905,0.5609148866464528,14/06/2008 13:00:00,0,Suzuki GSX-R1000 K8 [2008],World Superbikes,
233,Rider,Yukio Kagayama,36.17825549370818,0.5614660110251929,26/06/2008 13:00:00,0,Suzuki GSX-R1000 K8 [2008],World Superbikes,
233,Rider,Yukio Kagayama,36.17476133015267,0.5620482359488497,27/06/2008 13:00:00,0,Suzuki GSX-R1000 K8 [2008],World Superbikes,
233,Rider,Yukio Kagayama,36.17225981770816,0.5626630690379512,28/06/2008 13:00:00,0,Suzuki GSX-R1000 K8 [2008],World Superbikes,
233,Rider,Yukio Kagayama,36.17120894818852,0.5633051179686883,17/07/2008 13:00:00,0,Suzuki GSX-R1000 K8 [2008],World Superbikes,
233,Rider,Yukio Kagayama,36.17056304863372,0.5639806861870307,18/07/2008 13:00:00,0,Suzuki GSX-R1000 K8 [2008],World Superbikes,
233,Rider,Yukio Kagayama,36.17009898702535,0.5646894962547097,19/07/2008 13:00:00,0,Suzuki GSX-R1000 K8 [2008],World Superbikes,
233,Rider,Yukio Kagayama,36.17015362790077,0.5654292805337573,01/08/2008 13:00:00,0,Suzuki GSX-R1000 K8 [2008],World Superbikes,
233,Rider,Yukio Kagayama,36.1689923157055,0.5661991235384608,01/08/2008 13:00:00,1,Suzuki GSX-R1000 K8 [2008],World Superbikes,
233,Rider,Yukio Kagayama,36.168443867033176,0.5670042187750747,02/08/2008 13:00:00,0,Suzuki GSX-R1000 K8 [2008],World Superbikes,
233,Rider,Yukio Kagayama,36.1681646508909,0.5678405359336501,05/09/2008 13:00:00,0,Suzuki GSX-R1000 K8 [2008],World Superbikes,
233,Rider,Yukio Kagayama,36.16910383863019,0.568714237693768,05/09/2008 13:00:00,1,Suzuki GSX-R1000 K8 [2008],World Superbikes,
233,Rider,Yukio Kagayama,36.17194409775307,0.5696244942782738,18/09/2008 13:00:00,0,Suzuki GSX-R1000 K8 [2008],World Superbikes,
233,Rider,Yukio Kagayama,36.17536095317478,0.5705720430879336,19/09/2008 13:00:00,0,Suzuki GSX-R1000 K8 [2008],World Superbikes,
233,Rider,Yukio Kagayama,36.179449324285656,0.5715566350083146,20/09/2008 13:00:00,0,Suzuki GSX-R1000 K8 [2008],World Superbikes,
233,Rider,Yukio Kagayama,36.183728067150085,0.572574756991671,02/10/2008 13:00:00,0,Suzuki GSX-R1000 K8 [2008],World Superbikes,
233,Rider,Yukio Kagayama,36.1882543888964,0.5736309794538645,03/10/2008 13:00:00,0,Suzuki GSX-R1000 K8 [2008],World Superbikes,
233,Rider,Yukio Kagayama,36.194450282629,0.5747234532771849,04/10/2008 13:00:00,0,Suzuki GSX-R1000 K8 [2008],World Superbikes,
233,Rider,Yukio Kagayama,36.20287079383688,0.5758426360655404,31/10/2008 13:00:00,0,Suzuki GSX-R1000 K8 [2008],World Superbikes,
233,Rider,Yukio Kagayama,36.212356292776036,0.577001707906452,31/10/2008 13:00:00,1,Suzuki GSX-R1000 K8 [2008],World Superbikes,
233,Rider,Yukio Kagayama,36.22198739587861,0.5782019659519114,01/11/2008 13:00:00,0,Suzuki GSX-R1000 K8 [2008],World Superbikes,
233,Rider,Yukio Kagayama,36.23276409886804,0.5794370945501758,26/02/2009 13:00:00,0,Suzuki GSX-R 1000 K9 [2009],World Superbikes,
233,Rider,Yukio Kagayama,36.242005007175855,0.5807133121180181,27/02/2009 13:00:00,0,Suzuki GSX-R 1000 K9 [2009],World Superbikes,
233,Rider,Yukio Kagayama,36.25162624832031,0.5820337033824853,27/02/2009 13:00:00,1,Suzuki GSX-R 1000 K9 [2009],World Superbikes,
233,Rider,Yukio Kagayama,36.261614846809636,0.5833950951341631,27/02/2009 13:00:00,2,Suzuki GSX-R 1000 K9 [2009],World Superbikes,
233,Rider,Yukio Kagayama,36.27155038348032,0.5847968046643629,11/03/2009 13:00:00,0,Suzuki GSX-R 1000 K9 [2009],World Superbikes,
233,Rider,Yukio Kagayama,36.28170122467513,0.5862441692066512,12/03/2009 13:00:00,0,Suzuki GSX-R 1000 K9 [2009],World Superbikes,
233,Rider,Yukio Kagayama,36.29169698285141,0.5877383402603229,12/03/2009 13:00:00,1,Suzuki GSX-R 1000 K9 [2009],World Superbikes,
233,Rider,Yukio Kagayama,36.3009865756229,0.589279139005545,12/03/2009 13:00:00,2,Suzuki GSX-R 1000 K9 [2009],World Superbikes,
233,Rider,Yukio Kagayama,36.31142374910852,0.5908583092603972,03/04/2009 13:00:00,0,Suzuki GSX-R 1000 K9 [2009],World Superbikes,
233,Rider,Yukio Kagayama,36.32082129885629,0.5924851716927172,03/04/2009 13:00:00,1,Suzuki GSX-R 1000 K9 [2009],World Superbikes,
233,Rider,Yukio Kagayama,36.3285757567659,0.5941572177241646,04/04/2009 13:00:00,0,Suzuki GSX-R 1000 K9 [2009],World Superbikes,
233,Rider,Yukio Kagayama,36.334548323160455,0.5958740589424563,04/04/2009 13:00:00,1,Suzuki GSX-R 1000 K9 [2009],World Superbikes,
233,Rider,Yukio Kagayama,36.338206781270266,0.597627466187032,04/04/2009 13:00:00,2,Suzuki GSX-R 1000 K9 [2009],World Superbikes,
233,Rider,Yukio Kagayama,36.341243872777554,0.5994179534653763,24/04/2009 13:00:00,0,Suzuki GSX-R 1000 K9 [2009],World Superbikes,
233,Rider,Yukio Kagayama,36.342182437997316,0.601253935881583,24/04/2009 13:00:00,1,Suzuki GSX-R 1000 K9 [2009],World Superbikes,
233,Rider,Yukio Kagayama,36.34282690923976,0.603142754695909,25/04/2009 13:00:00,0,Suzuki GSX-R 1000 K9 [2009],World Superbikes,
233,Rider,Yukio Kagayama,36.342522628620316,0.6050848765907376,25/04/2009 13:00:00,1,Suzuki GSX-R 1000 K9 [2009],World Superbikes,
233,Rider,Yukio Kagayama,36.34165153340806,0.6070788094254128,08/05/2009 13:00:00,0,Suzuki GSX-R 1000 K9 [2009],World Superbikes,
233,Rider,Yukio Kagayama,36.339350641629906,0.6091267428325051,08/05/2009 13:00:00,1,Suzuki GSX-R 1000 K9 [2009],World Superbikes,
233,Rider,Yukio Kagayama,36.33637358225652,0.6112311622003916,09/05/2009 13:00:00,0,Suzuki GSX-R 1000 K9 [2009],World Superbikes,
233,Rider,Yukio Kagayama,36.332125583644306,0.6133907279377765,09/05/2009 13:00:00,1,Suzuki GSX-R 1000 K9 [2009],World Superbikes,
233,Rider,Yukio Kagayama,36.32592970007636,0.6156002295454461,09/05/2009 13:00:00,2,Suzuki GSX-R 1000 K9 [2009],World Superbikes,
233,Rider,Yukio Kagayama,36.32083303454411,0.6178238627760356,15/05/2009 13:00:00,0,Suzuki GSX-R 1000 K9 [2009],World Superbikes,
233,Rider,Yukio Kagayama,36.316333694597205,0.6201063845566367,15/05/2009 13:00:00,1,Suzuki GSX-R 1000 K9 [2009],World Superbikes,
233,Rider,Yukio Kagayama,36.31022671299099,0.6224463016300659,16/05/2009 13:00:00,0,Suzuki GSX-R 1000 K9 [2009],World Superbikes,
233,Rider,Yukio Kagayama,36.304925257875325,0.6248444915849514,16/05/2009 13:00:00,1,Suzuki GSX-R 1000 K9 [2009],World Superbikes,
233,Rider,Yukio Kagayama,36.30033958051734,0.6272993374163804,29/05/2009 13:00:00,0,Suzuki GSX-R 1000 K9 [2009],World Superbikes,
233,Rider,Yukio Kagayama,36.294908151769285,0.6298175727494839,29/05/2009 13:00:00,1,Suzuki GSX-R 1000 K9 [2009],World Superbikes,
233,Rider,Yukio Kagayama,36.29031099162919,0.6324007971821353,30/05/2009 13:00:00,0,Suzuki GSX-R 1000 K9 [2009],World Superbikes,
233,Rider,Yukio Kagayama,36.28649832871861,0.635046689770451,30/05/2009 13:00:00,1,Suzuki GSX-R 1000 K9 [2009],World Superbikes,
233,Rider,Yukio Kagayama,36.283362702139115,0.6377533329827454,19/06/2009 13:00:00,0,Suzuki GSX-R 1000 K9 [2009],World Superbikes,
233,Rider,Yukio Kagayama,36.27812340494305,0.6405209315865201,19/06/2009 13:00:00,1,Suzuki GSX-R 1000 K9 [2009],World Superbikes,
233,Rider,Yukio Kagayama,36.27399915683946,0.6433588855556842,20/06/2009 13:00:00,0,Suzuki GSX-R 1000 K9 [2009],World Superbikes,
233,Rider,Yukio Kagayama,36.269335484327,0.6462659143849525,20/06/2009 13:00:00,1,Suzuki GSX-R 1000 K9 [2009],World Superbikes,
233,Rider,Yukio Kagayama,36.26516268894241,0.6492384489799478,26/06/2009 13:00:00,0,Suzuki GSX-R 1000 K9 [2009],World Superbikes,
233,Rider,Yukio Kagayama,36.26124056356869,0.6522852706668959,26/06/2009 13:00:00,1,Suzuki GSX-R 1000 K9 [2009],World Superbikes,
233,Rider,Yukio Kagayama,36.25779265201835,0.6554074283890174,27/06/2009 13:00:00,0,Suzuki GSX-R 1000 K9 [2009],World Superbikes,
233,Rider,Yukio Kagayama,36.25565496546815,0.6585978045658821,24/07/2009 13:00:00,0,Suzuki GSX-R 1000 K9 [2009],World Superbikes,
233,Rider,Yukio Kagayama,36.25300029819915,0.6618657954085972,24/07/2009 13:00:00,1,Suzuki GSX-R 1000 K9 [2009],World Superbikes,
233,Rider,Yukio Kagayama,36.25097377775891,0.6652115681978635,25/07/2009 13:00:00,0,Suzuki GSX-R 1000 K9 [2009],World Superbikes,
233,Rider,Yukio Kagayama,36.24944391339414,0.6686335726186471,25/07/2009 13:00:00,1,Suzuki GSX-R 1000 K9 [2009],World Superbikes,
233,Rider,Yukio Kagayama,36.24847056520242,0.6721289408745672,04/09/2009 13:00:00,0,Suzuki GSX-R 1000 K9 [2009],World Superbikes,
233,Rider,Yukio Kagayama,36.24819946310776,0.6757056314230977,04/09/2009 13:00:00,1,Suzuki GSX-R 1000 K9 [2009],World Superbikes,
233,Rider,Yukio Kagayama,36.24761759534864,0.679365230673986,05/09/2009 13:00:00,0,Suzuki GSX-R 1000 K9 [2009],World Superbikes,
233,Rider,Yukio Kagayama,36.24771639213762,0.6831040183538553,05/09/2009 13:00:00,1,Suzuki GSX-R 1000 K9 [2009],World Superbikes,
233,Rider,Yukio Kagayama,36.24843115197262,0.6869190202724128,25/09/2009 13:00:00,0,Suzuki GSX-R 1000 K9 [2009],World Superbikes,
233,Rider,Yukio Kagayama,36.24795321592733,0.6908191765874705,26/09/2009 13:00:00,0,Suzuki GSX-R 1000 K9 [2009],World Superbikes,
233,Rider,Yukio Kagayama,36.24856558384759,0.6948001754025128,02/10/2009 13:00:00,0,Suzuki GSX-R 1000 K9 [2009],World Superbikes,
233,Rider,Yukio Kagayama,36.248063766510164,0.6988675330544156,02/10/2009 13:00:00,1,Suzuki GSX-R 1000 K9 [2009],World Superbikes,
233,Rider,Yukio Kagayama,36.24743404551303,0.7030241113465172,03/10/2009 13:00:00,0,Suzuki GSX-R 1000 K9 [2009],World Superbikes,
233,Rider,Yukio Kagayama,36.246162036899115,0.7072697178273087,03/10/2009 13:00:00,1,Suzuki GSX-R 1000 K9 [2009],World Superbikes,
233,Rider,Yukio Kagayama,36.245378266827906,0.7116005464025458,23/10/2009 13:00:00,0,Suzuki GSX-R 1000 K9 [2009],World Superbikes,
233,Rider,Yukio Kagayama,36.244277085377625,0.7160249703841065,23/10/2009 13:00:00,1,Suzuki GSX-R 1000 K9 [2009],World Superbikes,
233,Rider,Yukio Kagayama,36.24284556576468,0.7205449062758057,24/10/2009 13:00:00,0,Suzuki GSX-R 1000 K9 [2009],World Superbikes,
233,Rider,Yukio Kagayama,36.24073963770539,0.7251603001660497,24/10/2009 13:00:00,1,Suzuki GSX-R 1000 K9 [2009],World Superbikes,
234,Bike,Suzuki GSX 1000R [2001],26.415010374772297,3.1110759713097265,26/04/2001 13:00:00,0,,World Superbikes,
234,Bike,Suzuki GSX 1000R [2001],26.414888067739543,3.110842130681891,27/04/2001 13:00:00,0,,World Superbikes,
234,Bike,Suzuki GSX 1000R [2001],26.41328713124556,3.1111662001222635,27/04/2001 13:00:00,1,,World Superbikes,
235,Bike,Ducati 996 R [2001],26.4006090176305,1.735454830027886,10/05/2001 13:00:00,0,,World Superbikes,
235,Bike,Ducati 996 R [2001],26.40021374514525,1.7339032966334134,11/05/2001 13:00:00,0,,World Superbikes,
235,Bike,Ducati 996 R [2001],26.39993208579393,1.7326155771368172,25/05/2001 13:00:00,0,,World Superbikes,
235,Bike,Ducati 996 R [2001],26.39961334863337,1.7315819228413136,25/05/2001 13:00:00,1,,World Superbikes,
235,Bike,Ducati 996 R [2001],26.39916715400853,1.7308009578850476,26/05/2001 13:00:00,0,,World Superbikes,
235,Bike,Ducati 996 R [2001],26.397725047488308,1.7302679706073405,07/06/2001 13:00:00,0,,World Superbikes,
235,Bike,Ducati 996 R [2001],26.396691278982964,1.7299704032424765,08/06/2001 13:00:00,0,,World Superbikes,
235,Bike,Ducati 996 R [2001],26.396470880167385,1.7298992799381394,21/06/2001 13:00:00,0,,World Superbikes,
235,Bike,Ducati 996 R [2001],26.39561413059846,1.7300945638367515,22/06/2001 13:00:00,0,,World Superbikes,
235,Bike,Ducati 996 R [2001],26.39517880728339,1.7305363182231954,27/07/2001 13:00:00,0,,World Superbikes,
235,Bike,Ducati 996 R [2001],26.394491716313667,1.731265023252918,27/07/2001 13:00:00,1,,World Superbikes,
235,Bike,Ducati 996 R [2001],26.39346958187353,1.7322844875450085,28/07/2001 13:00:00,0,,World Superbikes,
235,Bike,Ducati 996 R [2001],26.392142322546707,1.7335853790861762,27/09/2001 13:00:00,0,,World Superbikes,
235,Bike,Ducati 996 R [2001],26.391343674778273,1.7351480291437664,28/09/2001 13:00:00,0,,World Superbikes,
236,Rider,Luca Pasini,18.132360533374165,2.4873532564020673,10/05/2001 13:00:00,0,Ducati 996 R [2001],World Superbikes,
236,Rider,Luca Pasini,18.131737788153757,2.486594295128292,11/05/2001 13:00:00,0,Ducati 996 R [2001],World Superbikes,
236,Rider,Luca Pasini,18.132231080706003,2.48618961772431,21/06/2001 13:00:00,0,Ducati 996 R [2001],World Superbikes,
236,Rider,Luca Pasini,18.132662627550875,2.4861891007962815,22/06/2001 13:00:00,0,Ducati 996 R [2001],World Superbikes,
236,Rider,Luca Pasini,18.133122954980742,2.4865878223760847,27/09/2001 13:00:00,0,Ducati 996 R [2001],World Superbikes,
236,Rider,Luca Pasini,18.132789759921774,2.4873990531091987,28/09/2001 13:00:00,0,Ducati 996 R [2001],World Superbikes,
237,Rider,Shuja Arai,16.57539160541286,4.366228760246817,10/05/2001 13:00:00,0,Honda VTR 1000 RC [2001],World Superbikes,
237,Rider,Shuja Arai,16.57537907498134,4.366224702926423,11/05/2001 13:00:00,0,Honda VTR 1000 RC [2001],World Superbikes,
238,Rider,Nigel Arnold,19.64755708004206,4.124598653650135,25/05/2001 13:00:00,0,Honda VTR 1000 RC [2001],World Superbikes,
238,Rider,Nigel Arnold,19.647076285049177,4.12466491469852,25/05/2001 13:00:00,1,Honda VTR 1000 RC [2001],World Superbikes,
239,Rider,Matteo Campana,15.413415887415914,2.9773049697951843,07/06/2001 13:00:00,0,Ducati 996 R [2001],World Superbikes,
239,Rider,Matteo Campana,15.412419875697358,2.976887721897942,08/06/2001 13:00:00,0,Ducati 996 R [2001],World Superbikes,
239,Rider,Matteo Campana,15.411914592412725,2.9769074590276237,21/06/2001 13:00:00,0,Ducati 996 R [2001],World Superbikes,
239,Rider,Matteo Campana,15.4106120623486,2.9774160601027377,22/06/2001 13:00:00,0,Ducati 996 R [2001],World Superbikes,
240,Bike,Benelli Tornado 900 [2001],16.63329343120682,1.7438788647538983,21/06/2001 13:00:00,0,,World Superbikes,
240,Bike,Benelli Tornado 900 [2001],16.632506299247474,1.7423776123356904,22/06/2001 13:00:00,0,,World Superbikes,
240,Bike,Benelli Tornado 900 [2001],16.632609959978303,1.741178838373229,06/07/2001 13:00:00,0,,World Superbikes,
240,Bike,Benelli Tornado 900 [2001],16.632604132343435,1.7402803994219638,07/07/2001 13:00:00,0,,World Superbikes,
240,Bike,Benelli Tornado 900 [2001],16.632229029349784,1.7396855638347493,27/07/2001 13:00:00,0,,World Superbikes,
240,Bike,Benelli Tornado 900 [2001],16.632838672459496,1.7393795282444842,27/07/2001 13:00:00,1,,World Superbikes,
240,Bike,Benelli Tornado 900 [2001],16.634093697004253,1.7393697005426563,30/08/2001 13:00:00,0,,World Superbikes,
240,Bike,Benelli Tornado 900 [2001],16.635291751777736,1.7396653283017682,31/08/2001 13:00:00,0,,World Superbikes,
240,Bike,Benelli Tornado 900 [2001],16.636840092539682,1.7402604328163331,06/09/2001 13:00:00,0,,World Superbikes,
240,Bike,Benelli Tornado 900 [2001],16.638370921308546,1.7411515412693146,07/09/2001 13:00:00,0,,World Superbikes,
240,Bike,Benelli Tornado 900 [2001],16.639143888091358,1.74235197729911,27/09/2001 13:00:00,0,,World Superbikes,
240,Bike,Benelli Tornado 900 [2001],16.639769746960408,1.7438612818447496,28/09/2001 13:00:00,0,,World Superbikes,
241,Rider,Ferdinando Di Maso,17.079766742308085,2.387439218654454,06/07/2001 13:00:00,0,Kawasaki ZX-7 RR [2001],World Superbikes,
241,Rider,Ferdinando Di Maso,17.080609824829647,2.3864889694161153,07/07/2001 13:00:00,0,Kawasaki ZX-7 RR [2001],World Superbikes,
241,Rider,Ferdinando Di Maso,17.082234918599376,2.3858494726544586,27/07/2001 13:00:00,0,Kawasaki ZX-7 RR [2001],World Superbikes,
241,Rider,Ferdinando Di Maso,17.084917553931955,2.3854465194070826,27/07/2001 13:00:00,1,Kawasaki ZX-7 RR [2001],World Superbikes,
241,Rider,Ferdinando Di Maso,17.088263828633664,2.385356442416156,30/08/2001 13:00:00,0,Kawasaki ZX-7 RR [2001],World Superbikes,
241,Rider,Ferdinando Di Maso,17.091351939197978,2.3856307481658754,31/08/2001 13:00:00,0,Kawasaki ZX-7 RR [2001],World Superbikes,
241,Rider,Ferdinando Di Maso,17.094755524548898,2.386237890867852,06/09/2001 13:00:00,0,Kawasaki ZX-7 RR [2001],World Superbikes,
241,Rider,Ferdinando Di Maso,17.098710612034605,2.387032519686656,07/09/2001 13:00:00,0,Kawasaki ZX-7 RR [2001],World Superbikes,
242,Bike,Yamaha [2001],23.866694610558714,3.1239390261688036,27/07/2001 13:00:00,0,,World Superbikes,
242,Bike,Yamaha [2001],23.865061405775883,3.123694359482996,27/07/2001 13:00:00,1,,World Superbikes,
242,Bike,Yamaha [2001],23.864610505170265,3.124000064329249,28/07/2001 13:00:00,0,,World Superbikes,
243,Rider,Dean Ellison,22.15659781817471,1.2723749197569456,27/07/2001 13:00:00,0,Honda [2001],World Superbikes,
243,Rider,Dean Ellison,22.156216689107588,1.2699197004779827,27/07/2001 13:00:00,1,Honda [2001],World Superbikes,
243,Rider,Dean Ellison,22.156012497830005,1.2676065706809023,24/05/2002 13:00:00,0,Honda [2002],World Superbikes,
243,Rider,Dean Ellison,22.154934876207133,1.2654768361362,24/05/2002 13:00:00,1,Honda [2002],World Superbikes,
243,Rider,Dean Ellison,22.153768210284692,1.2635283997270237,26/07/2002 13:00:00,0,Honda [2002],World Superbikes,
243,Rider,Dean Ellison,22.152354206229866,1.2617613545079893,26/07/2002 13:00:00,1,Honda [2002],World Superbikes,
243,Rider,Dean Ellison,22.14981036810531,1.2601747228201305,27/07/2002 13:00:00,0,Honda [2002],World Superbikes,
243,Rider,Dean Ellison,22.14854544115374,1.2587088013672338,25/07/2003 13:00:00,0,Ducati 996 [2003],World Superbikes,
243,Rider,Dean Ellison,22.146913304918638,1.2574067224499863,25/07/2003 13:00:00,1,Ducati 996 [2003],World Superbikes,
243,Rider,Dean Ellison,22.143981372618203,1.2562687022091283,26/07/2003 13:00:00,0,Ducati 996 [2003],World Superbikes,
243,Rider,Dean Ellison,22.1413500777223,1.2552775403215144,21/02/2007 13:00:00,0,Ducati 999 F05 [2007],World Superbikes,
243,Rider,Dean Ellison,22.137540176197813,1.254470837721975,22/02/2007 13:00:00,0,Ducati 999 F05 [2007],World Superbikes,
243,Rider,Dean Ellison,22.1329245026253,1.2538544410775105,01/03/2007 13:00:00,0,Ducati 999 F05 [2007],World Superbikes,
243,Rider,Dean Ellison,22.128435969473376,1.25339725319541,02/03/2007 13:00:00,0,Ducati 999 F05 [2007],World Superbikes,
243,Rider,Dean Ellison,22.12501767842646,1.2530567042891974,30/03/2007 13:00:00,0,Ducati 999 F05 [2007],World Superbikes,
243,Rider,Dean Ellison,22.120509375403742,1.2529061044429806,30/03/2007 13:00:00,1,Ducati 999 F05 [2007],World Superbikes,
243,Rider,Dean Ellison,22.11523878393404,1.2529412349943774,12/04/2007 13:00:00,0,Ducati 999 F05 [2007],World Superbikes,
243,Rider,Dean Ellison,22.111004227174664,1.2530837695132058,13/04/2007 13:00:00,0,Ducati 999 F05 [2007],World Superbikes,
243,Rider,Dean Ellison,22.10564036687687,1.2534017235977541,26/04/2007 13:00:00,0,Ducati 999 F05 [2007],World Superbikes,
243,Rider,Dean Ellison,22.100948844126346,1.2538639313178512,27/04/2007 13:00:00,0,Ducati 999 F05 [2007],World Superbikes,
243,Rider,Dean Ellison,22.096231526793105,1.2544797718713727,10/05/2007 13:00:00,0,Ducati 999 F05 [2007],World Superbikes,
243,Rider,Dean Ellison,22.09117087670382,1.255269782530033,11/05/2007 13:00:00,0,Ducati 999 F05 [2007],World Superbikes,
243,Rider,Dean Ellison,22.085786011089688,1.2562351553630928,25/05/2007 13:00:00,0,Ducati 999 F05 [2007],World Superbikes,
243,Rider,Dean Ellison,22.08098261195932,1.257294977476228,25/05/2007 13:00:00,1,Ducati 999 F05 [2007],World Superbikes,
243,Rider,Dean Ellison,22.076928563238425,1.2584581135892534,14/06/2007 13:00:00,0,Ducati 999 F05 [2007],World Superbikes,
243,Rider,Dean Ellison,22.07381240553619,1.2597372977471688,15/06/2007 13:00:00,0,Ducati 999 F05 [2007],World Superbikes,
243,Rider,Dean Ellison,22.0717572597513,1.2611343934433505,19/07/2007 13:00:00,0,Ducati 999 F05 [2007],World Superbikes,
243,Rider,Dean Ellison,22.06988573003677,1.2627076753957809,20/07/2007 13:00:00,0,Ducati 999 F05 [2007],World Superbikes,
243,Rider,Dean Ellison,22.068323133175145,1.264452476632604,03/08/2007 13:00:00,0,Ducati 999 F05 [2007],World Superbikes,
243,Rider,Dean Ellison,22.065964116264738,1.2663680993598678,03/08/2007 13:00:00,1,Ducati 999 F05 [2007],World Superbikes,
243,Rider,Dean Ellison,22.0628366089977,1.2684539872988099,06/09/2007 13:00:00,0,Ducati 999 F05 [2007],World Superbikes,
243,Rider,Dean Ellison,22.060638863337232,1.270651582692621,27/09/2007 13:00:00,0,Ducati 999 F05 [2007],World Superbikes,
243,Rider,Dean Ellison,22.05910881802088,1.2729495286421115,28/09/2007 13:00:00,0,Ducati 999 F05 [2007],World Superbikes,
243,Rider,Dean Ellison,22.058057913294665,1.2753390539023324,04/10/2007 13:00:00,0,Ducati 999 F05 [2007],World Superbikes,
243,Rider,Dean Ellison,22.05766212260918,1.2778260388963292,05/10/2007 13:00:00,0,Ducati 999 F05 [2007],World Superbikes,
244,Bike,Honda [2001],24.599323725204908,3.6180166882821903,27/07/2001 13:00:00,0,,World Superbikes,
244,Bike,Honda [2001],24.599186868728477,3.6180207060064062,27/07/2001 13:00:00,1,,World Superbikes,
245,Rider,Kim Ashkenazi,19.626674079420514,3.766851839142433,27/07/2001 13:00:00,0,Kawasaki ZX-7 RR [2001],World Superbikes,
245,Rider,Kim Ashkenazi,19.626744433200873,3.7668337310813476,27/07/2001 13:00:00,1,Kawasaki ZX-7 RR [2001],World Superbikes,
246,Rider,Berto Camlek,13.224691070097144,2.2708060317441325,30/08/2001 13:00:00,0,Yamaha YZF-R7 [2001],World Superbikes,
246,Rider,Berto Camlek,13.222595239052565,2.2698354600700843,31/08/2001 13:00:00,0,Yamaha YZF-R7 [2001],World Superbikes,
246,Rider,Berto Camlek,13.22043170762743,2.2691463607708124,15/04/2004 13:00:00,0,Yamaha YZF-R1 [2004],World Superbikes,
246,Rider,Berto Camlek,13.218305209419432,2.2688109938815186,16/04/2004 13:00:00,0,Yamaha YZF-R1 [2004],World Superbikes,
246,Rider,Berto Camlek,13.217457423084925,2.2687230815922907,30/09/2004 13:00:00,0,Yamaha YZF-R1 [2004],World Superbikes,
246,Rider,Berto Camlek,13.216446385780829,2.269000754701629,01/10/2004 13:00:00,0,Yamaha YZF-R1 [2004],World Superbikes,
246,Rider,Berto Camlek,13.215270129405468,2.269644163139886,20/07/2006 13:00:00,0,Yamaha YZF-R1 [2006],World Superbikes,
246,Rider,Berto Camlek,13.214804688606316,2.270620401736173,21/07/2006 13:00:00,0,Yamaha YZF-R1 [2006],World Superbikes,
247,Rider,Serafino Foti,21.566145191530314,1.1647204385114724,27/09/2001 13:00:00,0,Ducati 996 R [2001],World Superbikes,
247,Rider,Serafino Foti,21.567361326458865,1.162014534348789,28/09/2001 13:00:00,0,Ducati 996 R [2001],World Superbikes,
247,Rider,Serafino Foti,21.569312984116007,1.159484834397316,08/03/2002 13:00:00,0,Ducati 998 RS [2002],World Superbikes,
247,Rider,Serafino Foti,21.5704699931253,1.1571442806375343,08/03/2002 13:00:00,1,Ducati 998 RS [2002],World Superbikes,
247,Rider,Serafino Foti,21.570278227368803,1.1549951957136657,09/03/2002 13:00:00,0,Ducati 998 RS [2002],World Superbikes,
247,Rider,Serafino Foti,21.570911402320437,1.152943907824974,21/03/2002 13:00:00,0,Ducati 996 RS [2002],World Superbikes,
247,Rider,Serafino Foti,21.57164629002681,1.151068703309104,22/03/2002 13:00:00,0,Ducati 996 RS [2002],World Superbikes,
247,Rider,Serafino Foti,21.571902811234647,1.1493700635383555,04/04/2002 13:00:00,0,Ducati 996 RS [2002],World Superbikes,
247,Rider,Serafino Foti,21.570768521547063,1.1478545659724821,05/04/2002 13:00:00,0,Ducati 996 RS [2002],World Superbikes,
247,Rider,Serafino Foti,21.568165331978918,1.1465207466278045,06/04/2002 13:00:00,0,Ducati 996 RS [2002],World Superbikes,
247,Rider,Serafino Foti,21.565140150968503,1.1453383293200725,09/05/2002 13:00:00,0,Ducati 996 RS [2002],World Superbikes,
247,Rider,Serafino Foti,21.56185298234836,1.1443396998039057,24/05/2002 13:00:00,0,Ducati 996 RS [2002],World Superbikes,
247,Rider,Serafino Foti,21.55733993182626,1.1435308137209907,24/05/2002 13:00:00,1,Ducati 996 RS [2002],World Superbikes,
247,Rider,Serafino Foti,21.55222520402765,1.142906724637826,06/06/2002 13:00:00,0,Ducati 996 RS [2002],World Superbikes,
247,Rider,Serafino Foti,21.547863355886978,1.1424523848908084,07/06/2002 13:00:00,0,Ducati 996 RS [2002],World Superbikes,
247,Rider,Serafino Foti,21.54470353451799,1.142156085503885,20/06/2002 13:00:00,0,Ducati 996 RS [2002],World Superbikes,
247,Rider,Serafino Foti,21.540125358467712,1.1420450805655877,12/07/2002 13:00:00,0,Ducati 996 RS [2002],World Superbikes,
247,Rider,Serafino Foti,21.53534020805396,1.1421117549715574,13/07/2002 13:00:00,0,Ducati 996 RS [2002],World Superbikes,
247,Rider,Serafino Foti,21.53059869963068,1.1423544466245348,29/08/2002 13:00:00,0,Ducati 996 RS [2002],World Superbikes,
247,Rider,Serafino Foti,21.525542511024653,1.1427718191922989,30/08/2002 13:00:00,0,Ducati 996 RS [2002],World Superbikes,
247,Rider,Serafino Foti,21.521004838110876,1.1433577173850455,05/09/2002 13:00:00,0,Ducati 996 RS [2002],World Superbikes,
247,Rider,Serafino Foti,21.516596270631144,1.1441200352608791,06/09/2002 13:00:00,0,Ducati 996 RS [2002],World Superbikes,
247,Rider,Serafino Foti,21.512502959736494,1.1450568535958945,26/09/2002 13:00:00,0,Ducati 996 RS [2002],World Superbikes,
247,Rider,Serafino Foti,21.50654577311441,1.1461825203000886,28/09/2002 13:00:00,0,Ducati 996 RS [2002],World Superbikes,
247,Rider,Serafino Foti,21.501410727619554,1.1474049443105188,28/02/2003 13:00:00,0,Ducati 998 RS [2003],World Superbikes,
247,Rider,Serafino Foti,21.497365149197638,1.1488026898239194,28/02/2003 13:00:00,1,Ducati 998 RS [2003],World Superbikes,
247,Rider,Serafino Foti,21.49491657683345,1.150360051303934,15/05/2003 13:00:00,0,Ducati 998 RS [2003],World Superbikes,
247,Rider,Serafino Foti,21.493355315628815,1.1520980368133529,16/05/2003 13:00:00,0,Ducati 998 RS [2003],World Superbikes,
247,Rider,Serafino Foti,21.492068349815987,1.1540215854568447,29/05/2003 13:00:00,0,Ducati 998 RS [2003],World Superbikes,
247,Rider,Serafino Foti,21.491226342216347,1.1561313681326146,13/06/2003 13:00:00,0,Ducati 998 RS [2003],World Superbikes,
247,Rider,Serafino Foti,21.490471225645596,1.1584268087439722,13/06/2003 13:00:00,1,Ducati 998 RS [2003],World Superbikes,
247,Rider,Serafino Foti,21.490086535848228,1.1609059514057607,19/06/2003 13:00:00,0,Ducati 998 RS [2003],World Superbikes,
247,Rider,Serafino Foti,21.48992736867654,1.1635774337376061,20/06/2003 13:00:00,0,Ducati 998 RS [2003],World Superbikes,
248,Bike,Ducati 998 F02 [2002],30.18796781050658,1.0924753023458296,08/03/2002 13:00:00,0,,World Superbikes,
248,Bike,Ducati 998 F02 [2002],30.187640592282822,1.0895644112065002,08/03/2002 13:00:00,1,,World Superbikes,
248,Bike,Ducati 998 F02 [2002],30.1867462727981,1.086807109804055,09/03/2002 13:00:00,0,,World Superbikes,
248,Bike,Ducati 998 F02 [2002],30.185443530834238,1.0841950505982711,21/03/2002 13:00:00,0,,World Superbikes,
248,Bike,Ducati 998 F02 [2002],30.18385680278668,1.0817361094249902,22/03/2002 13:00:00,0,,World Superbikes,
248,Bike,Ducati 998 F02 [2002],30.181761379174386,1.079432274669249,22/03/2002 13:00:00,1,,World Superbikes,
248,Bike,Ducati 998 F02 [2002],30.1795900420796,1.0772870043030254,04/04/2002 13:00:00,0,,World Superbikes,
248,Bike,Ducati 998 F02 [2002],30.17653168358721,1.0752822265322128,05/04/2002 13:00:00,0,,World Superbikes,
248,Bike,Ducati 998 F02 [2002],30.172579553988555,1.0734210797289145,06/04/2002 13:00:00,0,,World Superbikes,
248,Bike,Ducati 998 F02 [2002],30.16887988470297,1.0717118399061565,18/04/2002 13:00:00,0,,World Superbikes,
248,Bike,Ducati 998 F02 [2002],30.165683408736374,1.0701808850591221,19/04/2002 13:00:00,0,,World Superbikes,
248,Bike,Ducati 998 F02 [2002],30.16289995642599,1.0688269600191738,19/04/2002 13:00:00,1,,World Superbikes,
248,Bike,Ducati 998 F02 [2002],30.160729066244556,1.067646187379957,09/05/2002 13:00:00,0,,World Superbikes,
248,Bike,Ducati 998 F02 [2002],30.159483044233557,1.066629287023323,10/05/2002 13:00:00,0,,World Superbikes,
248,Bike,Ducati 998 F02 [2002],30.158917018974016,1.0657740927890962,11/05/2002 13:00:00,0,,World Superbikes,
248,Bike,Ducati 998 F02 [2002],30.15948452345423,1.065078717624645,24/05/2002 13:00:00,0,,World Superbikes,
248,Bike,Ducati 998 F02 [2002],30.16030544181533,1.06455657817562,24/05/2002 13:00:00,1,,World Superbikes,
248,Bike,Ducati 998 F02 [2002],30.160649074114588,1.0641961740235937,25/05/2002 13:00:00,0,,World Superbikes,
248,Bike,Ducati 998 F02 [2002],30.16127218663594,1.0639865778112718,06/06/2002 13:00:00,0,,World Superbikes,
248,Bike,Ducati 998 F02 [2002],30.161752244000457,1.0639309546331654,07/06/2002 13:00:00,0,,World Superbikes,
248,Bike,Ducati 998 F02 [2002],30.16193104912884,1.0640306014303584,08/06/2002 13:00:00,0,,World Superbikes,
248,Bike,Ducati 998 F02 [2002],30.161145631527898,1.0642698319470345,20/06/2002 13:00:00,0,,World Superbikes,
248,Bike,Ducati 998 F02 [2002],30.159841770201307,1.0646511070842926,21/06/2002 13:00:00,0,,World Superbikes,
248,Bike,Ducati 998 F02 [2002],30.157960729108556,1.0651758651361813,22/06/2002 13:00:00,0,,World Superbikes,
248,Bike,Ducati 998 F02 [2002],30.155584141272712,1.0658413183451905,12/07/2002 13:00:00,0,,World Superbikes,
248,Bike,Ducati 998 F02 [2002],30.152910153658514,1.0666541267399543,13/07/2002 13:00:00,0,,World Superbikes,
248,Bike,Ducati 998 F02 [2002],30.150511532328366,1.0676229075139068,13/07/2002 13:00:00,1,,World Superbikes,
248,Bike,Ducati 998 F02 [2002],30.14837566987345,1.0687608444618668,26/07/2002 13:00:00,0,,World Superbikes,
248,Bike,Ducati 998 F02 [2002],30.1459077328894,1.0700488040227498,26/07/2002 13:00:00,1,,World Superbikes,
248,Bike,Ducati 998 F02 [2002],30.143622577506108,1.0715095491385376,27/07/2002 13:00:00,0,,World Superbikes,
248,Bike,Ducati 998 F02 [2002],30.14236842282533,1.0731408256544657,29/08/2002 13:00:00,0,,World Superbikes,
248,Bike,Ducati 998 F02 [2002],30.140844233621237,1.0749261552356026,30/08/2002 13:00:00,0,,World Superbikes,
248,Bike,Ducati 998 F02 [2002],30.13958586261313,1.0768785789444788,31/08/2002 13:00:00,0,,World Superbikes,
248,Bike,Ducati 998 F02 [2002],30.138314534939564,1.0789939245842444,05/09/2002 13:00:00,0,,World Superbikes,
248,Bike,Ducati 998 F02 [2002],30.13709297262916,1.0812723708444325,06/09/2002 13:00:00,0,,World Superbikes,
248,Bike,Ducati 998 F02 [2002],30.135423634784743,1.0837021697500875,07/09/2002 13:00:00,0,,World Superbikes,
248,Bike,Ducati 998 F02 [2002],30.13382606576792,1.0862902645859733,26/09/2002 13:00:00,0,,World Superbikes,
248,Bike,Ducati 998 F02 [2002],30.132407540490167,1.0890434617937332,27/09/2002 13:00:00,0,,World Superbikes,
248,Bike,Ducati 998 F02 [2002],30.13224431321252,1.0919501752045635,28/09/2002 13:00:00,0,,World Superbikes,
249,Bike,Aprilia RSV 1000 [2002],26.441447445816607,1.059771331988382,08/03/2002 13:00:00,0,,World Superbikes,
249,Bike,Aprilia RSV 1000 [2002],26.440451386533265,1.056765518557093,08/03/2002 13:00:00,1,,World Superbikes,
249,Bike,Aprilia RSV 1000 [2002],26.4388210568998,1.0539196491320255,09/03/2002 13:00:00,0,,World Superbikes,
249,Bike,Aprilia RSV 1000 [2002],26.436610417019416,1.0512307059925916,21/03/2002 13:00:00,0,,World Superbikes,
249,Bike,Aprilia RSV 1000 [2002],26.433787527195097,1.0487051788495616,22/03/2002 13:00:00,0,,World Superbikes,
249,Bike,Aprilia RSV 1000 [2002],26.43091084436406,1.046342901754335,22/03/2002 13:00:00,1,,World Superbikes,
249,Bike,Aprilia RSV 1000 [2002],26.426896168540736,1.0441319366673452,04/04/2002 13:00:00,0,,World Superbikes,
249,Bike,Aprilia RSV 1000 [2002],26.423206259693586,1.0420810721292801,05/04/2002 13:00:00,0,,World Superbikes,
249,Bike,Aprilia RSV 1000 [2002],26.419898079928128,1.0401958500692319,06/04/2002 13:00:00,0,,World Superbikes,
249,Bike,Aprilia RSV 1000 [2002],26.416145590038248,1.0384628160828326,18/04/2002 13:00:00,0,,World Superbikes,
249,Bike,Aprilia RSV 1000 [2002],26.41098234942476,1.036891085756739,19/04/2002 13:00:00,0,,World Superbikes,
249,Bike,Aprilia RSV 1000 [2002],26.40481285126585,1.035484375099338,19/04/2002 13:00:00,1,,World Superbikes,
249,Bike,Aprilia RSV 1000 [2002],26.396433086896025,1.0342109250485656,09/05/2002 13:00:00,0,,World Superbikes,
249,Bike,Aprilia RSV 1000 [2002],26.389595334094967,1.0331116564387732,10/05/2002 13:00:00,0,,World Superbikes,
249,Bike,Aprilia RSV 1000 [2002],26.38296504732004,1.0321786682829728,11/05/2002 13:00:00,0,,World Superbikes,
249,Bike,Aprilia RSV 1000 [2002],26.37635613962635,1.0314017537600657,24/05/2002 13:00:00,0,,World Superbikes,
249,Bike,Aprilia RSV 1000 [2002],26.37176636743304,1.0308007868303755,24/05/2002 13:00:00,1,,World Superbikes,
249,Bike,Aprilia RSV 1000 [2002],26.36728784938081,1.030370712628327,25/05/2002 13:00:00,0,,World Superbikes,
249,Bike,Aprilia RSV 1000 [2002],26.3618506999049,1.030098047301952,06/06/2002 13:00:00,0,,World Superbikes,
249,Bike,Aprilia RSV 1000 [2002],26.358694639628794,1.0299967656501423,07/06/2002 13:00:00,0,,World Superbikes,
249,Bike,Aprilia RSV 1000 [2002],26.35694854656391,1.0300656339355838,08/06/2002 13:00:00,0,,World Superbikes,
249,Bike,Aprilia RSV 1000 [2002],26.356051105761836,1.0302949484172808,20/06/2002 13:00:00,0,,World Superbikes,
249,Bike,Aprilia RSV 1000 [2002],26.354993750638073,1.0306818593931584,21/06/2002 13:00:00,0,,World Superbikes,
249,Bike,Aprilia RSV 1000 [2002],26.353977163595797,1.0312304409576698,22/06/2002 13:00:00,0,,World Superbikes,
249,Bike,Aprilia RSV 1000 [2002],26.353197208210517,1.0319394922021472,12/07/2002 13:00:00,0,,World Superbikes,
249,Bike,Aprilia RSV 1000 [2002],26.352048179373153,1.0328185693964556,13/07/2002 13:00:00,0,,World Superbikes,
249,Bike,Aprilia RSV 1000 [2002],26.350607050585598,1.0338664739688115,13/07/2002 13:00:00,1,,World Superbikes,
249,Bike,Aprilia RSV 1000 [2002],26.34826755791102,1.0350747962426214,26/07/2002 13:00:00,0,,World Superbikes,
249,Bike,Aprilia RSV 1000 [2002],26.346777010604775,1.036457351308894,26/07/2002 13:00:00,1,,World Superbikes,
249,Bike,Aprilia RSV 1000 [2002],26.34551118222631,1.0380089784970956,27/07/2002 13:00:00,0,,World Superbikes,
249,Bike,Aprilia RSV 1000 [2002],26.34550431131254,1.039729019981035,29/08/2002 13:00:00,0,,World Superbikes,
249,Bike,Aprilia RSV 1000 [2002],26.34725322143066,1.0416196952731165,30/08/2002 13:00:00,0,,World Superbikes,
249,Bike,Aprilia RSV 1000 [2002],26.34898916948621,1.0436752368376914,31/08/2002 13:00:00,0,,World Superbikes,
249,Bike,Aprilia RSV 1000 [2002],26.35034721110662,1.0458906943431718,05/09/2002 13:00:00,0,,World Superbikes,
249,Bike,Aprilia RSV 1000 [2002],26.35165268870177,1.0482706289925023,06/09/2002 13:00:00,0,,World Superbikes,
249,Bike,Aprilia RSV 1000 [2002],26.352312727224028,1.050808252836872,07/09/2002 13:00:00,0,,World Superbikes,
249,Bike,Aprilia RSV 1000 [2002],26.35313045377563,1.053509574124289,26/09/2002 13:00:00,0,,World Superbikes,
249,Bike,Aprilia RSV 1000 [2002],26.354384536779364,1.0563815642507386,27/09/2002 13:00:00,0,,World Superbikes,
249,Bike,Aprilia RSV 1000 [2002],26.355026508820515,1.0593883706360654,28/09/2002 13:00:00,0,,World Superbikes,
250,Bike,Honda VTR 1000 SP2 [2002],32.10307983075496,1.1457220628491376,08/03/2002 13:00:00,0,,World Superbikes,
250,Bike,Honda VTR 1000 SP2 [2002],32.104145030938284,1.1429878523508976,08/03/2002 13:00:00,1,,World Superbikes,
250,Bike,Honda VTR 1000 SP2 [2002],32.10597317171322,1.140406198556716,09/03/2002 13:00:00,0,,World Superbikes,
250,Bike,Honda VTR 1000 SP2 [2002],32.10838205592937,1.1379900300727295,21/03/2002 13:00:00,0,,World Superbikes,
250,Bike,Honda VTR 1000 SP2 [2002],32.11134050619777,1.1357256798330833,22/03/2002 13:00:00,0,,World Superbikes,
250,Bike,Honda VTR 1000 SP2 [2002],32.11413887307638,1.1335931661864576,22/03/2002 13:00:00,1,,World Superbikes,
250,Bike,Honda VTR 1000 SP2 [2002],32.11588878426068,1.1315678619138598,04/04/2002 13:00:00,0,,World Superbikes,
250,Bike,Honda VTR 1000 SP2 [2002],32.11754015464931,1.129688887698719,05/04/2002 13:00:00,0,,World Superbikes,
250,Bike,Honda VTR 1000 SP2 [2002],32.11981611644508,1.1279720899843988,06/04/2002 13:00:00,0,,World Superbikes,
250,Bike,Honda VTR 1000 SP2 [2002],32.12109932096725,1.1263571399282566,18/04/2002 13:00:00,0,,World Superbikes,
250,Bike,Honda VTR 1000 SP2 [2002],32.12216587114952,1.1248990055740469,19/04/2002 13:00:00,0,,World Superbikes,
250,Bike,Honda VTR 1000 SP2 [2002],32.12329960993293,1.1236091943361217,19/04/2002 13:00:00,1,,World Superbikes,
250,Bike,Honda VTR 1000 SP2 [2002],32.124879313947964,1.1224941968503668,09/05/2002 13:00:00,0,,World Superbikes,
250,Bike,Honda VTR 1000 SP2 [2002],32.12630316742438,1.1215450808522618,10/05/2002 13:00:00,0,,World Superbikes,
250,Bike,Honda VTR 1000 SP2 [2002],32.12594955952225,1.1207368187717996,11/05/2002 13:00:00,0,,World Superbikes,
250,Bike,Honda VTR 1000 SP2 [2002],32.12563541849994,1.1200769733995666,24/05/2002 13:00:00,0,,World Superbikes,
250,Bike,Honda VTR 1000 SP2 [2002],32.12466689614183,1.1195887866354088,24/05/2002 13:00:00,1,,World Superbikes,
250,Bike,Honda VTR 1000 SP2 [2002],32.12359557701354,1.1192276287023815,25/05/2002 13:00:00,0,,World Superbikes,
250,Bike,Honda VTR 1000 SP2 [2002],32.12222184847192,1.1190169607606875,06/06/2002 13:00:00,0,,World Superbikes,
250,Bike,Honda VTR 1000 SP2 [2002],32.12271504267517,1.1189812372703976,07/06/2002 13:00:00,0,,World Superbikes,
250,Bike,Honda VTR 1000 SP2 [2002],32.123311747646085,1.1191136287544636,08/06/2002 13:00:00,0,,World Superbikes,
250,Bike,Honda VTR 1000 SP2 [2002],32.12437419750276,1.1194096714274657,20/06/2002 13:00:00,0,,World Superbikes,
250,Bike,Honda VTR 1000 SP2 [2002],32.12586385411129,1.1198708980225134,21/06/2002 13:00:00,0,,World Superbikes,
250,Bike,Honda VTR 1000 SP2 [2002],32.127587033158015,1.1204901106486318,22/06/2002 13:00:00,0,,World Superbikes,
250,Bike,Honda VTR 1000 SP2 [2002],32.12986914340944,1.1212711739404202,12/07/2002 13:00:00,0,,World Superbikes,
250,Bike,Honda VTR 1000 SP2 [2002],32.13344092925263,1.1222278190339743,13/07/2002 13:00:00,0,,World Superbikes,
250,Bike,Honda VTR 1000 SP2 [2002],32.13721335391834,1.123339159093193,13/07/2002 13:00:00,1,,World Superbikes,
250,Bike,Honda VTR 1000 SP2 [2002],32.139942157840366,1.1245608500854178,26/07/2002 13:00:00,0,,World Superbikes,
250,Bike,Honda VTR 1000 SP2 [2002],32.14263220464362,1.125941859244126,26/07/2002 13:00:00,1,,World Superbikes,
250,Bike,Honda VTR 1000 SP2 [2002],32.14465976810404,1.127462279054733,27/07/2002 13:00:00,0,,World Superbikes,
250,Bike,Honda VTR 1000 SP2 [2002],32.146616342892315,1.1291384913511942,29/08/2002 13:00:00,0,,World Superbikes,
250,Bike,Honda VTR 1000 SP2 [2002],32.14844620789954,1.1309459763543495,30/08/2002 13:00:00,0,,World Superbikes,
250,Bike,Honda VTR 1000 SP2 [2002],32.15024291220015,1.132916567591368,31/08/2002 13:00:00,0,,World Superbikes,
250,Bike,Honda VTR 1000 SP2 [2002],32.15205413807885,1.1350426258188244,05/09/2002 13:00:00,0,,World Superbikes,
250,Bike,Honda VTR 1000 SP2 [2002],32.15427657177673,1.137285129031405,06/09/2002 13:00:00,0,,World Superbikes,
250,Bike,Honda VTR 1000 SP2 [2002],32.156529254629376,1.1396998307715265,07/09/2002 13:00:00,0,,World Superbikes,
250,Bike,Honda VTR 1000 SP2 [2002],32.15783366810152,1.1422208079704512,26/09/2002 13:00:00,0,,World Superbikes,
250,Bike,Honda VTR 1000 SP2 [2002],32.15928258004314,1.1448760208569837,27/09/2002 13:00:00,0,,World Superbikes,
250,Bike,Honda VTR 1000 SP2 [2002],32.15953306748048,1.1476740911356367,28/09/2002 13:00:00,0,,World Superbikes,
251,Bike,Kawasaki ZX-7 RR [2002],19.18713889860725,1.0680038195501957,08/03/2002 13:00:00,0,,World Superbikes,
251,Bike,Kawasaki ZX-7 RR [2002],19.186957223160555,1.065030172850512,08/03/2002 13:00:00,1,,World Superbikes,
251,Bike,Kawasaki ZX-7 RR [2002],19.187321357171882,1.0622252215853272,09/03/2002 13:00:00,0,,World Superbikes,
251,Bike,Kawasaki ZX-7 RR [2002],19.18726244519014,1.0595892060677146,21/03/2002 13:00:00,0,,World Superbikes,
251,Bike,Kawasaki ZX-7 RR [2002],19.187388737621525,1.0571167295335486,22/03/2002 13:00:00,0,,World Superbikes,
251,Bike,Kawasaki ZX-7 RR [2002],19.18793208378112,1.0547991583778684,22/03/2002 13:00:00,1,,World Superbikes,
251,Bike,Kawasaki ZX-7 RR [2002],19.18852560140949,1.0526441876218904,04/04/2002 13:00:00,0,,World Superbikes,
251,Bike,Kawasaki ZX-7 RR [2002],19.189562297725825,1.0506547940449016,05/04/2002 13:00:00,0,,World Superbikes,
251,Bike,Kawasaki ZX-7 RR [2002],19.190868257401803,1.0488239945407176,06/04/2002 13:00:00,0,,World Superbikes,
251,Bike,Kawasaki ZX-7 RR [2002],19.191840729609776,1.047154481387456,18/04/2002 13:00:00,0,,World Superbikes,
251,Bike,Kawasaki ZX-7 RR [2002],19.192829626824206,1.0456430784834105,19/04/2002 13:00:00,0,,World Superbikes,
251,Bike,Kawasaki ZX-7 RR [2002],19.193592686908875,1.0442900445511176,19/04/2002 13:00:00,1,,World Superbikes,
251,Bike,Kawasaki ZX-7 RR [2002],19.193606548732124,1.0430981164643873,09/05/2002 13:00:00,0,,World Superbikes,
251,Bike,Kawasaki ZX-7 RR [2002],19.193375329208788,1.042075627390595,10/05/2002 13:00:00,0,,World Superbikes,
251,Bike,Kawasaki ZX-7 RR [2002],19.193224008095875,1.041220770918243,11/05/2002 13:00:00,0,,World Superbikes,
251,Bike,Kawasaki ZX-7 RR [2002],19.19416699732436,1.0405094603011167,24/05/2002 13:00:00,0,,World Superbikes,
251,Bike,Kawasaki ZX-7 RR [2002],19.194341613783752,1.0399606772054428,24/05/2002 13:00:00,1,,World Superbikes,
251,Bike,Kawasaki ZX-7 RR [2002],19.194176998599556,1.039577577716929,25/05/2002 13:00:00,0,,World Superbikes,
251,Bike,Kawasaki ZX-7 RR [2002],19.19399963462751,1.0393464325747857,06/06/2002 13:00:00,0,,World Superbikes,
251,Bike,Kawasaki ZX-7 RR [2002],19.193076157904272,1.0392628539623787,07/06/2002 13:00:00,0,,World Superbikes,
251,Bike,Kawasaki ZX-7 RR [2002],19.192123434877985,1.0393333357385113,08/06/2002 13:00:00,0,,World Superbikes,
251,Bike,Kawasaki ZX-7 RR [2002],19.191942490507515,1.0395200638115634,20/06/2002 13:00:00,0,,World Superbikes,
251,Bike,Kawasaki ZX-7 RR [2002],19.191742780120077,1.0398763181523563,21/06/2002 13:00:00,0,,World Superbikes,
251,Bike,Kawasaki ZX-7 RR [2002],19.191255694958116,1.0404033672416284,22/06/2002 13:00:00,0,,World Superbikes,
251,Bike,Kawasaki ZX-7 RR [2002],19.19151569482516,1.041058159225775,12/07/2002 13:00:00,0,,World Superbikes,
251,Bike,Kawasaki ZX-7 RR [2002],19.19191892803079,1.0418684104038862,13/07/2002 13:00:00,0,,World Superbikes,
251,Bike,Kawasaki ZX-7 RR [2002],19.192268139845776,1.0428460289419166,13/07/2002 13:00:00,1,,World Superbikes,
251,Bike,Kawasaki ZX-7 RR [2002],19.191079848700994,1.0439818658594393,26/07/2002 13:00:00,0,,World Superbikes,
251,Bike,Kawasaki ZX-7 RR [2002],19.189549798268224,1.0452847700274497,26/07/2002 13:00:00,1,,World Superbikes,
251,Bike,Kawasaki ZX-7 RR [2002],19.188232345047027,1.0467524891579796,27/07/2002 13:00:00,0,,World Superbikes,
251,Bike,Kawasaki ZX-7 RR [2002],19.18665800861727,1.0483755039440734,29/08/2002 13:00:00,0,,World Superbikes,
251,Bike,Kawasaki ZX-7 RR [2002],19.18527142724613,1.0501611421857042,30/08/2002 13:00:00,0,,World Superbikes,
251,Bike,Kawasaki ZX-7 RR [2002],19.184318117176073,1.0521096410134807,31/08/2002 13:00:00,0,,World Superbikes,
251,Bike,Kawasaki ZX-7 RR [2002],19.183549002146716,1.054214955325618,05/09/2002 13:00:00,0,,World Superbikes,
251,Bike,Kawasaki ZX-7 RR [2002],19.18273889185136,1.0564930223387812,06/09/2002 13:00:00,0,,World Superbikes,
251,Bike,Kawasaki ZX-7 RR [2002],19.18179369324736,1.0589433192098816,07/09/2002 13:00:00,0,,World Superbikes,
251,Bike,Kawasaki ZX-7 RR [2002],19.18151596934011,1.061555951343799,26/09/2002 13:00:00,0,,World Superbikes,
251,Bike,Kawasaki ZX-7 RR [2002],19.1814077663499,1.0643469639311378,27/09/2002 13:00:00,0,,World Superbikes,
251,Bike,Kawasaki ZX-7 RR [2002],19.181263030907946,1.0673228259431744,28/09/2002 13:00:00,0,,World Superbikes,
252,Bike,Ducati 998 F01 [2002],25.723444004847607,1.0672779536579553,08/03/2002 13:00:00,0,,World Superbikes,
252,Bike,Ducati 998 F01 [2002],25.72386725876457,1.0643085969471269,08/03/2002 13:00:00,1,,World Superbikes,
252,Bike,Ducati 998 F01 [2002],25.72535829475654,1.061514161044785,09/03/2002 13:00:00,0,,World Superbikes,
252,Bike,Ducati 998 F01 [2002],25.72783996808808,1.0588828994649437,21/03/2002 13:00:00,0,,World Superbikes,
252,Bike,Ducati 998 F01 [2002],25.730910417733103,1.0564243333053536,22/03/2002 13:00:00,0,,World Superbikes,
252,Bike,Ducati 998 F01 [2002],25.735041948231814,1.0541422298514516,22/03/2002 13:00:00,1,,World Superbikes,
252,Bike,Ducati 998 F01 [2002],25.73942250660148,1.0520238973702094,04/04/2002 13:00:00,0,,World Superbikes,
252,Bike,Ducati 998 F01 [2002],25.74426493581427,1.0500700447363776,05/04/2002 13:00:00,0,,World Superbikes,
252,Bike,Ducati 998 F01 [2002],25.750042112736786,1.0482867345986815,06/04/2002 13:00:00,0,,World Superbikes,
252,Bike,Ducati 998 F01 [2002],25.756402309614778,1.0466659607836668,18/04/2002 13:00:00,0,,World Superbikes,
252,Bike,Ducati 998 F01 [2002],25.76314932840298,1.045216327988467,19/04/2002 13:00:00,0,,World Superbikes,
252,Bike,Ducati 998 F01 [2002],25.768901285695073,1.0439177319867137,19/04/2002 13:00:00,1,,World Superbikes,
252,Bike,Ducati 998 F01 [2002],25.774126353842703,1.0427814941392999,09/05/2002 13:00:00,0,,World Superbikes,
252,Bike,Ducati 998 F01 [2002],25.77810642124923,1.0417879474805511,10/05/2002 13:00:00,0,,World Superbikes,
252,Bike,Ducati 998 F01 [2002],25.782454556380394,1.040963284538666,11/05/2002 13:00:00,0,,World Superbikes,
252,Bike,Ducati 998 F01 [2002],25.785713281611176,1.0402768470536283,24/05/2002 13:00:00,0,,World Superbikes,
252,Bike,Ducati 998 F01 [2002],25.787829674015644,1.0397383154672535,24/05/2002 13:00:00,1,,World Superbikes,
252,Bike,Ducati 998 F01 [2002],25.78956755638412,1.0393679976647516,25/05/2002 13:00:00,0,,World Superbikes,
252,Bike,Ducati 998 F01 [2002],25.792121541121993,1.0391648421289983,06/06/2002 13:00:00,0,,World Superbikes,
252,Bike,Ducati 998 F01 [2002],25.79488394114407,1.0391222989595892,07/06/2002 13:00:00,0,,World Superbikes,
252,Bike,Ducati 998 F01 [2002],25.79739333727347,1.0392245430947167,08/06/2002 13:00:00,0,,World Superbikes,
252,Bike,Ducati 998 F01 [2002],25.799624017543294,1.0394850244720104,20/06/2002 13:00:00,0,,World Superbikes,
252,Bike,Ducati 998 F01 [2002],25.80225452263774,1.0399080509289436,21/06/2002 13:00:00,0,,World Superbikes,
252,Bike,Ducati 998 F01 [2002],25.804794724808517,1.040492091320884,22/06/2002 13:00:00,0,,World Superbikes,
252,Bike,Ducati 998 F01 [2002],25.806804642219905,1.041232467328289,12/07/2002 13:00:00,0,,World Superbikes,
252,Bike,Ducati 998 F01 [2002],25.808470954103434,1.0421394202708647,13/07/2002 13:00:00,0,,World Superbikes,
252,Bike,Ducati 998 F01 [2002],25.810152754800377,1.0432097539969145,13/07/2002 13:00:00,1,,World Superbikes,
252,Bike,Ducati 998 F01 [2002],25.811048622567334,1.0444361689094144,26/07/2002 13:00:00,0,,World Superbikes,
252,Bike,Ducati 998 F01 [2002],25.812150143220652,1.0458311554236965,26/07/2002 13:00:00,1,,World Superbikes,
252,Bike,Ducati 998 F01 [2002],25.813246890164663,1.0473853026001847,27/07/2002 13:00:00,0,,World Superbikes,
252,Bike,Ducati 998 F01 [2002],25.812977546937496,1.0490843126301308,29/08/2002 13:00:00,0,,World Superbikes,
252,Bike,Ducati 998 F01 [2002],25.812323070250425,1.0509415285316002,30/08/2002 13:00:00,0,,World Superbikes,
252,Bike,Ducati 998 F01 [2002],25.81005300834567,1.052940038854553,31/08/2002 13:00:00,0,,World Superbikes,
252,Bike,Ducati 998 F01 [2002],25.806950603066305,1.0550781709568902,05/09/2002 13:00:00,0,,World Superbikes,
252,Bike,Ducati 998 F01 [2002],25.80354828065005,1.0573782836273153,06/09/2002 13:00:00,0,,World Superbikes,
252,Bike,Ducati 998 F01 [2002],25.8007755572371,1.05984831201275,07/09/2002 13:00:00,0,,World Superbikes,
252,Bike,Ducati 998 F01 [2002],25.7978333008171,1.0624807090858974,26/09/2002 13:00:00,0,,World Superbikes,
252,Bike,Ducati 998 F01 [2002],25.79406585515988,1.0652745381596462,27/09/2002 13:00:00,0,,World Superbikes,
252,Bike,Ducati 998 F01 [2002],25.79401372761741,1.0682483591401055,28/09/2002 13:00:00,0,,World Superbikes,
253,Bike,Ducati 998 RS [2002],23.877771411872587,1.0631803729626796,08/03/2002 13:00:00,0,,World Superbikes,
253,Bike,Ducati 998 RS [2002],23.877693401249864,1.060198760419698,08/03/2002 13:00:00,1,,World Superbikes,
253,Bike,Ducati 998 RS [2002],23.876981309044055,1.0573899083549043,09/03/2002 13:00:00,0,,World Superbikes,
253,Bike,Ducati 998 RS [2002],23.876281137401723,1.0547284268757577,21/03/2002 13:00:00,0,,World Superbikes,
253,Bike,Ducati 998 RS [2002],23.87540354699223,1.0522360734941882,22/03/2002 13:00:00,0,,World Superbikes,
253,Bike,Ducati 998 RS [2002],23.87418298406422,1.049916644348728,22/03/2002 13:00:00,1,,World Superbikes,
253,Bike,Ducati 998 RS [2002],23.8730063027689,1.047754592183127,04/04/2002 13:00:00,0,,World Superbikes,
253,Bike,Ducati 998 RS [2002],23.871680009641974,1.045757338269228,05/04/2002 13:00:00,0,,World Superbikes,
253,Bike,Ducati 998 RS [2002],23.870112986492426,1.0439242961058035,06/04/2002 13:00:00,0,,World Superbikes,
253,Bike,Ducati 998 RS [2002],23.868385008449888,1.042243998314742,18/04/2002 13:00:00,0,,World Superbikes,
253,Bike,Ducati 998 RS [2002],23.866860033536057,1.0407328531207805,19/04/2002 13:00:00,0,,World Superbikes,
253,Bike,Ducati 998 RS [2002],23.86570112820951,1.0393896648193806,19/04/2002 13:00:00,1,,World Superbikes,
253,Bike,Ducati 998 RS [2002],23.86552974848227,1.0381413612610755,09/05/2002 13:00:00,0,,World Superbikes,
253,Bike,Ducati 998 RS [2002],23.864870639913104,1.0370654380659285,10/05/2002 13:00:00,0,,World Superbikes,
253,Bike,Ducati 998 RS [2002],23.86483121923087,1.0361537501019682,11/05/2002 13:00:00,0,,World Superbikes,
253,Bike,Ducati 998 RS [2002],23.864237051919755,1.035401751456986,24/05/2002 13:00:00,0,,World Superbikes,
253,Bike,Ducati 998 RS [2002],23.864384961993725,1.0348178673707984,24/05/2002 13:00:00,1,,World Superbikes,
253,Bike,Ducati 998 RS [2002],23.864942933931566,1.0344024257639668,25/05/2002 13:00:00,0,,World Superbikes,
253,Bike,Ducati 998 RS [2002],23.86498480726088,1.034133592282891,06/06/2002 13:00:00,0,,World Superbikes,
253,Bike,Ducati 998 RS [2002],23.865012433326502,1.0340329444300522,07/06/2002 13:00:00,0,,World Superbikes,
253,Bike,Ducati 998 RS [2002],23.864878109883893,1.034099953368335,08/06/2002 13:00:00,0,,World Superbikes,
253,Bike,Ducati 998 RS [2002],23.864926962562826,1.0343207202514493,20/06/2002 13:00:00,0,,World Superbikes,
253,Bike,Ducati 998 RS [2002],23.864801843789206,1.0347101983750548,21/06/2002 13:00:00,0,,World Superbikes,
253,Bike,Ducati 998 RS [2002],23.86441845662847,1.0352681340766656,22/06/2002 13:00:00,0,,World Superbikes,
253,Bike,Ducati 998 RS [2002],23.863931457328757,1.0359830965762657,12/07/2002 13:00:00,0,,World Superbikes,
253,Bike,Ducati 998 RS [2002],23.863519047614833,1.0368660646008798,13/07/2002 13:00:00,0,,World Superbikes,
253,Bike,Ducati 998 RS [2002],23.863052915257636,1.0379174751499183,13/07/2002 13:00:00,1,,World Superbikes,
253,Bike,Ducati 998 RS [2002],23.863351676119496,1.0390961152277443,26/07/2002 13:00:00,0,,World Superbikes,
253,Bike,Ducati 998 RS [2002],23.86394991490027,1.0404423927340571,26/07/2002 13:00:00,1,,World Superbikes,
253,Bike,Ducati 998 RS [2002],23.86455898563733,1.041954875336968,27/07/2002 13:00:00,0,,World Superbikes,
253,Bike,Ducati 998 RS [2002],23.864351768380786,1.043629615164689,29/08/2002 13:00:00,0,,World Superbikes,
253,Bike,Ducati 998 RS [2002],23.863863162985563,1.0454731616656368,30/08/2002 13:00:00,0,,World Superbikes,
253,Bike,Ducati 998 RS [2002],23.863234931349645,1.047485607506953,31/08/2002 13:00:00,0,,World Superbikes,
253,Bike,Ducati 998 RS [2002],23.863049990036775,1.0496403637181881,05/09/2002 13:00:00,0,,World Superbikes,
253,Bike,Ducati 998 RS [2002],23.862798148780563,1.0519630685928743,06/09/2002 13:00:00,0,,World Superbikes,
253,Bike,Ducati 998 RS [2002],23.862368632505433,1.0544552646123377,07/09/2002 13:00:00,0,,World Superbikes,
253,Bike,Ducati 998 RS [2002],23.861941450511658,1.0570993115965548,26/09/2002 13:00:00,0,,World Superbikes,
253,Bike,Ducati 998 RS [2002],23.86116779724122,1.0599194165606312,27/09/2002 13:00:00,0,,World Superbikes,
253,Bike,Ducati 998 RS [2002],23.86143362362521,1.0629137265136686,28/09/2002 13:00:00,0,,World Superbikes,
254,Bike,Suzuki GSX-R 750 [2002],19.52730938378848,3.1183926181434014,08/03/2002 13:00:00,0,,World Superbikes,
254,Bike,Suzuki GSX-R 750 [2002],19.526360306395517,3.118134404737214,08/03/2002 13:00:00,1,,World Superbikes,
254,Bike,Suzuki GSX-R 750 [2002],19.52688948927709,3.1184102636438658,09/03/2002 13:00:00,0,,World Superbikes,
255,Rider,Mark Heckles,11.188265059627355,1.3420520230106312,08/03/2002 13:00:00,0,Honda VTR 1000 SP2 [2002],World Superbikes,
255,Rider,Mark Heckles,11.186666021147289,1.3398162401126739,08/03/2002 13:00:00,1,Honda VTR 1000 SP2 [2002],World Superbikes,
255,Rider,Mark Heckles,11.18659785855686,1.3377599528644426,21/03/2002 13:00:00,0,Honda VTR 1000 SP2 [2002],World Superbikes,
255,Rider,Mark Heckles,11.187665074750281,1.3358918122133239,22/03/2002 13:00:00,0,Honda VTR 1000 SP2 [2002],World Superbikes,
255,Rider,Mark Heckles,11.189301948560738,1.334219833370083,18/04/2002 13:00:00,0,Honda VTR 1000 SP2 [2002],World Superbikes,
255,Rider,Mark Heckles,11.191238120942716,1.3327336479517784,19/04/2002 13:00:00,0,Honda VTR 1000 SP2 [2002],World Superbikes,
255,Rider,Mark Heckles,11.19167061773898,1.3314704851499255,09/05/2002 13:00:00,0,Honda VTR 1000 SP2 [2002],World Superbikes,
255,Rider,Mark Heckles,11.191852639198402,1.3304282891203254,10/05/2002 13:00:00,0,Honda VTR 1000 SP2 [2002],World Superbikes,
255,Rider,Mark Heckles,11.189424141071482,1.3296111509853308,24/05/2002 13:00:00,0,Honda VTR 1000 SP2 [2002],World Superbikes,
255,Rider,Mark Heckles,11.18570005742159,1.3290223138419368,24/05/2002 13:00:00,1,Honda VTR 1000 SP2 [2002],World Superbikes,
255,Rider,Mark Heckles,11.182944097666743,1.328606632032076,06/06/2002 13:00:00,0,Honda VTR 1000 SP2 [2002],World Superbikes,
255,Rider,Mark Heckles,11.181117312370462,1.3283909069300168,07/06/2002 13:00:00,0,Honda VTR 1000 SP2 [2002],World Superbikes,
255,Rider,Mark Heckles,11.179033679733438,1.3283909295663558,20/06/2002 13:00:00,0,Honda VTR 1000 SP2 [2002],World Superbikes,
255,Rider,Mark Heckles,11.177251869391597,1.3285987271486224,21/06/2002 13:00:00,0,Honda VTR 1000 SP2 [2002],World Superbikes,
255,Rider,Mark Heckles,11.17608542542954,1.3290154575031174,12/07/2002 13:00:00,0,Honda VTR 1000 SP2 [2002],World Superbikes,
255,Rider,Mark Heckles,11.175656980149265,1.3296326266169818,13/07/2002 13:00:00,0,Honda VTR 1000 SP2 [2002],World Superbikes,
255,Rider,Mark Heckles,11.175862277918071,1.330445295109248,26/07/2002 13:00:00,0,Honda VTR 1000 SP2 [2002],World Superbikes,
255,Rider,Mark Heckles,11.176204983589137,1.3314644525374955,26/07/2002 13:00:00,1,Honda VTR 1000 SP2 [2002],World Superbikes,
255,Rider,Mark Heckles,11.176087739555621,1.3327015130579605,29/08/2002 13:00:00,0,Honda VTR 1000 SP2 [2002],World Superbikes,
255,Rider,Mark Heckles,11.176744947100127,1.33413257647285,30/08/2002 13:00:00,0,Honda VTR 1000 SP2 [2002],World Superbikes,
255,Rider,Mark Heckles,11.177265160247437,1.3357727335286451,05/09/2002 13:00:00,0,Honda VTR 1000 SP2 [2002],World Superbikes,
255,Rider,Mark Heckles,11.179490815696283,1.3375708475378985,06/09/2002 13:00:00,0,Honda VTR 1000 SP2 [2002],World Superbikes,
255,Rider,Mark Heckles,11.181218956373684,1.3395874345551193,26/09/2002 13:00:00,0,Honda VTR 1000 SP2 [2002],World Superbikes,
255,Rider,Mark Heckles,11.18413475060513,1.3418028474811519,27/09/2002 13:00:00,0,Honda VTR 1000 SP2 [2002],World Superbikes,
256,Bike,Honda VTR 1000 SP [2002],17.5768067384302,1.5336195016367227,08/03/2002 13:00:00,0,,World Superbikes,
256,Bike,Honda VTR 1000 SP [2002],17.576063452745544,1.5316866539232894,08/03/2002 13:00:00,1,,World Superbikes,
256,Bike,Honda VTR 1000 SP [2002],17.57572155088298,1.5299208529048112,21/03/2002 13:00:00,0,,World Superbikes,
256,Bike,Honda VTR 1000 SP [2002],17.576508271018408,1.5283159907423367,22/03/2002 13:00:00,0,,World Superbikes,
256,Bike,Honda VTR 1000 SP [2002],17.577581410900855,1.5269207790263228,04/04/2002 13:00:00,0,,World Superbikes,
256,Bike,Honda VTR 1000 SP [2002],17.57888466481208,1.5256969883849114,05/04/2002 13:00:00,0,,World Superbikes,
256,Bike,Honda VTR 1000 SP [2002],17.58049024345243,1.5246461926892887,09/05/2002 13:00:00,0,,World Superbikes,
256,Bike,Honda VTR 1000 SP [2002],17.58218376709019,1.5238321479241734,10/05/2002 13:00:00,0,,World Superbikes,
256,Bike,Honda VTR 1000 SP [2002],17.582337046293915,1.523278735851849,06/06/2002 13:00:00,0,,World Superbikes,
256,Bike,Honda VTR 1000 SP [2002],17.58076914356175,1.5229594628382996,07/06/2002 13:00:00,0,,World Superbikes,
256,Bike,Honda VTR 1000 SP [2002],17.57920141118752,1.5228222873826958,20/06/2002 13:00:00,0,,World Superbikes,
256,Bike,Honda VTR 1000 SP [2002],17.57799755414825,1.522909275144249,21/06/2002 13:00:00,0,,World Superbikes,
256,Bike,Honda VTR 1000 SP [2002],17.57691069977681,1.5232329539940814,12/07/2002 13:00:00,0,,World Superbikes,
256,Bike,Honda VTR 1000 SP [2002],17.575673081036143,1.5237544045720324,13/07/2002 13:00:00,0,,World Superbikes,
256,Bike,Honda VTR 1000 SP [2002],17.575276729609513,1.5244275927874156,26/07/2002 13:00:00,0,,World Superbikes,
256,Bike,Honda VTR 1000 SP [2002],17.57563869883038,1.5252410542214523,26/07/2002 13:00:00,1,,World Superbikes,
256,Bike,Honda VTR 1000 SP [2002],17.575733864159957,1.5262844355626488,29/08/2002 13:00:00,0,,World Superbikes,
256,Bike,Honda VTR 1000 SP [2002],17.576912728836408,1.5274481528912476,30/08/2002 13:00:00,0,,World Superbikes,
256,Bike,Honda VTR 1000 SP [2002],17.577527673524717,1.528773886007088,05/09/2002 13:00:00,0,,World Superbikes,
256,Bike,Honda VTR 1000 SP [2002],17.578932531705888,1.5302866355179834,06/09/2002 13:00:00,0,,World Superbikes,
256,Bike,Honda VTR 1000 SP [2002],17.581186851740124,1.5319742814913735,26/09/2002 13:00:00,0,,World Superbikes,
256,Bike,Honda VTR 1000 SP [2002],17.58363881720876,1.5338652319696846,27/09/2002 13:00:00,0,,World Superbikes,
257,Rider,Ivan Clementi,26.697300631774436,0.7488519892775866,08/03/2002 13:00:00,0,Kawasaki ZX-7 RR [2002],World Superbikes,
257,Rider,Ivan Clementi,26.69887833746722,0.7443903009299483,08/03/2002 13:00:00,1,Kawasaki ZX-7 RR [2002],World Superbikes,
257,Rider,Ivan Clementi,26.700645032027968,0.7400208096046792,21/03/2002 13:00:00,0,Kawasaki ZX-7 RR [2002],World Superbikes,
257,Rider,Ivan Clementi,26.70352685104656,0.7357369336303641,22/03/2002 13:00:00,0,Kawasaki ZX-7 RR [2002],World Superbikes,
257,Rider,Ivan Clementi,26.70701332433356,0.7315387689212208,18/04/2002 13:00:00,0,Kawasaki ZX-7 RR [2002],World Superbikes,
257,Rider,Ivan Clementi,26.71033326842098,0.7274291068427148,19/04/2002 13:00:00,0,Kawasaki ZX-7 RR [2002],World Superbikes,
257,Rider,Ivan Clementi,26.71338040504014,0.7234098725297954,09/05/2002 13:00:00,0,Kawasaki ZX-7 RR [2002],World Superbikes,
257,Rider,Ivan Clementi,26.716923771670526,0.7194812318818907,10/05/2002 13:00:00,0,Kawasaki ZX-7 RR [2002],World Superbikes,
257,Rider,Ivan Clementi,26.721024815787995,0.7156431666379457,24/05/2002 13:00:00,0,Kawasaki ZX-7 RR [2002],World Superbikes,
257,Rider,Ivan Clementi,26.725612532380506,0.711886206784055,24/05/2002 13:00:00,1,Kawasaki ZX-7 RR [2002],World Superbikes,
257,Rider,Ivan Clementi,26.73033561666588,0.7082164505003646,06/06/2002 13:00:00,0,Kawasaki ZX-7 RR [2002],World Superbikes,
257,Rider,Ivan Clementi,26.736892734292077,0.7046147230356569,07/06/2002 13:00:00,0,Kawasaki ZX-7 RR [2002],World Superbikes,
257,Rider,Ivan Clementi,26.744370866024358,0.7010906805139107,20/06/2002 13:00:00,0,Kawasaki ZX-7 RR [2002],World Superbikes,
257,Rider,Ivan Clementi,26.752241287327404,0.6976474850955928,21/06/2002 13:00:00,0,Kawasaki ZX-7 RR [2002],World Superbikes,
257,Rider,Ivan Clementi,26.76019797211067,0.694286860529435,12/07/2002 13:00:00,0,Kawasaki ZX-7 RR [2002],World Superbikes,
257,Rider,Ivan Clementi,26.770386452069122,0.6909788354846879,13/07/2002 13:00:00,0,Kawasaki ZX-7 RR [2002],World Superbikes,
257,Rider,Ivan Clementi,26.780586537082144,0.6877494702096393,26/07/2002 13:00:00,0,Kawasaki ZX-7 RR [2002],World Superbikes,
257,Rider,Ivan Clementi,26.79105422731909,0.6845965083270078,26/07/2002 13:00:00,1,Kawasaki ZX-7 RR [2002],World Superbikes,
257,Rider,Ivan Clementi,26.80225516695403,0.6815163028778042,29/08/2002 13:00:00,0,Kawasaki ZX-7 RR [2002],World Superbikes,
257,Rider,Ivan Clementi,26.814236544105874,0.6785051563002825,30/08/2002 13:00:00,0,Kawasaki ZX-7 RR [2002],World Superbikes,
257,Rider,Ivan Clementi,26.827478770675533,0.6755576183486033,05/09/2002 13:00:00,0,Kawasaki ZX-7 RR [2002],World Superbikes,
257,Rider,Ivan Clementi,26.83993993485411,0.6726864496117685,06/09/2002 13:00:00,0,Kawasaki ZX-7 RR [2002],World Superbikes,
257,Rider,Ivan Clementi,26.85213011450071,0.6698891363588068,26/09/2002 13:00:00,0,Kawasaki ZX-7 RR [2002],World Superbikes,
257,Rider,Ivan Clementi,26.86442787866179,0.6671667184083633,27/09/2002 13:00:00,0,Kawasaki ZX-7 RR [2002],World Superbikes,
257,Rider,Ivan Clementi,26.875506112819597,0.6645234813264378,28/02/2003 13:00:00,0,Kawasaki ZX-7 RR [2003],World Superbikes,
257,Rider,Ivan Clementi,26.886926994001488,0.6619537583135167,28/02/2003 13:00:00,1,Kawasaki ZX-7 RR [2003],World Superbikes,
257,Rider,Ivan Clementi,26.89922501686627,0.6594537040767076,27/03/2003 13:00:00,0,Kawasaki ZX-7 RR [2003],World Superbikes,
257,Rider,Ivan Clementi,26.911371464819307,0.6570230542165387,28/03/2003 13:00:00,0,Kawasaki ZX-7 RR [2003],World Superbikes,
257,Rider,Ivan Clementi,26.922174274218396,0.6546629333994182,28/03/2003 13:00:00,1,Kawasaki ZX-7 RR [2003],World Superbikes,
257,Rider,Ivan Clementi,26.934027065121118,0.6523540815996757,24/04/2003 13:00:00,0,Kawasaki ZX-7 RR [2003],World Superbikes,
257,Rider,Ivan Clementi,26.94624693296828,0.6501116003525069,25/04/2003 13:00:00,0,Kawasaki ZX-7 RR [2003],World Superbikes,
257,Rider,Ivan Clementi,26.957472524629758,0.6479368472580112,25/04/2003 13:00:00,1,Kawasaki ZX-7 RR [2003],World Superbikes,
257,Rider,Ivan Clementi,26.967864832519812,0.6458240721703915,15/05/2003 13:00:00,0,Kawasaki ZX-7 RR [2003],World Superbikes,
257,Rider,Ivan Clementi,26.97823552336724,0.6437775748880346,16/05/2003 13:00:00,0,Kawasaki ZX-7 RR [2003],World Superbikes,
257,Rider,Ivan Clementi,26.988766420082506,0.6417957047771146,29/05/2003 13:00:00,0,Kawasaki ZX-7 RR [2003],World Superbikes,
257,Rider,Ivan Clementi,26.999116797862463,0.6398790006094965,31/05/2003 13:00:00,0,Kawasaki ZX-7 RR [2003],World Superbikes,
257,Rider,Ivan Clementi,27.010332051777016,0.6380112712778973,13/06/2003 13:00:00,0,Kawasaki ZX-7 RR [2003],World Superbikes,
257,Rider,Ivan Clementi,27.022758473405357,0.6361988601750515,13/06/2003 13:00:00,1,Kawasaki ZX-7 RR [2003],World Superbikes,
257,Rider,Ivan Clementi,27.036388744826542,0.6344415681023294,19/06/2003 13:00:00,0,Kawasaki ZX-7 RR [2003],World Superbikes,
257,Rider,Ivan Clementi,27.049340428201038,0.632748161540683,20/06/2003 13:00:00,0,Kawasaki ZX-7 RR [2003],World Superbikes,
257,Rider,Ivan Clementi,27.062355302545143,0.6311177181161494,21/06/2003 13:00:00,0,Kawasaki ZX-7 RR [2003],World Superbikes,
257,Rider,Ivan Clementi,27.076020515765467,0.6295305567111192,11/07/2003 13:00:00,0,Kawasaki ZX-7 RR [2003],World Superbikes,
257,Rider,Ivan Clementi,27.09043980366682,0.6279946387062,12/07/2003 13:00:00,0,Kawasaki ZX-7 RR [2003],World Superbikes,
257,Rider,Ivan Clementi,27.105557181962254,0.626510352098906,25/07/2003 13:00:00,0,Kawasaki ZX-7 RR [2003],World Superbikes,
257,Rider,Ivan Clementi,27.12106578060347,0.6250862348790741,25/07/2003 13:00:00,1,Kawasaki ZX-7 RR [2003],World Superbikes,
257,Rider,Ivan Clementi,27.135243057956398,0.6237233239459693,26/07/2003 13:00:00,0,Kawasaki ZX-7 RR [2003],World Superbikes,
257,Rider,Ivan Clementi,27.15057422260381,0.6223763851248606,04/09/2003 13:00:00,0,Kawasaki ZX-7 RR [2003],World Superbikes,
257,Rider,Ivan Clementi,27.16331137959832,0.62108644974108,05/09/2003 13:00:00,0,Kawasaki ZX-7 RR [2003],World Superbikes,
257,Rider,Ivan Clementi,27.178155212712177,0.6198498674755317,06/09/2003 13:00:00,0,Kawasaki ZX-7 RR [2003],World Superbikes,
257,Rider,Ivan Clementi,27.191635154611124,0.6186649352784963,25/09/2003 13:00:00,0,Kawasaki ZX-7 RR [2003],World Superbikes,
257,Rider,Ivan Clementi,27.2054452373595,0.6175364948373535,26/09/2003 13:00:00,0,Kawasaki ZX-7 RR [2003],World Superbikes,
257,Rider,Ivan Clementi,27.218589313436464,0.61646357941349,27/09/2003 13:00:00,0,Kawasaki ZX-7 RR [2003],World Superbikes,
257,Rider,Ivan Clementi,27.23104416760886,0.6154407975702053,16/10/2003 13:00:00,0,Kawasaki ZX-7 RR [2003],World Superbikes,
257,Rider,Ivan Clementi,27.24469737388431,0.6144683413083787,17/10/2003 13:00:00,0,Kawasaki ZX-7 RR [2003],World Superbikes,
257,Rider,Ivan Clementi,27.25838056824327,0.6135506297598229,27/02/2004 13:00:00,0,Kawasaki ZX-10 [2004],World Superbikes,
257,Rider,Ivan Clementi,27.272481164666182,0.6126845850732832,27/02/2004 13:00:00,1,Kawasaki ZX-10 [2004],World Superbikes,
257,Rider,Ivan Clementi,27.28729423022534,0.6118684051817985,25/03/2004 13:00:00,0,Kawasaki ZX-10 [2004],World Superbikes,
257,Rider,Ivan Clementi,27.302053998878897,0.6111003082374814,26/03/2004 13:00:00,0,Kawasaki ZX-10 [2004],World Superbikes,
257,Rider,Ivan Clementi,27.31628619507581,0.6103846899490131,26/03/2004 13:00:00,1,Kawasaki ZX-10 [2004],World Superbikes,
257,Rider,Ivan Clementi,27.33128138346194,0.6097091108692665,15/04/2004 13:00:00,0,Kawasaki ZX-10 [2004],World Superbikes,
257,Rider,Ivan Clementi,27.34757010112068,0.6090842277867393,16/04/2004 13:00:00,0,Kawasaki ZX-10 [2004],World Superbikes,
257,Rider,Ivan Clementi,27.36257014971611,0.6085122358718145,17/04/2004 13:00:00,0,Kawasaki ZX-10 [2004],World Superbikes,
257,Rider,Ivan Clementi,27.37943608125901,0.6079602674413447,13/05/2004 13:00:00,0,Kawasaki ZX-10 [2004],World Superbikes,
257,Rider,Ivan Clementi,27.396572393839755,0.6074571979331608,14/05/2004 13:00:00,0,Kawasaki ZX-10 [2004],World Superbikes,
257,Rider,Ivan Clementi,27.41469379674306,0.6070041394993714,27/05/2004 13:00:00,0,Kawasaki ZX-10 [2004],World Superbikes,
257,Rider,Ivan Clementi,27.432342008578495,0.6066035181233499,28/05/2004 13:00:00,0,Kawasaki ZX-10 [2004],World Superbikes,
257,Rider,Ivan Clementi,27.450431840641578,0.6062528129058669,11/06/2004 13:00:00,0,Kawasaki ZX-10 [2004],World Superbikes,
257,Rider,Ivan Clementi,27.467881747777426,0.6059530961613595,11/06/2004 13:00:00,1,Kawasaki ZX-10 [2004],World Superbikes,
257,Rider,Ivan Clementi,27.48530479105764,0.605703147087082,12/06/2004 13:00:00,0,Kawasaki ZX-10 [2004],World Superbikes,
257,Rider,Ivan Clementi,27.50294528391498,0.6054988872960408,09/07/2004 13:00:00,0,Kawasaki ZX-10 [2004],World Superbikes,
257,Rider,Ivan Clementi,27.520927912287473,0.6053407736334755,10/07/2004 13:00:00,0,Kawasaki ZX-10 [2004],World Superbikes,
257,Rider,Ivan Clementi,27.539245482560045,0.6052286840842546,10/07/2004 13:00:00,1,Kawasaki ZX-10 [2004],World Superbikes,
257,Rider,Ivan Clementi,27.556686318164026,0.6051635353924436,30/07/2004 13:00:00,0,Kawasaki ZX-10 [2004],World Superbikes,
257,Rider,Ivan Clementi,27.574853456078944,0.6051449662436761,30/07/2004 13:00:00,1,Kawasaki ZX-10 [2004],World Superbikes,
257,Rider,Ivan Clementi,27.593847328740505,0.6051752835822429,02/09/2004 13:00:00,0,Kawasaki ZX-10 [2004],World Superbikes,
257,Rider,Ivan Clementi,27.610989812169567,0.605256112047595,03/09/2004 13:00:00,0,Kawasaki ZX-10 [2004],World Superbikes,
257,Rider,Ivan Clementi,27.628724251570983,0.6053849126839598,04/09/2004 13:00:00,0,Kawasaki ZX-10 [2004],World Superbikes,
257,Rider,Ivan Clementi,27.64654497625294,0.6055599667764738,23/09/2004 13:00:00,0,Kawasaki ZX-10 [2004],World Superbikes,
257,Rider,Ivan Clementi,27.66464797578987,0.6057878814390241,24/09/2004 13:00:00,0,Kawasaki ZX-10 [2004],World Superbikes,
257,Rider,Ivan Clementi,27.682727414670286,0.6060646321301458,30/09/2004 13:00:00,0,Kawasaki ZX-10 [2004],World Superbikes,
257,Rider,Ivan Clementi,27.69938921535765,0.6063926617886816,01/10/2004 13:00:00,0,Kawasaki ZX-10 [2004],World Superbikes,
257,Rider,Ivan Clementi,27.716443334179715,0.606769971374426,02/10/2004 13:00:00,0,Kawasaki ZX-10 [2004],World Superbikes,
257,Rider,Ivan Clementi,27.7338809608656,0.6071891063642891,23/02/2005 13:00:00,0,Kawasaki ZX-10 [2005],World Superbikes,
257,Rider,Ivan Clementi,27.751990294832122,0.6076597363268598,24/02/2005 13:00:00,0,Kawasaki ZX-10 [2005],World Superbikes,
257,Rider,Ivan Clementi,27.769321789035782,0.6081844763748956,31/03/2005 13:00:00,0,Kawasaki ZX-10 [2005],World Superbikes,
257,Rider,Ivan Clementi,27.786056905731392,0.6087648657897166,01/04/2005 13:00:00,0,Kawasaki ZX-10 [2005],World Superbikes,
257,Rider,Ivan Clementi,27.801776252203865,0.6094012731218538,21/04/2005 13:00:00,0,Kawasaki ZX-10 [2005],World Superbikes,
257,Rider,Ivan Clementi,27.8152763175359,0.6100921174437983,22/04/2005 13:00:00,0,Kawasaki ZX-10 [2005],World Superbikes,
257,Rider,Ivan Clementi,27.828371616034758,0.6108396762033214,05/05/2005 13:00:00,0,Kawasaki ZX-10 [2005],World Superbikes,
257,Rider,Ivan Clementi,27.843178252441664,0.6116358285794812,06/05/2005 13:00:00,0,Kawasaki ZX-10 [2005],World Superbikes,
257,Rider,Ivan Clementi,27.858774595142563,0.6124865343606382,27/05/2005 13:00:00,0,Ducati 999 RS [2005],World Superbikes,
257,Rider,Ivan Clementi,27.874644895347714,0.6133907701363182,27/05/2005 13:00:00,1,Ducati 999 RS [2005],World Superbikes,
257,Rider,Ivan Clementi,27.88933072518382,0.6143519284531639,23/06/2005 13:00:00,0,Ducati 999 RS [2005],World Superbikes,
257,Rider,Ivan Clementi,27.90202214233813,0.6153699244906695,24/06/2005 13:00:00,0,Ducati 999 RS [2005],World Superbikes,
257,Rider,Ivan Clementi,27.911821841835394,0.6164425444477695,25/06/2005 13:00:00,0,Ducati 999 RS [2005],World Superbikes,
257,Rider,Ivan Clementi,27.92075931843976,0.6175667042385127,14/07/2005 13:00:00,0,Ducati 999 RS [2005],World Superbikes,
257,Rider,Ivan Clementi,27.927194340798835,0.6187493008774121,15/07/2005 13:00:00,0,Ducati 999 RS [2005],World Superbikes,
257,Rider,Ivan Clementi,27.93290837472326,0.6199912778915745,16/07/2005 13:00:00,0,Ducati 999 RS [2005],World Superbikes,
257,Rider,Ivan Clementi,27.939163146000062,0.6212754105675875,05/08/2005 13:00:00,0,Ducati 999 RS [2005],World Superbikes,
257,Rider,Ivan Clementi,27.94562112429693,0.6226181172896655,05/08/2005 13:00:00,1,Ducati 999 RS [2005],World Superbikes,
257,Rider,Ivan Clementi,27.95127430281353,0.6240222846162785,01/09/2005 13:00:00,0,Ducati 999 RS [2005],World Superbikes,
257,Rider,Ivan Clementi,27.955539722484893,0.6254877404614174,02/09/2005 13:00:00,0,Ducati 999 RS [2005],World Superbikes,
257,Rider,Ivan Clementi,27.95751066579418,0.6270140399977341,03/09/2005 13:00:00,0,Ducati 999 RS [2005],World Superbikes,
257,Rider,Ivan Clementi,27.958356613556717,0.628596482590969,08/09/2005 13:00:00,0,Ducati 999 RS [2005],World Superbikes,
257,Rider,Ivan Clementi,27.958532859002,0.6302401510696771,09/09/2005 13:00:00,0,Ducati 999 RS [2005],World Superbikes,
257,Rider,Ivan Clementi,27.957431914048815,0.6319463611463796,10/09/2005 13:00:00,0,Ducati 999 RS [2005],World Superbikes,
257,Rider,Ivan Clementi,27.95570267929762,0.6337041066129507,29/09/2005 13:00:00,0,Ducati 999 RS [2005],World Superbikes,
257,Rider,Ivan Clementi,27.954034787635443,0.6355265318675932,30/09/2005 13:00:00,0,Ducati 999 RS [2005],World Superbikes,
257,Rider,Ivan Clementi,27.952560743945625,0.6374136418239885,06/10/2005 13:00:00,0,Ducati 999 RS [2005],World Superbikes,
257,Rider,Ivan Clementi,27.950839915301856,0.6393646764500344,07/10/2005 13:00:00,0,Ducati 999 RS [2005],World Superbikes,
257,Rider,Ivan Clementi,27.94898401658179,0.6413815886607961,22/02/2006 13:00:00,0,Ducati 999 RS [2006],World Superbikes,
257,Rider,Ivan Clementi,27.94710763105563,0.6434645967047918,23/02/2006 13:00:00,0,Ducati 999 RS [2006],World Superbikes,
257,Rider,Ivan Clementi,27.9453424766223,0.6456124854434853,02/03/2006 13:00:00,0,Ducati 999 RS [2006],World Superbikes,
257,Rider,Ivan Clementi,27.94192346792083,0.6478300015705617,03/03/2006 13:00:00,0,Ducati 999 RS [2006],World Superbikes,
257,Rider,Ivan Clementi,27.93685490392918,0.6501179983846653,03/03/2006 13:00:00,1,Ducati 999 RS [2006],World Superbikes,
257,Rider,Ivan Clementi,27.932857526836496,0.65242972585972,20/04/2006 13:00:00,0,Ducati 999 RS [2006],World Superbikes,
257,Rider,Ivan Clementi,27.92899526984177,0.6548131687710654,21/04/2006 13:00:00,0,Ducati 999 RS [2006],World Superbikes,
257,Rider,Ivan Clementi,27.925043203640172,0.6572687730660485,04/05/2006 13:00:00,0,Ducati 999 RS [2006],World Superbikes,
257,Rider,Ivan Clementi,27.92025193129021,0.6597977982205959,05/05/2006 13:00:00,0,Ducati 999 RS [2006],World Superbikes,
257,Rider,Ivan Clementi,27.915505185326847,0.6623991875623697,26/05/2006 13:00:00,0,Ducati 999 RS [2006],World Superbikes,
257,Rider,Ivan Clementi,27.910020605225093,0.665075298240491,22/06/2006 13:00:00,0,Ducati 999 RS [2006],World Superbikes,
257,Rider,Ivan Clementi,27.90504368151342,0.6678255249788497,23/06/2006 13:00:00,0,Ducati 999 RS [2006],World Superbikes,
257,Rider,Ivan Clementi,27.900514055040674,0.6706491858671177,20/07/2006 13:00:00,0,Ducati 999 RS [2006],World Superbikes,
257,Rider,Ivan Clementi,27.896961629607812,0.673546031953053,21/07/2006 13:00:00,0,Ducati 999 RS [2006],World Superbikes,
257,Rider,Ivan Clementi,27.893620327806804,0.6765188801600395,04/08/2006 13:00:00,0,Ducati 999 RS [2006],World Superbikes,
257,Rider,Ivan Clementi,27.889713539013208,0.6795707579924808,04/08/2006 13:00:00,1,Ducati 999 RS [2006],World Superbikes,
257,Rider,Ivan Clementi,27.885908913447636,0.6827000718709243,31/08/2006 13:00:00,0,Ducati 999 RS [2006],World Superbikes,
257,Rider,Ivan Clementi,27.881242494334433,0.6859111729134142,01/09/2006 13:00:00,0,Ducati 999 RS [2006],World Superbikes,
257,Rider,Ivan Clementi,27.877551426107566,0.6891971431055944,07/09/2006 13:00:00,0,Ducati 999 RS [2006],World Superbikes,
257,Rider,Ivan Clementi,27.873155322407353,0.692567286741261,08/09/2006 13:00:00,0,Ducati 999 RS [2006],World Superbikes,
257,Rider,Ivan Clementi,27.86820156404154,0.6960214821001153,28/09/2006 13:00:00,0,Ducati 999 RS [2006],World Superbikes,
257,Rider,Ivan Clementi,27.861180688687977,0.6995624267753189,29/09/2006 13:00:00,0,Ducati 999 RS [2006],World Superbikes,
257,Rider,Ivan Clementi,27.853285862948507,0.7031916528983463,30/09/2006 13:00:00,0,Ducati 999 RS [2006],World Superbikes,
257,Rider,Ivan Clementi,27.844399018827524,0.7069016256864069,05/10/2006 13:00:00,0,Ducati 999 RS [2006],World Superbikes,
257,Rider,Ivan Clementi,27.83540127700185,0.710698118474913,21/02/2013 13:00:00,0,BMW S1000 RR [2013],World Superbikes,
257,Rider,Ivan Clementi,27.826617563338406,0.7145798209765388,22/02/2013 13:00:00,0,BMW S1000 RR [2013],World Superbikes,
257,Rider,Ivan Clementi,27.817859876050996,0.7185463499692888,22/02/2013 13:00:00,1,BMW S1000 RR [2013],World Superbikes,
257,Rider,Ivan Clementi,27.81037804401454,0.7225564905131774,12/04/2013 13:00:00,0,BMW S1000 RR [2013],World Superbikes,
257,Rider,Ivan Clementi,27.80440523668984,0.7266433467362973,12/04/2013 13:00:00,1,BMW S1000 RR [2013],World Superbikes,
257,Rider,Ivan Clementi,27.79953172829214,0.7308117427692665,26/04/2013 13:00:00,0,BMW S1000 RR [2013],World Superbikes,
257,Rider,Ivan Clementi,27.79528061100551,0.7350599267327819,26/04/2013 13:00:00,1,BMW S1000 RR [2013],World Superbikes,
257,Rider,Ivan Clementi,27.790853147771823,0.7393954991779659,27/04/2013 13:00:00,0,BMW S1000 RR [2013],World Superbikes,
257,Rider,Ivan Clementi,27.78703603328347,0.743799867549277,07/06/2013 13:00:00,0,BMW S1000 RR [2013],World Superbikes,
257,Rider,Ivan Clementi,27.785307407519692,0.748270218938824,07/06/2013 13:00:00,1,BMW S1000 RR [2013],World Superbikes,
258,Bike,Ducati 996 RS [2002],22.971911504314647,1.4072577361686647,08/03/2002 13:00:00,0,,World Superbikes,
258,Bike,Ducati 996 RS [2002],22.972506941580924,1.4051123348370502,08/03/2002 13:00:00,1,,World Superbikes,
258,Bike,Ducati 996 RS [2002],22.972384894561717,1.403182461040072,21/03/2002 13:00:00,0,,World Superbikes,
258,Bike,Ducati 996 RS [2002],22.972364560297255,1.4014757182666409,22/03/2002 13:00:00,0,,World Superbikes,
258,Bike,Ducati 996 RS [2002],22.971865859534248,1.399992841498971,04/04/2002 13:00:00,0,,World Superbikes,
258,Bike,Ducati 996 RS [2002],22.970942934194973,1.3986718787254129,05/04/2002 13:00:00,0,,World Superbikes,
258,Bike,Ducati 996 RS [2002],22.969571425853772,1.39751342775737,06/04/2002 13:00:00,0,,World Superbikes,
258,Bike,Ducati 996 RS [2002],22.967777926070294,1.3965475527362818,09/05/2002 13:00:00,0,,World Superbikes,
258,Bike,Ducati 996 RS [2002],22.96596013294074,1.39578754943447,10/05/2002 13:00:00,0,,World Superbikes,
258,Bike,Ducati 996 RS [2002],22.963728696625935,1.395235002803573,24/05/2002 13:00:00,0,,World Superbikes,
258,Bike,Ducati 996 RS [2002],22.961025376570078,1.3948370364804277,24/05/2002 13:00:00,1,,World Superbikes,
258,Bike,Ducati 996 RS [2002],22.958253178436046,1.3946019910477936,06/06/2002 13:00:00,0,,World Superbikes,
258,Bike,Ducati 996 RS [2002],22.95618049622973,1.3945320433399775,07/06/2002 13:00:00,0,,World Superbikes,
258,Bike,Ducati 996 RS [2002],22.955185115866602,1.3946242820625496,20/06/2002 13:00:00,0,,World Superbikes,
258,Bike,Ducati 996 RS [2002],22.95429599792739,1.3949148140754977,21/06/2002 13:00:00,0,,World Superbikes,
258,Bike,Ducati 996 RS [2002],22.95419492051135,1.3953801191528687,12/07/2002 13:00:00,0,,World Superbikes,
258,Bike,Ducati 996 RS [2002],22.953886868731836,1.3960717329617616,13/07/2002 13:00:00,0,,World Superbikes,
258,Bike,Ducati 996 RS [2002],22.95362245894279,1.3969876694173435,29/08/2002 13:00:00,0,,World Superbikes,
258,Bike,Ducati 996 RS [2002],22.952975003292572,1.3981103744483492,30/08/2002 13:00:00,0,,World Superbikes,
258,Bike,Ducati 996 RS [2002],22.953139100352494,1.399406204132445,05/09/2002 13:00:00,0,,World Superbikes,
258,Bike,Ducati 996 RS [2002],22.953432302846476,1.4009271954542775,06/09/2002 13:00:00,0,,World Superbikes,
258,Bike,Ducati 996 RS [2002],22.95404076192553,1.4026710192402547,26/09/2002 13:00:00,0,,World Superbikes,
258,Bike,Ducati 996 RS [2002],22.954996971753264,1.404629327820943,27/09/2002 13:00:00,0,,World Superbikes,
258,Bike,Ducati 996 RS [2002],22.954379392686775,1.4068291568543987,28/09/2002 13:00:00,0,,World Superbikes,
259,Rider,Yann Gyger,15.202511045812376,3.4227305859117267,08/03/2002 13:00:00,0,Honda VTR 1000 SP [2002],World Superbikes,
259,Rider,Yann Gyger,15.202263764232624,3.4223388024522547,08/03/2002 13:00:00,1,Honda VTR 1000 SP [2002],World Superbikes,
259,Rider,Yann Gyger,15.202723558168747,3.4222284993962475,29/08/2002 13:00:00,0,Honda VTR 1000 SP [2002],World Superbikes,
259,Rider,Yann Gyger,15.204267051451746,3.4224383899644715,30/08/2002 13:00:00,0,Honda VTR 1000 SP [2002],World Superbikes,
260,Bike,Suzuki GSX-R750 Y [2002],21.19913957046238,1.0911040314430176,21/03/2002 13:00:00,0,,World Superbikes,
260,Bike,Suzuki GSX-R750 Y [2002],21.1970325824359,1.0882136020221846,22/03/2002 13:00:00,0,,World Superbikes,
260,Bike,Suzuki GSX-R750 Y [2002],21.195210964923383,1.0855071371617175,22/03/2002 13:00:00,1,,World Superbikes,
260,Bike,Suzuki GSX-R750 Y [2002],21.194941848069544,1.082958104012449,04/04/2002 13:00:00,0,,World Superbikes,
260,Bike,Suzuki GSX-R750 Y [2002],21.196370297592612,1.080581618063155,05/04/2002 13:00:00,0,,World Superbikes,
260,Bike,Suzuki GSX-R750 Y [2002],21.198835675859034,1.0783811136309054,06/04/2002 13:00:00,0,,World Superbikes,
260,Bike,Suzuki GSX-R750 Y [2002],21.20254748662391,1.0763401155566927,18/04/2002 13:00:00,0,,World Superbikes,
260,Bike,Suzuki GSX-R750 Y [2002],21.205253927686698,1.074481105930141,19/04/2002 13:00:00,0,,World Superbikes,
260,Bike,Suzuki GSX-R750 Y [2002],21.207240652475566,1.0728049390476575,19/04/2002 13:00:00,1,,World Superbikes,
260,Bike,Suzuki GSX-R750 Y [2002],21.21010783873402,1.0712717628444648,09/05/2002 13:00:00,0,,World Superbikes,
260,Bike,Suzuki GSX-R750 Y [2002],21.212063306026618,1.0699178867892452,10/05/2002 13:00:00,0,,World Superbikes,
260,Bike,Suzuki GSX-R750 Y [2002],21.214154118419895,1.068744566262774,11/05/2002 13:00:00,0,,World Superbikes,
260,Bike,Suzuki GSX-R750 Y [2002],21.21723570426412,1.0677368624174053,24/05/2002 13:00:00,0,,World Superbikes,
260,Bike,Suzuki GSX-R750 Y [2002],21.22113473575227,1.0669124295582069,24/05/2002 13:00:00,1,,World Superbikes,
260,Bike,Suzuki GSX-R750 Y [2002],21.22459075377343,1.0662697195499014,25/05/2002 13:00:00,0,,World Superbikes,
260,Bike,Suzuki GSX-R750 Y [2002],21.228994051758423,1.0657769821998202,06/06/2002 13:00:00,0,,World Superbikes,
260,Bike,Suzuki GSX-R750 Y [2002],21.23220112719469,1.0654614985538449,07/06/2002 13:00:00,0,,World Superbikes,
260,Bike,Suzuki GSX-R750 Y [2002],21.233871646185392,1.0653157937275743,08/06/2002 13:00:00,0,,World Superbikes,
260,Bike,Suzuki GSX-R750 Y [2002],21.235035253894416,1.0653374800392752,20/06/2002 13:00:00,0,,World Superbikes,
260,Bike,Suzuki GSX-R750 Y [2002],21.23582797266152,1.0655359869503422,21/06/2002 13:00:00,0,,World Superbikes,
260,Bike,Suzuki GSX-R750 Y [2002],21.23711780738998,1.0659128988525481,22/06/2002 13:00:00,0,,World Superbikes,
260,Bike,Suzuki GSX-R750 Y [2002],21.23928679178122,1.0664529685107558,12/07/2002 13:00:00,0,,World Superbikes,
260,Bike,Suzuki GSX-R750 Y [2002],21.240638051010215,1.0671490568610325,13/07/2002 13:00:00,0,,World Superbikes,
260,Bike,Suzuki GSX-R750 Y [2002],21.24186470817532,1.068002291972596,13/07/2002 13:00:00,1,,World Superbikes,
260,Bike,Suzuki GSX-R750 Y [2002],21.243085592603688,1.0690103476427841,26/07/2002 13:00:00,0,,World Superbikes,
260,Bike,Suzuki GSX-R750 Y [2002],21.243573567833714,1.0701999973623268,26/07/2002 13:00:00,1,,World Superbikes,
260,Bike,Suzuki GSX-R750 Y [2002],21.244754908224262,1.0715707648920576,27/07/2002 13:00:00,0,,World Superbikes,
260,Bike,Suzuki GSX-R750 Y [2002],21.247063819939417,1.073089815865135,29/08/2002 13:00:00,0,,World Superbikes,
260,Bike,Suzuki GSX-R750 Y [2002],21.249084987356124,1.0747862399138357,30/08/2002 13:00:00,0,,World Superbikes,
260,Bike,Suzuki GSX-R750 Y [2002],21.250085965593797,1.076654470597103,31/08/2002 13:00:00,0,,World Superbikes,
260,Bike,Suzuki GSX-R750 Y [2002],21.25075323877892,1.0786852547691754,05/09/2002 13:00:00,0,,World Superbikes,
260,Bike,Suzuki GSX-R750 Y [2002],21.251150230838036,1.080891717362053,06/09/2002 13:00:00,0,,World Superbikes,
260,Bike,Suzuki GSX-R750 Y [2002],21.250845161152977,1.0832775753813761,07/09/2002 13:00:00,0,,World Superbikes,
260,Bike,Suzuki GSX-R750 Y [2002],21.250772951965807,1.0858333128238702,26/09/2002 13:00:00,0,,World Superbikes,
260,Bike,Suzuki GSX-R750 Y [2002],21.250752706459185,1.0885739656788043,27/09/2002 13:00:00,0,,World Superbikes,
260,Bike,Suzuki GSX-R750 Y [2002],21.249794783095684,1.091477957046687,28/09/2002 13:00:00,0,,World Superbikes,
261,Bike,Yamaha YZF-R7 [2002],25.875535306935454,2.8847542604460363,18/04/2002 13:00:00,0,,World Superbikes,
261,Bike,Yamaha YZF-R7 [2002],25.875580872737928,2.88429465039754,19/04/2002 13:00:00,0,,World Superbikes,
261,Bike,Yamaha YZF-R7 [2002],25.876163364021483,2.884295786335929,19/04/2002 13:00:00,1,,World Superbikes,
261,Bike,Yamaha YZF-R7 [2002],25.87697989037182,2.884747455641817,27/09/2002 13:00:00,0,,World Superbikes,
262,Rider,Kenichiro Nakamura,24.276763040166802,2.815354159768157,18/04/2002 13:00:00,0,Honda VTR 1000 SP2 [2002],World Superbikes,
262,Rider,Kenichiro Nakamura,24.277583441105755,2.8148844675561895,19/04/2002 13:00:00,0,Honda VTR 1000 SP2 [2002],World Superbikes,
262,Rider,Kenichiro Nakamura,24.279872509927486,2.814891904333763,24/04/2003 13:00:00,0,Honda VTR 1000 SP2 [2003],World Superbikes,
262,Rider,Kenichiro Nakamura,24.280258374873327,2.81537467086815,25/04/2003 13:00:00,0,Honda VTR 1000 SP2 [2003],World Superbikes,
263,Rider,Cristian Caliumi,20.54481329449091,3.63351724088281,09/05/2002 13:00:00,0,Ducati 996 RS [2002],World Superbikes,
263,Rider,Cristian Caliumi,20.544669155026735,3.6335228176029197,10/05/2002 13:00:00,0,Ducati 996 RS [2002],World Superbikes,
264,Bike,Benelli Tornado 900 [2002],15.78388543727039,1.4635138596951756,09/05/2002 13:00:00,0,,World Superbikes,
264,Bike,Benelli Tornado 900 [2002],15.784845017196643,1.4615299900545355,10/05/2002 13:00:00,0,,World Superbikes,
264,Bike,Benelli Tornado 900 [2002],15.783624425772697,1.4597963815681725,24/05/2002 13:00:00,0,,World Superbikes,
264,Bike,Benelli Tornado 900 [2002],15.78157861492994,1.4583220059445652,24/05/2002 13:00:00,1,,World Superbikes,
264,Bike,Benelli Tornado 900 [2002],15.780199612009893,1.457097349412059,06/06/2002 13:00:00,0,,World Superbikes,
264,Bike,Benelli Tornado 900 [2002],15.777420563782282,1.4561263409605845,07/06/2002 13:00:00,0,,World Superbikes,
264,Bike,Benelli Tornado 900 [2002],15.775066705474087,1.455401048777675,20/06/2002 13:00:00,0,,World Superbikes,
264,Bike,Benelli Tornado 900 [2002],15.773216540352106,1.454924354959993,21/06/2002 13:00:00,0,,World Superbikes,
264,Bike,Benelli Tornado 900 [2002],15.771650461794852,1.454697990521405,12/07/2002 13:00:00,0,,World Superbikes,
264,Bike,Benelli Tornado 900 [2002],15.769955964096058,1.4547176342871997,13/07/2002 13:00:00,0,,World Superbikes,
264,Bike,Benelli Tornado 900 [2002],15.76808021383497,1.4549842774142285,26/07/2002 13:00:00,0,,World Superbikes,
264,Bike,Benelli Tornado 900 [2002],15.766344360862407,1.4555020334144206,26/07/2002 13:00:00,1,,World Superbikes,
264,Bike,Benelli Tornado 900 [2002],15.765743233908983,1.4562607460671968,29/08/2002 13:00:00,0,,World Superbikes,
264,Bike,Benelli Tornado 900 [2002],15.765121384657101,1.4572624438791868,30/08/2002 13:00:00,0,,World Superbikes,
264,Bike,Benelli Tornado 900 [2002],15.765227813454707,1.4585028107940796,05/09/2002 13:00:00,0,,World Superbikes,
264,Bike,Benelli Tornado 900 [2002],15.766161689247348,1.4599869728118262,06/09/2002 13:00:00,0,,World Superbikes,
264,Bike,Benelli Tornado 900 [2002],15.768138233854199,1.4617133942269205,26/09/2002 13:00:00,0,,World Superbikes,
264,Bike,Benelli Tornado 900 [2002],15.770686461927665,1.463693088383875,27/09/2002 13:00:00,0,,World Superbikes,
265,Rider,Alessandro Valia,21.04999047681859,2.606181834638195,09/05/2002 13:00:00,0,Ducati 996 R [2002],World Superbikes,
265,Rider,Alessandro Valia,21.05151474559562,2.6054026388102396,10/05/2002 13:00:00,0,Ducati 996 R [2002],World Superbikes,
265,Rider,Alessandro Valia,21.053778936789083,2.604979472132809,20/06/2002 13:00:00,0,Ducati 996 R [2002],World Superbikes,
265,Rider,Alessandro Valia,21.056562941697102,2.6049104109901036,21/06/2002 13:00:00,0,Ducati 996 R [2002],World Superbikes,
265,Rider,Alessandro Valia,21.05937091454082,2.6052115855276012,26/09/2002 13:00:00,0,Ducati 996 R [2002],World Superbikes,
265,Rider,Alessandro Valia,21.06210170094293,2.6058882766805183,27/09/2002 13:00:00,0,Ducati 996 R [2002],World Superbikes,
266,Bike,Ducati 996 R [2002],21.0499904768186,2.606181834638195,09/05/2002 13:00:00,0,,World Superbikes,
266,Bike,Ducati 996 R [2002],21.051514745595632,2.6054026388102396,10/05/2002 13:00:00,0,,World Superbikes,
266,Bike,Ducati 996 R [2002],21.053778936789087,2.604979472132809,20/06/2002 13:00:00,0,,World Superbikes,
266,Bike,Ducati 996 R [2002],21.0565629416971,2.6049104109901036,21/06/2002 13:00:00,0,,World Superbikes,
266,Bike,Ducati 996 R [2002],21.05937091454082,2.6052115855276012,26/09/2002 13:00:00,0,,World Superbikes,
266,Bike,Ducati 996 R [2002],21.06210170094293,2.6058882766805183,27/09/2002 13:00:00,0,,World Superbikes,
267,Rider,Glen Richards,37.02039806226859,2.3898313679801326,24/05/2002 13:00:00,0,Kawasaki ZX-7 RR [2002],World Superbikes,
267,Rider,Glen Richards,37.019629142324064,2.3890311928992745,24/05/2002 13:00:00,1,Kawasaki ZX-7 RR [2002],World Superbikes,
267,Rider,Glen Richards,37.01864812961623,2.388651308016784,25/05/2002 13:00:00,0,Kawasaki ZX-7 RR [2002],World Superbikes,
267,Rider,Glen Richards,37.01811441264697,2.388649804832506,26/07/2002 13:00:00,0,Kawasaki ZX-7 RR [2002],World Superbikes,
267,Rider,Glen Richards,37.01758877823491,2.389065861249013,26/07/2002 13:00:00,1,Kawasaki ZX-7 RR [2002],World Superbikes,
267,Rider,Glen Richards,37.01618903493833,2.3898929944133176,27/07/2002 13:00:00,0,Kawasaki ZX-7 RR [2002],World Superbikes,
268,Rider,Michael Rutter,38.795063254596165,1.8400101204692547,24/05/2002 13:00:00,0,Ducati [2002],World Superbikes,
268,Rider,Michael Rutter,38.79688154608575,1.8385872804637824,24/05/2002 13:00:00,1,Ducati [2002],World Superbikes,
268,Rider,Michael Rutter,38.79836464284081,1.8374332856273239,25/05/2002 13:00:00,0,Ducati [2002],World Superbikes,
268,Rider,Michael Rutter,38.79961019931859,1.8365441104616262,26/07/2002 13:00:00,0,Ducati [2002],World Superbikes,
268,Rider,Michael Rutter,38.80093545602676,1.835926183399947,26/07/2002 13:00:00,1,Ducati [2002],World Superbikes,
268,Rider,Michael Rutter,38.80242154444189,1.8355795903738166,27/07/2002 13:00:00,0,Ducati [2002],World Superbikes,
268,Rider,Michael Rutter,38.80299793356405,1.8354840404999944,13/06/2003 13:00:00,0,Ducati [2003],World Superbikes,
268,Rider,Michael Rutter,38.802863803190554,1.8356894441403815,13/06/2003 13:00:00,1,Ducati [2003],World Superbikes,
268,Rider,Michael Rutter,38.803109105378645,1.8361969416915427,14/06/2003 13:00:00,0,Ducati [2003],World Superbikes,
268,Rider,Michael Rutter,38.80247047768574,1.8369953279672497,25/07/2003 13:00:00,0,Ducati [2003],World Superbikes,
268,Rider,Michael Rutter,38.8012383032722,1.8380968905759034,25/07/2003 13:00:00,1,Ducati [2003],World Superbikes,
268,Rider,Michael Rutter,38.80086302215586,1.8395050159832576,26/07/2003 13:00:00,0,Ducati [2003],World Superbikes,
269,Bike,Ducati [2002],27.82727517000945,2.4141782726792833,24/05/2002 13:00:00,0,,World Superbikes,
269,Bike,Ducati [2002],27.827830031300422,2.4133932261204216,24/05/2002 13:00:00,1,,World Superbikes,
269,Bike,Ducati [2002],27.828735836073502,2.413012893288409,25/05/2002 13:00:00,0,,World Superbikes,
269,Bike,Ducati [2002],27.829608144585563,2.413026300167023,26/07/2002 13:00:00,0,,World Superbikes,
269,Bike,Ducati [2002],27.830234436640644,2.4134409576342364,26/07/2002 13:00:00,1,,World Superbikes,
269,Bike,Ducati [2002],27.83044771319799,2.41425229114373,27/07/2002 13:00:00,0,,World Superbikes,
270,Rider,Shane Byrne,33.31103370388249,0.7566526920443102,24/05/2002 13:00:00,0,Ducati [2002],World Superbikes,
270,Rider,Shane Byrne,33.31197028963663,0.7522412490984286,24/05/2002 13:00:00,1,Ducati [2002],World Superbikes,
270,Rider,Shane Byrne,33.31394395708954,0.7479172829824243,25/05/2002 13:00:00,0,Ducati [2002],World Superbikes,
270,Rider,Shane Byrne,33.31608817229767,0.7436759919703448,26/07/2002 13:00:00,0,Ducati [2002],World Superbikes,
270,Rider,Shane Byrne,33.317660654361475,0.7395173205157601,26/07/2002 13:00:00,1,Ducati [2002],World Superbikes,
270,Rider,Shane Byrne,33.318246273722856,0.735437944630516,27/07/2002 13:00:00,0,Ducati [2002],World Superbikes,
270,Rider,Shane Byrne,33.31874894971991,0.7314385244086997,25/07/2003 13:00:00,0,Ducati 998 F02 [2003],World Superbikes,
270,Rider,Shane Byrne,33.31904827593233,0.7275367999822872,25/07/2003 13:00:00,1,Ducati 998 F02 [2003],World Superbikes,
270,Rider,Shane Byrne,33.31687742923766,0.7237073866083187,26/07/2003 13:00:00,0,Ducati 998 F02 [2003],World Superbikes,
270,Rider,Shane Byrne,33.313253475597456,0.7199644764435611,26/02/2009 13:00:00,0,Ducati 1098R [2009],World Superbikes,
270,Rider,Shane Byrne,33.310147135110526,0.7163202909392882,27/02/2009 13:00:00,0,Ducati 1098R [2009],World Superbikes,
270,Rider,Shane Byrne,33.3070831968847,0.712773295677652,27/02/2009 13:00:00,1,Ducati 1098R [2009],World Superbikes,
270,Rider,Shane Byrne,33.30399664393365,0.7093200173474126,27/02/2009 13:00:00,2,Ducati 1098R [2009],World Superbikes,
270,Rider,Shane Byrne,33.30259661476424,0.7059416997254838,11/03/2009 13:00:00,0,Ducati 1098R [2009],World Superbikes,
270,Rider,Shane Byrne,33.30024832415386,0.7026546835325895,12/03/2009 13:00:00,0,Ducati 1098R [2009],World Superbikes,
270,Rider,Shane Byrne,33.29700679568594,0.6994581262372701,12/03/2009 13:00:00,1,Ducati 1098R [2009],World Superbikes,
270,Rider,Shane Byrne,33.29458669065677,0.6963514377548399,12/03/2009 13:00:00,2,Ducati 1098R [2009],World Superbikes,
270,Rider,Shane Byrne,33.29209691450513,0.693330535306486,12/03/2009 13:00:00,3,Ducati 1098R [2009],World Superbikes,
270,Rider,Shane Byrne,33.29116911293942,0.6903559095833169,03/04/2009 13:00:00,0,Ducati 1098R [2009],World Superbikes,
270,Rider,Shane Byrne,33.29147458886014,0.68747009616298,03/04/2009 13:00:00,1,Ducati 1098R [2009],World Superbikes,
270,Rider,Shane Byrne,33.292194387626175,0.6846729493275041,04/04/2009 13:00:00,0,Ducati 1098R [2009],World Superbikes,
270,Rider,Shane Byrne,33.29123704763925,0.681951229304611,04/04/2009 13:00:00,1,Ducati 1098R [2009],World Superbikes,
270,Rider,Shane Byrne,33.29117487246869,0.6793072593031639,24/04/2009 13:00:00,0,Ducati 1098R [2009],World Superbikes,
270,Rider,Shane Byrne,33.291412213123,0.6767478451655016,24/04/2009 13:00:00,1,Ducati 1098R [2009],World Superbikes,
270,Rider,Shane Byrne,33.29196568015061,0.6742717972989206,25/04/2009 13:00:00,0,Ducati 1098R [2009],World Superbikes,
270,Rider,Shane Byrne,33.291294637392475,0.6718751969880223,25/04/2009 13:00:00,1,Ducati 1098R [2009],World Superbikes,
270,Rider,Shane Byrne,33.29177863889865,0.6695507946826719,08/05/2009 13:00:00,0,Ducati 1098R [2009],World Superbikes,
270,Rider,Shane Byrne,33.29202481774654,0.6673072853001305,08/05/2009 13:00:00,1,Ducati 1098R [2009],World Superbikes,
270,Rider,Shane Byrne,33.29327604935078,0.6651439117904069,09/05/2009 13:00:00,0,Ducati 1098R [2009],World Superbikes,
270,Rider,Shane Byrne,33.2955053889307,0.6630572647148688,09/05/2009 13:00:00,1,Ducati 1098R [2009],World Superbikes,
270,Rider,Shane Byrne,33.29957164796197,0.6610341836221411,15/05/2009 13:00:00,0,Ducati 1098R [2009],World Superbikes,
270,Rider,Shane Byrne,33.30444776465184,0.6590878143672809,15/05/2009 13:00:00,1,Ducati 1098R [2009],World Superbikes,
270,Rider,Shane Byrne,33.30960879385293,0.6572183394952302,16/05/2009 13:00:00,0,Ducati 1098R [2009],World Superbikes,
270,Rider,Shane Byrne,33.315790653642395,0.6554220334566413,16/05/2009 13:00:00,1,Ducati 1098R [2009],World Superbikes,
270,Rider,Shane Byrne,33.323426846078846,0.6536924299161438,29/05/2009 13:00:00,0,Ducati 1098R [2009],World Superbikes,
270,Rider,Shane Byrne,33.33045624404435,0.6520363488854958,29/05/2009 13:00:00,1,Ducati 1098R [2009],World Superbikes,
270,Rider,Shane Byrne,33.33827534566388,0.6504553289478644,30/05/2009 13:00:00,0,Ducati 1098R [2009],World Superbikes,
270,Rider,Shane Byrne,33.34647071084981,0.6489459011798755,30/05/2009 13:00:00,1,Ducati 1098R [2009],World Superbikes,
270,Rider,Shane Byrne,33.35464682956429,0.6475068287219655,30/05/2009 13:00:00,2,Ducati 1098R [2009],World Superbikes,
270,Rider,Shane Byrne,33.36346299330045,0.6461181151337563,19/06/2009 13:00:00,0,Ducati 1098R [2009],World Superbikes,
270,Rider,Shane Byrne,33.373142428970866,0.6448022559150278,19/06/2009 13:00:00,1,Ducati 1098R [2009],World Superbikes,
270,Rider,Shane Byrne,33.382593810692796,0.6435587486848378,20/06/2009 13:00:00,0,Ducati 1098R [2009],World Superbikes,
270,Rider,Shane Byrne,33.39258975914388,0.6423846287362381,20/06/2009 13:00:00,1,Ducati 1098R [2009],World Superbikes,
270,Rider,Shane Byrne,33.40186584082511,0.6412768210476602,20/06/2009 13:00:00,2,Ducati 1098R [2009],World Superbikes,
270,Rider,Shane Byrne,33.410743902372126,0.6402214759102383,26/06/2009 13:00:00,0,Ducati 1098R [2009],World Superbikes,
270,Rider,Shane Byrne,33.41853612617632,0.6392338175601606,26/06/2009 13:00:00,1,Ducati 1098R [2009],World Superbikes,
270,Rider,Shane Byrne,33.426184271768946,0.6383159612437465,27/06/2009 13:00:00,0,Ducati 1098R [2009],World Superbikes,
270,Rider,Shane Byrne,33.4346512074527,0.6374649657007215,27/06/2009 13:00:00,1,Ducati 1098R [2009],World Superbikes,
270,Rider,Shane Byrne,33.44222209842933,0.6366775066672573,27/06/2009 13:00:00,2,Ducati 1098R [2009],World Superbikes,
270,Rider,Shane Byrne,33.44884508550841,0.6359413423570266,24/07/2009 13:00:00,0,Ducati 1098R [2009],World Superbikes,
270,Rider,Shane Byrne,33.45558651341163,0.6352745475955224,24/07/2009 13:00:00,1,Ducati 1098R [2009],World Superbikes,
270,Rider,Shane Byrne,33.46103098580734,0.6346701594626017,25/07/2009 13:00:00,0,Ducati 1098R [2009],World Superbikes,
270,Rider,Shane Byrne,33.467049169178104,0.634132202999775,25/07/2009 13:00:00,1,Ducati 1098R [2009],World Superbikes,
270,Rider,Shane Byrne,33.47272063501573,0.6336574841573351,25/07/2009 13:00:00,2,Ducati 1098R [2009],World Superbikes,
270,Rider,Shane Byrne,33.478276323335976,0.6332305935201828,04/09/2009 13:00:00,0,Ducati 1098R [2009],World Superbikes,
270,Rider,Shane Byrne,33.48308436132433,0.6328686591449667,04/09/2009 13:00:00,1,Ducati 1098R [2009],World Superbikes,
270,Rider,Shane Byrne,33.48708586335985,0.6325704775296538,05/09/2009 13:00:00,0,Ducati 1098R [2009],World Superbikes,
270,Rider,Shane Byrne,33.491787623170104,0.6323363432129298,05/09/2009 13:00:00,1,Ducati 1098R [2009],World Superbikes,
270,Rider,Shane Byrne,33.49674979658915,0.6321639017120795,25/09/2009 13:00:00,0,Ducati 1098R [2009],World Superbikes,
270,Rider,Shane Byrne,33.5002716145221,0.6320518492927876,26/09/2009 13:00:00,0,Ducati 1098R [2009],World Superbikes,
270,Rider,Shane Byrne,33.503118487838584,0.6320033226999796,26/09/2009 13:00:00,1,Ducati 1098R [2009],World Superbikes,
270,Rider,Shane Byrne,33.505694195386795,0.6320172148289213,26/09/2009 13:00:00,2,Ducati 1098R [2009],World Superbikes,
270,Rider,Shane Byrne,33.5089161943895,0.6320699436104571,02/10/2009 13:00:00,0,Ducati 1098R [2009],World Superbikes,
270,Rider,Shane Byrne,33.51382834702866,0.6321865552524608,02/10/2009 13:00:00,1,Ducati 1098R [2009],World Superbikes,
270,Rider,Shane Byrne,33.51851515056021,0.6323680599944227,03/10/2009 13:00:00,0,Ducati 1098R [2009],World Superbikes,
270,Rider,Shane Byrne,33.524396884726336,0.6326120885363195,03/10/2009 13:00:00,1,Ducati 1098R [2009],World Superbikes,
270,Rider,Shane Byrne,33.53025026037122,0.6329189454834486,23/10/2009 13:00:00,0,Ducati 1098R [2009],World Superbikes,
270,Rider,Shane Byrne,33.53496051509922,0.6332882900235809,23/10/2009 13:00:00,1,Ducati 1098R [2009],World Superbikes,
270,Rider,Shane Byrne,33.538883718455764,0.6337218153804921,24/10/2009 13:00:00,0,Ducati 1098R [2009],World Superbikes,
270,Rider,Shane Byrne,33.54154220294448,0.6342156972545344,24/10/2009 13:00:00,1,Ducati 1098R [2009],World Superbikes,
270,Rider,Shane Byrne,33.542982634622476,0.6347692467814012,24/10/2009 13:00:00,2,Ducati 1098R [2009],World Superbikes,
270,Rider,Shane Byrne,33.542728607304866,0.6353673136513739,25/02/2010 13:00:00,0,Ducati 1098R [2010],World Superbikes,
270,Rider,Shane Byrne,33.54093027444407,0.6360276328908296,26/02/2010 13:00:00,0,Ducati 1098R [2010],World Superbikes,
270,Rider,Shane Byrne,33.541287239522326,0.6367462996896447,26/02/2010 13:00:00,1,Ducati 1098R [2010],World Superbikes,
270,Rider,Shane Byrne,33.54344778671825,0.6375210728377706,26/03/2010 13:00:00,0,Ducati 1098R [2010],World Superbikes,
270,Rider,Shane Byrne,33.544667450070406,0.638362106303195,26/03/2010 13:00:00,1,Ducati 1098R [2010],World Superbikes,
270,Rider,Shane Byrne,33.54572743187419,0.6392710569551785,27/03/2010 13:00:00,0,Ducati 1098R [2010],World Superbikes,
270,Rider,Shane Byrne,33.54619156112741,0.6402480959560224,27/03/2010 13:00:00,1,Ducati 1098R [2010],World Superbikes,
270,Rider,Shane Byrne,33.544896778373555,0.6412859910061507,27/03/2010 13:00:00,2,Ducati 1098R [2010],World Superbikes,
270,Rider,Shane Byrne,33.54397296120326,0.6423702397531029,09/04/2010 13:00:00,0,Ducati 1098R [2010],World Superbikes,
270,Rider,Shane Byrne,33.54117369189612,0.643517757965116,09/04/2010 13:00:00,1,Ducati 1098R [2010],World Superbikes,
270,Rider,Shane Byrne,33.53655949242666,0.6447293504420579,10/04/2010 13:00:00,0,Ducati 1098R [2010],World Superbikes,
270,Rider,Shane Byrne,33.532880046313565,0.6460079219323032,10/04/2010 13:00:00,1,Ducati 1098R [2010],World Superbikes,
270,Rider,Shane Byrne,33.529627626791125,0.6473526885925082,23/04/2010 13:00:00,0,Ducati 1098R [2010],World Superbikes,
270,Rider,Shane Byrne,33.5257507707475,0.6487676153334435,23/04/2010 13:00:00,1,Ducati 1098R [2010],World Superbikes,
270,Rider,Shane Byrne,33.521028152024726,0.6502536658264186,24/04/2010 13:00:00,0,Ducati 1098R [2010],World Superbikes,
270,Rider,Shane Byrne,33.516225612175354,0.6518117575804575,24/04/2010 13:00:00,1,Ducati 1098R [2010],World Superbikes,
270,Rider,Shane Byrne,33.5106155429128,0.6534408040258575,24/04/2010 13:00:00,2,Ducati 1098R [2010],World Superbikes,
270,Rider,Shane Byrne,33.505414024788955,0.6551231939337456,07/05/2010 13:00:00,0,Ducati 1098R [2010],World Superbikes,
270,Rider,Shane Byrne,33.501772081765715,0.6568725315786998,07/05/2010 13:00:00,1,Ducati 1098R [2010],World Superbikes,
270,Rider,Shane Byrne,33.498650680133395,0.6586965328616302,08/05/2010 13:00:00,0,Ducati 1098R [2010],World Superbikes,
270,Rider,Shane Byrne,33.49655578835321,0.6605928164377608,08/05/2010 13:00:00,1,Ducati 1098R [2010],World Superbikes,
270,Rider,Shane Byrne,33.49582004143135,0.6625544851326901,14/05/2010 13:00:00,0,Ducati 1098R [2010],World Superbikes,
270,Rider,Shane Byrne,33.49467219176716,0.6645917276911091,14/05/2010 13:00:00,1,Ducati 1098R [2010],World Superbikes,
270,Rider,Shane Byrne,33.49402353154249,0.6667047897267679,15/05/2010 13:00:00,0,Ducati 1098R [2010],World Superbikes,
270,Rider,Shane Byrne,33.49529909290638,0.6688841073874973,29/05/2010 13:00:00,0,Ducati 1098R [2010],World Superbikes,
270,Rider,Shane Byrne,33.49552854483197,0.671140282267061,29/05/2010 13:00:00,1,Ducati 1098R [2010],World Superbikes,
270,Rider,Shane Byrne,33.49444570802528,0.6734733710289155,30/05/2010 13:00:00,0,Ducati 1098R [2010],World Superbikes,
270,Rider,Shane Byrne,33.493401830499955,0.6758868824979734,30/05/2010 13:00:00,1,Ducati 1098R [2010],World Superbikes,
270,Rider,Shane Byrne,33.492562241544476,0.6783785714058026,25/06/2010 13:00:00,0,Ducati 1098R [2010],World Superbikes,
270,Rider,Shane Byrne,33.49087363546288,0.6809515710019338,25/06/2010 13:00:00,1,Ducati 1098R [2010],World Superbikes,
270,Rider,Shane Byrne,33.48721830966437,0.6835991998938958,26/06/2010 13:00:00,0,Ducati 1098R [2010],World Superbikes,
270,Rider,Shane Byrne,33.48334684655315,0.6863306123582215,26/06/2010 13:00:00,1,Ducati 1098R [2010],World Superbikes,
270,Rider,Shane Byrne,33.48074833109182,0.6891360794190471,09/07/2010 13:00:00,0,Ducati 1098R [2010],World Superbikes,
270,Rider,Shane Byrne,33.47853671798791,0.6920273854708603,09/07/2010 13:00:00,1,Ducati 1098R [2010],World Superbikes,
270,Rider,Shane Byrne,33.47734409899823,0.6950009970398848,10/07/2010 13:00:00,0,Ducati 1098R [2010],World Superbikes,
270,Rider,Shane Byrne,33.47650818306553,0.6980621280793461,10/07/2010 13:00:00,1,Ducati 1098R [2010],World Superbikes,
270,Rider,Shane Byrne,33.47767109792099,0.701184465095512,30/07/2010 13:00:00,0,Ducati 1098R [2010],World Superbikes,
270,Rider,Shane Byrne,33.47914420143357,0.704396577581112,30/07/2010 13:00:00,1,Ducati 1098R [2010],World Superbikes,
270,Rider,Shane Byrne,33.479568927115466,0.7076989931388081,31/07/2010 13:00:00,0,Ducati 1098R [2010],World Superbikes,
270,Rider,Shane Byrne,33.479170820946464,0.7110924823767564,31/07/2010 13:00:00,1,Ducati 1098R [2010],World Superbikes,
270,Rider,Shane Byrne,33.478420817060545,0.7145774340712333,03/09/2010 13:00:00,0,Ducati 1098R [2010],World Superbikes,
270,Rider,Shane Byrne,33.47613926605398,0.7181524923672168,03/09/2010 13:00:00,1,Ducati 1098R [2010],World Superbikes,
270,Rider,Shane Byrne,33.47264503431528,0.7218203046906201,04/09/2010 13:00:00,0,Ducati 1098R [2010],World Superbikes,
270,Rider,Shane Byrne,33.47124849683644,0.725562562616485,24/09/2010 13:00:00,0,Ducati 1098R [2010],World Superbikes,
270,Rider,Shane Byrne,33.468855684286424,0.7294003550466679,24/09/2010 13:00:00,1,Ducati 1098R [2010],World Superbikes,
270,Rider,Shane Byrne,33.467561826072554,0.7333278238881076,25/09/2010 13:00:00,0,Ducati 1098R [2010],World Superbikes,
270,Rider,Shane Byrne,33.4642398654383,0.737341445914173,25/09/2010 13:00:00,1,Ducati 1098R [2010],World Superbikes,
270,Rider,Shane Byrne,33.46146989704527,0.7414526656299202,01/10/2010 13:00:00,0,Ducati 1098R [2010],World Superbikes,
270,Rider,Shane Byrne,33.45913213991089,0.7456636940549167,01/10/2010 13:00:00,1,Ducati 1098R [2010],World Superbikes,
270,Rider,Shane Byrne,33.45678209578125,0.7499782378058075,02/10/2010 13:00:00,0,Ducati 1098R [2010],World Superbikes,
270,Rider,Shane Byrne,33.454878230886465,0.754395413451632,02/10/2010 13:00:00,1,Ducati 1098R [2010],World Superbikes,
271,Bike,Honda [2002],30.30530999024107,2.6323949397372983,24/05/2002 13:00:00,0,,World Superbikes,
271,Bike,Honda [2002],30.304967090894788,2.631798454661745,24/05/2002 13:00:00,1,,World Superbikes,
271,Bike,Honda [2002],30.30453514724894,2.6316556762551886,26/07/2002 13:00:00,0,,World Superbikes,
271,Bike,Honda [2002],30.303855865470705,2.63196784061146,26/07/2002 13:00:00,1,,World Superbikes,
271,Bike,Honda [2002],30.302046749622754,2.6327330386259584,27/07/2002 13:00:00,0,,World Superbikes,
272,Rider,Alex Hofmann,25.347604094610574,3.3334553443796278,06/06/2002 13:00:00,0,Kawasaki ZX-7 RR [2002],World Superbikes,
272,Rider,Alex Hofmann,25.347580409655315,3.3332854597645696,07/06/2002 13:00:00,0,Kawasaki ZX-7 RR [2002],World Superbikes,
272,Rider,Alex Hofmann,25.346672479006845,3.3336816706432733,08/06/2002 13:00:00,0,Kawasaki ZX-7 RR [2002],World Superbikes,
273,Rider,Marjan Malec,15.384190228002057,4.709082104710676,21/06/2002 13:00:00,0,Ducati 996 RS [2002],World Superbikes,
274,Bike,Ducati 998 R [2002],20.036172364986662,3.2435019155122986,12/07/2002 13:00:00,0,,World Superbikes,
274,Bike,Ducati 998 R [2002],20.03568903555543,3.2432704266300783,13/07/2002 13:00:00,0,,World Superbikes,
274,Bike,Ducati 998 R [2002],20.034842985558335,3.2435532548597497,13/07/2002 13:00:00,1,,World Superbikes,
275,Rider,Nicky Hayden,37.13644465478185,1.4223974653483888,12/07/2002 13:00:00,0,Honda RC51 [2002],World Superbikes,
275,Rider,Nicky Hayden,37.1382662802732,1.4202853268479176,13/07/2002 13:00:00,0,Honda RC51 [2002],World Superbikes,
275,Rider,Nicky Hayden,37.13872707365088,1.418351072461968,13/07/2002 13:00:00,1,Honda RC51 [2002],World Superbikes,
275,Rider,Nicky Hayden,37.13982524397114,1.4165953498841521,26/02/2016 13:00:00,1,Honda CBR1000RR SP [2016],World Superbikes,
275,Rider,Nicky Hayden,37.1408981025064,1.415060041945353,11/03/2016 13:00:00,1,Honda CBR1000RR SP [2016],World Superbikes,
275,Rider,Nicky Hayden,37.14239188659153,1.4137363446697107,01/04/2016 13:00:00,1,Honda CBR1000RR SP [2016],World Superbikes,
275,Rider,Nicky Hayden,37.144826368502024,1.4126273848124171,15/04/2016 13:00:00,1,Honda CBR1000RR SP [2016],World Superbikes,
275,Rider,Nicky Hayden,37.14817364630113,1.4117344499688305,29/04/2016 13:00:00,0,Honda CBR1000RR SP [2016],World Superbikes,
275,Rider,Nicky Hayden,37.15093063983295,1.4110250410025942,29/04/2016 13:00:00,1,Honda CBR1000RR SP [2016],World Superbikes,
275,Rider,Nicky Hayden,37.15494984354378,1.4105230774875996,13/05/2016 13:00:00,1,Honda CBR1000RR SP [2016],World Superbikes,
275,Rider,Nicky Hayden,37.15808584693163,1.410233072024584,27/05/2016 13:00:00,0,Honda CBR1000RR SP [2016],World Superbikes,
275,Rider,Nicky Hayden,37.159962515675346,1.4100891637681365,27/05/2016 13:00:00,1,Honda CBR1000RR SP [2016],World Superbikes,
275,Rider,Nicky Hayden,37.16235941140588,1.410151788827442,17/06/2016 13:00:00,1,Honda CBR1000RR SP [2016],World Superbikes,
275,Rider,Nicky Hayden,37.16453417029305,1.410435628731422,09/07/2016 13:00:00,1,Honda CBR1000RR SP [2016],World Superbikes,
275,Rider,Nicky Hayden,37.16663002655936,1.4109389042257008,16/09/2016 13:00:00,1,Honda CBR1000RR SP [2016],World Superbikes,
275,Rider,Nicky Hayden,37.16748351579889,1.4116557621443586,30/09/2016 13:00:00,0,Honda CBR1000RR SP [2016],World Superbikes,
275,Rider,Nicky Hayden,37.168242686211315,1.4125615634621054,30/09/2016 13:00:00,1,Honda CBR1000RR SP [2016],World Superbikes,
275,Rider,Nicky Hayden,37.169150346841896,1.4136888728380232,14/10/2016 13:00:00,1,Honda CBR1000RR SP [2016],World Superbikes,
275,Rider,Nicky Hayden,37.16951758066191,1.4150324413967668,29/10/2016 13:00:00,1,Honda CBR1000RR SP [2016],World Superbikes,
275,Rider,Nicky Hayden,37.16810288921236,1.41657543514919,24/02/2017 13:00:00,1,Honda CBR1000RR SP2 [2017],World Superbikes,
275,Rider,Nicky Hayden,37.167714793103194,1.4183100767720047,10/03/2017 13:00:00,0,Honda CBR1000RR SP2 [2017],World Superbikes,
275,Rider,Nicky Hayden,37.1675231499604,1.4202464469266967,31/03/2017 13:00:00,0,Honda CBR1000RR SP2 [2017],World Superbikes,
275,Rider,Nicky Hayden,37.1659172992373,1.422335497667671,31/03/2017 13:00:00,1,Honda CBR1000RR SP2 [2017],World Superbikes,
276,Bike,Honda RC51 [2002],25.577385422490906,3.1691362282943776,12/07/2002 13:00:00,0,,World Superbikes,
276,Bike,Honda RC51 [2002],25.578051142059,3.1688924248775767,13/07/2002 13:00:00,0,,World Superbikes,
276,Bike,Honda RC51 [2002],25.577356029513428,3.1691579358329247,13/07/2002 13:00:00,1,,World Superbikes,
277,Rider,Mark Miller,21.274456139490624,3.808595827257274,12/07/2002 13:00:00,0,Honda VTR 1000 SP [2002],World Superbikes,
277,Rider,Mark Miller,21.274371949858267,3.8086145520213246,13/07/2002 13:00:00,0,Honda VTR 1000 SP [2002],World Superbikes,
278,Bike,Ducati 996 SPS [2002],19.779184463137465,3.1492029664620733,29/08/2002 13:00:00,0,,World Superbikes,
278,Bike,Ducati 996 SPS [2002],19.779387170036774,3.148815831512357,30/08/2002 13:00:00,0,,World Superbikes,
278,Bike,Ducati 996 SPS [2002],19.780300647958043,3.148829972099657,05/09/2002 13:00:00,0,,World Superbikes,
278,Bike,Ducati 996 SPS [2002],19.78000991305723,3.1493430857586278,06/09/2002 13:00:00,0,,World Superbikes,
279,Rider,Jerónimo Vidal,24.364505019598763,2.921775448371896,05/09/2002 13:00:00,0,Honda VTR 1000 SP [2002],World Superbikes,
279,Rider,Jerónimo Vidal,24.36523138359359,2.9213033928202377,06/09/2002 13:00:00,0,Honda VTR 1000 SP [2002],World Superbikes,
279,Rider,Jerónimo Vidal,24.366807209441472,2.9212222151087546,26/09/2002 13:00:00,0,Honda VTR 1000 SP [2002],World Superbikes,
279,Rider,Jerónimo Vidal,24.368580680723767,2.9216089339561067,27/09/2002 13:00:00,0,Honda VTR 1000 SP [2002],World Superbikes,
280,Rider,Luca Pini,22.273934613032214,1.713362521531154,26/09/2002 13:00:00,0,Ducati 996 RS [2002],World Superbikes,
280,Rider,Luca Pini,22.274793357737998,1.7117766692869174,27/09/2002 13:00:00,0,Ducati 996 RS [2002],World Superbikes,
280,Rider,Luca Pini,22.274091739113963,1.7104878596045778,19/06/2003 13:00:00,0,Suzuki GSX 1000R [2003],World Superbikes,
280,Rider,Luca Pini,22.274017579250142,1.7094886296144474,20/06/2003 13:00:00,0,Suzuki GSX 1000R [2003],World Superbikes,
280,Rider,Luca Pini,22.27677308973532,1.7087245888328249,25/09/2003 13:00:00,0,Suzuki GSX 1000R [2003],World Superbikes,
280,Rider,Luca Pini,22.28064496506503,1.708250472898412,26/09/2003 13:00:00,0,Suzuki GSX 1000R [2003],World Superbikes,
280,Rider,Luca Pini,22.28545515838985,1.7080661885829196,15/04/2004 13:00:00,0,Suzuki GSX 1000R [2004],World Superbikes,
280,Rider,Luca Pini,22.28922440016891,1.7081730498218404,16/04/2004 13:00:00,0,Suzuki GSX 1000R [2004],World Superbikes,
280,Rider,Luca Pini,22.292028916273942,1.7085708557034687,23/09/2004 13:00:00,0,Suzuki GSX 1000R [2004],World Superbikes,
280,Rider,Luca Pini,22.292614057786235,1.7092649862102558,24/09/2004 13:00:00,0,Suzuki GSX 1000R [2004],World Superbikes,
280,Rider,Luca Pini,22.293136967576913,1.7102507181448843,25/09/2004 13:00:00,0,Suzuki GSX 1000R [2004],World Superbikes,
280,Rider,Luca Pini,22.292357990022644,1.7115076547169796,29/09/2005 13:00:00,0,Honda CBR 1000RR Fireblade [2005],World Superbikes,
280,Rider,Luca Pini,22.291805910833563,1.713065988088421,30/09/2005 13:00:00,0,Honda CBR 1000RR Fireblade [2005],World Superbikes,
281,Bike,Ducati 999 F03 [2003],27.135459155224922,1.1241920132570062,28/02/2003 13:00:00,0,,World Superbikes,
281,Bike,Ducati 999 F03 [2003],27.13463716294697,1.1213645954156992,28/02/2003 13:00:00,1,,World Superbikes,
281,Bike,Ducati 999 F03 [2003],27.132744465136817,1.1186865520658402,01/03/2003 13:00:00,0,,World Superbikes,
281,Bike,Ducati 999 F03 [2003],27.129921816962,1.1161506213892136,27/03/2003 13:00:00,0,,World Superbikes,
281,Bike,Ducati 999 F03 [2003],27.127283050498708,1.1137936396577404,28/03/2003 13:00:00,0,,World Superbikes,
281,Bike,Ducati 999 F03 [2003],27.12403240634583,1.111600163652706,28/03/2003 13:00:00,1,,World Superbikes,
281,Bike,Ducati 999 F03 [2003],27.120675233911868,1.109552567639475,24/04/2003 13:00:00,0,,World Superbikes,
281,Bike,Ducati 999 F03 [2003],27.11904586490402,1.1076893112197443,25/04/2003 13:00:00,0,,World Superbikes,
281,Bike,Ducati 999 F03 [2003],27.117257525858033,1.10597812509306,25/04/2003 13:00:00,1,,World Superbikes,
281,Bike,Ducati 999 F03 [2003],27.116849387100743,1.1044430216154617,15/05/2003 13:00:00,0,,World Superbikes,
281,Bike,Ducati 999 F03 [2003],27.116354718339526,1.103079970708807,16/05/2003 13:00:00,0,,World Superbikes,
281,Bike,Ducati 999 F03 [2003],27.115530623128887,1.1018698869907388,17/05/2003 13:00:00,0,,World Superbikes,
281,Bike,Ducati 999 F03 [2003],27.1135826976602,1.10076900105547,29/05/2003 13:00:00,0,,World Superbikes,
281,Bike,Ducati 999 F03 [2003],27.112351523161806,1.0998475980928717,30/05/2003 13:00:00,0,,World Superbikes,
281,Bike,Ducati 999 F03 [2003],27.11185156487026,1.0990971431721168,31/05/2003 13:00:00,0,,World Superbikes,
281,Bike,Ducati 999 F03 [2003],27.11116405481686,1.0984933366330762,13/06/2003 13:00:00,0,,World Superbikes,
281,Bike,Ducati 999 F03 [2003],27.11119745365076,1.098077149504845,13/06/2003 13:00:00,1,,World Superbikes,
281,Bike,Ducati 999 F03 [2003],27.111892452159466,1.0978455446320923,14/06/2003 13:00:00,0,,World Superbikes,
281,Bike,Ducati 999 F03 [2003],27.11240617587829,1.0977612675630646,19/06/2003 13:00:00,0,,World Superbikes,
281,Bike,Ducati 999 F03 [2003],27.113252083558567,1.0978580708976178,20/06/2003 13:00:00,0,,World Superbikes,
281,Bike,Ducati 999 F03 [2003],27.11392231642834,1.0981228530620997,21/06/2003 13:00:00,0,,World Superbikes,
281,Bike,Ducati 999 F03 [2003],27.11498160006378,1.0985313862790498,11/07/2003 13:00:00,0,,World Superbikes,
281,Bike,Ducati 999 F03 [2003],27.116772157786258,1.0991231099216487,12/07/2003 13:00:00,0,,World Superbikes,
281,Bike,Ducati 999 F03 [2003],27.1192946089339,1.0998967253411176,12/07/2003 13:00:00,1,,World Superbikes,
281,Bike,Ducati 999 F03 [2003],27.122466762059567,1.100848915925533,25/07/2003 13:00:00,0,,World Superbikes,
281,Bike,Ducati 999 F03 [2003],27.12552871140337,1.1019670999944788,25/07/2003 13:00:00,1,,World Superbikes,
281,Bike,Ducati 999 F03 [2003],27.129114286448523,1.103273102519019,26/07/2003 13:00:00,0,,World Superbikes,
281,Bike,Ducati 999 F03 [2003],27.133519025937805,1.1047611115818525,04/09/2003 13:00:00,0,,World Superbikes,
281,Bike,Ducati 999 F03 [2003],27.13772382345198,1.106427465207701,05/09/2003 13:00:00,0,,World Superbikes,
281,Bike,Ducati 999 F03 [2003],27.140566648400856,1.1082430616265042,06/09/2003 13:00:00,0,,World Superbikes,
281,Bike,Ducati 999 F03 [2003],27.14289671954669,1.1102266549507678,25/09/2003 13:00:00,0,,World Superbikes,
281,Bike,Ducati 999 F03 [2003],27.14493158709447,1.1123837467710485,26/09/2003 13:00:00,0,,World Superbikes,
281,Bike,Ducati 999 F03 [2003],27.14568928007917,1.1146897826745286,27/09/2003 13:00:00,0,,World Superbikes,
281,Bike,Ducati 999 F03 [2003],27.145508677905003,1.1171479469939494,16/10/2003 13:00:00,0,,World Superbikes,
281,Bike,Ducati 999 F03 [2003],27.14624087268721,1.1197935056346535,17/10/2003 13:00:00,0,,World Superbikes,
281,Bike,Ducati 999 F03 [2003],27.14657629215202,1.1226012298112942,18/10/2003 13:00:00,0,,World Superbikes,
282,Bike,Ducati 998 F02 [2003],28.46609260076005,1.098409099487117,28/02/2003 13:00:00,0,,World Superbikes,
282,Bike,Ducati 998 F02 [2003],28.46613813441418,1.0955298898018069,28/02/2003 13:00:00,1,,World Superbikes,
282,Bike,Ducati 998 F02 [2003],28.466186901406996,1.0928287538342338,01/03/2003 13:00:00,0,,World Superbikes,
282,Bike,Ducati 998 F02 [2003],28.466313590018117,1.0902924918703294,27/03/2003 13:00:00,0,,World Superbikes,
282,Bike,Ducati 998 F02 [2003],28.46749580833719,1.0879381349787036,28/03/2003 13:00:00,0,,World Superbikes,
282,Bike,Ducati 998 F02 [2003],28.469020274681306,1.085758217755993,28/03/2003 13:00:00,1,,World Superbikes,
282,Bike,Ducati 998 F02 [2003],28.47072274708315,1.0837535843550445,24/04/2003 13:00:00,0,,World Superbikes,
282,Bike,Ducati 998 F02 [2003],28.471165320155983,1.081897484487283,25/04/2003 13:00:00,0,,World Superbikes,
282,Bike,Ducati 998 F02 [2003],28.472233425185788,1.0802222082116935,25/04/2003 13:00:00,1,,World Superbikes,
282,Bike,Ducati 998 F02 [2003],28.47377065049057,1.0787212511833393,15/05/2003 13:00:00,0,,World Superbikes,
282,Bike,Ducati 998 F02 [2003],28.474810875965993,1.0773721719679341,16/05/2003 13:00:00,0,,World Superbikes,
282,Bike,Ducati 998 F02 [2003],28.476357631131478,1.0761931711800665,17/05/2003 13:00:00,0,,World Superbikes,
282,Bike,Ducati 998 F02 [2003],28.47834812995521,1.0751775898219451,29/05/2003 13:00:00,0,,World Superbikes,
282,Bike,Ducati 998 F02 [2003],28.47947185872534,1.0743238985007948,30/05/2003 13:00:00,0,,World Superbikes,
282,Bike,Ducati 998 F02 [2003],28.48013287174386,1.0736153296711024,31/05/2003 13:00:00,0,,World Superbikes,
282,Bike,Ducati 998 F02 [2003],28.480359579469642,1.073071154304984,13/06/2003 13:00:00,0,,World Superbikes,
282,Bike,Ducati 998 F02 [2003],28.48046061273732,1.0727060338737684,13/06/2003 13:00:00,1,,World Superbikes,
282,Bike,Ducati 998 F02 [2003],28.480142531905813,1.07251157611888,14/06/2003 13:00:00,0,,World Superbikes,
282,Bike,Ducati 998 F02 [2003],28.48004344733802,1.0724922741844052,19/06/2003 13:00:00,0,,World Superbikes,
282,Bike,Ducati 998 F02 [2003],28.48070186988518,1.0726521138960419,20/06/2003 13:00:00,0,,World Superbikes,
282,Bike,Ducati 998 F02 [2003],28.482168878567805,1.0729888585569944,21/06/2003 13:00:00,0,,World Superbikes,
282,Bike,Ducati 998 F02 [2003],28.48471468615624,1.0734932456330333,11/07/2003 13:00:00,0,,World Superbikes,
282,Bike,Ducati 998 F02 [2003],28.48803598255199,1.0741764982173732,12/07/2003 13:00:00,0,,World Superbikes,
282,Bike,Ducati 998 F02 [2003],28.49116818278579,1.0750337531283694,12/07/2003 13:00:00,1,,World Superbikes,
282,Bike,Ducati 998 F02 [2003],28.494772229395867,1.0760639174045654,25/07/2003 13:00:00,0,,World Superbikes,
282,Bike,Ducati 998 F02 [2003],28.497859454922885,1.077270526931539,25/07/2003 13:00:00,1,,World Superbikes,
282,Bike,Ducati 998 F02 [2003],28.499851189629407,1.0786461165975412,26/07/2003 13:00:00,0,,World Superbikes,
282,Bike,Ducati 998 F02 [2003],28.501076344520424,1.0801912338408282,04/09/2003 13:00:00,0,,World Superbikes,
282,Bike,Ducati 998 F02 [2003],28.50204935087826,1.0819085321294932,05/09/2003 13:00:00,0,,World Superbikes,
282,Bike,Ducati 998 F02 [2003],28.5036989271745,1.083800906050913,06/09/2003 13:00:00,0,,World Superbikes,
282,Bike,Ducati 998 F02 [2003],28.505920454711585,1.085866987757705,25/09/2003 13:00:00,0,,World Superbikes,
282,Bike,Ducati 998 F02 [2003],28.507268302407123,1.0880856262397265,26/09/2003 13:00:00,0,,World Superbikes,
282,Bike,Ducati 998 F02 [2003],28.508270005311463,1.0904752245884406,27/09/2003 13:00:00,0,,World Superbikes,
282,Bike,Ducati 998 F02 [2003],28.510042481181504,1.0930385437215513,16/10/2003 13:00:00,0,,World Superbikes,
282,Bike,Ducati 998 F02 [2003],28.51080716228441,1.0957552252779044,17/10/2003 13:00:00,0,,World Superbikes,
282,Bike,Ducati 998 F02 [2003],28.511194071730305,1.0986469249984427,18/10/2003 13:00:00,0,,World Superbikes,
283,Bike,Ducati 998 RS [2003],26.7559050700289,1.1045787543354437,28/02/2003 13:00:00,0,,World Superbikes,
283,Bike,Ducati 998 RS [2003],26.756045950243035,1.1017295180256608,28/02/2003 13:00:00,1,,World Superbikes,
283,Bike,Ducati 998 RS [2003],26.756634878364014,1.099058692451831,01/03/2003 13:00:00,0,,World Superbikes,
283,Bike,Ducati 998 RS [2003],26.757220383323958,1.0965639194989814,27/03/2003 13:00:00,0,,World Superbikes,
283,Bike,Ducati 998 RS [2003],26.757208803490478,1.0942378011970388,28/03/2003 13:00:00,0,,World Superbikes,
283,Bike,Ducati 998 RS [2003],26.75711556133519,1.092083367022558,28/03/2003 13:00:00,1,,World Superbikes,
283,Bike,Ducati 998 RS [2003],26.756939114181026,1.09008979176956,24/04/2003 13:00:00,0,,World Superbikes,
283,Bike,Ducati 998 RS [2003],26.75708949450083,1.0882656912032462,25/04/2003 13:00:00,0,,World Superbikes,
283,Bike,Ducati 998 RS [2003],26.757353893195138,1.0866133079692997,25/04/2003 13:00:00,1,,World Superbikes,
283,Bike,Ducati 998 RS [2003],26.757370386859304,1.0851096873316184,15/05/2003 13:00:00,0,,World Superbikes,
283,Bike,Ducati 998 RS [2003],26.75704916922359,1.0837779544004547,16/05/2003 13:00:00,0,,World Superbikes,
283,Bike,Ducati 998 RS [2003],26.756143638956274,1.0826115211572724,17/05/2003 13:00:00,0,,World Superbikes,
283,Bike,Ducati 998 RS [2003],26.755071547262737,1.0816089691250514,29/05/2003 13:00:00,0,,World Superbikes,
283,Bike,Ducati 998 RS [2003],26.753646080295244,1.0807759397224093,30/05/2003 13:00:00,0,,World Superbikes,
283,Bike,Ducati 998 RS [2003],26.752402774747367,1.0801074552793504,31/05/2003 13:00:00,0,,World Superbikes,
283,Bike,Ducati 998 RS [2003],26.75096852122259,1.0796081025500182,13/06/2003 13:00:00,0,,World Superbikes,
283,Bike,Ducati 998 RS [2003],26.749689786403835,1.0792823352773002,13/06/2003 13:00:00,1,,World Superbikes,
283,Bike,Ducati 998 RS [2003],26.74825993561213,1.0791269896538458,14/06/2003 13:00:00,0,,World Superbikes,
283,Bike,Ducati 998 RS [2003],26.74694642955685,1.0791360377165755,19/06/2003 13:00:00,0,,World Superbikes,
283,Bike,Ducati 998 RS [2003],26.74536309808774,1.0793081796550879,20/06/2003 13:00:00,0,,World Superbikes,
283,Bike,Ducati 998 RS [2003],26.743670387925675,1.0796478454495693,21/06/2003 13:00:00,0,,World Superbikes,
283,Bike,Ducati 998 RS [2003],26.741539070247796,1.0801615843766155,11/07/2003 13:00:00,0,,World Superbikes,
283,Bike,Ducati 998 RS [2003],26.739053997958724,1.080835417115262,12/07/2003 13:00:00,0,,World Superbikes,
283,Bike,Ducati 998 RS [2003],26.73652090443753,1.081670948454639,12/07/2003 13:00:00,1,,World Superbikes,
283,Bike,Ducati 998 RS [2003],26.733789290338144,1.0826611501790955,25/07/2003 13:00:00,0,,World Superbikes,
283,Bike,Ducati 998 RS [2003],26.73178196048604,1.083813610661396,25/07/2003 13:00:00,1,,World Superbikes,
283,Bike,Ducati 998 RS [2003],26.730019487799872,1.085132890586317,26/07/2003 13:00:00,0,,World Superbikes,
283,Bike,Ducati 998 RS [2003],26.72846785046218,1.086620228047499,04/09/2003 13:00:00,0,,World Superbikes,
283,Bike,Ducati 998 RS [2003],26.726797739462725,1.0882836659067603,05/09/2003 13:00:00,0,,World Superbikes,
283,Bike,Ducati 998 RS [2003],26.726042167911118,1.0901177961652806,06/09/2003 13:00:00,0,,World Superbikes,
283,Bike,Ducati 998 RS [2003],26.725638001912685,1.0921091010169446,25/09/2003 13:00:00,0,,World Superbikes,
283,Bike,Ducati 998 RS [2003],26.725378713135456,1.0942677121936928,26/09/2003 13:00:00,0,,World Superbikes,
283,Bike,Ducati 998 RS [2003],26.72522115499091,1.0965947590177083,27/09/2003 13:00:00,0,,World Superbikes,
283,Bike,Ducati 998 RS [2003],26.725037091827485,1.099090761997156,16/10/2003 13:00:00,0,,World Superbikes,
283,Bike,Ducati 998 RS [2003],26.72462287563034,1.1017664391955666,17/10/2003 13:00:00,0,,World Superbikes,
283,Bike,Ducati 998 RS [2003],26.72444262977396,1.104621940917118,18/10/2003 13:00:00,0,,World Superbikes,
284,Bike,Petronas FP1 [2003],13.026900511932652,1.101627686239379,28/02/2003 13:00:00,0,,World Superbikes,
284,Bike,Petronas FP1 [2003],13.024852598284093,1.098774440042748,28/02/2003 13:00:00,1,,World Superbikes,
284,Bike,Petronas FP1 [2003],13.020814708650242,1.0960988357723351,01/03/2003 13:00:00,0,,World Superbikes,
284,Bike,Petronas FP1 [2003],13.016476831076119,1.0935615847624849,27/03/2003 13:00:00,0,,World Superbikes,
284,Bike,Petronas FP1 [2003],13.011464535992994,1.091199224125272,28/03/2003 13:00:00,0,,World Superbikes,
284,Bike,Petronas FP1 [2003],13.0055837930243,1.0890145739211672,28/03/2003 13:00:00,1,,World Superbikes,
284,Bike,Petronas FP1 [2003],12.999287284372205,1.0869986400146439,24/04/2003 13:00:00,0,,World Superbikes,
284,Bike,Petronas FP1 [2003],12.995105085078082,1.0851522104782336,25/04/2003 13:00:00,0,,World Superbikes,
284,Bike,Petronas FP1 [2003],12.991410792627509,1.0834713722492588,25/04/2003 13:00:00,1,,World Superbikes,
284,Bike,Petronas FP1 [2003],12.987005221737608,1.0819656730953267,15/05/2003 13:00:00,0,,World Superbikes,
284,Bike,Petronas FP1 [2003],12.983406235629172,1.0806368249483695,16/05/2003 13:00:00,0,,World Superbikes,
284,Bike,Petronas FP1 [2003],12.980699628795096,1.079483115833332,17/05/2003 13:00:00,0,,World Superbikes,
284,Bike,Petronas FP1 [2003],12.978975330892645,1.0784995816949134,29/05/2003 13:00:00,0,,World Superbikes,
284,Bike,Petronas FP1 [2003],12.979220797457554,1.077674729759047,30/05/2003 13:00:00,0,,World Superbikes,
284,Bike,Petronas FP1 [2003],12.979416830511182,1.0770222626376234,31/05/2003 13:00:00,0,,World Superbikes,
284,Bike,Petronas FP1 [2003],12.980350240695602,1.0765421621013198,13/06/2003 13:00:00,0,,World Superbikes,
284,Bike,Petronas FP1 [2003],12.981555064824152,1.0762444821711548,13/06/2003 13:00:00,1,,World Superbikes,
284,Bike,Petronas FP1 [2003],12.983324143792913,1.076129388139165,19/06/2003 13:00:00,0,,World Superbikes,
284,Bike,Petronas FP1 [2003],12.986423995908906,1.0761967776947439,20/06/2003 13:00:00,0,,World Superbikes,
284,Bike,Petronas FP1 [2003],12.988881489611643,1.0764459785355083,21/06/2003 13:00:00,0,,World Superbikes,
284,Bike,Petronas FP1 [2003],12.990827740481402,1.076875515518863,11/07/2003 13:00:00,0,,World Superbikes,
284,Bike,Petronas FP1 [2003],12.993861147422585,1.0774647605681023,12/07/2003 13:00:00,0,,World Superbikes,
284,Bike,Petronas FP1 [2003],12.997156350170094,1.0782208915745708,12/07/2003 13:00:00,1,,World Superbikes,
284,Bike,Petronas FP1 [2003],13.001386631361218,1.079134932557959,25/07/2003 13:00:00,0,,World Superbikes,
284,Bike,Petronas FP1 [2003],13.005600633356217,1.080232214659491,25/07/2003 13:00:00,1,,World Superbikes,
284,Bike,Petronas FP1 [2003],13.009512647678017,1.0815110888327095,26/07/2003 13:00:00,0,,World Superbikes,
284,Bike,Petronas FP1 [2003],13.013266071382395,1.0829622870318272,04/09/2003 13:00:00,0,,World Superbikes,
284,Bike,Petronas FP1 [2003],13.017205766210608,1.0845947679818815,05/09/2003 13:00:00,0,,World Superbikes,
284,Bike,Petronas FP1 [2003],13.02099249703376,1.0864037028281024,06/09/2003 13:00:00,0,,World Superbikes,
284,Bike,Petronas FP1 [2003],13.024794606431602,1.0883868942627124,25/09/2003 13:00:00,0,,World Superbikes,
284,Bike,Petronas FP1 [2003],13.028315695466038,1.0905498002250125,26/09/2003 13:00:00,0,,World Superbikes,
284,Bike,Petronas FP1 [2003],13.031532856688605,1.0928923167445523,27/09/2003 13:00:00,0,,World Superbikes,
284,Bike,Petronas FP1 [2003],13.033594785681238,1.0954121013480904,16/10/2003 13:00:00,0,,World Superbikes,
284,Bike,Petronas FP1 [2003],13.034917981042128,1.0981137938639656,17/10/2003 13:00:00,0,,World Superbikes,
284,Bike,Petronas FP1 [2003],13.035111414173361,1.1009980202687906,18/10/2003 13:00:00,0,,World Superbikes,
285,Rider,David García,24.70859302860108,1.5067682658698596,28/02/2003 13:00:00,0,Ducati 998 RS [2003],World Superbikes,
285,Rider,David García,24.707751896516147,1.5048747612660092,28/02/2003 13:00:00,1,Ducati 998 RS [2003],World Superbikes,
285,Rider,David García,24.706522995638398,1.5032402929580408,27/03/2003 13:00:00,0,Ducati 998 RS [2003],World Superbikes,
285,Rider,David García,24.70587698070081,1.5018544861548038,28/03/2003 13:00:00,0,Ducati 998 RS [2003],World Superbikes,
285,Rider,David García,24.70382485019992,1.5007216679439825,28/03/2003 13:00:00,1,Ducati 998 RS [2003],World Superbikes,
285,Rider,David García,24.698934747226602,1.4998285735137393,11/07/2003 13:00:00,0,Ducati 998 RS [2003],World Superbikes,
285,Rider,David García,24.694508790772446,1.4991765766466687,12/07/2003 13:00:00,0,Ducati 998 RS [2003],World Superbikes,
285,Rider,David García,24.689928653113892,1.4987748130369636,12/07/2003 13:00:00,1,Ducati 998 RS [2003],World Superbikes,
285,Rider,David García,24.68670907840821,1.4985359095643183,25/09/2003 13:00:00,0,Ducati 998 RS [2003],World Superbikes,
285,Rider,David García,24.683231691137422,1.498553594127798,26/09/2003 13:00:00,0,Ducati 998 RS [2003],World Superbikes,
285,Rider,David García,24.679471458292475,1.498827872743816,27/09/2003 13:00:00,0,Ducati 998 RS [2003],World Superbikes,
285,Rider,David García,24.676770069333415,1.4993172164821011,16/10/2003 13:00:00,0,Ducati 998 RS [2003],World Superbikes,
285,Rider,David García,24.672980495134045,1.5000633778280166,17/10/2003 13:00:00,0,Ducati 998 RS [2003],World Superbikes,
285,Rider,David García,24.66870815177852,1.50106756587022,18/10/2003 13:00:00,0,Ducati 998 RS [2003],World Superbikes,
285,Rider,David García,24.66415608685456,1.5023132080835409,27/05/2004 13:00:00,0,Ducati 998 RS [2004],World Superbikes,
285,Rider,David García,24.661408309721267,1.5037766283261733,28/05/2004 13:00:00,0,Ducati 998 RS [2004],World Superbikes,
285,Rider,David García,24.660953335143425,1.5054466452315511,11/06/2004 13:00:00,0,Ducati 998 RS [2004],World Superbikes,
285,Rider,David García,24.661144487780096,1.5073481896480083,11/06/2004 13:00:00,1,Ducati 998 RS [2004],World Superbikes,
286,Bike,Suzuki GSX 1000R [2003],26.5438189015627,1.1192471431387383,28/02/2003 13:00:00,0,,World Superbikes,
286,Bike,Suzuki GSX 1000R [2003],26.545466940420972,1.116434390181296,28/02/2003 13:00:00,1,,World Superbikes,
286,Bike,Suzuki GSX 1000R [2003],26.548227161261057,1.113802067327701,01/03/2003 13:00:00,0,,World Superbikes,
286,Bike,Suzuki GSX 1000R [2003],26.552875108526894,1.111337902045381,27/03/2003 13:00:00,0,,World Superbikes,
286,Bike,Suzuki GSX 1000R [2003],26.558165702291202,1.1090113151678889,28/03/2003 13:00:00,0,,World Superbikes,
286,Bike,Suzuki GSX 1000R [2003],26.564441199727582,1.1068201347344035,28/03/2003 13:00:00,1,,World Superbikes,
286,Bike,Suzuki GSX 1000R [2003],26.570842104553304,1.1048120989319619,24/04/2003 13:00:00,0,,World Superbikes,
286,Bike,Suzuki GSX 1000R [2003],26.576964760212967,1.1029682454688143,25/04/2003 13:00:00,0,,World Superbikes,
286,Bike,Suzuki GSX 1000R [2003],26.582234470576843,1.1012877145526008,25/04/2003 13:00:00,1,,World Superbikes,
286,Bike,Suzuki GSX 1000R [2003],26.58635809974271,1.099765257086556,15/05/2003 13:00:00,0,,World Superbikes,
286,Bike,Suzuki GSX 1000R [2003],26.5905570335195,1.0984175496492719,16/05/2003 13:00:00,0,,World Superbikes,
286,Bike,Suzuki GSX 1000R [2003],26.594957815723618,1.0972393082897,17/05/2003 13:00:00,0,,World Superbikes,
286,Bike,Suzuki GSX 1000R [2003],26.598654016955162,1.0962327457658774,29/05/2003 13:00:00,0,,World Superbikes,
286,Bike,Suzuki GSX 1000R [2003],26.602103793090915,1.0954015091916198,30/05/2003 13:00:00,0,,World Superbikes,
286,Bike,Suzuki GSX 1000R [2003],26.605610430683438,1.0947433975468088,31/05/2003 13:00:00,0,,World Superbikes,
286,Bike,Suzuki GSX 1000R [2003],26.608473137807987,1.0942624081336993,13/06/2003 13:00:00,0,,World Superbikes,
286,Bike,Suzuki GSX 1000R [2003],26.610725516070048,1.09394702157132,13/06/2003 13:00:00,1,,World Superbikes,
286,Bike,Suzuki GSX 1000R [2003],26.61250074774439,1.0938057055649866,14/06/2003 13:00:00,0,,World Superbikes,
286,Bike,Suzuki GSX 1000R [2003],26.61431130871704,1.0938067946006313,19/06/2003 13:00:00,0,,World Superbikes,
286,Bike,Suzuki GSX 1000R [2003],26.61636830489121,1.0939853349941484,20/06/2003 13:00:00,0,,World Superbikes,
286,Bike,Suzuki GSX 1000R [2003],26.618938011859917,1.0943344237511567,21/06/2003 13:00:00,0,,World Superbikes,
286,Bike,Suzuki GSX 1000R [2003],26.620489660324257,1.094863520712565,11/07/2003 13:00:00,0,,World Superbikes,
286,Bike,Suzuki GSX 1000R [2003],26.621485090585498,1.0955386683162573,12/07/2003 13:00:00,0,,World Superbikes,
286,Bike,Suzuki GSX 1000R [2003],26.62169163778385,1.0963562329602154,12/07/2003 13:00:00,1,,World Superbikes,
286,Bike,Suzuki GSX 1000R [2003],26.62109452838327,1.097319114811056,25/07/2003 13:00:00,0,,World Superbikes,
286,Bike,Suzuki GSX 1000R [2003],26.619683064268497,1.0984682967005952,25/07/2003 13:00:00,1,,World Superbikes,
286,Bike,Suzuki GSX 1000R [2003],26.618253011412065,1.0997985776861514,26/07/2003 13:00:00,0,,World Superbikes,
286,Bike,Suzuki GSX 1000R [2003],26.61798787056565,1.1012993810180765,04/09/2003 13:00:00,0,,World Superbikes,
286,Bike,Suzuki GSX 1000R [2003],26.6179683069007,1.1029419560995621,05/09/2003 13:00:00,0,,World Superbikes,
286,Bike,Suzuki GSX 1000R [2003],26.61796915944268,1.104745171297331,06/09/2003 13:00:00,0,,World Superbikes,
286,Bike,Suzuki GSX 1000R [2003],26.61649832319062,1.1067197728173055,25/09/2003 13:00:00,0,,World Superbikes,
286,Bike,Suzuki GSX 1000R [2003],26.615076262613407,1.1088583406614114,26/09/2003 13:00:00,0,,World Superbikes,
286,Bike,Suzuki GSX 1000R [2003],26.614220333372913,1.1111614393259517,27/09/2003 13:00:00,0,,World Superbikes,
286,Bike,Suzuki GSX 1000R [2003],26.61434370740084,1.1136147193994286,16/10/2003 13:00:00,0,,World Superbikes,
286,Bike,Suzuki GSX 1000R [2003],26.614306949619014,1.1162433996527938,17/10/2003 13:00:00,0,,World Superbikes,
286,Bike,Suzuki GSX 1000R [2003],26.614571312982996,1.119048552306992,18/10/2003 13:00:00,0,,World Superbikes,
287,Rider,Nello Russo,21.38311936650996,1.9507436910929297,28/02/2003 13:00:00,0,Ducati 998 RS [2003],World Superbikes,
287,Rider,Nello Russo,21.38201185635437,1.9494977958700095,28/02/2003 13:00:00,1,Ducati 998 RS [2003],World Superbikes,
287,Rider,Nello Russo,21.380821065248696,1.9485842607377217,27/03/2003 13:00:00,0,Ducati 998 RS [2003],World Superbikes,
287,Rider,Nello Russo,21.379301511920765,1.947998104492535,28/03/2003 13:00:00,0,Ducati 998 RS [2003],World Superbikes,
287,Rider,Nello Russo,21.37668407278943,1.9477488873410778,28/03/2003 13:00:00,1,Ducati 998 RS [2003],World Superbikes,
287,Rider,Nello Russo,21.37542391409294,1.947718683677769,29/05/2003 13:00:00,0,Ducati 998 RS [2003],World Superbikes,
287,Rider,Nello Russo,21.374276852115862,1.9480180757608965,13/06/2003 13:00:00,0,Ducati 998 RS [2003],World Superbikes,
287,Rider,Nello Russo,21.37434207525163,1.948604960890653,13/06/2003 13:00:00,1,Ducati 998 RS [2003],World Superbikes,
287,Rider,Nello Russo,21.37415742047786,1.9495223035380833,19/06/2003 13:00:00,0,Ducati 998 RS [2003],World Superbikes,
287,Rider,Nello Russo,21.374725491928377,1.950766886711107,20/06/2003 13:00:00,0,Ducati 998 RS [2003],World Superbikes,
288,Bike,Yamaha YZF-R1 [2003],21.6005828541897,1.264995111544445,28/02/2003 13:00:00,0,,World Superbikes,
288,Bike,Yamaha YZF-R1 [2003],21.60082186090359,1.2625486048992525,28/02/2003 13:00:00,1,,World Superbikes,
288,Bike,Yamaha YZF-R1 [2003],21.601244878111093,1.2602703820994305,27/03/2003 13:00:00,0,,World Superbikes,
288,Bike,Yamaha YZF-R1 [2003],21.602869630429428,1.2581953276005566,28/03/2003 13:00:00,0,,World Superbikes,
288,Bike,Yamaha YZF-R1 [2003],21.605154311026396,1.2563313564571716,24/04/2003 13:00:00,0,,World Superbikes,
288,Bike,Yamaha YZF-R1 [2003],21.607422196174586,1.2546807238271216,25/04/2003 13:00:00,0,,World Superbikes,
288,Bike,Yamaha YZF-R1 [2003],21.609796106243394,1.2532421328146381,15/05/2003 13:00:00,0,,World Superbikes,
288,Bike,Yamaha YZF-R1 [2003],21.612047871416223,1.2520163857905968,16/05/2003 13:00:00,0,,World Superbikes,
288,Bike,Yamaha YZF-R1 [2003],21.61386150744575,1.251001643182189,17/05/2003 13:00:00,0,,World Superbikes,
288,Bike,Yamaha YZF-R1 [2003],21.615694215297992,1.2501792304686064,29/05/2003 13:00:00,0,,World Superbikes,
288,Bike,Yamaha YZF-R1 [2003],21.618041521173318,1.2495293183728666,30/05/2003 13:00:00,0,,World Superbikes,
288,Bike,Yamaha YZF-R1 [2003],21.619902251442614,1.249048420241449,31/05/2003 13:00:00,0,,World Superbikes,
288,Bike,Yamaha YZF-R1 [2003],21.62345541308235,1.2487176709799517,13/06/2003 13:00:00,0,,World Superbikes,
288,Bike,Yamaha YZF-R1 [2003],21.6241087589851,1.24860115947641,13/06/2003 13:00:00,1,,World Superbikes,
288,Bike,Yamaha YZF-R1 [2003],21.62391563601278,1.248701893941694,14/06/2003 13:00:00,0,,World Superbikes,
288,Bike,Yamaha YZF-R1 [2003],21.624338547224802,1.2489724340195847,19/06/2003 13:00:00,0,,World Superbikes,
288,Bike,Yamaha YZF-R1 [2003],21.62420116874162,1.2494594663535714,20/06/2003 13:00:00,0,,World Superbikes,
288,Bike,Yamaha YZF-R1 [2003],21.623887835100867,1.2501619301900564,21/06/2003 13:00:00,0,,World Superbikes,
288,Bike,Yamaha YZF-R1 [2003],21.623776549510005,1.2510579649635658,25/07/2003 13:00:00,0,,World Superbikes,
288,Bike,Yamaha YZF-R1 [2003],21.622898648900307,1.2521720182837843,25/07/2003 13:00:00,1,,World Superbikes,
288,Bike,Yamaha YZF-R1 [2003],21.621549694491698,1.2535017649842488,04/09/2003 13:00:00,0,,World Superbikes,
288,Bike,Yamaha YZF-R1 [2003],21.620533041697072,1.2550101053144183,05/09/2003 13:00:00,0,,World Superbikes,
288,Bike,Yamaha YZF-R1 [2003],21.61836127371087,1.2567054055417064,25/09/2003 13:00:00,0,,World Superbikes,
288,Bike,Yamaha YZF-R1 [2003],21.616565974814367,1.2585936044693429,26/09/2003 13:00:00,0,,World Superbikes,
288,Bike,Yamaha YZF-R1 [2003],21.615354813727688,1.2606733951084412,16/10/2003 13:00:00,0,,World Superbikes,
288,Bike,Yamaha YZF-R1 [2003],21.61488263924812,1.2629264147512125,17/10/2003 13:00:00,0,,World Superbikes,
288,Bike,Yamaha YZF-R1 [2003],21.614848474958958,1.265353895360027,18/10/2003 13:00:00,0,,World Superbikes,
289,Bike,Kawasaki ZX-7 RR [2003],23.576461826787245,1.1253072687193393,28/02/2003 13:00:00,0,,World Superbikes,
289,Bike,Kawasaki ZX-7 RR [2003],23.576544788299096,1.1225290169465396,28/02/2003 13:00:00,1,,World Superbikes,
289,Bike,Kawasaki ZX-7 RR [2003],23.576653153291307,1.1199386970043934,01/03/2003 13:00:00,0,,World Superbikes,
289,Bike,Kawasaki ZX-7 RR [2003],23.577198364197294,1.117496599323105,27/03/2003 13:00:00,0,,World Superbikes,
289,Bike,Kawasaki ZX-7 RR [2003],23.577436759774052,1.1152390822350948,28/03/2003 13:00:00,0,,World Superbikes,
289,Bike,Kawasaki ZX-7 RR [2003],23.576878479712086,1.1131694883905194,28/03/2003 13:00:00,1,,World Superbikes,
289,Bike,Kawasaki ZX-7 RR [2003],23.576893001358336,1.1112624580780683,24/04/2003 13:00:00,0,,World Superbikes,
289,Bike,Kawasaki ZX-7 RR [2003],23.576771873042645,1.109539915279757,25/04/2003 13:00:00,0,,World Superbikes,
289,Bike,Kawasaki ZX-7 RR [2003],23.575886334676447,1.1080032309903265,25/04/2003 13:00:00,1,,World Superbikes,
289,Bike,Kawasaki ZX-7 RR [2003],23.57474462642559,1.1066335897622128,15/05/2003 13:00:00,0,,World Superbikes,
289,Bike,Kawasaki ZX-7 RR [2003],23.573695790972995,1.1054492116552814,16/05/2003 13:00:00,0,,World Superbikes,
289,Bike,Kawasaki ZX-7 RR [2003],23.572541871736767,1.1044494029421945,17/05/2003 13:00:00,0,,World Superbikes,
289,Bike,Kawasaki ZX-7 RR [2003],23.57284581194149,1.1035729524933877,29/05/2003 13:00:00,0,,World Superbikes,
289,Bike,Kawasaki ZX-7 RR [2003],23.57284215386008,1.10288228445024,30/05/2003 13:00:00,0,,World Superbikes,
289,Bike,Kawasaki ZX-7 RR [2003],23.57110295922945,1.1023684403704497,31/05/2003 13:00:00,0,,World Superbikes,
289,Bike,Kawasaki ZX-7 RR [2003],23.56998749180156,1.10201735121117,13/06/2003 13:00:00,0,,World Superbikes,
289,Bike,Kawasaki ZX-7 RR [2003],23.56944567277528,1.1018430652587488,13/06/2003 13:00:00,1,,World Superbikes,
289,Bike,Kawasaki ZX-7 RR [2003],23.5697678857673,1.1018444284918318,19/06/2003 13:00:00,0,,World Superbikes,
289,Bike,Kawasaki ZX-7 RR [2003],23.568924796067893,1.1020328766035936,20/06/2003 13:00:00,0,,World Superbikes,
289,Bike,Kawasaki ZX-7 RR [2003],23.56779816258888,1.1024092828303347,21/06/2003 13:00:00,0,,World Superbikes,
289,Bike,Kawasaki ZX-7 RR [2003],23.567692157881723,1.102921892051153,11/07/2003 13:00:00,0,,World Superbikes,
289,Bike,Kawasaki ZX-7 RR [2003],23.567639529431673,1.1036097781734377,12/07/2003 13:00:00,0,,World Superbikes,
289,Bike,Kawasaki ZX-7 RR [2003],23.567639736347154,1.1044743706514124,12/07/2003 13:00:00,1,,World Superbikes,
289,Bike,Kawasaki ZX-7 RR [2003],23.5680638613765,1.1054869098649804,25/07/2003 13:00:00,0,,World Superbikes,
289,Bike,Kawasaki ZX-7 RR [2003],23.568278697270586,1.1066884737810212,25/07/2003 13:00:00,1,,World Superbikes,
289,Bike,Kawasaki ZX-7 RR [2003],23.56787542155166,1.1080792994950257,26/07/2003 13:00:00,0,,World Superbikes,
289,Bike,Kawasaki ZX-7 RR [2003],23.56862603312722,1.1095794489617958,04/09/2003 13:00:00,0,,World Superbikes,
289,Bike,Kawasaki ZX-7 RR [2003],23.568029919797603,1.1112647251226182,05/09/2003 13:00:00,0,,World Superbikes,
289,Bike,Kawasaki ZX-7 RR [2003],23.56856877347039,1.1131357751897621,06/09/2003 13:00:00,0,,World Superbikes,
289,Bike,Kawasaki ZX-7 RR [2003],23.56864964419048,1.1151747905139953,25/09/2003 13:00:00,0,,World Superbikes,
289,Bike,Kawasaki ZX-7 RR [2003],23.56892155416091,1.1174032564095857,26/09/2003 13:00:00,0,,World Superbikes,
289,Bike,Kawasaki ZX-7 RR [2003],23.56874539638448,1.1198211282787156,27/09/2003 13:00:00,0,,World Superbikes,
289,Bike,Kawasaki ZX-7 RR [2003],23.5684278412139,1.122413351300334,16/10/2003 13:00:00,0,,World Superbikes,
289,Bike,Kawasaki ZX-7 RR [2003],23.56845576858139,1.1251913353058092,17/10/2003 13:00:00,0,,World Superbikes,
290,Rider,Walter Tortoroglio,20.222979520697617,1.4190061819937516,28/02/2003 13:00:00,0,Honda VTR 1000 SP2 [2003],World Superbikes,
290,Rider,Walter Tortoroglio,20.22201385640378,1.4169346494008408,28/02/2003 13:00:00,1,Honda VTR 1000 SP2 [2003],World Superbikes,
290,Rider,Walter Tortoroglio,20.220303454900765,1.4150961359952525,27/03/2003 13:00:00,0,Honda VTR 1000 SP2 [2003],World Superbikes,
290,Rider,Walter Tortoroglio,20.218732219066382,1.4134712479831626,28/03/2003 13:00:00,0,Honda VTR 1000 SP2 [2003],World Superbikes,
290,Rider,Walter Tortoroglio,20.217114217004852,1.4120587107740348,24/04/2003 13:00:00,0,Honda VTR 1000 SP2 [2003],World Superbikes,
290,Rider,Walter Tortoroglio,20.214238551259708,1.4108783274954277,25/04/2003 13:00:00,0,Honda VTR 1000 SP2 [2003],World Superbikes,
290,Rider,Walter Tortoroglio,20.21234973160342,1.4098371573681077,15/05/2003 13:00:00,0,Honda VTR 1000 SP2 [2003],World Superbikes,
290,Rider,Walter Tortoroglio,20.209847975662232,1.409026659930487,16/05/2003 13:00:00,0,Honda VTR 1000 SP2 [2003],World Superbikes,
290,Rider,Walter Tortoroglio,20.20738947530881,1.4084356861858542,29/05/2003 13:00:00,0,Honda VTR 1000 SP2 [2003],World Superbikes,
290,Rider,Walter Tortoroglio,20.20479713746656,1.4080710240076069,30/05/2003 13:00:00,0,Honda VTR 1000 SP2 [2003],World Superbikes,
290,Rider,Walter Tortoroglio,20.20339396202968,1.4078584860582088,13/06/2003 13:00:00,0,Honda VTR 1000 SP2 [2003],World Superbikes,
290,Rider,Walter Tortoroglio,20.203184039547768,1.4077959082326477,13/06/2003 13:00:00,1,Honda VTR 1000 SP2 [2003],World Superbikes,
290,Rider,Walter Tortoroglio,20.204149749669558,1.4078834270226959,19/06/2003 13:00:00,0,Honda VTR 1000 SP2 [2003],World Superbikes,
290,Rider,Walter Tortoroglio,20.206118994750305,1.4081841466692449,20/06/2003 13:00:00,0,Honda VTR 1000 SP2 [2003],World Superbikes,
290,Rider,Walter Tortoroglio,20.208287015675978,1.408712913602225,11/07/2003 13:00:00,0,Honda VTR 1000 SP2 [2003],World Superbikes,
290,Rider,Walter Tortoroglio,20.210366646878306,1.4094493623402289,12/07/2003 13:00:00,0,Honda VTR 1000 SP2 [2003],World Superbikes,
290,Rider,Walter Tortoroglio,20.213578282721517,1.410367420256861,25/07/2003 13:00:00,0,Honda VTR 1000 SP2 [2003],World Superbikes,
290,Rider,Walter Tortoroglio,20.216257101802217,1.4115195664057896,25/07/2003 13:00:00,1,Honda VTR 1000 SP2 [2003],World Superbikes,
290,Rider,Walter Tortoroglio,20.219352637554532,1.412885388548287,04/09/2003 13:00:00,0,Honda VTR 1000 SP2 [2003],World Superbikes,
290,Rider,Walter Tortoroglio,20.222593919276754,1.4144793919284644,05/09/2003 13:00:00,0,Honda VTR 1000 SP2 [2003],World Superbikes,
290,Rider,Walter Tortoroglio,20.223857223472677,1.4163097455144025,25/09/2003 13:00:00,0,Honda VTR 1000 SP2 [2003],World Superbikes,
290,Rider,Walter Tortoroglio,20.224720097372412,1.4183775841017257,26/09/2003 13:00:00,0,Honda VTR 1000 SP2 [2003],World Superbikes,
291,Bike,Honda VTR 1000 SP2 [2003],23.260120737162243,1.3311490337553966,28/02/2003 13:00:00,0,,World Superbikes,
291,Bike,Honda VTR 1000 SP2 [2003],23.259458786990052,1.3288907848339644,28/02/2003 13:00:00,1,,World Superbikes,
291,Bike,Honda VTR 1000 SP2 [2003],23.258052099608687,1.3268484959817124,27/03/2003 13:00:00,0,,World Superbikes,
291,Bike,Honda VTR 1000 SP2 [2003],23.25678457789595,1.3250041501396175,28/03/2003 13:00:00,0,,World Superbikes,
291,Bike,Honda VTR 1000 SP2 [2003],23.255470289956065,1.3233565071737707,24/04/2003 13:00:00,0,,World Superbikes,
291,Bike,Honda VTR 1000 SP2 [2003],23.252931301091085,1.321913889976176,25/04/2003 13:00:00,0,,World Superbikes,
291,Bike,Honda VTR 1000 SP2 [2003],23.25069690442454,1.3206480848365476,25/04/2003 13:00:00,1,,World Superbikes,
291,Bike,Honda VTR 1000 SP2 [2003],23.24902778389838,1.3195969428775824,15/05/2003 13:00:00,0,,World Superbikes,
291,Bike,Honda VTR 1000 SP2 [2003],23.246745727087323,1.3187590708657981,16/05/2003 13:00:00,0,,World Superbikes,
291,Bike,Honda VTR 1000 SP2 [2003],23.244506925864044,1.3181241543925517,29/05/2003 13:00:00,0,,World Superbikes,
291,Bike,Honda VTR 1000 SP2 [2003],23.242134287151934,1.3176984475584836,30/05/2003 13:00:00,0,,World Superbikes,
291,Bike,Honda VTR 1000 SP2 [2003],23.24095081084519,1.3174132624921746,13/06/2003 13:00:00,0,,World Superbikes,
291,Bike,Honda VTR 1000 SP2 [2003],23.240960587493426,1.3172665797749412,13/06/2003 13:00:00,1,,World Superbikes,
291,Bike,Honda VTR 1000 SP2 [2003],23.24214599674535,1.3172585146668667,19/06/2003 13:00:00,0,,World Superbikes,
291,Bike,Honda VTR 1000 SP2 [2003],23.244334940956236,1.317447482801105,20/06/2003 13:00:00,0,,World Superbikes,
291,Bike,Honda VTR 1000 SP2 [2003],23.246722661012047,1.3178471789365354,11/07/2003 13:00:00,0,,World Superbikes,
291,Bike,Honda VTR 1000 SP2 [2003],23.249021991344517,1.3184387766131653,12/07/2003 13:00:00,0,,World Superbikes,
291,Bike,Honda VTR 1000 SP2 [2003],23.252453326317873,1.319198146079299,25/07/2003 13:00:00,0,,World Superbikes,
291,Bike,Honda VTR 1000 SP2 [2003],23.255351844528704,1.3201737650026069,25/07/2003 13:00:00,1,,World Superbikes,
291,Bike,Honda VTR 1000 SP2 [2003],23.25866707941116,1.3213467759270552,04/09/2003 13:00:00,0,,World Superbikes,
291,Bike,Honda VTR 1000 SP2 [2003],23.262128060263528,1.3227305514353127,05/09/2003 13:00:00,0,,World Superbikes,
291,Bike,Honda VTR 1000 SP2 [2003],23.26361106358959,1.3243326074695976,25/09/2003 13:00:00,0,,World Superbikes,
291,Bike,Honda VTR 1000 SP2 [2003],23.264693636619448,1.3261539714369872,26/09/2003 13:00:00,0,,World Superbikes,
291,Bike,Honda VTR 1000 SP2 [2003],23.265390863739853,1.3281934754002458,16/10/2003 13:00:00,0,,World Superbikes,
291,Bike,Honda VTR 1000 SP2 [2003],23.265711786147115,1.3304520992606346,17/10/2003 13:00:00,0,,World Superbikes,
292,Rider,Sergio Fuertes,21.899380870528294,1.0159024108865542,28/02/2003 13:00:00,0,Suzuki GSX 1000R [2003],World Superbikes,
292,Rider,Sergio Fuertes,21.90072996168484,1.0127289401774986,28/02/2003 13:00:00,1,Suzuki GSX 1000R [2003],World Superbikes,
292,Rider,Sergio Fuertes,21.903245481438944,1.0097054753538426,15/05/2003 13:00:00,0,Suzuki GSX 1000R [2003],World Superbikes,
292,Rider,Sergio Fuertes,21.907079274393247,1.006828772849057,16/05/2003 13:00:00,0,Suzuki GSX 1000R [2003],World Superbikes,
292,Rider,Sergio Fuertes,21.912737352291998,1.0040873842352973,29/05/2003 13:00:00,0,Suzuki GSX 1000R [2003],World Superbikes,
292,Rider,Sergio Fuertes,21.91984571325932,1.0014953925440946,30/05/2003 13:00:00,0,Suzuki GSX 1000R [2003],World Superbikes,
292,Rider,Sergio Fuertes,21.9266220831379,0.9990583689077888,13/06/2003 13:00:00,0,Suzuki GSX 1000R [2003],World Superbikes,
292,Rider,Sergio Fuertes,21.93382799050374,0.9967734648383729,13/06/2003 13:00:00,1,Suzuki GSX 1000R [2003],World Superbikes,
292,Rider,Sergio Fuertes,21.94228027986829,0.9946247120344323,19/06/2003 13:00:00,0,Suzuki GSX 1000R [2003],World Superbikes,
292,Rider,Sergio Fuertes,21.95078848193375,0.9926361135406704,20/06/2003 13:00:00,0,Suzuki GSX 1000R [2003],World Superbikes,
292,Rider,Sergio Fuertes,21.960167430098167,0.990803883978585,25/07/2003 13:00:00,0,Suzuki GSX 1000R [2003],World Superbikes,
292,Rider,Sergio Fuertes,21.967893570911404,0.9891329044889621,25/07/2003 13:00:00,1,Suzuki GSX 1000R [2003],World Superbikes,
292,Rider,Sergio Fuertes,21.97616377347411,0.9876141034757485,04/09/2003 13:00:00,0,Suzuki GSX 1000R [2003],World Superbikes,
292,Rider,Sergio Fuertes,21.984920703842935,0.9862486899263251,05/09/2003 13:00:00,0,Suzuki GSX 1000R [2003],World Superbikes,
292,Rider,Sergio Fuertes,21.99410084328678,0.9850443209444084,25/09/2003 13:00:00,0,Suzuki GSX 1000R [2003],World Superbikes,
292,Rider,Sergio Fuertes,22.0022407742739,0.983997677855819,26/09/2003 13:00:00,0,Suzuki GSX 1000R [2003],World Superbikes,
292,Rider,Sergio Fuertes,22.010273975149456,0.9831091244905736,27/09/2003 13:00:00,0,Suzuki GSX 1000R [2003],World Superbikes,
292,Rider,Sergio Fuertes,22.019647983656608,0.9823196771175685,16/10/2003 13:00:00,0,Suzuki GSX 1000R [2003],World Superbikes,
292,Rider,Sergio Fuertes,22.0305176360764,0.9816721950678542,17/10/2003 13:00:00,0,Suzuki GSX 1000R [2003],World Superbikes,
292,Rider,Sergio Fuertes,22.042467675081532,0.9811697000215449,27/02/2004 13:00:00,0,Suzuki GSX 1000R [2004],World Superbikes,
292,Rider,Sergio Fuertes,22.052886888623544,0.9808206009104423,27/02/2004 13:00:00,1,Suzuki GSX 1000R [2004],World Superbikes,
292,Rider,Sergio Fuertes,22.06064943515803,0.9806264189419472,28/02/2004 13:00:00,0,Suzuki GSX 1000R [2004],World Superbikes,
292,Rider,Sergio Fuertes,22.065886351300794,0.9805862287332642,25/03/2004 13:00:00,0,Suzuki GSX 1000R [2004],World Superbikes,
292,Rider,Sergio Fuertes,22.070781406645125,0.9806778612285362,26/03/2004 13:00:00,0,Suzuki GSX 1000R [2004],World Superbikes,
292,Rider,Sergio Fuertes,22.072996778897217,0.980924836961993,26/03/2004 13:00:00,1,Suzuki GSX 1000R [2004],World Superbikes,
292,Rider,Sergio Fuertes,22.074843585413547,0.9812953850016992,15/04/2004 13:00:00,0,Suzuki GSX 1000R [2004],World Superbikes,
292,Rider,Sergio Fuertes,22.078876211627467,0.9817814619555402,16/04/2004 13:00:00,0,Suzuki GSX 1000R [2004],World Superbikes,
292,Rider,Sergio Fuertes,22.082917941308843,0.9824181880210633,13/05/2004 13:00:00,0,Suzuki GSX 1000R [2004],World Superbikes,
292,Rider,Sergio Fuertes,22.08659802253038,0.9832027016298431,14/05/2004 13:00:00,0,Suzuki GSX 1000R [2004],World Superbikes,
292,Rider,Sergio Fuertes,22.08976759902576,0.9841410763850085,11/06/2004 13:00:00,1,Suzuki GSX 1000R [2004],World Superbikes,
292,Rider,Sergio Fuertes,22.094895461392,0.985187977345626,30/07/2004 13:00:00,0,Suzuki GSX 1000R [2004],World Superbikes,
292,Rider,Sergio Fuertes,22.101180134435335,0.9863617483997605,30/07/2004 13:00:00,1,Suzuki GSX 1000R [2004],World Superbikes,
292,Rider,Sergio Fuertes,22.108803820871703,0.9876661335179817,02/09/2004 13:00:00,0,Suzuki GSX 1000R [2004],World Superbikes,
292,Rider,Sergio Fuertes,22.11587856452524,0.9891158880925005,03/09/2004 13:00:00,0,Suzuki GSX 1000R [2004],World Superbikes,
292,Rider,Sergio Fuertes,22.12148574806686,0.9907207804251275,23/09/2004 13:00:00,0,Suzuki GSX 1000R [2004],World Superbikes,
292,Rider,Sergio Fuertes,22.125412777561074,0.9924877789686133,24/09/2004 13:00:00,0,Suzuki GSX 1000R [2004],World Superbikes,
292,Rider,Sergio Fuertes,22.127923018342457,0.9944114291674784,25/09/2004 13:00:00,0,Suzuki GSX 1000R [2004],World Superbikes,
292,Rider,Sergio Fuertes,22.12982340291539,0.9964736162455757,30/09/2004 13:00:00,0,Suzuki GSX 1000R [2004],World Superbikes,
292,Rider,Sergio Fuertes,22.1306216503726,0.9986907947322128,01/10/2004 13:00:00,0,Suzuki GSX 1000R [2004],World Superbikes,
292,Rider,Sergio Fuertes,22.131009151542653,1.0010627005962345,21/04/2005 13:00:00,0,Suzuki GSX 1000R [2005],World Superbikes,
292,Rider,Sergio Fuertes,22.13097033720744,1.0035773405394348,22/04/2005 13:00:00,0,Suzuki GSX 1000R [2005],World Superbikes,
292,Rider,Sergio Fuertes,22.13021506345398,1.0062373846095773,20/04/2006 13:00:00,0,Suzuki GSX-R1000 K6 [2006],World Superbikes,
292,Rider,Sergio Fuertes,22.129876967192594,1.0090614287509927,21/04/2006 13:00:00,0,Suzuki GSX-R1000 K6 [2006],World Superbikes,
292,Rider,Sergio Fuertes,22.130147712897784,1.01204286392258,03/04/2008 13:00:00,0,Suzuki GSX-R1000 K8 [2008],World Superbikes,
292,Rider,Sergio Fuertes,22.130791749380656,1.0151871909390908,04/04/2008 13:00:00,0,Suzuki GSX-R1000 K8 [2008],World Superbikes,
293,Rider,Isaac Martín,16.76896244808134,4.270855679991715,28/02/2003 13:00:00,0,Yamaha YZF-R1 [2003],World Superbikes,
293,Rider,Isaac Martín,16.76896432832715,4.2708564807172875,28/02/2003 13:00:00,1,Yamaha YZF-R1 [2003],World Superbikes,
294,Rider,Steve Cutting,16.796060486184334,3.7925131115471458,27/03/2003 13:00:00,0,Suzuki GSX 1000R [2003],World Superbikes,
294,Rider,Steve Cutting,16.796401339624918,3.7924913525616555,28/03/2003 13:00:00,0,Suzuki GSX 1000R [2003],World Superbikes,
295,Bike,Honda CBR 900 RR [2003],15.267926888851889,4.291265764838726,27/03/2003 13:00:00,0,,World Superbikes,
295,Bike,Honda CBR 900 RR [2003],15.267945162451179,4.291271407167491,28/03/2003 13:00:00,0,,World Superbikes,
296,Rider,Noriyasu Numata,28.135573166461825,3.2906420479331584,24/04/2003 13:00:00,0,Ducati 996 RS [2003],World Superbikes,
296,Rider,Noriyasu Numata,28.13539433786247,3.2904129870815004,25/04/2003 13:00:00,0,Ducati 996 RS [2003],World Superbikes,
296,Rider,Noriyasu Numata,28.13483737066796,3.2906803847250794,25/04/2003 13:00:00,1,Ducati 996 RS [2003],World Superbikes,
297,Bike,Ducati 996 RS [2003],24.23001158141751,2.483565035882668,24/04/2003 13:00:00,0,,World Superbikes,
297,Bike,Ducati 996 RS [2003],24.229442196659644,2.482739436663193,25/04/2003 13:00:00,0,,World Superbikes,
297,Bike,Ducati 996 RS [2003],24.22849467330663,2.482237238568839,25/04/2003 13:00:00,1,,World Superbikes,
297,Bike,Ducati 996 RS [2003],24.227790633411054,2.4820381333935333,15/05/2003 13:00:00,0,,World Superbikes,
297,Bike,Ducati 996 RS [2003],24.228099455790925,2.4820850649107515,16/05/2003 13:00:00,0,,World Superbikes,
297,Bike,Ducati 996 RS [2003],24.229145832817995,2.482387127454384,19/06/2003 13:00:00,0,,World Superbikes,
297,Bike,Ducati 996 RS [2003],24.230595782490198,2.4831011227403192,20/06/2003 13:00:00,0,,World Superbikes,
298,Rider,Vittorio Iannuzzo,23.68232830858326,0.7704797665757189,15/05/2003 13:00:00,0,Suzuki GSX 1000R [2003],World Superbikes,
298,Rider,Vittorio Iannuzzo,23.68139762528238,0.7661692748173818,16/05/2003 13:00:00,0,Suzuki GSX 1000R [2003],World Superbikes,
298,Rider,Vittorio Iannuzzo,23.6796048606028,0.7619635369785427,17/05/2003 13:00:00,0,Suzuki GSX 1000R [2003],World Superbikes,
298,Rider,Vittorio Iannuzzo,23.676650954183877,0.757855388250583,29/05/2003 13:00:00,0,Suzuki GSX 1000R [2003],World Superbikes,
298,Rider,Vittorio Iannuzzo,23.672202547988874,0.7538487630878998,30/05/2003 13:00:00,0,Suzuki GSX 1000R [2003],World Superbikes,
298,Rider,Vittorio Iannuzzo,23.668620243519143,0.7499368651133966,31/05/2003 13:00:00,0,Suzuki GSX 1000R [2003],World Superbikes,
298,Rider,Vittorio Iannuzzo,23.663687300657745,0.7461218555235116,13/06/2003 13:00:00,0,Suzuki GSX 1000R [2003],World Superbikes,
298,Rider,Vittorio Iannuzzo,23.658903126640062,0.7424040756208071,13/06/2003 13:00:00,1,Suzuki GSX 1000R [2003],World Superbikes,
298,Rider,Vittorio Iannuzzo,23.651997036472356,0.7387860434127936,14/06/2003 13:00:00,0,Suzuki GSX 1000R [2003],World Superbikes,
298,Rider,Vittorio Iannuzzo,23.6463267452242,0.7352174054818904,19/06/2003 13:00:00,0,Suzuki GSX 1000R [2003],World Superbikes,
298,Rider,Vittorio Iannuzzo,23.640378613013684,0.7317471802355829,20/06/2003 13:00:00,0,Suzuki GSX 1000R [2003],World Superbikes,
298,Rider,Vittorio Iannuzzo,23.632439457172843,0.7283723666200966,21/06/2003 13:00:00,0,Suzuki GSX 1000R [2003],World Superbikes,
298,Rider,Vittorio Iannuzzo,23.621850186227455,0.72508769002994,22/02/2006 13:00:00,0,Suzuki GSX-R1000 K6 [2006],World Superbikes,
298,Rider,Vittorio Iannuzzo,23.611635634415368,0.7218968757293739,23/02/2006 13:00:00,0,Suzuki GSX-R1000 K6 [2006],World Superbikes,
298,Rider,Vittorio Iannuzzo,23.602538397375643,0.718787572119448,02/03/2006 13:00:00,0,Suzuki GSX-R1000 K6 [2006],World Superbikes,
298,Rider,Vittorio Iannuzzo,23.594876177382858,0.7157547341495698,03/03/2006 13:00:00,0,Suzuki GSX-R1000 K6 [2006],World Superbikes,
298,Rider,Vittorio Iannuzzo,23.589222607700417,0.712783691268609,20/04/2006 13:00:00,0,Suzuki GSX-R1000 K6 [2006],World Superbikes,
298,Rider,Vittorio Iannuzzo,23.58277554665758,0.7099075659449168,21/04/2006 13:00:00,0,Suzuki GSX-R1000 K6 [2006],World Superbikes,
298,Rider,Vittorio Iannuzzo,23.575396584348752,0.7071262879998648,04/05/2006 13:00:00,0,Suzuki GSX-R1000 K6 [2006],World Superbikes,
298,Rider,Vittorio Iannuzzo,23.567782499031928,0.704437325420161,05/05/2006 13:00:00,0,Suzuki GSX-R1000 K6 [2006],World Superbikes,
298,Rider,Vittorio Iannuzzo,23.560678411534134,0.7018335226365192,26/05/2006 13:00:00,0,Suzuki GSX-R1000 K6 [2006],World Superbikes,
298,Rider,Vittorio Iannuzzo,23.55428978250252,0.699312853803537,26/05/2006 13:00:00,1,Suzuki GSX-R1000 K6 [2006],World Superbikes,
298,Rider,Vittorio Iannuzzo,23.5473992112143,0.6968743773273349,22/06/2006 13:00:00,0,Suzuki GSX-R1000 K6 [2006],World Superbikes,
298,Rider,Vittorio Iannuzzo,23.540959523208546,0.6945215066332752,23/06/2006 13:00:00,0,Suzuki GSX-R1000 K6 [2006],World Superbikes,
298,Rider,Vittorio Iannuzzo,23.53529046562684,0.6922489538267282,20/07/2006 13:00:00,0,Suzuki GSX-R1000 K6 [2006],World Superbikes,
298,Rider,Vittorio Iannuzzo,23.530669427888295,0.6900568360626429,21/07/2006 13:00:00,0,Suzuki GSX-R1000 K6 [2006],World Superbikes,
298,Rider,Vittorio Iannuzzo,23.52652102968313,0.6879459975929485,04/08/2006 13:00:00,0,Suzuki GSX-R1000 K6 [2006],World Superbikes,
298,Rider,Vittorio Iannuzzo,23.521925472551008,0.6859192506705278,04/08/2006 13:00:00,1,Suzuki GSX-R1000 K6 [2006],World Superbikes,
298,Rider,Vittorio Iannuzzo,23.517403631598174,0.6839729016894455,31/08/2006 13:00:00,0,Suzuki GSX-R1000 K6 [2006],World Superbikes,
298,Rider,Vittorio Iannuzzo,23.51234803309415,0.6821097122185064,01/09/2006 13:00:00,0,Suzuki GSX-R1000 K6 [2006],World Superbikes,
298,Rider,Vittorio Iannuzzo,23.506950838615577,0.6803281158113088,07/09/2006 13:00:00,0,Suzuki GSX-R1000 K6 [2006],World Superbikes,
298,Rider,Vittorio Iannuzzo,23.501665456130617,0.6786279528680041,08/09/2006 13:00:00,0,Suzuki GSX-R1000 K6 [2006],World Superbikes,
298,Rider,Vittorio Iannuzzo,23.496384840038733,0.6770083553540346,28/09/2006 13:00:00,0,Suzuki GSX-R1000 K6 [2006],World Superbikes,
298,Rider,Vittorio Iannuzzo,23.490142257148104,0.6754708329311976,29/09/2006 13:00:00,0,Suzuki GSX-R1000 K6 [2006],World Superbikes,
298,Rider,Vittorio Iannuzzo,23.481725033838124,0.6740148100863033,30/09/2006 13:00:00,0,Suzuki GSX-R1000 K6 [2006],World Superbikes,
298,Rider,Vittorio Iannuzzo,23.47423753859508,0.6725872306375418,05/10/2006 13:00:00,0,Ducati 999 F05 [2006],World Superbikes,
298,Rider,Vittorio Iannuzzo,23.467053654041905,0.6712282839550868,06/10/2006 13:00:00,0,Ducati 999 F05 [2006],World Superbikes,
298,Rider,Vittorio Iannuzzo,23.45725340671356,0.6699414913331149,25/05/2007 13:00:00,0,Kawasaki ZX-10R [2007],World Superbikes,
298,Rider,Vittorio Iannuzzo,23.44795151267538,0.6687186564564128,25/05/2007 13:00:00,1,Kawasaki ZX-10R [2007],World Superbikes,
298,Rider,Vittorio Iannuzzo,23.438358752698825,0.6675617099866895,19/07/2007 13:00:00,0,Kawasaki ZX-10R [2007],World Superbikes,
298,Rider,Vittorio Iannuzzo,23.427440982703462,0.6664779964449515,20/07/2007 13:00:00,0,Kawasaki ZX-10R [2007],World Superbikes,
298,Rider,Vittorio Iannuzzo,23.416907469740973,0.6654574238774875,27/09/2007 13:00:00,0,Kawasaki ZX-10R [2007],World Superbikes,
298,Rider,Vittorio Iannuzzo,23.404742122432918,0.6645121105326356,28/09/2007 13:00:00,0,Kawasaki ZX-10R [2007],World Superbikes,
298,Rider,Vittorio Iannuzzo,23.391344336086348,0.6636406838234443,29/09/2007 13:00:00,0,Kawasaki ZX-10R [2007],World Superbikes,
298,Rider,Vittorio Iannuzzo,23.37783918370524,0.6628268410445614,20/02/2008 13:00:00,0,Kawasaki ZX-10R [2008],World Superbikes,
298,Rider,Vittorio Iannuzzo,23.36283109390977,0.6620880474023855,21/02/2008 13:00:00,0,Kawasaki ZX-10R [2008],World Superbikes,
298,Rider,Vittorio Iannuzzo,23.34653751999575,0.6614236042700435,08/05/2008 13:00:00,0,Kawasaki ZX-10R [2008],World Superbikes,
298,Rider,Vittorio Iannuzzo,23.329218231027948,0.6608315756027318,09/05/2008 13:00:00,0,Kawasaki ZX-10R [2008],World Superbikes,
298,Rider,Vittorio Iannuzzo,23.310633810691225,0.6603122746994722,30/05/2008 13:00:00,0,Kawasaki ZX-10R [2008],World Superbikes,
298,Rider,Vittorio Iannuzzo,23.29162298661037,0.6598628967984682,30/05/2008 13:00:00,1,Kawasaki ZX-10R [2008],World Superbikes,
298,Rider,Vittorio Iannuzzo,23.270777733565982,0.659490688293139,12/06/2008 13:00:00,0,Kawasaki ZX-10R [2008],World Superbikes,
298,Rider,Vittorio Iannuzzo,23.250229090245774,0.659180091013521,13/06/2008 13:00:00,0,Kawasaki ZX-10R [2008],World Superbikes,
298,Rider,Vittorio Iannuzzo,23.229178251829207,0.6589377967136717,26/06/2008 13:00:00,0,Kawasaki ZX-10R [2008],World Superbikes,
298,Rider,Vittorio Iannuzzo,23.208003177111813,0.6587557938807934,27/06/2008 13:00:00,0,Kawasaki ZX-10R [2008],World Superbikes,
298,Rider,Vittorio Iannuzzo,23.18711353329178,0.6586197090917317,17/07/2008 13:00:00,0,Kawasaki ZX-10R [2008],World Superbikes,
298,Rider,Vittorio Iannuzzo,23.166347263598745,0.6585457947050123,18/07/2008 13:00:00,0,Kawasaki ZX-10R [2008],World Superbikes,
298,Rider,Vittorio Iannuzzo,23.145225556260463,0.6585393309984109,01/08/2008 13:00:00,0,Kawasaki ZX-10R [2008],World Superbikes,
298,Rider,Vittorio Iannuzzo,23.12377441767049,0.6585986612791306,01/08/2008 13:00:00,1,Kawasaki ZX-10R [2008],World Superbikes,
298,Rider,Vittorio Iannuzzo,23.10202908180519,0.6587221494274597,05/09/2008 13:00:00,0,Kawasaki ZX-10R [2008],World Superbikes,
298,Rider,Vittorio Iannuzzo,23.0795876759429,0.6589138757748265,05/09/2008 13:00:00,1,Kawasaki ZX-10R [2008],World Superbikes,
298,Rider,Vittorio Iannuzzo,23.056431576299534,0.6591737719542679,18/09/2008 13:00:00,0,Kawasaki ZX-10R [2008],World Superbikes,
298,Rider,Vittorio Iannuzzo,23.03354159234234,0.6594950831747489,19/09/2008 13:00:00,0,Kawasaki ZX-10R [2008],World Superbikes,
298,Rider,Vittorio Iannuzzo,23.009570742978422,0.6598891289108798,02/10/2008 13:00:00,0,Kawasaki ZX-10R [2008],World Superbikes,
298,Rider,Vittorio Iannuzzo,22.9849883855874,0.6603537244195394,31/10/2008 13:00:00,0,Kawasaki ZX-10R [2008],World Superbikes,
298,Rider,Vittorio Iannuzzo,22.96151953692274,0.6608512983456973,31/10/2008 13:00:00,1,Kawasaki ZX-10R [2008],World Superbikes,
298,Rider,Vittorio Iannuzzo,22.937293986993666,0.6614204350420936,26/02/2009 13:00:00,0,Honda CBR1000RR [2009],World Superbikes,
298,Rider,Vittorio Iannuzzo,22.912751689868312,0.662057942452004,27/02/2009 13:00:00,0,Honda CBR1000RR [2009],World Superbikes,
298,Rider,Vittorio Iannuzzo,22.888389849156138,0.6627517615129702,11/03/2009 13:00:00,0,Honda CBR1000RR [2009],World Superbikes,
298,Rider,Vittorio Iannuzzo,22.863137863337805,0.6635200386936626,12/03/2009 13:00:00,0,Honda CBR1000RR [2009],World Superbikes,
298,Rider,Vittorio Iannuzzo,22.83894917491547,0.6643182162491383,03/04/2009 13:00:00,0,Honda CBR1000RR [2009],World Superbikes,
298,Rider,Vittorio Iannuzzo,22.81501230265303,0.6651806073127543,03/04/2009 13:00:00,1,Honda CBR1000RR [2009],World Superbikes,
298,Rider,Vittorio Iannuzzo,22.790750842378383,0.6661140893141375,24/04/2009 13:00:00,0,Honda CBR1000RR [2009],World Superbikes,
298,Rider,Vittorio Iannuzzo,22.76543627901773,0.667123219574914,24/04/2009 13:00:00,1,Honda CBR1000RR [2009],World Superbikes,
298,Rider,Vittorio Iannuzzo,22.740855621890987,0.6681851919585644,08/05/2009 13:00:00,0,Honda CBR1000RR [2009],World Superbikes,
298,Rider,Vittorio Iannuzzo,22.71707438793957,0.6693003991803209,08/05/2009 13:00:00,1,Honda CBR1000RR [2009],World Superbikes,
298,Rider,Vittorio Iannuzzo,22.69364193435417,0.6704814351029968,19/06/2009 13:00:00,0,Honda CBR1000RR [2009],World Superbikes,
298,Rider,Vittorio Iannuzzo,22.67052124746257,0.6717268850285892,19/06/2009 13:00:00,1,Honda CBR1000RR [2009],World Superbikes,
298,Rider,Vittorio Iannuzzo,22.646602563775975,0.6730506332777724,26/06/2009 13:00:00,0,Honda CBR1000RR [2009],World Superbikes,
298,Rider,Vittorio Iannuzzo,22.623365995232778,0.6744401141076671,26/06/2009 13:00:00,1,Honda CBR1000RR [2009],World Superbikes,
298,Rider,Vittorio Iannuzzo,22.60195683255893,0.6758739438629938,24/07/2009 13:00:00,0,Honda CBR1000RR [2009],World Superbikes,
298,Rider,Vittorio Iannuzzo,22.57938021997734,0.6773857564043618,24/07/2009 13:00:00,1,Honda CBR1000RR [2009],World Superbikes,
298,Rider,Vittorio Iannuzzo,22.556380025719747,0.6789683813652172,04/09/2009 13:00:00,0,Honda CBR1000RR [2009],World Superbikes,
298,Rider,Vittorio Iannuzzo,22.532500585931583,0.6806303448392602,04/09/2009 13:00:00,1,Honda CBR1000RR [2009],World Superbikes,
298,Rider,Vittorio Iannuzzo,22.506661652984647,0.6823764530289046,05/09/2009 13:00:00,0,Honda CBR1000RR [2009],World Superbikes,
298,Rider,Vittorio Iannuzzo,22.48140966919757,0.6841405834680213,25/09/2009 13:00:00,0,Honda CBR1000RR [2009],World Superbikes,
298,Rider,Vittorio Iannuzzo,22.45736788284085,0.6859451223253266,02/10/2009 13:00:00,0,Honda CBR1000RR [2009],World Superbikes,
298,Rider,Vittorio Iannuzzo,22.434167444388386,0.6878065452767006,02/10/2009 13:00:00,1,Honda CBR1000RR [2009],World Superbikes,
298,Rider,Vittorio Iannuzzo,22.41283197357328,0.6897100376908868,23/10/2009 13:00:00,0,Honda CBR1000RR [2009],World Superbikes,
298,Rider,Vittorio Iannuzzo,22.391506139306205,0.6916794929762331,23/10/2009 13:00:00,1,Honda CBR1000RR [2009],World Superbikes,
298,Rider,Vittorio Iannuzzo,22.37012270902891,0.6937134172987106,25/02/2010 13:00:00,0,Honda CBR1000RR [2010],World Superbikes,
298,Rider,Vittorio Iannuzzo,22.348140564451484,0.695816578551803,26/02/2010 13:00:00,0,Honda CBR1000RR [2010],World Superbikes,
298,Rider,Vittorio Iannuzzo,22.325759081041248,0.6979800925063552,26/03/2010 13:00:00,0,Honda CBR1000RR [2010],World Superbikes,
298,Rider,Vittorio Iannuzzo,22.304564907268727,0.7001799685461935,26/03/2010 13:00:00,1,Honda CBR1000RR [2010],World Superbikes,
298,Rider,Vittorio Iannuzzo,22.28371080849488,0.7024377677030967,09/04/2010 13:00:00,0,Honda CBR1000RR [2010],World Superbikes,
298,Rider,Vittorio Iannuzzo,22.263135932234732,0.7047641879036363,09/04/2010 13:00:00,1,Honda CBR1000RR [2010],World Superbikes,
298,Rider,Vittorio Iannuzzo,22.24340177418456,0.707154787954692,07/05/2010 13:00:00,0,Honda CBR1000RR [2010],World Superbikes,
298,Rider,Vittorio Iannuzzo,22.224758186346673,0.7095830037506659,07/05/2010 13:00:00,1,Honda CBR1000RR [2010],World Superbikes,
298,Rider,Vittorio Iannuzzo,22.206222128374467,0.7120775896741968,21/02/2013 13:00:00,0,BMW S1000 RR [2013],World Superbikes,
298,Rider,Vittorio Iannuzzo,22.188242010045894,0.7146399940995914,22/02/2013 13:00:00,0,BMW S1000 RR [2013],World Superbikes,
298,Rider,Vittorio Iannuzzo,22.171793602711308,0.7172528525382812,12/04/2013 13:00:00,0,BMW S1000 RR [2013],World Superbikes,
298,Rider,Vittorio Iannuzzo,22.155342129188398,0.719945824283272,12/04/2013 13:00:00,1,BMW S1000 RR [2013],World Superbikes,
298,Rider,Vittorio Iannuzzo,22.140211323588268,0.7226879173724495,26/04/2013 13:00:00,0,BMW S1000 RR [2013],World Superbikes,
298,Rider,Vittorio Iannuzzo,22.126210072649602,0.7254724608635804,26/04/2013 13:00:00,1,BMW S1000 RR [2013],World Superbikes,
298,Rider,Vittorio Iannuzzo,22.11197027908858,0.7283329807033568,27/04/2013 13:00:00,0,BMW S1000 RR [2013],World Superbikes,
298,Rider,Vittorio Iannuzzo,22.098423873030058,0.7312240615027844,10/05/2013 13:00:00,0,BMW S1000 RR [2013],World Superbikes,
298,Rider,Vittorio Iannuzzo,22.085646155527723,0.7341885231688456,10/05/2013 13:00:00,1,BMW S1000 RR [2013],World Superbikes,
298,Rider,Vittorio Iannuzzo,22.074421339929398,0.737204313925748,24/05/2013 13:00:00,0,BMW S1000 RR [2013],World Superbikes,
298,Rider,Vittorio Iannuzzo,22.06441922316008,0.7402670589951172,24/05/2013 13:00:00,1,BMW S1000 RR [2013],World Superbikes,
298,Rider,Vittorio Iannuzzo,22.05478880341024,0.7433993588611559,07/06/2013 13:00:00,0,BMW S1000 RR [2013],World Superbikes,
298,Rider,Vittorio Iannuzzo,22.045077116780142,0.7466163882835212,07/06/2013 13:00:00,1,BMW S1000 RR [2013],World Superbikes,
298,Rider,Vittorio Iannuzzo,22.034783981194654,0.7499223314165091,28/06/2013 13:00:00,0,BMW S1000 RR [2013],World Superbikes,
298,Rider,Vittorio Iannuzzo,22.025275003178734,0.7532708879434271,28/06/2013 13:00:00,1,BMW S1000 RR [2013],World Superbikes,
298,Rider,Vittorio Iannuzzo,22.01557736583166,0.7567032899461851,18/07/2013 13:00:00,0,BMW S1000 RR [2013],World Superbikes,
298,Rider,Vittorio Iannuzzo,22.005763247444413,0.7602188484976001,19/07/2013 13:00:00,0,BMW S1000 RR [2013],World Superbikes,
298,Rider,Vittorio Iannuzzo,21.996703043340588,0.7637774409745259,02/08/2013 13:00:00,0,BMW S1000 RR [2013],World Superbikes,
298,Rider,Vittorio Iannuzzo,21.988674132723983,0.7673837474787324,02/08/2013 13:00:00,1,BMW S1000 RR [2013],World Superbikes,
298,Rider,Vittorio Iannuzzo,21.98172162933931,0.7710404477594396,30/08/2013 13:00:00,0,BMW S1000 RR [2013],World Superbikes,
298,Rider,Vittorio Iannuzzo,21.976082478139467,0.7747544398510089,30/08/2013 13:00:00,1,BMW S1000 RR [2013],World Superbikes,
298,Rider,Vittorio Iannuzzo,21.971542760934067,0.7785231243572168,12/09/2013 13:00:00,0,BMW S1000 RR [2013],World Superbikes,
298,Rider,Vittorio Iannuzzo,21.967063394105384,0.7823806780890002,13/09/2013 13:00:00,1,BMW S1000 RR [2013],World Superbikes,
298,Rider,Vittorio Iannuzzo,21.96395350208675,0.7862984584529554,27/09/2013 13:00:00,0,BMW S1000 RR [2013],World Superbikes,
298,Rider,Vittorio Iannuzzo,21.96165948126176,0.7903028125878975,27/09/2013 13:00:00,1,BMW S1000 RR [2013],World Superbikes,
298,Rider,Vittorio Iannuzzo,21.960157012799097,0.794393393488229,04/10/2013 13:00:00,0,BMW S1000 RR [2013],World Superbikes,
298,Rider,Vittorio Iannuzzo,21.960136078772276,0.7985511226190015,04/10/2013 13:00:00,1,BMW S1000 RR [2013],World Superbikes,
299,Rider,Marco Masetti,18.690114387883817,3.8526964867324227,15/05/2003 13:00:00,0,Ducati 996 RS [2003],World Superbikes,
299,Rider,Marco Masetti,18.6903515978831,3.8526741304455787,16/05/2003 13:00:00,0,Ducati 996 RS [2003],World Superbikes,
300,Rider,Lorenzo Mauri,15.772732104663536,2.3372872443617236,15/05/2003 13:00:00,0,Ducati 996 RS [2003],World Superbikes,
300,Rider,Lorenzo Mauri,15.77296690386438,2.3362580500487127,16/05/2003 13:00:00,0,Ducati 996 RS [2003],World Superbikes,
300,Rider,Lorenzo Mauri,15.77428305751869,2.3354538002311527,25/09/2003 13:00:00,0,Ducati 998 RS [2003],World Superbikes,
300,Rider,Lorenzo Mauri,15.776728977850313,2.33502167167456,26/09/2003 13:00:00,0,Ducati 998 RS [2003],World Superbikes,
300,Rider,Lorenzo Mauri,15.77971723899904,2.3349773068005586,04/05/2006 13:00:00,0,Ducati 999 RS [2006],World Superbikes,
300,Rider,Lorenzo Mauri,15.781092753265318,2.3353349313384903,05/05/2006 13:00:00,0,Ducati 999 RS [2006],World Superbikes,
300,Rider,Lorenzo Mauri,15.782059898466674,2.336054088196834,08/05/2008 13:00:00,0,Ducati 999 RS [2008],World Superbikes,
300,Rider,Lorenzo Mauri,15.782834595023308,2.337041525475429,09/05/2008 13:00:00,0,Ducati 999 RS [2008],World Superbikes,
301,Rider,Sundby Dag Steinar,21.578579479160283,3.6849314009006573,29/05/2003 13:00:00,0,Yamaha YZF-R1 [2003],World Superbikes,
301,Rider,Sundby Dag Steinar,21.579064862488735,3.6849237980694953,30/05/2003 13:00:00,0,Yamaha YZF-R1 [2003],World Superbikes,
302,Bike,Suzuki [2003],26.185332962737004,2.040218483394075,13/06/2003 13:00:00,0,,World Superbikes,
302,Bike,Suzuki [2003],26.185530243255144,2.0390700162787323,13/06/2003 13:00:00,1,,World Superbikes,
302,Bike,Suzuki [2003],26.18521936222121,2.0382675112680273,14/06/2003 13:00:00,0,,World Superbikes,
302,Bike,Suzuki [2003],26.18454626411544,2.037792511953432,25/07/2003 13:00:00,0,,World Superbikes,
302,Bike,Suzuki [2003],26.18424307384356,2.0376752949728267,25/07/2003 13:00:00,1,,World Superbikes,
302,Bike,Suzuki [2003],26.184388373349247,2.037909645397446,26/07/2003 13:00:00,0,,World Superbikes,
302,Bike,Suzuki [2003],26.182910795955223,2.0383969967474767,04/09/2003 13:00:00,0,,World Superbikes,
302,Bike,Suzuki [2003],26.18289862366171,2.0392358127189665,05/09/2003 13:00:00,0,,World Superbikes,
302,Bike,Suzuki [2003],26.18242573151332,2.0403974949516295,06/09/2003 13:00:00,0,,World Superbikes,
303,Bike,Ducati [2003],22.150413950599393,1.784876994936351,13/06/2003 13:00:00,0,,World Superbikes,
303,Bike,Ducati [2003],22.149892354830293,1.7834084590733175,13/06/2003 13:00:00,1,,World Superbikes,
303,Bike,Ducati [2003],22.149645877508323,1.782237508776894,14/06/2003 13:00:00,0,,World Superbikes,
303,Bike,Ducati [2003],22.14914785992117,1.7813457139873037,25/07/2003 13:00:00,0,,World Superbikes,
303,Bike,Ducati [2003],22.14782807561004,1.7807233402634661,25/07/2003 13:00:00,1,,World Superbikes,
303,Bike,Ducati [2003],22.14721668432985,1.780372410615053,26/07/2003 13:00:00,0,,World Superbikes,
303,Bike,Ducati [2003],22.14609534303592,1.7803171278786638,04/09/2003 13:00:00,0,,World Superbikes,
303,Bike,Ducati [2003],22.145164907305592,1.7805739008376615,05/09/2003 13:00:00,0,,World Superbikes,
303,Bike,Ducati [2003],22.143129068359343,1.7811249225513537,06/09/2003 13:00:00,0,,World Superbikes,
303,Bike,Ducati [2003],22.141455979008953,1.7819728874002378,16/10/2003 13:00:00,0,,World Superbikes,
303,Bike,Ducati [2003],22.141170330834452,1.7831336150796788,17/10/2003 13:00:00,0,,World Superbikes,
303,Bike,Ducati [2003],22.140454033002992,1.7845987890982948,18/10/2003 13:00:00,0,,World Superbikes,
304,Rider,Giuseppe Zannini,14.810668462810106,1.743510124275642,19/06/2003 13:00:00,0,Ducati 998 RS [2003],World Superbikes,
304,Rider,Giuseppe Zannini,14.811435892782654,1.7419052323642858,20/06/2003 13:00:00,0,Ducati 998 RS [2003],World Superbikes,
304,Rider,Giuseppe Zannini,14.81273106092115,1.7405769797358461,25/09/2003 13:00:00,0,Ducati 998 RS [2003],World Superbikes,
304,Rider,Giuseppe Zannini,14.814020713062785,1.7395405603026437,26/09/2003 13:00:00,0,Ducati 998 RS [2003],World Superbikes,
304,Rider,Giuseppe Zannini,14.815102125255427,1.7387972373748537,15/04/2004 13:00:00,0,Ducati 998 RS [2004],World Superbikes,
304,Rider,Giuseppe Zannini,14.817013411259646,1.7383111015967463,16/04/2004 13:00:00,0,Ducati 998 RS [2004],World Superbikes,
304,Rider,Giuseppe Zannini,14.817568700399386,1.738117910478831,23/09/2004 13:00:00,0,Ducati 998 RS [2004],World Superbikes,
304,Rider,Giuseppe Zannini,14.816164624817185,1.7382263935723308,24/09/2004 13:00:00,0,Ducati 998 RS [2004],World Superbikes,
304,Rider,Giuseppe Zannini,14.812989440865094,1.738630508636519,23/06/2005 13:00:00,0,Yamaha YZF-R1 [2005],World Superbikes,
304,Rider,Giuseppe Zannini,14.810511162747144,1.7393008563621348,24/06/2005 13:00:00,0,Yamaha YZF-R1 [2005],World Superbikes,
304,Rider,Giuseppe Zannini,14.809485334341483,1.740221688604998,29/09/2005 13:00:00,0,Ducati 999 RS [2005],World Superbikes,
304,Rider,Giuseppe Zannini,14.809795777539945,1.7413244118710587,30/09/2005 13:00:00,0,Ducati 999 RS [2005],World Superbikes,
304,Rider,Giuseppe Zannini,14.808945402554366,1.742722219069049,06/10/2005 13:00:00,0,Ducati 999 RS [2005],World Superbikes,
304,Rider,Giuseppe Zannini,14.809424882064846,1.7443028451561673,07/10/2005 13:00:00,0,Ducati 999 RS [2005],World Superbikes,
305,Rider,Luca Pedersoli,10.594698959411405,2.177882115799831,11/07/2003 13:00:00,0,Ducati 998 RS [2003],World Superbikes,
305,Rider,Luca Pedersoli,10.592524782992985,2.1768267334627915,12/07/2003 13:00:00,0,Ducati 998 RS [2003],World Superbikes,
305,Rider,Luca Pedersoli,10.58968834187438,2.1760796250048853,25/07/2003 13:00:00,0,Ducati 998 RS [2003],World Superbikes,
305,Rider,Luca Pedersoli,10.587867847459743,2.175540360472775,25/07/2003 13:00:00,1,Ducati 998 RS [2003],World Superbikes,
305,Rider,Luca Pedersoli,10.586300414192163,2.175311281450761,04/09/2003 13:00:00,0,Ducati 998 RS [2003],World Superbikes,
305,Rider,Luca Pedersoli,10.584593146281712,2.1754333175914833,05/09/2003 13:00:00,0,Ducati 998 RS [2003],World Superbikes,
305,Rider,Luca Pedersoli,10.58380442273925,2.17577873346582,25/09/2003 13:00:00,0,Ducati 998 RS [2003],World Superbikes,
305,Rider,Luca Pedersoli,10.584360172739776,2.1763745020938177,26/09/2003 13:00:00,0,Ducati 998 RS [2003],World Superbikes,
305,Rider,Luca Pedersoli,10.584772340527628,2.177324353821237,05/05/2005 13:00:00,0,Ducati 998 RS [2005],World Superbikes,
305,Rider,Luca Pedersoli,10.58615286541251,2.1784554554881432,06/05/2005 13:00:00,0,Ducati 998 RS [2005],World Superbikes,
306,Rider,Leon Haslam,39.51728223339199,0.7258647106834369,25/07/2003 13:00:00,0,Ducati [2003],World Superbikes,
306,Rider,Leon Haslam,39.51743585409404,0.7212550700715437,25/07/2003 13:00:00,1,Ducati [2003],World Superbikes,
306,Rider,Leon Haslam,39.51822924229265,0.7167342178328635,26/07/2003 13:00:00,0,Ducati [2003],World Superbikes,
306,Rider,Leon Haslam,39.51900753564967,0.7122970306148786,04/09/2003 13:00:00,0,Ducati [2003],World Superbikes,
306,Rider,Leon Haslam,39.51997673457027,0.7079434692119406,05/09/2003 13:00:00,0,Ducati [2003],World Superbikes,
306,Rider,Leon Haslam,39.51984053027496,0.7036660504902964,06/09/2003 13:00:00,0,Ducati [2003],World Superbikes,
306,Rider,Leon Haslam,39.5200670755755,0.6994643552699105,16/10/2003 13:00:00,0,Ducati [2003],World Superbikes,
306,Rider,Leon Haslam,39.52168106205193,0.6953423768364059,17/10/2003 13:00:00,0,Ducati [2003],World Superbikes,
306,Rider,Leon Haslam,39.52286439887143,0.6912959198305658,18/10/2003 13:00:00,0,Ducati [2003],World Superbikes,
306,Rider,Leon Haslam,39.525049988119065,0.6873224242035711,27/02/2004 13:00:00,0,Ducati [2004],World Superbikes,
306,Rider,Leon Haslam,39.52849948553762,0.6834299696462496,27/02/2004 13:00:00,1,Ducati [2004],World Superbikes,
306,Rider,Leon Haslam,39.53231970755647,0.6796161686908112,28/02/2004 13:00:00,0,Ducati [2004],World Superbikes,
306,Rider,Leon Haslam,39.53539698038243,0.6758736056118929,25/03/2004 13:00:00,0,Ducati [2004],World Superbikes,
306,Rider,Leon Haslam,39.53889063521728,0.6722084615303902,26/03/2004 13:00:00,0,Ducati [2004],World Superbikes,
306,Rider,Leon Haslam,39.54135118344053,0.6686117613636048,26/03/2004 13:00:00,1,Ducati [2004],World Superbikes,
306,Rider,Leon Haslam,39.54296573648085,0.6650844864745126,15/04/2004 13:00:00,0,Ducati [2004],World Superbikes,
306,Rider,Leon Haslam,39.54470774728823,0.6616303113387436,16/04/2004 13:00:00,0,Ducati [2004],World Superbikes,
306,Rider,Leon Haslam,39.54829410955677,0.6582501930586636,17/04/2004 13:00:00,0,Ducati [2004],World Superbikes,
306,Rider,Leon Haslam,39.55257646544385,0.6549402071222481,13/05/2004 13:00:00,0,Ducati [2004],World Superbikes,
306,Rider,Leon Haslam,39.55846478271337,0.6516996919789747,14/05/2004 13:00:00,0,Ducati [2004],World Superbikes,
306,Rider,Leon Haslam,39.56484329280712,0.6485282648055172,15/05/2004 13:00:00,0,Ducati [2004],World Superbikes,
306,Rider,Leon Haslam,39.57067031782597,0.6454206326788585,27/05/2004 13:00:00,0,Ducati [2004],World Superbikes,
306,Rider,Leon Haslam,39.57702486895621,0.6423812417864212,28/05/2004 13:00:00,0,Ducati [2004],World Superbikes,
306,Rider,Leon Haslam,39.58498117530182,0.6394088721491054,29/05/2004 13:00:00,0,Ducati [2004],World Superbikes,
306,Rider,Leon Haslam,39.594307423698886,0.6364976804590483,11/06/2004 13:00:00,0,Ducati [2004],World Superbikes,
306,Rider,Leon Haslam,39.60483947184331,0.6336498400527195,11/06/2004 13:00:00,1,Ducati [2004],World Superbikes,
306,Rider,Leon Haslam,39.615976532596925,0.630864114809754,12/06/2004 13:00:00,0,Ducati [2004],World Superbikes,
306,Rider,Leon Haslam,39.62654796127592,0.6281359700861421,09/07/2004 13:00:00,0,Ducati [2004],World Superbikes,
306,Rider,Leon Haslam,39.63844944054823,0.6254659805974343,10/07/2004 13:00:00,0,Ducati [2004],World Superbikes,
306,Rider,Leon Haslam,39.651077117826134,0.6228533605854224,10/07/2004 13:00:00,1,Ducati [2004],World Superbikes,
306,Rider,Leon Haslam,39.664185033294814,0.6202951060856274,30/07/2004 13:00:00,0,Ducati [2004],World Superbikes,
306,Rider,Leon Haslam,39.67710674150212,0.6177955296848113,30/07/2004 13:00:00,1,Ducati [2004],World Superbikes,
306,Rider,Leon Haslam,39.690034094389716,0.6153521947409722,31/07/2004 13:00:00,0,Ducati [2004],World Superbikes,
306,Rider,Leon Haslam,39.70373459119964,0.6129612943647453,02/09/2004 13:00:00,0,Ducati [2004],World Superbikes,
306,Rider,Leon Haslam,39.71743260130436,0.610624940384577,03/09/2004 13:00:00,0,Ducati [2004],World Superbikes,
306,Rider,Leon Haslam,39.73252457506066,0.6083414385845066,04/09/2004 13:00:00,0,Ducati [2004],World Superbikes,
306,Rider,Leon Haslam,39.747085533206565,0.6061050940708039,23/09/2004 13:00:00,0,Ducati [2004],World Superbikes,
306,Rider,Leon Haslam,39.763696638293396,0.6039220171158768,24/09/2004 13:00:00,0,Ducati [2004],World Superbikes,
306,Rider,Leon Haslam,39.781527590593825,0.6017880585185448,30/09/2004 13:00:00,0,Ducati [2004],World Superbikes,
306,Rider,Leon Haslam,39.80019475916642,0.5997034947301909,01/10/2004 13:00:00,0,Ducati [2004],World Superbikes,
306,Rider,Leon Haslam,39.819833577394135,0.5976672936877053,02/10/2004 13:00:00,0,Ducati [2004],World Superbikes,
306,Rider,Leon Haslam,39.84011519085975,0.5956751845925088,05/09/2008 13:00:00,0,Honda CBR1000RR [2008],World Superbikes,
306,Rider,Leon Haslam,39.85923778581894,0.593730462721411,05/09/2008 13:00:00,1,Honda CBR1000RR [2008],World Superbikes,
306,Rider,Leon Haslam,39.87663666457904,0.591829409073473,06/09/2008 13:00:00,0,Honda CBR1000RR [2008],World Superbikes,
306,Rider,Leon Haslam,39.894582747282804,0.5899709167918423,31/10/2008 13:00:00,0,Honda CBR1000RR [2008],World Superbikes,
306,Rider,Leon Haslam,39.91050808681442,0.5881492198629052,31/10/2008 13:00:00,1,Honda CBR1000RR [2008],World Superbikes,
306,Rider,Leon Haslam,39.9255170481185,0.5863725023894928,01/11/2008 13:00:00,0,Honda CBR1000RR [2008],World Superbikes,
306,Rider,Leon Haslam,39.939753905454786,0.5846361601256391,26/02/2009 13:00:00,0,Honda CBR1000RR [2009],World Superbikes,
306,Rider,Leon Haslam,39.95244922233441,0.5829398816025159,27/02/2009 13:00:00,0,Honda CBR1000RR [2009],World Superbikes,
306,Rider,Leon Haslam,39.96640944953801,0.5812888059285964,27/02/2009 13:00:00,1,Honda CBR1000RR [2009],World Superbikes,
306,Rider,Leon Haslam,39.98078077229916,0.5796796283791145,27/02/2009 13:00:00,2,Honda CBR1000RR [2009],World Superbikes,
306,Rider,Leon Haslam,39.993607428044726,0.578106138975965,27/02/2009 13:00:00,3,Honda CBR1000RR [2009],World Superbikes,
306,Rider,Leon Haslam,40.006562858896864,0.5765578168016715,11/03/2009 13:00:00,0,Honda CBR1000RR [2009],World Superbikes,
306,Rider,Leon Haslam,40.0208792287522,0.5750507385695375,12/03/2009 13:00:00,0,Honda CBR1000RR [2009],World Superbikes,
306,Rider,Leon Haslam,40.035064473587965,0.5735848761166457,12/03/2009 13:00:00,1,Honda CBR1000RR [2009],World Superbikes,
306,Rider,Leon Haslam,40.05082308545524,0.5721524343432751,03/04/2009 13:00:00,0,Honda CBR1000RR [2009],World Superbikes,
306,Rider,Leon Haslam,40.06704200232505,0.5707598825373523,03/04/2009 13:00:00,1,Honda CBR1000RR [2009],World Superbikes,
306,Rider,Leon Haslam,40.084237036217466,0.569406376013586,04/04/2009 13:00:00,0,Honda CBR1000RR [2009],World Superbikes,
306,Rider,Leon Haslam,40.10147905191262,0.5680897343104049,04/04/2009 13:00:00,1,Honda CBR1000RR [2009],World Superbikes,
306,Rider,Leon Haslam,40.11911829985615,0.566805872448349,24/04/2009 13:00:00,0,Honda CBR1000RR [2009],World Superbikes,
306,Rider,Leon Haslam,40.13660444634978,0.5655583708832023,24/04/2009 13:00:00,1,Honda CBR1000RR [2009],World Superbikes,
306,Rider,Leon Haslam,40.15392053749659,0.5643463406407064,25/04/2009 13:00:00,0,Honda CBR1000RR [2009],World Superbikes,
306,Rider,Leon Haslam,40.171294133865,0.5631687895823763,25/04/2009 13:00:00,1,Honda CBR1000RR [2009],World Superbikes,
306,Rider,Leon Haslam,40.188205255046455,0.5620226495064318,25/04/2009 13:00:00,2,Honda CBR1000RR [2009],World Superbikes,
306,Rider,Leon Haslam,40.20409231950462,0.5608941916184409,08/05/2009 13:00:00,0,Honda CBR1000RR [2009],World Superbikes,
306,Rider,Leon Haslam,40.220183090971084,0.5597990417577742,08/05/2009 13:00:00,1,Honda CBR1000RR [2009],World Superbikes,
306,Rider,Leon Haslam,40.235540079754394,0.5587351564041868,09/05/2009 13:00:00,0,Honda CBR1000RR [2009],World Superbikes,
306,Rider,Leon Haslam,40.25243627981486,0.5576989874763857,15/05/2009 13:00:00,0,Honda CBR1000RR [2009],World Superbikes,
306,Rider,Leon Haslam,40.268049382575136,0.5566882571391626,15/05/2009 13:00:00,1,Honda CBR1000RR [2009],World Superbikes,
306,Rider,Leon Haslam,40.28192010094579,0.5556979146392503,16/05/2009 13:00:00,0,Honda CBR1000RR [2009],World Superbikes,
306,Rider,Leon Haslam,40.29464208440579,0.5547318617474298,16/05/2009 13:00:00,1,Honda CBR1000RR [2009],World Superbikes,
306,Rider,Leon Haslam,40.30784396123774,0.5537911893669748,29/05/2009 13:00:00,0,Honda CBR1000RR [2009],World Superbikes,
306,Rider,Leon Haslam,40.322840441106955,0.5528782522907227,29/05/2009 13:00:00,1,Honda CBR1000RR [2009],World Superbikes,
306,Rider,Leon Haslam,40.33842056554891,0.5519945022874836,30/05/2009 13:00:00,0,Honda CBR1000RR [2009],World Superbikes,
306,Rider,Leon Haslam,40.354023589602726,0.5511367531865653,30/05/2009 13:00:00,1,Honda CBR1000RR [2009],World Superbikes,
306,Rider,Leon Haslam,40.37056553510822,0.5503025556241034,19/06/2009 13:00:00,0,Honda CBR1000RR [2009],World Superbikes,
306,Rider,Leon Haslam,40.38686075133396,0.5494962148502845,19/06/2009 13:00:00,1,Honda CBR1000RR [2009],World Superbikes,
306,Rider,Leon Haslam,40.403480316648825,0.54871784381032,20/06/2009 13:00:00,0,Honda CBR1000RR [2009],World Superbikes,
306,Rider,Leon Haslam,40.420549286064066,0.5479644048291874,20/06/2009 13:00:00,1,Honda CBR1000RR [2009],World Superbikes,
306,Rider,Leon Haslam,40.43792093255541,0.5472333435433033,26/06/2009 13:00:00,0,Honda CBR1000RR [2009],World Superbikes,
306,Rider,Leon Haslam,40.45336767286972,0.5465171077767608,26/06/2009 13:00:00,1,Honda CBR1000RR [2009],World Superbikes,
306,Rider,Leon Haslam,40.46772028847018,0.5458224376589634,27/06/2009 13:00:00,0,Honda CBR1000RR [2009],World Superbikes,
306,Rider,Leon Haslam,40.482184525244016,0.5451512677956217,27/06/2009 13:00:00,1,Honda CBR1000RR [2009],World Superbikes,
306,Rider,Leon Haslam,40.4967966680078,0.5445011622778675,24/07/2009 13:00:00,0,Honda CBR1000RR [2009],World Superbikes,
306,Rider,Leon Haslam,40.512720113685425,0.5438744421353049,24/07/2009 13:00:00,1,Honda CBR1000RR [2009],World Superbikes,
306,Rider,Leon Haslam,40.52903702429319,0.543271600616636,25/07/2009 13:00:00,0,Honda CBR1000RR [2009],World Superbikes,
306,Rider,Leon Haslam,40.546968327225855,0.5426870905629767,04/09/2009 13:00:00,0,Honda CBR1000RR [2009],World Superbikes,
306,Rider,Leon Haslam,40.564467923741496,0.5421241475752373,04/09/2009 13:00:00,1,Honda CBR1000RR [2009],World Superbikes,
306,Rider,Leon Haslam,40.581939270037935,0.541583121842348,05/09/2009 13:00:00,0,Honda CBR1000RR [2009],World Superbikes,
306,Rider,Leon Haslam,40.59795438202112,0.5410573721951661,05/09/2009 13:00:00,1,Honda CBR1000RR [2009],World Superbikes,
306,Rider,Leon Haslam,40.613317924041965,0.540548849856934,05/09/2009 13:00:00,2,Honda CBR1000RR [2009],World Superbikes,
306,Rider,Leon Haslam,40.627550642179536,0.540048383974466,25/09/2009 13:00:00,0,Honda CBR1000RR [2009],World Superbikes,
306,Rider,Leon Haslam,40.64192657588244,0.5395691782307679,26/09/2009 13:00:00,0,Honda CBR1000RR [2009],World Superbikes,
306,Rider,Leon Haslam,40.654648045273994,0.5391024099069616,26/09/2009 13:00:00,1,Honda CBR1000RR [2009],World Superbikes,
306,Rider,Leon Haslam,40.667703649488146,0.5386526151283406,02/10/2009 13:00:00,0,Honda CBR1000RR [2009],World Superbikes,
306,Rider,Leon Haslam,40.681159983427094,0.5382218466503207,02/10/2009 13:00:00,1,Honda CBR1000RR [2009],World Superbikes,
306,Rider,Leon Haslam,40.69363358686961,0.5378068726703105,03/10/2009 13:00:00,0,Honda CBR1000RR [2009],World Superbikes,
306,Rider,Leon Haslam,40.7035565766484,0.5373903833500164,03/10/2009 13:00:00,1,Honda CBR1000RR [2009],World Superbikes,
306,Rider,Leon Haslam,40.71312045145851,0.5369898491162982,03/10/2009 13:00:00,2,Honda CBR1000RR [2009],World Superbikes,
306,Rider,Leon Haslam,40.722994930094224,0.5365918445221295,23/10/2009 13:00:00,0,Honda CBR1000RR [2009],World Superbikes,
306,Rider,Leon Haslam,40.73296543558631,0.5362116522661018,23/10/2009 13:00:00,1,Honda CBR1000RR [2009],World Superbikes,
306,Rider,Leon Haslam,40.74251601695734,0.5358485527539288,24/10/2009 13:00:00,0,Honda CBR1000RR [2009],World Superbikes,
306,Rider,Leon Haslam,40.75147235729974,0.5355011284479502,24/10/2009 13:00:00,1,Honda CBR1000RR [2009],World Superbikes,
306,Rider,Leon Haslam,40.760112770377575,0.5351684889542396,24/10/2009 13:00:00,2,Honda CBR1000RR [2009],World Superbikes,
306,Rider,Leon Haslam,40.768582199790664,0.5348398097709849,25/02/2010 13:00:00,0,Suzuki GSX-R 1000 K9 [2010],World Superbikes,
306,Rider,Leon Haslam,40.77614655155274,0.5345216330011925,26/02/2010 13:00:00,0,Suzuki GSX-R 1000 K9 [2010],World Superbikes,
306,Rider,Leon Haslam,40.782451945609935,0.534206800265795,26/02/2010 13:00:00,1,Suzuki GSX-R 1000 K9 [2010],World Superbikes,
306,Rider,Leon Haslam,40.78686748274622,0.5338846585776017,26/02/2010 13:00:00,2,Suzuki GSX-R 1000 K9 [2010],World Superbikes,
306,Rider,Leon Haslam,40.78931812228007,0.5335537329985907,26/02/2010 13:00:00,3,Suzuki GSX-R 1000 K9 [2010],World Superbikes,
306,Rider,Leon Haslam,40.790096311367144,0.5332087136100652,26/03/2010 13:00:00,0,Suzuki GSX-R 1000 K9 [2010],World Superbikes,
306,Rider,Leon Haslam,40.78887920583587,0.5328567696733569,26/03/2010 13:00:00,1,Suzuki GSX-R 1000 K9 [2010],World Superbikes,
306,Rider,Leon Haslam,40.78697095547148,0.5325169551725656,27/03/2010 13:00:00,0,Suzuki GSX-R 1000 K9 [2010],World Superbikes,
306,Rider,Leon Haslam,40.78311073714316,0.5321682678898816,27/03/2010 13:00:00,1,Suzuki GSX-R 1000 K9 [2010],World Superbikes,
306,Rider,Leon Haslam,40.77949999580493,0.5318316471117518,27/03/2010 13:00:00,2,Suzuki GSX-R 1000 K9 [2010],World Superbikes,
306,Rider,Leon Haslam,40.77575469415172,0.5314973928502368,09/04/2010 13:00:00,0,Suzuki GSX-R 1000 K9 [2010],World Superbikes,
306,Rider,Leon Haslam,40.77161668122864,0.53117580665013,09/04/2010 13:00:00,1,Suzuki GSX-R 1000 K9 [2010],World Superbikes,
306,Rider,Leon Haslam,40.76688915859682,0.5308658142496401,10/04/2010 13:00:00,0,Suzuki GSX-R 1000 K9 [2010],World Superbikes,
306,Rider,Leon Haslam,40.76088048418171,0.5305603969334441,10/04/2010 13:00:00,1,Suzuki GSX-R 1000 K9 [2010],World Superbikes,
306,Rider,Leon Haslam,40.75454171957435,0.5302657420873828,10/04/2010 13:00:00,2,Suzuki GSX-R 1000 K9 [2010],World Superbikes,
306,Rider,Leon Haslam,40.748139939528194,0.5299717884475396,23/04/2010 13:00:00,0,Suzuki GSX-R 1000 K9 [2010],World Superbikes,
306,Rider,Leon Haslam,40.74109456440087,0.5296878854823087,23/04/2010 13:00:00,1,Suzuki GSX-R 1000 K9 [2010],World Superbikes,
306,Rider,Leon Haslam,40.73553821419059,0.5294169314884707,24/04/2010 13:00:00,0,Suzuki GSX-R 1000 K9 [2010],World Superbikes,
306,Rider,Leon Haslam,40.72806474616775,0.5291365338241536,24/04/2010 13:00:00,1,Suzuki GSX-R 1000 K9 [2010],World Superbikes,
306,Rider,Leon Haslam,40.71934859147442,0.5288593836944571,24/04/2010 13:00:00,2,Suzuki GSX-R 1000 K9 [2010],World Superbikes,
306,Rider,Leon Haslam,40.710714880661016,0.5285848454237893,07/05/2010 13:00:00,0,Suzuki GSX-R 1000 K9 [2010],World Superbikes,
306,Rider,Leon Haslam,40.70175249596124,0.528320762101855,07/05/2010 13:00:00,1,Suzuki GSX-R 1000 K9 [2010],World Superbikes,
306,Rider,Leon Haslam,40.69277180238651,0.5280684588909301,08/05/2010 13:00:00,0,Suzuki GSX-R 1000 K9 [2010],World Superbikes,
306,Rider,Leon Haslam,40.68294289962594,0.5278230129536948,08/05/2010 13:00:00,1,Suzuki GSX-R 1000 K9 [2010],World Superbikes,
306,Rider,Leon Haslam,40.672997605037125,0.5275864927919367,08/05/2010 13:00:00,2,Suzuki GSX-R 1000 K9 [2010],World Superbikes,
306,Rider,Leon Haslam,40.663615599707306,0.5273484111676054,14/05/2010 13:00:00,0,Suzuki GSX-R 1000 K9 [2010],World Superbikes,
306,Rider,Leon Haslam,40.65378055889627,0.5271195097096256,14/05/2010 13:00:00,1,Suzuki GSX-R 1000 K9 [2010],World Superbikes,
306,Rider,Leon Haslam,40.643188748619636,0.526898825958594,15/05/2010 13:00:00,0,Suzuki GSX-R 1000 K9 [2010],World Superbikes,
306,Rider,Leon Haslam,40.63229353067798,0.5266882740979354,15/05/2010 13:00:00,1,Suzuki GSX-R 1000 K9 [2010],World Superbikes,
306,Rider,Leon Haslam,40.61999439404513,0.5264769509034531,15/05/2010 13:00:00,2,Suzuki GSX-R 1000 K9 [2010],World Superbikes,
306,Rider,Leon Haslam,40.60794604840211,0.5262663072021487,29/05/2010 13:00:00,0,Suzuki GSX-R 1000 K9 [2010],World Superbikes,
306,Rider,Leon Haslam,40.59522138547428,0.5260627721058847,29/05/2010 13:00:00,1,Suzuki GSX-R 1000 K9 [2010],World Superbikes,
306,Rider,Leon Haslam,40.583878815558016,0.5258686533234113,30/05/2010 13:00:00,0,Suzuki GSX-R 1000 K9 [2010],World Superbikes,
306,Rider,Leon Haslam,40.573079197407175,0.5256853968415199,30/05/2010 13:00:00,1,Suzuki GSX-R 1000 K9 [2010],World Superbikes,
306,Rider,Leon Haslam,40.56128942719634,0.5255059258317568,30/05/2010 13:00:00,2,Suzuki GSX-R 1000 K9 [2010],World Superbikes,
306,Rider,Leon Haslam,40.5497606689547,0.5253249433349056,25/06/2010 13:00:00,0,Suzuki GSX-R 1000 K9 [2010],World Superbikes,
306,Rider,Leon Haslam,40.53717047083269,0.525148645867279,25/06/2010 13:00:00,1,Suzuki GSX-R 1000 K9 [2010],World Superbikes,
306,Rider,Leon Haslam,40.52515014315449,0.5249836328772348,26/06/2010 13:00:00,0,Suzuki GSX-R 1000 K9 [2010],World Superbikes,
306,Rider,Leon Haslam,40.5146146387115,0.5248272332307135,26/06/2010 13:00:00,1,Suzuki GSX-R 1000 K9 [2010],World Superbikes,
306,Rider,Leon Haslam,40.504192042758454,0.5246791970076221,26/06/2010 13:00:00,2,Suzuki GSX-R 1000 K9 [2010],World Superbikes,
306,Rider,Leon Haslam,40.49507635431323,0.5245211004000472,09/07/2010 13:00:00,0,Suzuki GSX-R 1000 K9 [2010],World Superbikes,
306,Rider,Leon Haslam,40.48814823063938,0.5243695774627506,09/07/2010 13:00:00,1,Suzuki GSX-R 1000 K9 [2010],World Superbikes,
306,Rider,Leon Haslam,40.48256869738511,0.5242265709559952,10/07/2010 13:00:00,0,Suzuki GSX-R 1000 K9 [2010],World Superbikes,
306,Rider,Leon Haslam,40.47842279944729,0.5240925521195989,10/07/2010 13:00:00,1,Suzuki GSX-R 1000 K9 [2010],World Superbikes,
306,Rider,Leon Haslam,40.476217243471986,0.5239640376553134,30/07/2010 13:00:00,0,Suzuki GSX-R 1000 K9 [2010],World Superbikes,
306,Rider,Leon Haslam,40.47417324445199,0.5238450827406345,30/07/2010 13:00:00,1,Suzuki GSX-R 1000 K9 [2010],World Superbikes,
306,Rider,Leon Haslam,40.473402355278076,0.5237371885303544,31/07/2010 13:00:00,0,Suzuki GSX-R 1000 K9 [2010],World Superbikes,
306,Rider,Leon Haslam,40.47325400107725,0.5236382851653769,31/07/2010 13:00:00,1,Suzuki GSX-R 1000 K9 [2010],World Superbikes,
306,Rider,Leon Haslam,40.47272045773721,0.5235461915451478,31/07/2010 13:00:00,2,Suzuki GSX-R 1000 K9 [2010],World Superbikes,
306,Rider,Leon Haslam,40.47248139015371,0.5234526601544395,03/09/2010 13:00:00,0,Suzuki GSX-R 1000 K9 [2010],World Superbikes,
306,Rider,Leon Haslam,40.4731719558785,0.5233677634456475,03/09/2010 13:00:00,1,Suzuki GSX-R 1000 K9 [2010],World Superbikes,
306,Rider,Leon Haslam,40.474416734677106,0.523291400517875,04/09/2010 13:00:00,0,Suzuki GSX-R 1000 K9 [2010],World Superbikes,
306,Rider,Leon Haslam,40.473684264172284,0.5232006864951148,04/09/2010 13:00:00,1,Suzuki GSX-R 1000 K9 [2010],World Superbikes,
306,Rider,Leon Haslam,40.47261541313821,0.5231168490762401,04/09/2010 13:00:00,2,Suzuki GSX-R 1000 K9 [2010],World Superbikes,
306,Rider,Leon Haslam,40.47247869537332,0.523029319518014,24/09/2010 13:00:00,0,Suzuki GSX-R 1000 K9 [2010],World Superbikes,
306,Rider,Leon Haslam,40.47139118927257,0.5229446055169777,24/09/2010 13:00:00,1,Suzuki GSX-R 1000 K9 [2010],World Superbikes,
306,Rider,Leon Haslam,40.47449598791208,0.5228546471356478,25/09/2010 13:00:00,0,Suzuki GSX-R 1000 K9 [2010],World Superbikes,
306,Rider,Leon Haslam,40.47680219009949,0.5227678852260798,25/09/2010 13:00:00,1,Suzuki GSX-R 1000 K9 [2010],World Superbikes,
306,Rider,Leon Haslam,40.47935329390714,0.5226897107827989,25/09/2010 13:00:00,2,Suzuki GSX-R 1000 K9 [2010],World Superbikes,
306,Rider,Leon Haslam,40.48198823847839,0.5226089043368902,01/10/2010 13:00:00,0,Suzuki GSX-R 1000 K9 [2010],World Superbikes,
306,Rider,Leon Haslam,40.485294653292385,0.5225362886242652,01/10/2010 13:00:00,1,Suzuki GSX-R 1000 K9 [2010],World Superbikes,
306,Rider,Leon Haslam,40.488318813871004,0.5224709828592919,02/10/2010 13:00:00,0,Suzuki GSX-R 1000 K9 [2010],World Superbikes,
306,Rider,Leon Haslam,40.49289214177499,0.5224115412763596,02/10/2010 13:00:00,1,Suzuki GSX-R 1000 K9 [2010],World Superbikes,
306,Rider,Leon Haslam,40.49821653359701,0.5223583052287893,24/02/2011 13:00:00,0,BMW S1000 RR [2011],World Superbikes,
306,Rider,Leon Haslam,40.5028207786093,0.5223121767289487,25/02/2011 13:00:00,0,BMW S1000 RR [2011],World Superbikes,
306,Rider,Leon Haslam,40.506737209792,0.5222730723718942,25/02/2011 13:00:00,1,BMW S1000 RR [2011],World Superbikes,
306,Rider,Leon Haslam,40.50951835814956,0.5222376991686498,25/02/2011 13:00:00,2,BMW S1000 RR [2011],World Superbikes,
306,Rider,Leon Haslam,40.511309187041306,0.5222042045444367,25/02/2011 13:00:00,3,BMW S1000 RR [2011],World Superbikes,
306,Rider,Leon Haslam,40.51247647146184,0.5221680798348434,25/03/2011 13:00:00,0,BMW S1000 RR [2011],World Superbikes,
306,Rider,Leon Haslam,40.513024072920025,0.5221382857123176,25/03/2011 13:00:00,1,BMW S1000 RR [2011],World Superbikes,
306,Rider,Leon Haslam,40.51356309277852,0.5221176430172313,26/03/2011 13:00:00,0,BMW S1000 RR [2011],World Superbikes,
306,Rider,Leon Haslam,40.51228794198683,0.522096394297295,26/03/2011 13:00:00,1,BMW S1000 RR [2011],World Superbikes,
306,Rider,Leon Haslam,40.509728579246634,0.5220755459716357,26/03/2011 13:00:00,2,BMW S1000 RR [2011],World Superbikes,
306,Rider,Leon Haslam,40.50569693330545,0.5220465223138733,15/04/2011 13:00:00,0,BMW S1000 RR [2011],World Superbikes,
306,Rider,Leon Haslam,40.501107846668475,0.5220251544642321,15/04/2011 13:00:00,1,BMW S1000 RR [2011],World Superbikes,
306,Rider,Leon Haslam,40.49562491520544,0.5220107390514896,16/04/2011 13:00:00,0,BMW S1000 RR [2011],World Superbikes,
306,Rider,Leon Haslam,40.489458929485764,0.5220028213138753,16/04/2011 13:00:00,1,BMW S1000 RR [2011],World Superbikes,
306,Rider,Leon Haslam,40.4852408928518,0.5219776062534519,06/05/2011 13:00:00,0,BMW S1000 RR [2011],World Superbikes,
306,Rider,Leon Haslam,40.47869928282021,0.5219412917920424,06/05/2011 13:00:00,1,BMW S1000 RR [2011],World Superbikes,
306,Rider,Leon Haslam,40.47249078210171,0.5219131851591686,07/05/2011 13:00:00,0,BMW S1000 RR [2011],World Superbikes,
306,Rider,Leon Haslam,40.46453119822102,0.5218840849946749,07/05/2011 13:00:00,1,BMW S1000 RR [2011],World Superbikes,
306,Rider,Leon Haslam,40.45627247750119,0.5218587724310357,07/05/2011 13:00:00,2,BMW S1000 RR [2011],World Superbikes,
306,Rider,Leon Haslam,40.44835702687331,0.5218287643380455,28/05/2011 13:00:00,0,BMW S1000 RR [2011],World Superbikes,
306,Rider,Leon Haslam,40.44177660292254,0.5218050193864502,28/05/2011 13:00:00,1,BMW S1000 RR [2011],World Superbikes,
306,Rider,Leon Haslam,40.433720842730665,0.5217849782989497,29/05/2011 13:00:00,0,BMW S1000 RR [2011],World Superbikes,
306,Rider,Leon Haslam,40.42567365879721,0.5217711669143406,29/05/2011 13:00:00,1,BMW S1000 RR [2011],World Superbikes,
306,Rider,Leon Haslam,40.419450751796205,0.5217404142089224,10/06/2011 13:00:00,0,BMW S1000 RR [2011],World Superbikes,
306,Rider,Leon Haslam,40.41341167082644,0.5217176100419084,10/06/2011 13:00:00,1,BMW S1000 RR [2011],World Superbikes,
306,Rider,Leon Haslam,40.406673692311706,0.5217024551453644,11/06/2011 13:00:00,0,BMW S1000 RR [2011],World Superbikes,
306,Rider,Leon Haslam,40.40030469313468,0.5216932386534777,11/06/2011 13:00:00,1,BMW S1000 RR [2011],World Superbikes,
306,Rider,Leon Haslam,40.39412185069999,0.5216863788694549,11/06/2011 13:00:00,2,BMW S1000 RR [2011],World Superbikes,
306,Rider,Leon Haslam,40.38763784608658,0.5216768853542231,17/06/2011 13:00:00,0,BMW S1000 RR [2011],World Superbikes,
306,Rider,Leon Haslam,40.38230228035146,0.5216748582700101,17/06/2011 13:00:00,1,BMW S1000 RR [2011],World Superbikes,
306,Rider,Leon Haslam,40.37779743604124,0.5216804526979435,18/06/2011 13:00:00,0,BMW S1000 RR [2011],World Superbikes,
306,Rider,Leon Haslam,40.3746638977732,0.5216891273340041,08/07/2011 13:00:00,0,BMW S1000 RR [2011],World Superbikes,
306,Rider,Leon Haslam,40.37106147432804,0.5217040253121341,08/07/2011 13:00:00,1,BMW S1000 RR [2011],World Superbikes,
306,Rider,Leon Haslam,40.368118175294946,0.5217272943307303,09/07/2011 13:00:00,0,BMW S1000 RR [2011],World Superbikes,
306,Rider,Leon Haslam,40.36653837986338,0.5217540285844232,29/07/2011 13:00:00,0,BMW S1000 RR [2011],World Superbikes,
306,Rider,Leon Haslam,40.36494686566817,0.5217890214870957,29/07/2011 13:00:00,1,BMW S1000 RR [2011],World Superbikes,
306,Rider,Leon Haslam,40.36320750910574,0.5218323213140096,30/07/2011 13:00:00,0,BMW S1000 RR [2011],World Superbikes,
306,Rider,Leon Haslam,40.36050570813059,0.5218786235530236,30/07/2011 13:00:00,1,BMW S1000 RR [2011],World Superbikes,
306,Rider,Leon Haslam,40.35853892246992,0.5219261369768879,02/09/2011 13:00:00,0,BMW S1000 RR [2011],World Superbikes,
306,Rider,Leon Haslam,40.356569885593856,0.5219811310765634,02/09/2011 13:00:00,1,BMW S1000 RR [2011],World Superbikes,
306,Rider,Leon Haslam,40.35441406218732,0.5220431320789164,03/09/2011 13:00:00,0,BMW S1000 RR [2011],World Superbikes,
306,Rider,Leon Haslam,40.35148034011486,0.5221088807042742,03/09/2011 13:00:00,1,BMW S1000 RR [2011],World Superbikes,
306,Rider,Leon Haslam,40.34860526149841,0.5221755453070005,03/09/2011 13:00:00,2,BMW S1000 RR [2011],World Superbikes,
306,Rider,Leon Haslam,40.34621828941936,0.5222320657704103,23/09/2011 13:00:00,0,BMW S1000 RR [2011],World Superbikes,
306,Rider,Leon Haslam,40.34240631194073,0.5222904721414127,23/09/2011 13:00:00,1,BMW S1000 RR [2011],World Superbikes,
306,Rider,Leon Haslam,40.337898515002365,0.5223557034640551,24/09/2011 13:00:00,0,BMW S1000 RR [2011],World Superbikes,
306,Rider,Leon Haslam,40.33409330679333,0.5224262348564218,24/09/2011 13:00:00,1,BMW S1000 RR [2011],World Superbikes,
306,Rider,Leon Haslam,40.329907684113486,0.5224998430185065,24/09/2011 13:00:00,2,BMW S1000 RR [2011],World Superbikes,
306,Rider,Leon Haslam,40.326101906577925,0.5225677639044656,30/09/2011 13:00:00,0,BMW S1000 RR [2011],World Superbikes,
306,Rider,Leon Haslam,40.32193382746956,0.5226418887395878,30/09/2011 13:00:00,1,BMW S1000 RR [2011],World Superbikes,
306,Rider,Leon Haslam,40.316953517303716,0.5227229664426044,01/10/2011 13:00:00,0,BMW S1000 RR [2011],World Superbikes,
306,Rider,Leon Haslam,40.31211140634156,0.5228108750389672,01/10/2011 13:00:00,1,BMW S1000 RR [2011],World Superbikes,
306,Rider,Leon Haslam,40.30597234354756,0.5229000615873507,01/10/2011 13:00:00,2,BMW S1000 RR [2011],World Superbikes,
306,Rider,Leon Haslam,40.30036112456665,0.5229820084784902,14/10/2011 13:00:00,0,BMW S1000 RR [2011],World Superbikes,
306,Rider,Leon Haslam,40.29535871922851,0.5230729169934583,14/10/2011 13:00:00,1,BMW S1000 RR [2011],World Superbikes,
306,Rider,Leon Haslam,40.28901011422963,0.5231690688717519,15/10/2011 13:00:00,0,BMW S1000 RR [2011],World Superbikes,
306,Rider,Leon Haslam,40.28203058932888,0.5232712656794298,15/10/2011 13:00:00,1,BMW S1000 RR [2011],World Superbikes,
306,Rider,Leon Haslam,40.27627360686521,0.5233705831816741,23/02/2012 13:00:00,0,BMW S1000 RR [2012],World Superbikes,
306,Rider,Leon Haslam,40.273075184732576,0.5234767978306686,24/02/2012 13:00:00,0,BMW S1000 RR [2012],World Superbikes,
306,Rider,Leon Haslam,40.27066566771149,0.5235931955241362,30/03/2012 13:00:00,0,BMW S1000 RR [2012],World Superbikes,
306,Rider,Leon Haslam,40.26774274431033,0.5237178852168306,30/03/2012 13:00:00,1,BMW S1000 RR [2012],World Superbikes,
306,Rider,Leon Haslam,40.26357993430884,0.5238459126737223,31/03/2012 13:00:00,0,BMW S1000 RR [2012],World Superbikes,
306,Rider,Leon Haslam,40.25859025388265,0.523977841754389,31/03/2012 13:00:00,1,BMW S1000 RR [2012],World Superbikes,
306,Rider,Leon Haslam,40.25327053021572,0.5241132242235534,31/03/2012 13:00:00,2,BMW S1000 RR [2012],World Superbikes,
306,Rider,Leon Haslam,40.24757962018141,0.5242466189756697,20/04/2012 13:00:00,0,BMW S1000 RR [2012],World Superbikes,
306,Rider,Leon Haslam,40.24312490224798,0.524390374983601,20/04/2012 13:00:00,1,BMW S1000 RR [2012],World Superbikes,
306,Rider,Leon Haslam,40.23720258883972,0.5245348674395915,21/04/2012 13:00:00,0,BMW S1000 RR [2012],World Superbikes,
306,Rider,Leon Haslam,40.23069816655733,0.5246850110179477,21/04/2012 13:00:00,1,BMW S1000 RR [2012],World Superbikes,
306,Rider,Leon Haslam,40.22545987827244,0.5248257136513704,04/05/2012 13:00:00,0,BMW S1000 RR [2012],World Superbikes,
306,Rider,Leon Haslam,40.21915187841237,0.5249728600164717,04/05/2012 13:00:00,1,BMW S1000 RR [2012],World Superbikes,
306,Rider,Leon Haslam,40.212559136576274,0.5251292808648026,05/05/2012 13:00:00,0,BMW S1000 RR [2012],World Superbikes,
306,Rider,Leon Haslam,40.20782594672406,0.5252889653258529,11/05/2012 13:00:00,0,BMW S1000 RR [2012],World Superbikes,
306,Rider,Leon Haslam,40.20222704325107,0.525455716038325,11/05/2012 13:00:00,1,BMW S1000 RR [2012],World Superbikes,
306,Rider,Leon Haslam,40.195702977314646,0.5256287735565074,12/05/2012 13:00:00,0,BMW S1000 RR [2012],World Superbikes,
306,Rider,Leon Haslam,40.188857897637284,0.5258096599377486,12/05/2012 13:00:00,1,BMW S1000 RR [2012],World Superbikes,
306,Rider,Leon Haslam,40.18004089093941,0.5259780947339626,12/05/2012 13:00:00,2,BMW S1000 RR [2012],World Superbikes,
306,Rider,Leon Haslam,40.17003688447775,0.5261389460408533,26/05/2012 13:00:00,0,BMW S1000 RR [2012],World Superbikes,
306,Rider,Leon Haslam,40.16078225560565,0.5263108424168144,26/05/2012 13:00:00,1,BMW S1000 RR [2012],World Superbikes,
306,Rider,Leon Haslam,40.151687117656905,0.526494277083698,27/05/2012 13:00:00,0,BMW S1000 RR [2012],World Superbikes,
306,Rider,Leon Haslam,40.14419188083786,0.5266836241095025,08/06/2012 13:00:00,0,BMW S1000 RR [2012],World Superbikes,
306,Rider,Leon Haslam,40.13666224313424,0.5268844683469017,08/06/2012 13:00:00,1,BMW S1000 RR [2012],World Superbikes,
306,Rider,Leon Haslam,40.128575396939844,0.5270946961230925,09/06/2012 13:00:00,0,BMW S1000 RR [2012],World Superbikes,
306,Rider,Leon Haslam,40.120636907756456,0.5273149438368946,09/06/2012 13:00:00,1,BMW S1000 RR [2012],World Superbikes,
306,Rider,Leon Haslam,40.113373994986794,0.5275356564661517,29/06/2012 13:00:00,0,BMW S1000 RR [2012],World Superbikes,
306,Rider,Leon Haslam,40.105508876106065,0.5277666663720708,29/06/2012 13:00:00,1,BMW S1000 RR [2012],World Superbikes,
306,Rider,Leon Haslam,40.0966523916363,0.5280056333544909,30/06/2012 13:00:00,0,BMW S1000 RR [2012],World Superbikes,
306,Rider,Leon Haslam,40.087664281858046,0.5282547633781227,30/06/2012 13:00:00,1,BMW S1000 RR [2012],World Superbikes,
306,Rider,Leon Haslam,40.07905896598253,0.5285111137998068,30/06/2012 13:00:00,2,BMW S1000 RR [2012],World Superbikes,
306,Rider,Leon Haslam,40.07011902443507,0.528769408299625,20/07/2012 13:00:00,0,BMW S1000 RR [2012],World Superbikes,
306,Rider,Leon Haslam,40.06153547358669,0.5290396969892982,20/07/2012 13:00:00,1,BMW S1000 RR [2012],World Superbikes,
306,Rider,Leon Haslam,40.05466212893628,0.5293223981789964,21/07/2012 13:00:00,0,BMW S1000 RR [2012],World Superbikes,
306,Rider,Leon Haslam,40.04857136860623,0.5296157965630612,21/07/2012 13:00:00,1,BMW S1000 RR [2012],World Superbikes,
306,Rider,Leon Haslam,40.042980711946576,0.5299145684561285,03/08/2012 13:00:00,0,BMW S1000 RR [2012],World Superbikes,
306,Rider,Leon Haslam,40.038335717149806,0.5302282144182471,03/08/2012 13:00:00,1,BMW S1000 RR [2012],World Superbikes,
306,Rider,Leon Haslam,40.03462457813658,0.5305555508943566,04/08/2012 13:00:00,0,BMW S1000 RR [2012],World Superbikes,
306,Rider,Leon Haslam,40.03103293988103,0.5308951110841568,04/08/2012 13:00:00,1,BMW S1000 RR [2012],World Superbikes,
306,Rider,Leon Haslam,40.02719356534767,0.5312405399474468,23/08/2012 13:00:00,0,BMW S1000 RR [2012],World Superbikes,
306,Rider,Leon Haslam,40.02377422463015,0.5316005287590135,24/08/2012 13:00:00,0,BMW S1000 RR [2012],World Superbikes,
306,Rider,Leon Haslam,40.02120611943881,0.5319753455873404,24/08/2012 13:00:00,1,BMW S1000 RR [2012],World Superbikes,
306,Rider,Leon Haslam,40.018841821387284,0.5323615447554361,24/08/2012 13:00:00,2,BMW S1000 RR [2012],World Superbikes,
306,Rider,Leon Haslam,40.016841856037026,0.5327555871798703,24/08/2012 13:00:00,3,BMW S1000 RR [2012],World Superbikes,
306,Rider,Leon Haslam,40.0144288417399,0.5331530243362729,07/09/2012 13:00:00,0,BMW S1000 RR [2012],World Superbikes,
306,Rider,Leon Haslam,40.01136152729076,0.5335630915197941,07/09/2012 13:00:00,1,BMW S1000 RR [2012],World Superbikes,
306,Rider,Leon Haslam,40.00811967070315,0.5339870833452968,08/09/2012 13:00:00,0,BMW S1000 RR [2012],World Superbikes,
306,Rider,Leon Haslam,40.00567341943297,0.5344231975346413,08/09/2012 13:00:00,1,BMW S1000 RR [2012],World Superbikes,
306,Rider,Leon Haslam,40.005589173067406,0.534852018651723,21/09/2012 13:00:00,0,BMW S1000 RR [2012],World Superbikes,
306,Rider,Leon Haslam,40.00484999014143,0.5352948668640973,21/09/2012 13:00:00,1,BMW S1000 RR [2012],World Superbikes,
306,Rider,Leon Haslam,40.00322294776992,0.5357504213582027,22/09/2012 13:00:00,0,BMW S1000 RR [2012],World Superbikes,
306,Rider,Leon Haslam,40.00102628519081,0.5362196499681482,22/09/2012 13:00:00,1,BMW S1000 RR [2012],World Superbikes,
306,Rider,Leon Haslam,39.99929494599721,0.5367007817379745,22/09/2012 13:00:00,2,BMW S1000 RR [2012],World Superbikes,
306,Rider,Leon Haslam,39.99802893413923,0.5371858840120824,05/10/2012 13:00:00,0,BMW S1000 RR [2012],World Superbikes,
306,Rider,Leon Haslam,39.996894328205826,0.537687266362205,05/10/2012 13:00:00,1,BMW S1000 RR [2012],World Superbikes,
306,Rider,Leon Haslam,39.99562648047357,0.5382042963542598,06/10/2012 13:00:00,0,BMW S1000 RR [2012],World Superbikes,
306,Rider,Leon Haslam,39.99408180859778,0.5387363366001006,06/10/2012 13:00:00,1,BMW S1000 RR [2012],World Superbikes,
306,Rider,Leon Haslam,39.99220668845745,0.5392805869921938,06/10/2012 13:00:00,2,BMW S1000 RR [2012],World Superbikes,
306,Rider,Leon Haslam,39.99132903698002,0.5398253621529702,21/02/2013 13:00:00,0,Honda CBR1000RR [2013],World Superbikes,
306,Rider,Leon Haslam,39.989112919707715,0.5403871974523474,22/02/2013 13:00:00,0,Honda CBR1000RR [2013],World Superbikes,
306,Rider,Leon Haslam,39.98574238403033,0.5409662556752858,22/02/2013 13:00:00,1,Honda CBR1000RR [2013],World Superbikes,
306,Rider,Leon Haslam,39.9813730387716,0.5415620937279089,22/02/2013 13:00:00,2,Honda CBR1000RR [2013],World Superbikes,
306,Rider,Leon Haslam,39.97640885627928,0.5421725493008082,22/02/2013 13:00:00,3,Honda CBR1000RR [2013],World Superbikes,
306,Rider,Leon Haslam,39.97151647634444,0.5427868240185805,12/04/2013 13:00:00,0,Honda CBR1000RR [2013],World Superbikes,
306,Rider,Leon Haslam,39.966329657958305,0.543418614507107,13/04/2013 13:00:00,0,Honda CBR1000RR [2013],World Superbikes,
306,Rider,Leon Haslam,39.960679279600015,0.5440679206785203,13/04/2013 13:00:00,1,Honda CBR1000RR [2013],World Superbikes,
306,Rider,Leon Haslam,39.95573502838043,0.5447207315043588,07/06/2013 13:00:00,0,Honda CBR1000RR [2013],World Superbikes,
306,Rider,Leon Haslam,39.95154441426455,0.5453893078908055,07/06/2013 13:00:00,1,Honda CBR1000RR [2013],World Superbikes,
306,Rider,Leon Haslam,39.94778924709226,0.5460763362173543,08/06/2013 13:00:00,0,Honda CBR1000RR [2013],World Superbikes,
306,Rider,Leon Haslam,39.94501034439995,0.5467721468765264,28/06/2013 13:00:00,0,Honda CBR1000RR [2013],World Superbikes,
306,Rider,Leon Haslam,39.94254392116336,0.5474874121457646,28/06/2013 13:00:00,1,Honda CBR1000RR [2013],World Superbikes,
306,Rider,Leon Haslam,39.94012960447292,0.5482235783500509,29/06/2013 13:00:00,0,Honda CBR1000RR [2013],World Superbikes,
306,Rider,Leon Haslam,39.93791440277323,0.548978627188667,29/06/2013 13:00:00,1,Honda CBR1000RR [2013],World Superbikes,
306,Rider,Leon Haslam,39.936279866957626,0.5497440668434206,18/07/2013 13:00:00,0,Honda CBR1000RR [2013],World Superbikes,
306,Rider,Leon Haslam,39.93478473349234,0.550531751847986,19/07/2013 13:00:00,0,Honda CBR1000RR [2013],World Superbikes,
306,Rider,Leon Haslam,39.931574428690666,0.5513421061663301,19/07/2013 13:00:00,1,Honda CBR1000RR [2013],World Superbikes,
306,Rider,Leon Haslam,39.92895984453271,0.5521706676556175,02/08/2013 13:00:00,0,Honda CBR1000RR [2013],World Superbikes,
306,Rider,Leon Haslam,39.924728687779286,0.5530226461165705,02/08/2013 13:00:00,1,Honda CBR1000RR [2013],World Superbikes,
306,Rider,Leon Haslam,39.920563795272,0.5538982202971409,03/08/2013 13:00:00,0,Honda CBR1000RR [2013],World Superbikes,
306,Rider,Leon Haslam,39.91655071153196,0.5547969417318384,03/08/2013 13:00:00,1,Honda CBR1000RR [2013],World Superbikes,
306,Rider,Leon Haslam,39.914108690919356,0.555691366647692,30/08/2013 13:00:00,0,Honda CBR1000RR [2013],World Superbikes,
306,Rider,Leon Haslam,39.91058193487152,0.5566117526731611,30/08/2013 13:00:00,1,Honda CBR1000RR [2013],World Superbikes,
306,Rider,Leon Haslam,39.90677200765812,0.5575584793329672,31/08/2013 13:00:00,0,Honda CBR1000RR [2013],World Superbikes,
306,Rider,Leon Haslam,39.90239274434119,0.558531778279369,31/08/2013 13:00:00,1,Honda CBR1000RR [2013],World Superbikes,
306,Rider,Leon Haslam,39.89729480957756,0.5595235809158038,12/09/2013 13:00:00,0,Honda CBR1000RR [2013],World Superbikes,
306,Rider,Leon Haslam,39.89251760966888,0.56053680261792,13/09/2013 13:00:00,1,Honda CBR1000RR [2013],World Superbikes,
306,Rider,Leon Haslam,39.88662672122789,0.5615732136075644,13/09/2013 13:00:00,2,Honda CBR1000RR [2013],World Superbikes,
306,Rider,Leon Haslam,39.880862741998705,0.5626301641108502,13/09/2013 13:00:00,3,Honda CBR1000RR [2013],World Superbikes,
306,Rider,Leon Haslam,39.876335540569805,0.5636820601249185,27/09/2013 13:00:00,0,Honda CBR1000RR [2013],World Superbikes,
306,Rider,Leon Haslam,39.872798750668764,0.5647630566285566,27/09/2013 13:00:00,1,Honda CBR1000RR [2013],World Superbikes,
306,Rider,Leon Haslam,39.86896861911483,0.5658741236222099,28/09/2013 13:00:00,0,Honda CBR1000RR [2013],World Superbikes,
306,Rider,Leon Haslam,39.86465300273316,0.5670147851537836,28/09/2013 13:00:00,1,Honda CBR1000RR [2013],World Superbikes,
306,Rider,Leon Haslam,39.86209457838588,0.5681597265792819,04/10/2013 13:00:00,0,Honda CBR1000RR [2013],World Superbikes,
306,Rider,Leon Haslam,39.86022012595501,0.5693373007756719,04/10/2013 13:00:00,1,Honda CBR1000RR [2013],World Superbikes,
306,Rider,Leon Haslam,39.85761426530464,0.5705484445910889,05/10/2013 13:00:00,0,Honda CBR1000RR [2013],World Superbikes,
306,Rider,Leon Haslam,39.85732843394106,0.5717716232132711,18/10/2013 13:00:00,0,Honda CBR1000RR [2013],World Superbikes,
306,Rider,Leon Haslam,39.858270955932085,0.5730276227517055,18/10/2013 13:00:00,1,Honda CBR1000RR [2013],World Superbikes,
306,Rider,Leon Haslam,39.86085151666079,0.5743168472323557,21/02/2014 13:00:00,0,Honda CBR1000RR [2014],World Superbikes,
306,Rider,Leon Haslam,39.862172932461995,0.5756029317783592,21/02/2014 13:00:00,1,Honda CBR1000RR [2014],World Superbikes,
306,Rider,Leon Haslam,39.863334312941845,0.5769143372475473,12/04/2014 13:00:00,1,Honda CBR1000RR [2014],World Superbikes,
306,Rider,Leon Haslam,39.86589226227105,0.578227617264746,26/04/2014 13:00:00,1,Honda CBR1000RR [2014],World Superbikes,
306,Rider,Leon Haslam,39.869060376007276,0.5795625419388508,10/05/2014 13:00:00,1,Honda CBR1000RR [2014],World Superbikes,
306,Rider,Leon Haslam,39.87241520462207,0.5809222306997784,23/05/2014 13:00:00,1,Honda CBR1000RR [2014],World Superbikes,
306,Rider,Leon Haslam,39.873492467087836,0.5823067892988453,06/06/2014 13:00:00,1,Honda CBR1000RR [2014],World Superbikes,
306,Rider,Leon Haslam,39.875434514145155,0.5837091008631945,21/06/2014 13:00:00,1,Honda CBR1000RR [2014],World Superbikes,
306,Rider,Leon Haslam,39.878839718040275,0.5851173405043588,05/07/2014 13:00:00,1,Honda CBR1000RR [2014],World Superbikes,
306,Rider,Leon Haslam,39.88233636566346,0.5865527304327962,12/07/2014 13:00:00,1,Honda CBR1000RR [2014],World Superbikes,
306,Rider,Leon Haslam,39.885187018205826,0.5880205676344522,06/09/2014 13:00:00,0,Honda CBR1000RR [2014],World Superbikes,
306,Rider,Leon Haslam,39.88758827449455,0.5895107170125322,06/09/2014 13:00:00,1,Honda CBR1000RR [2014],World Superbikes,
306,Rider,Leon Haslam,39.88960784648115,0.5910336706460506,04/10/2014 13:00:00,1,Honda CBR1000RR [2014],World Superbikes,
306,Rider,Leon Haslam,39.89181316713783,0.5925871142127449,01/11/2014 13:00:00,1,Honda CBR1000RR [2014],World Superbikes,
306,Rider,Leon Haslam,39.89292108321051,0.5941755725109744,20/02/2015 13:00:00,1,Aprilia RSV4 RF [2015],World Superbikes,
306,Rider,Leon Haslam,39.89379937001194,0.5957917102095202,20/03/2015 13:00:00,1,Aprilia RSV4 RF [2015],World Superbikes,
306,Rider,Leon Haslam,39.89361389688877,0.5974348062559236,11/04/2015 13:00:00,1,Aprilia RSV4 RF [2015],World Superbikes,
306,Rider,Leon Haslam,39.8918171357725,0.599089421818154,18/04/2015 13:00:00,1,Aprilia RSV4 RF [2015],World Superbikes,
306,Rider,Leon Haslam,39.88950678275564,0.6007753261551912,09/05/2015 13:00:00,1,Aprilia RSV4 RF [2015],World Superbikes,
306,Rider,Leon Haslam,39.88745961122281,0.602495370595812,22/05/2015 13:00:00,1,Aprilia RSV4 RF [2015],World Superbikes,
306,Rider,Leon Haslam,39.885308365180066,0.604249492423258,06/06/2015 13:00:00,1,Aprilia RSV4 RF [2015],World Superbikes,
306,Rider,Leon Haslam,39.883504259244255,0.6060423253462183,20/06/2015 13:00:00,1,Aprilia RSV4 RF [2015],World Superbikes,
306,Rider,Leon Haslam,39.8805188614897,0.6078670092342817,18/07/2015 13:00:00,1,Aprilia RSV4 RF [2015],World Superbikes,
306,Rider,Leon Haslam,39.87794223879363,0.6097313132184402,31/07/2015 13:00:00,1,Aprilia RSV4 RF [2015],World Superbikes,
306,Rider,Leon Haslam,39.87650861409004,0.6116337827361473,19/09/2015 13:00:00,1,Aprilia RSV4 RF [2015],World Superbikes,
306,Rider,Leon Haslam,39.87747104981094,0.6135707364298637,03/10/2015 13:00:00,1,Aprilia RSV4 RF [2015],World Superbikes,
306,Rider,Leon Haslam,39.87691511319773,0.6155239600518284,17/10/2015 13:00:00,1,Aprilia RSV4 RF [2015],World Superbikes,
306,Rider,Leon Haslam,39.87682542160045,0.6175164467458256,29/10/2016 13:00:00,0,Kawasaki ZX-10R [2016],World Superbikes,
306,Rider,Leon Haslam,39.878175431855375,0.6195567289707596,11/05/2018 13:00:00,1,Kawasaki ZX-10RR [2018],World Superbikes,
306,Rider,Leon Haslam,39.88111700868948,0.6216389995830497,25/05/2018 13:00:00,1,Kawasaki ZX-10RR [2018],World Superbikes,
306,Rider,Leon Haslam,39.885477506945804,0.6237648524266712,22/02/2019 13:00:00,0,Kawasaki ZX-10RR [2019],World Superbikes,
306,Rider,Leon Haslam,39.888103342773476,0.6259302374340776,15/03/2019 13:00:00,0,Kawasaki ZX-10RR [2019],World Superbikes,
306,Rider,Leon Haslam,39.89007563121395,0.6281461871244738,05/04/2019 13:00:00,0,Kawasaki ZX-10RR [2019],World Superbikes,
306,Rider,Leon Haslam,39.89304912139202,0.6304160200483556,12/04/2019 13:00:00,0,Kawasaki ZX-10RR [2019],World Superbikes,
306,Rider,Leon Haslam,39.89549276228479,0.6327399856957661,10/05/2019 13:00:00,0,Kawasaki ZX-10RR [2019],World Superbikes,
306,Rider,Leon Haslam,39.897022013103275,0.635115780002002,07/06/2019 13:00:00,0,Kawasaki ZX-10RR [2019],World Superbikes,
306,Rider,Leon Haslam,39.897889586493015,0.6375456551198918,21/06/2019 13:00:00,0,Kawasaki ZX-10RR [2019],World Superbikes,
306,Rider,Leon Haslam,39.8984543621072,0.6400309975741472,05/07/2019 13:00:00,0,Kawasaki ZX-10RR [2019],World Superbikes,
306,Rider,Leon Haslam,39.89787595570582,0.642566514819384,13/07/2019 13:00:00,0,Kawasaki ZX-10RR [2019],World Superbikes,
306,Rider,Leon Haslam,39.8965874887314,0.6451593153370166,06/09/2019 13:00:00,0,Kawasaki ZX-10RR [2019],World Superbikes,
306,Rider,Leon Haslam,39.89435244101572,0.6478084779875074,27/09/2019 13:00:00,0,Kawasaki ZX-10RR [2019],World Superbikes,
306,Rider,Leon Haslam,39.891128623654964,0.6505137606030483,11/10/2019 13:00:00,0,Kawasaki ZX-10RR [2019],World Superbikes,
306,Rider,Leon Haslam,39.889207628274,0.6532824503052475,25/10/2019 13:00:00,0,Kawasaki ZX-10RR [2019],World Superbikes,
306,Rider,Leon Haslam,39.88688775932155,0.6561137091666002,28/02/2020 13:00:00,0,Honda CBR1000RR-R [2020],World Superbikes,
306,Rider,Leon Haslam,39.88364238598957,0.6590001284935622,31/07/2020 13:00:00,0,Honda CBR1000RR-R [2020],World Superbikes,
306,Rider,Leon Haslam,39.88023958577661,0.661946989139126,07/08/2020 13:00:00,0,Honda CBR1000RR-R [2020],World Superbikes,
306,Rider,Leon Haslam,39.87689204289595,0.6649555078118977,28/08/2020 13:00:00,0,Honda CBR1000RR-R [2020],World Superbikes,
306,Rider,Leon Haslam,39.87291215115266,0.6680257580265397,04/09/2020 13:00:00,0,Honda CBR1000RR-R [2020],World Superbikes,
306,Rider,Leon Haslam,39.868138853890095,0.6711581564349501,18/09/2020 13:00:00,0,Honda CBR1000RR-R [2020],World Superbikes,
306,Rider,Leon Haslam,39.863450288396756,0.6743535431505799,02/10/2020 13:00:00,0,Honda CBR1000RR-R [2020],World Superbikes,
306,Rider,Leon Haslam,39.8592942829419,0.6776137792998069,16/10/2020 13:00:00,0,Honda CBR1000RR-R [2020],World Superbikes,
306,Rider,Leon Haslam,39.85346280364816,0.6809294027931052,21/05/2021 13:00:00,0,Honda CBR1000RR-R [2021],World Superbikes,
306,Rider,Leon Haslam,39.8468817633339,0.6843180110587568,28/05/2021 13:00:00,0,Honda CBR1000RR-R [2021],World Superbikes,
306,Rider,Leon Haslam,39.84120361677582,0.6877824761900468,11/06/2021 13:00:00,0,Honda CBR1000RR-R [2021],World Superbikes,
306,Rider,Leon Haslam,39.836017613166746,0.6913218263412493,02/07/2021 13:00:00,0,Honda CBR1000RR-R [2021],World Superbikes,
306,Rider,Leon Haslam,39.830098253437704,0.6949387227989269,23/07/2021 13:00:00,0,Honda CBR1000RR-R [2021],World Superbikes,
306,Rider,Leon Haslam,39.82398241150116,0.6986339506449306,06/08/2021 13:00:00,0,Honda CBR1000RR-R [2021],World Superbikes,
306,Rider,Leon Haslam,39.81718971835823,0.7024069540672585,20/08/2021 13:00:00,0,Honda CBR1000RR-R [2021],World Superbikes,
306,Rider,Leon Haslam,39.812377903425826,0.7062558127408454,03/09/2021 13:00:00,0,Honda CBR1000RR-R [2021],World Superbikes,
306,Rider,Leon Haslam,39.806622915469816,0.7101841281089304,17/09/2021 13:00:00,0,Honda CBR1000RR-R [2021],World Superbikes,
306,Rider,Leon Haslam,39.80021079968993,0.7141929064610557,24/09/2021 13:00:00,0,Honda CBR1000RR-R [2021],World Superbikes,
306,Rider,Leon Haslam,39.79344538325919,0.7182839204118222,01/10/2021 13:00:00,0,Honda CBR1000RR-R [2021],World Superbikes,
306,Rider,Leon Haslam,39.78495122113483,0.7224501314650849,16/10/2021 13:00:00,0,Honda CBR1000RR-R [2021],World Superbikes,
306,Rider,Leon Haslam,39.77673918796242,0.7267018482173185,22/04/2022 13:00:00,0,Kawasaki ZX-10RR [2022],World Superbikes,
306,Rider,Leon Haslam,39.770655113659195,0.7310369295971536,15/07/2022 13:00:00,0,Kawasaki ZX-10RR [2022],World Superbikes,
306,Rider,Leon Haslam,39.76592399864874,0.7354604734093656,07/10/2022 13:00:00,0,Kawasaki ZX-10RR [2022],World Superbikes,
306,Rider,Leon Haslam,39.76377380894184,0.7399713846729057,14/07/2023 13:00:00,0,BMW M 1000 RR [2023],World Superbikes,
307,Bike,Ducati 996 [2003],31.832173611654415,3.150488264682945,25/07/2003 13:00:00,0,,World Superbikes,
307,Bike,Ducati 996 [2003],31.83248961973202,3.150249727576821,25/07/2003 13:00:00,1,,World Superbikes,
307,Bike,Ducati 996 [2003],31.83150583174429,3.150561430977078,26/07/2003 13:00:00,0,,World Superbikes,
308,Rider,Nick Medd,24.725938680663628,3.6498584837783867,25/07/2003 13:00:00,0,Ducati [2003],World Superbikes,
308,Rider,Nick Medd,24.725337628601654,3.649879441295999,25/07/2003 13:00:00,1,Ducati [2003],World Superbikes,
309,Rider,Giancarlo De Matteis,17.283498977357976,1.973568951500774,25/07/2003 13:00:00,0,Ducati 998 RS [2003],World Superbikes,
309,Rider,Giancarlo De Matteis,17.28259563744124,1.9723409889298402,25/07/2003 13:00:00,1,Ducati 998 RS [2003],World Superbikes,
309,Rider,Giancarlo De Matteis,17.283807669451402,1.971357836838759,15/04/2004 13:00:00,0,Ducati 998 RS [2004],World Superbikes,
309,Rider,Giancarlo De Matteis,17.28458608665038,1.970702164293934,16/04/2004 13:00:00,0,Ducati 998 RS [2004],World Superbikes,
309,Rider,Giancarlo De Matteis,17.285358510477177,1.9703658934102977,13/05/2004 13:00:00,0,Ducati 998 RS [2004],World Superbikes,
309,Rider,Giancarlo De Matteis,17.28650345726203,1.9703295877056655,14/05/2004 13:00:00,0,Ducati 998 RS [2004],World Superbikes,
309,Rider,Giancarlo De Matteis,17.286263840614875,1.970626321895473,30/07/2004 13:00:00,0,Ducati 998 RS [2004],World Superbikes,
309,Rider,Giancarlo De Matteis,17.285909170889035,1.971226904069317,30/07/2004 13:00:00,1,Ducati 998 RS [2004],World Superbikes,
309,Rider,Giancarlo De Matteis,17.284569365470766,1.972155746682009,23/09/2004 13:00:00,0,Ducati 999 RS [2004],World Superbikes,
309,Rider,Giancarlo De Matteis,17.284345080831763,1.973398689206227,24/09/2004 13:00:00,0,Ducati 999 RS [2004],World Superbikes,
310,Rider,Stefan Nebel,22.317148410114193,2.8104043967402967,04/09/2003 13:00:00,0,Suzuki GSX 1000R [2003],World Superbikes,
310,Rider,Stefan Nebel,22.31712145860139,2.8099251128850042,05/09/2003 13:00:00,0,Suzuki GSX 1000R [2003],World Superbikes,
310,Rider,Stefan Nebel,22.319223769391765,2.809885251482873,07/09/2006 13:00:00,0,Kawasaki ZX-10R [2006],World Superbikes,
310,Rider,Stefan Nebel,22.320371527205474,2.8103441809374337,08/09/2006 13:00:00,0,Kawasaki ZX-10R [2006],World Superbikes,
311,Rider,Horst Saiger,19.496751106507784,1.8637036370515616,04/09/2003 13:00:00,0,Yamaha YZF-R1 [2003],World Superbikes,
311,Rider,Horst Saiger,19.49560119986056,1.8623352845954964,05/09/2003 13:00:00,0,Yamaha YZF-R1 [2003],World Superbikes,
311,Rider,Horst Saiger,19.492525612456898,1.8612878938068647,25/09/2003 13:00:00,0,Yamaha YZF-R1 [2003],World Superbikes,
311,Rider,Horst Saiger,19.488196163160005,1.860559062306206,26/09/2003 13:00:00,0,Yamaha YZF-R1 [2003],World Superbikes,
311,Rider,Horst Saiger,19.483878634117715,1.8601384747655223,16/10/2003 13:00:00,0,Yamaha YZF-R1 [2003],World Superbikes,
311,Rider,Horst Saiger,19.480956996893436,1.8599268774769289,17/10/2003 13:00:00,0,Yamaha YZF-R1 [2003],World Superbikes,
311,Rider,Horst Saiger,19.47946328926296,1.8599232208794079,27/02/2004 13:00:00,0,Yamaha YZF-R1 [2004],World Superbikes,
311,Rider,Horst Saiger,19.478231027634852,1.8602039833656623,27/02/2004 13:00:00,1,Yamaha YZF-R1 [2004],World Superbikes,
311,Rider,Horst Saiger,19.47685057224904,1.8607690797740115,13/05/2004 13:00:00,0,Yamaha YZF-R1 [2004],World Superbikes,
311,Rider,Horst Saiger,19.47665118293619,1.8615978958138117,14/05/2004 13:00:00,0,Yamaha YZF-R1 [2004],World Superbikes,
311,Rider,Horst Saiger,19.47617507148645,1.8627372260179642,09/07/2004 13:00:00,0,Yamaha YZF-R1 [2004],World Superbikes,
311,Rider,Horst Saiger,19.47589541709512,1.8641557829896747,10/07/2004 13:00:00,0,Yamaha YZF-R1 [2004],World Superbikes,
312,Rider,Karl Truchsess,22.4099997041811,3.5927647203630424,04/09/2003 13:00:00,0,Yamaha YZF-R1 [2003],World Superbikes,
312,Rider,Karl Truchsess,22.4105846580807,3.5927458011637516,05/09/2003 13:00:00,0,Yamaha YZF-R1 [2003],World Superbikes,
313,Rider,Gianmaria Liverani,20.7671691343499,2.299474311959933,04/09/2003 13:00:00,0,Yamaha YZF-R1 [2003],World Superbikes,
313,Rider,Gianmaria Liverani,20.767910575893552,2.2985545700344763,05/09/2003 13:00:00,0,Yamaha YZF-R1 [2003],World Superbikes,
313,Rider,Gianmaria Liverani,20.76751539566903,2.2980355299272266,25/09/2003 13:00:00,0,Yamaha YZF-R1 [2003],World Superbikes,
313,Rider,Gianmaria Liverani,20.76864966174607,2.2978583287665577,26/09/2003 13:00:00,0,Yamaha YZF-R1 [2003],World Superbikes,
313,Rider,Gianmaria Liverani,20.77136146881487,2.2980231481052824,15/04/2004 13:00:00,0,Ducati 998 RS [2004],World Superbikes,
313,Rider,Gianmaria Liverani,20.77352606765539,2.2985800876338516,16/04/2004 13:00:00,0,Ducati 998 RS [2004],World Superbikes,
313,Rider,Gianmaria Liverani,20.77409255713122,2.299535210073546,17/04/2004 13:00:00,0,Ducati 998 RS [2004],World Superbikes,
314,Rider,Robert Menzen,14.114393293947835,2.506123055498664,04/09/2003 13:00:00,0,Suzuki GSX 1000R [2003],World Superbikes,
314,Rider,Robert Menzen,14.114582662216954,2.5053618690712898,05/09/2003 13:00:00,0,Suzuki GSX 1000R [2003],World Superbikes,
314,Rider,Robert Menzen,14.114258027845501,2.5050357139635357,02/09/2004 13:00:00,0,Suzuki GSX 1000R [2004],World Superbikes,
314,Rider,Robert Menzen,14.115065130075745,2.504966002556409,03/09/2004 13:00:00,0,Suzuki GSX 1000R [2004],World Superbikes,
314,Rider,Robert Menzen,14.114723726212635,2.5052921602106553,01/09/2005 13:00:00,0,Suzuki GSX-R 1000 K5 [2005],World Superbikes,
314,Rider,Robert Menzen,14.114668291210098,2.506025679658414,02/09/2005 13:00:00,0,Suzuki GSX-R 1000 K5 [2005],World Superbikes,
315,Rider,Paul Mooijman,12.145416538043275,3.0228309744075745,04/09/2003 13:00:00,0,Suzuki GSX 1000R [2003],World Superbikes,
315,Rider,Paul Mooijman,12.14573592351508,3.0223489533648826,05/09/2003 13:00:00,0,Suzuki GSX 1000R [2003],World Superbikes,
315,Rider,Paul Mooijman,12.144099853696465,3.022399542689817,01/09/2005 13:00:00,0,Yamaha YZF-R1 [2005],World Superbikes,
315,Rider,Paul Mooijman,12.144299779511366,3.022815144466458,02/09/2005 13:00:00,0,Yamaha YZF-R1 [2005],World Superbikes,
316,Rider,Simone Conti,16.161934213182523,3.6291098000970763,25/09/2003 13:00:00,0,Suzuki GSX 1000R [2003],World Superbikes,
316,Rider,Simone Conti,16.161577908714264,3.6291225953566872,26/09/2003 13:00:00,0,Suzuki GSX 1000R [2003],World Superbikes,
317,Rider,Sebastien Gimbert,29.32562815587913,0.8014174409957491,16/10/2003 13:00:00,0,Suzuki GSX 1000R [2003],World Superbikes,
317,Rider,Sebastien Gimbert,29.325600608382707,0.7972920526723133,17/10/2003 13:00:00,0,Suzuki GSX 1000R [2003],World Superbikes,
317,Rider,Sebastien Gimbert,29.325512252615077,0.7932811254878432,18/10/2003 13:00:00,0,Suzuki GSX 1000R [2003],World Superbikes,
317,Rider,Sebastien Gimbert,29.324696934630257,0.7893784722870857,30/07/2004 13:00:00,0,Yamaha YZF-R1 [2004],World Superbikes,
317,Rider,Sebastien Gimbert,29.323011424956665,0.7855897022486243,30/07/2004 13:00:00,1,Yamaha YZF-R1 [2004],World Superbikes,
317,Rider,Sebastien Gimbert,29.322018225701736,0.78191029787263,30/09/2004 13:00:00,0,Yamaha YZF-R1 [2004],World Superbikes,
317,Rider,Sebastien Gimbert,29.317747735496813,0.778319977594834,01/10/2004 13:00:00,0,Yamaha YZF-R1 [2004],World Superbikes,
317,Rider,Sebastien Gimbert,29.31019802612044,0.7748194555028726,02/10/2004 13:00:00,0,Yamaha YZF-R1 [2004],World Superbikes,
317,Rider,Sebastien Gimbert,29.300324175430113,0.7714203045766559,23/02/2005 13:00:00,0,Yamaha YZF-R1 [2005],World Superbikes,
317,Rider,Sebastien Gimbert,29.287676333469708,0.7681225633420956,24/02/2005 13:00:00,0,Yamaha YZF-R1 [2005],World Superbikes,
317,Rider,Sebastien Gimbert,29.272992786382634,0.7649331254006565,25/02/2005 13:00:00,0,Yamaha YZF-R1 [2005],World Superbikes,
317,Rider,Sebastien Gimbert,29.255759706828176,0.761839927366432,31/03/2005 13:00:00,0,Yamaha YZF-R1 [2005],World Superbikes,
317,Rider,Sebastien Gimbert,29.237831038950553,0.7588559540865404,01/04/2005 13:00:00,0,Yamaha YZF-R1 [2005],World Superbikes,
317,Rider,Sebastien Gimbert,29.221114004628753,0.7559751428131813,21/04/2005 13:00:00,0,Yamaha YZF-R1 [2005],World Superbikes,
317,Rider,Sebastien Gimbert,29.203969584986822,0.7532028321737155,22/04/2005 13:00:00,0,Yamaha YZF-R1 [2005],World Superbikes,
317,Rider,Sebastien Gimbert,29.18559850905083,0.7505365353161639,23/04/2005 13:00:00,0,Yamaha YZF-R1 [2005],World Superbikes,
317,Rider,Sebastien Gimbert,29.16813262348542,0.7479536218579365,05/05/2005 13:00:00,0,Yamaha YZF-R1 [2005],World Superbikes,
317,Rider,Sebastien Gimbert,29.151873495944926,0.7454732986113901,06/05/2005 13:00:00,0,Yamaha YZF-R1 [2005],World Superbikes,
317,Rider,Sebastien Gimbert,29.135746770115162,0.7430956446492492,07/05/2005 13:00:00,0,Yamaha YZF-R1 [2005],World Superbikes,
317,Rider,Sebastien Gimbert,29.12154342709825,0.7407829080805262,27/05/2005 13:00:00,0,Yamaha YZF-R1 [2005],World Superbikes,
317,Rider,Sebastien Gimbert,29.10725297970297,0.7385728741847915,27/05/2005 13:00:00,1,Yamaha YZF-R1 [2005],World Superbikes,
317,Rider,Sebastien Gimbert,29.093210635007015,0.736463799574846,14/07/2005 13:00:00,0,Yamaha YZF-R1 [2005],World Superbikes,
317,Rider,Sebastien Gimbert,29.080022093266862,0.734454251956535,15/07/2005 13:00:00,0,Yamaha YZF-R1 [2005],World Superbikes,
317,Rider,Sebastien Gimbert,29.067502254553386,0.7325437881592884,05/08/2005 13:00:00,0,Yamaha YZF-R1 [2005],World Superbikes,
317,Rider,Sebastien Gimbert,29.054570204671073,0.7307328185898839,05/08/2005 13:00:00,1,Yamaha YZF-R1 [2005],World Superbikes,
317,Rider,Sebastien Gimbert,29.042291183522643,0.7290208319341354,01/09/2005 13:00:00,0,Yamaha YZF-R1 [2005],World Superbikes,
317,Rider,Sebastien Gimbert,29.029769578366604,0.7274082416624426,02/09/2005 13:00:00,0,Yamaha YZF-R1 [2005],World Superbikes,
317,Rider,Sebastien Gimbert,29.017249191947727,0.7258934676041897,08/09/2005 13:00:00,0,Yamaha YZF-R1 [2005],World Superbikes,
317,Rider,Sebastien Gimbert,29.005671280662423,0.7244722504140879,09/09/2005 13:00:00,0,Yamaha YZF-R1 [2005],World Superbikes,
317,Rider,Sebastien Gimbert,28.99433642116103,0.7231469900175008,29/09/2005 13:00:00,0,Yamaha YZF-R1 [2005],World Superbikes,
317,Rider,Sebastien Gimbert,28.98325015426729,0.7219187815106913,30/09/2005 13:00:00,0,Yamaha YZF-R1 [2005],World Superbikes,
317,Rider,Sebastien Gimbert,28.971764405858842,0.7207868595074775,01/10/2005 13:00:00,0,Yamaha YZF-R1 [2005],World Superbikes,
317,Rider,Sebastien Gimbert,28.960807531327752,0.7197340942268273,06/10/2005 13:00:00,0,Yamaha YZF-R1 [2005],World Superbikes,
317,Rider,Sebastien Gimbert,28.94933902157431,0.7187775013084838,07/10/2005 13:00:00,0,Yamaha YZF-R1 [2005],World Superbikes,
317,Rider,Sebastien Gimbert,28.937702236774598,0.7179156907217966,22/02/2006 13:00:00,0,Yamaha YZF-R1 [2006],World Superbikes,
317,Rider,Sebastien Gimbert,28.9242823014647,0.717145784734725,23/02/2006 13:00:00,0,Yamaha YZF-R1 [2006],World Superbikes,
317,Rider,Sebastien Gimbert,28.911214375193644,0.7164711230152906,02/03/2006 13:00:00,0,Yamaha YZF-R1 [2006],World Superbikes,
317,Rider,Sebastien Gimbert,28.897973145977165,0.7158928368611173,03/03/2006 13:00:00,0,Yamaha YZF-R1 [2006],World Superbikes,
317,Rider,Sebastien Gimbert,28.88557494049439,0.7154079467089735,04/05/2006 13:00:00,0,Yamaha YZF-R1 [2006],World Superbikes,
317,Rider,Sebastien Gimbert,28.873245433363955,0.7150180919121905,05/05/2006 13:00:00,0,Yamaha YZF-R1 [2006],World Superbikes,
317,Rider,Sebastien Gimbert,28.861434497731487,0.714722686154812,26/05/2006 13:00:00,0,Yamaha YZF-R1 [2006],World Superbikes,
317,Rider,Sebastien Gimbert,28.848712334168212,0.7145221574228654,27/05/2006 13:00:00,0,Yamaha YZF-R1 [2006],World Superbikes,
317,Rider,Sebastien Gimbert,28.83577692398262,0.7144105739749951,22/06/2006 13:00:00,0,Yamaha YZF-R1 [2006],World Superbikes,
317,Rider,Sebastien Gimbert,28.823509529951117,0.714393713227448,23/06/2006 13:00:00,0,Yamaha YZF-R1 [2006],World Superbikes,
317,Rider,Sebastien Gimbert,28.811740661209228,0.7144716149047678,20/07/2006 13:00:00,0,Yamaha YZF-R1 [2006],World Superbikes,
317,Rider,Sebastien Gimbert,28.800618780348888,0.7146420105811502,21/07/2006 13:00:00,0,Yamaha YZF-R1 [2006],World Superbikes,
317,Rider,Sebastien Gimbert,28.78967072050032,0.7149066044741879,04/08/2006 13:00:00,0,Yamaha YZF-R1 [2006],World Superbikes,
317,Rider,Sebastien Gimbert,28.77858460025825,0.7152654431293431,04/08/2006 13:00:00,1,Yamaha YZF-R1 [2006],World Superbikes,
317,Rider,Sebastien Gimbert,28.76748006401107,0.7157182828230008,05/08/2006 13:00:00,0,Yamaha YZF-R1 [2006],World Superbikes,
317,Rider,Sebastien Gimbert,28.757211890645483,0.7162480951464366,31/08/2006 13:00:00,0,Yamaha YZF-R1 [2006],World Superbikes,
317,Rider,Sebastien Gimbert,28.74694243203135,0.7168727589592387,01/09/2006 13:00:00,0,Yamaha YZF-R1 [2006],World Superbikes,
317,Rider,Sebastien Gimbert,28.735951794631646,0.7175930704548866,02/09/2006 13:00:00,0,Yamaha YZF-R1 [2006],World Superbikes,
317,Rider,Sebastien Gimbert,28.726105716230542,0.7183857536105448,28/09/2006 13:00:00,0,Yamaha YZF-R1 [2006],World Superbikes,
317,Rider,Sebastien Gimbert,28.717193708762185,0.7192736591610286,29/09/2006 13:00:00,0,Yamaha YZF-R1 [2006],World Superbikes,
317,Rider,Sebastien Gimbert,28.70963481655065,0.7202560764046787,05/10/2006 13:00:00,0,Yamaha YZF-R1 [2006],World Superbikes,
317,Rider,Sebastien Gimbert,28.701611651474764,0.7213343111553201,07/10/2006 13:00:00,0,Yamaha YZF-R1 [2006],World Superbikes,
317,Rider,Sebastien Gimbert,28.69352452531732,0.7225018368821611,20/02/2008 13:00:00,0,Yamaha YZF-R1 [2008],World Superbikes,
317,Rider,Sebastien Gimbert,28.683927069982893,0.7237658615245353,21/02/2008 13:00:00,0,Yamaha YZF-R1 [2008],World Superbikes,
317,Rider,Sebastien Gimbert,28.67435608299622,0.7251269716330332,28/02/2008 13:00:00,0,Yamaha YZF-R1 [2008],World Superbikes,
317,Rider,Sebastien Gimbert,28.666188453092197,0.7265778486105958,29/02/2008 13:00:00,0,Yamaha YZF-R1 [2008],World Superbikes,
317,Rider,Sebastien Gimbert,28.65884634819101,0.7281229016798756,03/04/2008 13:00:00,0,Yamaha YZF-R1 [2008],World Superbikes,
317,Rider,Sebastien Gimbert,28.651002374639777,0.7297678142685468,04/04/2008 13:00:00,0,Yamaha YZF-R1 [2008],World Superbikes,
317,Rider,Sebastien Gimbert,28.64645023252031,0.7314865025154683,24/04/2008 13:00:00,0,Yamaha YZF-R1 [2008],World Superbikes,
317,Rider,Sebastien Gimbert,28.64253368955729,0.7333020845812126,25/04/2008 13:00:00,0,Yamaha YZF-R1 [2008],World Superbikes,
317,Rider,Sebastien Gimbert,28.639325870254638,0.7352166000209576,08/05/2008 13:00:00,0,Yamaha YZF-R1 [2008],World Superbikes,
317,Rider,Sebastien Gimbert,28.636769532496814,0.7372288809597127,09/05/2008 13:00:00,0,Yamaha YZF-R1 [2008],World Superbikes,
317,Rider,Sebastien Gimbert,28.63486389243882,0.7393393490881303,30/05/2008 13:00:00,0,Yamaha YZF-R1 [2008],World Superbikes,
317,Rider,Sebastien Gimbert,28.633103684660465,0.7415525075428887,30/05/2008 13:00:00,1,Yamaha YZF-R1 [2008],World Superbikes,
317,Rider,Sebastien Gimbert,28.63228406981827,0.7438686352239596,12/06/2008 13:00:00,0,Yamaha YZF-R1 [2008],World Superbikes,
317,Rider,Sebastien Gimbert,28.630846394541773,0.7462880700536091,13/06/2008 13:00:00,0,Yamaha YZF-R1 [2008],World Superbikes,
317,Rider,Sebastien Gimbert,28.627031931159504,0.7488088423258423,14/06/2008 13:00:00,0,Yamaha YZF-R1 [2008],World Superbikes,
317,Rider,Sebastien Gimbert,28.623612459396753,0.7514180966577282,26/06/2008 13:00:00,0,Yamaha YZF-R1 [2008],World Superbikes,
317,Rider,Sebastien Gimbert,28.621158867162713,0.7541289310345873,27/06/2008 13:00:00,0,Yamaha YZF-R1 [2008],World Superbikes,
317,Rider,Sebastien Gimbert,28.619300029264252,0.7569446922810021,17/07/2008 13:00:00,0,Yamaha YZF-R1 [2008],World Superbikes,
317,Rider,Sebastien Gimbert,28.617609111830518,0.7598674029413928,18/07/2008 13:00:00,0,Yamaha YZF-R1 [2008],World Superbikes,
317,Rider,Sebastien Gimbert,28.61739293568374,0.7628922493224763,01/08/2008 13:00:00,0,Yamaha YZF-R1 [2008],World Superbikes,
317,Rider,Sebastien Gimbert,28.616870534240263,0.7660256766709113,01/08/2008 13:00:00,1,Yamaha YZF-R1 [2008],World Superbikes,
317,Rider,Sebastien Gimbert,28.61564724991348,0.7692700154047947,05/09/2008 13:00:00,0,Yamaha YZF-R1 [2008],World Superbikes,
317,Rider,Sebastien Gimbert,28.615249795401727,0.7726214227607958,05/09/2008 13:00:00,1,Yamaha YZF-R1 [2008],World Superbikes,
317,Rider,Sebastien Gimbert,28.61486251026346,0.776085673882782,18/09/2008 13:00:00,0,Yamaha YZF-R1 [2008],World Superbikes,
317,Rider,Sebastien Gimbert,28.61542978504555,0.7796534293858534,19/09/2008 13:00:00,0,Yamaha YZF-R1 [2008],World Superbikes,
317,Rider,Sebastien Gimbert,28.616877061778997,0.7833329206236778,02/10/2008 13:00:00,0,Yamaha YZF-R1 [2008],World Superbikes,
317,Rider,Sebastien Gimbert,28.617403743702223,0.7871281216662447,03/10/2008 13:00:00,0,Yamaha YZF-R1 [2008],World Superbikes,
317,Rider,Sebastien Gimbert,28.61691486147455,0.7910383543145831,04/10/2008 13:00:00,0,Yamaha YZF-R1 [2008],World Superbikes,
317,Rider,Sebastien Gimbert,28.61626869648064,0.7950563451828188,31/10/2008 13:00:00,0,Yamaha YZF-R1 [2008],World Superbikes,
317,Rider,Sebastien Gimbert,28.616319234448206,0.7991901265781549,31/10/2008 13:00:00,1,Yamaha YZF-R1 [2008],World Superbikes,
318,Bike,Ducati 999 F04 [2004],21.674068049520393,1.166423664952813,27/02/2004 13:00:00,0,,World Superbikes,
318,Bike,Ducati 999 F04 [2004],21.6726282587467,1.1637145895277767,27/02/2004 13:00:00,1,,World Superbikes,
318,Bike,Ducati 999 F04 [2004],21.67003100108499,1.1611537780758583,28/02/2004 13:00:00,0,,World Superbikes,
318,Bike,Ducati 999 F04 [2004],21.666270890637456,1.1587383073068231,25/03/2004 13:00:00,0,,World Superbikes,
318,Bike,Ducati 999 F04 [2004],21.662650210017233,1.1564818585322707,26/03/2004 13:00:00,0,,World Superbikes,
318,Bike,Ducati 999 F04 [2004],21.65901851964204,1.1544058305664646,26/03/2004 13:00:00,1,,World Superbikes,
318,Bike,Ducati 999 F04 [2004],21.654938058895528,1.1524882541758712,15/04/2004 13:00:00,0,,World Superbikes,
318,Bike,Ducati 999 F04 [2004],21.651379560327598,1.1507309997684283,16/04/2004 13:00:00,0,,World Superbikes,
318,Bike,Ducati 999 F04 [2004],21.650012485184067,1.1491644135135082,17/04/2004 13:00:00,0,,World Superbikes,
318,Bike,Ducati 999 F04 [2004],21.648311364422895,1.147765083844928,13/05/2004 13:00:00,0,,World Superbikes,
318,Bike,Ducati 999 F04 [2004],21.64580733778559,1.146521335012632,14/05/2004 13:00:00,0,,World Superbikes,
318,Bike,Ducati 999 F04 [2004],21.6429776652358,1.145437272749544,15/05/2004 13:00:00,0,,World Superbikes,
318,Bike,Ducati 999 F04 [2004],21.639679566034694,1.144511042205463,27/05/2004 13:00:00,0,,World Superbikes,
318,Bike,Ducati 999 F04 [2004],21.637214001149687,1.1437793582711921,28/05/2004 13:00:00,0,,World Superbikes,
318,Bike,Ducati 999 F04 [2004],21.634295394209495,1.1432071062111384,29/05/2004 13:00:00,0,,World Superbikes,
318,Bike,Ducati 999 F04 [2004],21.631850774644374,1.1428204293527884,11/06/2004 13:00:00,0,,World Superbikes,
318,Bike,Ducati 999 F04 [2004],21.62965407216371,1.1426200201812906,11/06/2004 13:00:00,1,,World Superbikes,
318,Bike,Ducati 999 F04 [2004],21.62730755186127,1.1426024959855174,12/06/2004 13:00:00,0,,World Superbikes,
318,Bike,Ducati 999 F04 [2004],21.62419130355569,1.1427402435193086,09/07/2004 13:00:00,0,,World Superbikes,
318,Bike,Ducati 999 F04 [2004],21.621174630943912,1.1430617029496564,10/07/2004 13:00:00,0,,World Superbikes,
318,Bike,Ducati 999 F04 [2004],21.61872996817341,1.143571396493014,10/07/2004 13:00:00,1,,World Superbikes,
318,Bike,Ducati 999 F04 [2004],21.61625969027145,1.1442597363978049,30/07/2004 13:00:00,0,,World Superbikes,
318,Bike,Ducati 999 F04 [2004],21.615228340906306,1.145145908723556,30/07/2004 13:00:00,1,,World Superbikes,
318,Bike,Ducati 999 F04 [2004],21.61353417593031,1.1461934820255237,31/07/2004 13:00:00,0,,World Superbikes,
318,Bike,Ducati 999 F04 [2004],21.612863931886814,1.1474238397067942,02/09/2004 13:00:00,0,,World Superbikes,
318,Bike,Ducati 999 F04 [2004],21.612985466797653,1.14885008730909,03/09/2004 13:00:00,0,,World Superbikes,
318,Bike,Ducati 999 F04 [2004],21.612946693163934,1.1504560324848816,04/09/2004 13:00:00,0,,World Superbikes,
318,Bike,Ducati 999 F04 [2004],21.612269531721935,1.1522346599582025,23/09/2004 13:00:00,0,,World Superbikes,
318,Bike,Ducati 999 F04 [2004],21.612298447306074,1.1542096156351727,24/09/2004 13:00:00,0,,World Superbikes,
318,Bike,Ducati 999 F04 [2004],21.612474498065147,1.1563462762113645,25/09/2004 13:00:00,0,,World Superbikes,
318,Bike,Ducati 999 F04 [2004],21.61226226963032,1.1586388296580128,30/09/2004 13:00:00,0,,World Superbikes,
318,Bike,Ducati 999 F04 [2004],21.61172165762654,1.1611156766417214,01/10/2004 13:00:00,0,,World Superbikes,
318,Bike,Ducati 999 F04 [2004],21.611955609644703,1.163791178396504,02/10/2004 13:00:00,0,,World Superbikes,
319,Bike,Ducati 999 RS [2004],24.037050916231898,1.8815377176118782,27/02/2004 13:00:00,0,,World Superbikes,
319,Bike,Ducati 999 RS [2004],24.0359618598789,1.8801985017502953,27/02/2004 13:00:00,1,,World Superbikes,
319,Bike,Ducati 999 RS [2004],24.03503594078819,1.8791807743399433,28/02/2004 13:00:00,0,,World Superbikes,
319,Bike,Ducati 999 RS [2004],24.03386977715571,1.8784836228953368,25/03/2004 13:00:00,0,,World Superbikes,
319,Bike,Ducati 999 RS [2004],24.0315164279866,1.878104737232491,26/03/2004 13:00:00,0,,World Superbikes,
319,Bike,Ducati 999 RS [2004],24.0274005848839,1.8780078300945278,26/03/2004 13:00:00,1,,World Superbikes,
319,Bike,Ducati 999 RS [2004],24.022633633162894,1.87822427170545,13/05/2004 13:00:00,0,,World Superbikes,
319,Bike,Ducati 999 RS [2004],24.019610786192526,1.8787422213094818,14/05/2004 13:00:00,0,,World Superbikes,
319,Bike,Ducati 999 RS [2004],24.016174492464096,1.87958301716597,15/05/2004 13:00:00,0,,World Superbikes,
319,Bike,Ducati 999 RS [2004],24.014161795092054,1.8806422096758117,23/09/2004 13:00:00,0,,World Superbikes,
319,Bike,Ducati 999 RS [2004],24.013264618499274,1.8819976931256404,24/09/2004 13:00:00,0,,World Superbikes,
320,Bike,Ducati [2004],14.72428189083596,1.1193744737232623,27/02/2004 13:00:00,0,,World Superbikes,
320,Bike,Ducati [2004],14.723442174016514,1.1165734628680377,27/02/2004 13:00:00,1,,World Superbikes,
320,Bike,Ducati [2004],14.722107358054338,1.1139521114330488,28/02/2004 13:00:00,0,,World Superbikes,
320,Bike,Ducati [2004],14.720283207855612,1.1115089570748995,25/03/2004 13:00:00,0,,World Superbikes,
320,Bike,Ducati [2004],14.71836372237799,1.1092520255385063,26/03/2004 13:00:00,0,,World Superbikes,
320,Bike,Ducati [2004],14.716034580568412,1.1071746850036892,26/03/2004 13:00:00,1,,World Superbikes,
320,Bike,Ducati [2004],14.71291587276589,1.1052757105434383,15/04/2004 13:00:00,0,,World Superbikes,
320,Bike,Ducati [2004],14.711119350366154,1.1035620901094043,16/04/2004 13:00:00,0,,World Superbikes,
320,Bike,Ducati [2004],14.709990292584983,1.1020339378268649,17/04/2004 13:00:00,0,,World Superbikes,
320,Bike,Ducati [2004],14.70972372945182,1.1006878741701533,13/05/2004 13:00:00,0,,World Superbikes,
320,Bike,Ducati [2004],14.71019293266535,1.099526238011471,14/05/2004 13:00:00,0,,World Superbikes,
320,Bike,Ducati [2004],14.710401349174704,1.0985452279435577,15/05/2004 13:00:00,0,,World Superbikes,
320,Bike,Ducati [2004],14.709794485751228,1.097740306380743,27/05/2004 13:00:00,0,,World Superbikes,
320,Bike,Ducati [2004],14.708781507066362,1.0971169384891113,28/05/2004 13:00:00,0,,World Superbikes,
320,Bike,Ducati [2004],14.70861241735178,1.0966807111285486,29/05/2004 13:00:00,0,,World Superbikes,
320,Bike,Ducati [2004],14.70823679701006,1.096416745093866,11/06/2004 13:00:00,0,,World Superbikes,
320,Bike,Ducati [2004],14.707925533861728,1.0963337136030311,11/06/2004 13:00:00,1,,World Superbikes,
320,Bike,Ducati [2004],14.707991082219454,1.096435211565099,12/06/2004 13:00:00,0,,World Superbikes,
320,Bike,Ducati [2004],14.707047140767322,1.0967109787957374,09/07/2004 13:00:00,0,,World Superbikes,
320,Bike,Ducati [2004],14.70634909069556,1.0971663479630853,10/07/2004 13:00:00,0,,World Superbikes,
320,Bike,Ducati [2004],14.70507698081067,1.0977948544583036,10/07/2004 13:00:00,1,,World Superbikes,
320,Bike,Ducati [2004],14.705579409433636,1.0985853088562154,30/07/2004 13:00:00,0,,World Superbikes,
320,Bike,Ducati [2004],14.70535884206626,1.0995604658844103,30/07/2004 13:00:00,1,,World Superbikes,
320,Bike,Ducati [2004],14.70418264366446,1.100711733196989,31/07/2004 13:00:00,0,,World Superbikes,
320,Bike,Ducati [2004],14.702869332836919,1.1020424088852785,02/09/2004 13:00:00,0,,World Superbikes,
320,Bike,Ducati [2004],14.70216388262874,1.1035601830777313,03/09/2004 13:00:00,0,,World Superbikes,
320,Bike,Ducati [2004],14.70227589443309,1.1052650393716645,04/09/2004 13:00:00,0,,World Superbikes,
320,Bike,Ducati [2004],14.702027076847322,1.1071503930762137,23/09/2004 13:00:00,0,,World Superbikes,
320,Bike,Ducati [2004],14.701690469531865,1.109205443031189,24/09/2004 13:00:00,0,,World Superbikes,
320,Bike,Ducati [2004],14.701723945890691,1.111448258612206,25/09/2004 13:00:00,0,,World Superbikes,
320,Bike,Ducati [2004],14.700896921103507,1.1138696747421948,30/09/2004 13:00:00,0,,World Superbikes,
320,Bike,Ducati [2004],14.700875817976236,1.1164804683083716,01/10/2004 13:00:00,0,,World Superbikes,
320,Bike,Ducati [2004],14.701560040885907,1.1192818210024258,02/10/2004 13:00:00,0,,World Superbikes,
321,Rider,Garry McCoy,27.162353656539505,0.9183022639605699,27/02/2004 13:00:00,0,Ducati 999 RS04 [2004],World Superbikes,
321,Rider,Garry McCoy,27.161470617269543,0.9147602403301826,27/02/2004 13:00:00,1,Ducati 999 RS04 [2004],World Superbikes,
321,Rider,Garry McCoy,27.16105576371875,0.9113604517886005,28/02/2004 13:00:00,0,Ducati 999 RS04 [2004],World Superbikes,
321,Rider,Garry McCoy,27.160210664198978,0.9080983629998055,25/03/2004 13:00:00,0,Ducati 999 RS04 [2004],World Superbikes,
321,Rider,Garry McCoy,27.15729262153292,0.9049608350720184,26/03/2004 13:00:00,0,Ducati 999 RS04 [2004],World Superbikes,
321,Rider,Garry McCoy,27.15356803113401,0.9019605966836606,26/03/2004 13:00:00,1,Ducati 999 RS04 [2004],World Superbikes,
321,Rider,Garry McCoy,27.14945807312048,0.8990961038505029,15/04/2004 13:00:00,0,Ducati 999 RS04 [2004],World Superbikes,
321,Rider,Garry McCoy,27.146364098836155,0.8963702482387544,16/04/2004 13:00:00,0,Ducati 999 RS04 [2004],World Superbikes,
321,Rider,Garry McCoy,27.144647744334062,0.8937832615215611,17/04/2004 13:00:00,0,Ducati 999 RS04 [2004],World Superbikes,
321,Rider,Garry McCoy,27.14449264452572,0.8913191933263146,13/05/2004 13:00:00,0,Ducati 999 RS04 [2004],World Superbikes,
321,Rider,Garry McCoy,27.143422633919744,0.8889900102013781,14/05/2004 13:00:00,0,Ducati 999 RS04 [2004],World Superbikes,
321,Rider,Garry McCoy,27.14146340345626,0.8867951924890857,15/05/2004 13:00:00,0,Ducati 999 RS04 [2004],World Superbikes,
321,Rider,Garry McCoy,27.13962798005469,0.884734034355591,27/05/2004 13:00:00,0,Ducati 999 RS04 [2004],World Superbikes,
321,Rider,Garry McCoy,27.139704072332915,0.8828023885164988,28/05/2004 13:00:00,0,Ducati 999 RS04 [2004],World Superbikes,
321,Rider,Garry McCoy,27.14028407321887,0.8810086902339157,29/05/2004 13:00:00,0,Ducati 999 RS04 [2004],World Superbikes,
321,Rider,Garry McCoy,27.141009383705185,0.8793464959612372,11/06/2004 13:00:00,0,Ducati 999 RS04 [2004],World Superbikes,
321,Rider,Garry McCoy,27.14117396802233,0.8778193617715409,11/06/2004 13:00:00,1,Ducati 999 RS04 [2004],World Superbikes,
321,Rider,Garry McCoy,27.14051219875896,0.8764244600490675,12/06/2004 13:00:00,0,Ducati 999 RS04 [2004],World Superbikes,
321,Rider,Garry McCoy,27.140198627721745,0.8751609467213636,09/07/2004 13:00:00,0,Ducati 999 RS04 [2004],World Superbikes,
321,Rider,Garry McCoy,27.14021692349373,0.8740286815400765,10/07/2004 13:00:00,0,Ducati 999 RS04 [2004],World Superbikes,
321,Rider,Garry McCoy,27.141135133912865,0.8730250441294028,10/07/2004 13:00:00,1,Ducati 999 RS04 [2004],World Superbikes,
321,Rider,Garry McCoy,27.141420285917047,0.8721488368876908,30/07/2004 13:00:00,0,Ducati 999 RS04 [2004],World Superbikes,
321,Rider,Garry McCoy,27.1430180114263,0.8714032022281512,30/07/2004 13:00:00,1,Ducati 999 RS04 [2004],World Superbikes,
321,Rider,Garry McCoy,27.145433991829968,0.8707917598060919,02/09/2004 13:00:00,0,Ducati 999 RS04 [2004],World Superbikes,
321,Rider,Garry McCoy,27.14839898070099,0.8703134189109051,03/09/2004 13:00:00,0,Ducati 999 RS04 [2004],World Superbikes,
321,Rider,Garry McCoy,27.150428044830726,0.8699657009507062,04/09/2004 13:00:00,0,Ducati 999 RS04 [2004],World Superbikes,
321,Rider,Garry McCoy,27.153153185395617,0.8697461694908561,23/09/2004 13:00:00,0,Ducati 999 RS04 [2004],World Superbikes,
321,Rider,Garry McCoy,27.154364016699354,0.869655732576523,24/09/2004 13:00:00,0,Ducati 999 RS04 [2004],World Superbikes,
321,Rider,Garry McCoy,27.153503770731128,0.869682970893088,25/09/2004 13:00:00,0,Ducati 999 RS04 [2004],World Superbikes,
321,Rider,Garry McCoy,27.151011011427396,0.8698303918153087,30/09/2004 13:00:00,0,Ducati 999 RS04 [2004],World Superbikes,
321,Rider,Garry McCoy,27.149093573611037,0.8701088316341274,01/10/2004 13:00:00,0,Ducati 999 RS04 [2004],World Superbikes,
321,Rider,Garry McCoy,27.14693395053791,0.8705206620072288,02/10/2004 13:00:00,0,Ducati 999 RS04 [2004],World Superbikes,
321,Rider,Garry McCoy,27.147019539303372,0.8710290566592914,23/02/2005 13:00:00,0,Petronas FP1 [2005],World Superbikes,
321,Rider,Garry McCoy,27.14883649499595,0.8716681419139668,24/02/2005 13:00:00,0,Petronas FP1 [2005],World Superbikes,
321,Rider,Garry McCoy,27.14977100977007,0.8724444708332061,31/03/2005 13:00:00,0,Petronas FP1 [2005],World Superbikes,
321,Rider,Garry McCoy,27.149166022152453,0.8733551407370134,01/04/2005 13:00:00,0,Petronas FP1 [2005],World Superbikes,
321,Rider,Garry McCoy,27.146788673543753,0.874402307089089,01/04/2005 13:00:00,1,Petronas FP1 [2005],World Superbikes,
321,Rider,Garry McCoy,27.142841200674916,0.875580704077441,21/04/2005 13:00:00,0,Petronas FP1 [2005],World Superbikes,
321,Rider,Garry McCoy,27.13867248447477,0.8768990898498685,22/04/2005 13:00:00,0,Petronas FP1 [2005],World Superbikes,
321,Rider,Garry McCoy,27.13452615103148,0.8783574685152283,05/05/2005 13:00:00,0,Petronas FP1 [2005],World Superbikes,
321,Rider,Garry McCoy,27.13029715032288,0.879954643077409,27/05/2005 13:00:00,0,Petronas FP1 [2005],World Superbikes,
321,Rider,Garry McCoy,27.12526077728754,0.8816898579462508,27/05/2005 13:00:00,1,Petronas FP1 [2005],World Superbikes,
321,Rider,Garry McCoy,27.119972127970694,0.8835650528791383,28/05/2005 13:00:00,0,Petronas FP1 [2005],World Superbikes,
321,Rider,Garry McCoy,27.114305807120815,0.8855693006059658,23/06/2005 13:00:00,0,Petronas FP1 [2005],World Superbikes,
321,Rider,Garry McCoy,27.11161570212484,0.887702583174336,24/06/2005 13:00:00,0,Petronas FP1 [2005],World Superbikes,
321,Rider,Garry McCoy,27.109729141814817,0.8899765476701152,14/07/2005 13:00:00,0,Petronas FP1 [2005],World Superbikes,
321,Rider,Garry McCoy,27.107721969316387,0.8923925573627753,15/07/2005 13:00:00,0,Petronas FP1 [2005],World Superbikes,
321,Rider,Garry McCoy,27.104663288313954,0.8949517871920009,16/07/2005 13:00:00,0,Petronas FP1 [2005],World Superbikes,
321,Rider,Garry McCoy,27.101685421572537,0.8976429352225058,05/08/2005 13:00:00,0,Petronas FP1 [2005],World Superbikes,
321,Rider,Garry McCoy,27.09928693916242,0.9004767049232139,05/08/2005 13:00:00,1,Petronas FP1 [2005],World Superbikes,
321,Rider,Garry McCoy,27.09653129036434,0.903456012714402,06/08/2005 13:00:00,0,Petronas FP1 [2005],World Superbikes,
321,Rider,Garry McCoy,27.093406248760857,0.9065704837956404,01/09/2005 13:00:00,0,Petronas FP1 [2005],World Superbikes,
321,Rider,Garry McCoy,27.09211831915171,0.9098241258329762,02/09/2005 13:00:00,0,Petronas FP1 [2005],World Superbikes,
321,Rider,Garry McCoy,27.091407030337606,0.9132224322624555,08/09/2005 13:00:00,0,Petronas FP1 [2005],World Superbikes,
321,Rider,Garry McCoy,27.091173109196422,0.9167642120956863,09/09/2005 13:00:00,0,Petronas FP1 [2005],World Superbikes,
322,Bike,Ducati 999 RS04 [2004],23.492594454596443,1.1478493937471506,27/02/2004 13:00:00,0,,World Superbikes,
322,Bike,Ducati 999 RS04 [2004],23.492543929389335,1.1450947399395859,27/02/2004 13:00:00,1,,World Superbikes,
322,Bike,Ducati 999 RS04 [2004],23.49325816334336,1.1424893042661808,28/02/2004 13:00:00,0,,World Superbikes,
322,Bike,Ducati 999 RS04 [2004],23.493542151328423,1.1400707418777558,25/03/2004 13:00:00,0,,World Superbikes,
322,Bike,Ducati 999 RS04 [2004],23.49326690347467,1.1377874391800076,26/03/2004 13:00:00,0,,World Superbikes,
322,Bike,Ducati 999 RS04 [2004],23.49303765977158,1.135644869653847,26/03/2004 13:00:00,1,,World Superbikes,
322,Bike,Ducati 999 RS04 [2004],23.492423048453876,1.1336880359803354,15/04/2004 13:00:00,0,,World Superbikes,
322,Bike,Ducati 999 RS04 [2004],23.49199121652074,1.1319220754471133,16/04/2004 13:00:00,0,,World Superbikes,
322,Bike,Ducati 999 RS04 [2004],23.491997513625147,1.1303490593077001,17/04/2004 13:00:00,0,,World Superbikes,
322,Bike,Ducati 999 RS04 [2004],23.491855305258124,1.1289426776175684,13/05/2004 13:00:00,0,,World Superbikes,
322,Bike,Ducati 999 RS04 [2004],23.491362362978087,1.1277265366632274,14/05/2004 13:00:00,0,,World Superbikes,
322,Bike,Ducati 999 RS04 [2004],23.49133921348213,1.126685943274756,15/05/2004 13:00:00,0,,World Superbikes,
322,Bike,Ducati 999 RS04 [2004],23.491532661921912,1.1258323443171094,27/05/2004 13:00:00,0,,World Superbikes,
322,Bike,Ducati 999 RS04 [2004],23.492201515320133,1.1251475034698948,28/05/2004 13:00:00,0,,World Superbikes,
322,Bike,Ducati 999 RS04 [2004],23.493295040919925,1.124640654539157,29/05/2004 13:00:00,0,,World Superbikes,
322,Bike,Ducati 999 RS04 [2004],23.494287763236912,1.1243184848545011,11/06/2004 13:00:00,0,,World Superbikes,
322,Bike,Ducati 999 RS04 [2004],23.49532939413222,1.1241662449611114,11/06/2004 13:00:00,1,,World Superbikes,
322,Bike,Ducati 999 RS04 [2004],23.49643126815779,1.1241932937446844,12/06/2004 13:00:00,0,,World Superbikes,
322,Bike,Ducati 999 RS04 [2004],23.497631634337782,1.124407652568066,09/07/2004 13:00:00,0,,World Superbikes,
322,Bike,Ducati 999 RS04 [2004],23.497980355190805,1.1247952225472646,10/07/2004 13:00:00,0,,World Superbikes,
322,Bike,Ducati 999 RS04 [2004],23.49821134769545,1.125368476194814,10/07/2004 13:00:00,1,,World Superbikes,
322,Bike,Ducati 999 RS04 [2004],23.4978414253555,1.1261107332003588,30/07/2004 13:00:00,0,,World Superbikes,
322,Bike,Ducati 999 RS04 [2004],23.4976210685727,1.1270438000933682,30/07/2004 13:00:00,1,,World Superbikes,
322,Bike,Ducati 999 RS04 [2004],23.498267016033815,1.1281504064334236,31/07/2004 13:00:00,0,,World Superbikes,
322,Bike,Ducati 999 RS04 [2004],23.497237107846555,1.1294239262394934,02/09/2004 13:00:00,0,,World Superbikes,
322,Bike,Ducati 999 RS04 [2004],23.49687617115234,1.1308775998980056,03/09/2004 13:00:00,0,,World Superbikes,
322,Bike,Ducati 999 RS04 [2004],23.496426323288322,1.1325160075023333,04/09/2004 13:00:00,0,,World Superbikes,
322,Bike,Ducati 999 RS04 [2004],23.496786412284695,1.1343298940547126,23/09/2004 13:00:00,0,,World Superbikes,
322,Bike,Ducati 999 RS04 [2004],23.496418856582558,1.136324811927608,24/09/2004 13:00:00,0,,World Superbikes,
322,Bike,Ducati 999 RS04 [2004],23.495946732832437,1.138503539717043,25/09/2004 13:00:00,0,,World Superbikes,
322,Bike,Ducati 999 RS04 [2004],23.49527588511688,1.1408675861342399,30/09/2004 13:00:00,0,,World Superbikes,
322,Bike,Ducati 999 RS04 [2004],23.494657025173627,1.1434172900029256,01/10/2004 13:00:00,0,,World Superbikes,
322,Bike,Ducati 999 RS04 [2004],23.49392905842065,1.1461544323468358,02/10/2004 13:00:00,0,,World Superbikes,
323,Bike,Petronas FP1 [2004],11.776341600616401,1.1164106008924644,27/02/2004 13:00:00,0,,World Superbikes,
323,Bike,Petronas FP1 [2004],11.774839323838709,1.1136047374558906,27/02/2004 13:00:00,1,,World Superbikes,
323,Bike,Petronas FP1 [2004],11.773215423993317,1.1109845558948948,28/02/2004 13:00:00,0,,World Superbikes,
323,Bike,Petronas FP1 [2004],11.77238571627738,1.1085498224319326,25/03/2004 13:00:00,0,,World Superbikes,
323,Bike,Petronas FP1 [2004],11.772181924189969,1.106298277373797,26/03/2004 13:00:00,0,,World Superbikes,
323,Bike,Petronas FP1 [2004],11.773103256608952,1.1042305108939803,26/03/2004 13:00:00,1,,World Superbikes,
323,Bike,Petronas FP1 [2004],11.774331427715717,1.1023418978420156,15/04/2004 13:00:00,0,,World Superbikes,
323,Bike,Petronas FP1 [2004],11.77378767145839,1.1006244715660003,16/04/2004 13:00:00,0,,World Superbikes,
323,Bike,Petronas FP1 [2004],11.772593345003763,1.0990856825335964,17/04/2004 13:00:00,0,,World Superbikes,
323,Bike,Petronas FP1 [2004],11.771104212412084,1.0977298586773174,13/05/2004 13:00:00,0,,World Superbikes,
323,Bike,Petronas FP1 [2004],11.770288893628642,1.0965601279617834,14/05/2004 13:00:00,0,,World Superbikes,
323,Bike,Petronas FP1 [2004],11.769866615715516,1.0955753733166422,15/05/2004 13:00:00,0,,World Superbikes,
323,Bike,Petronas FP1 [2004],11.769940773022608,1.0947711644392901,27/05/2004 13:00:00,0,,World Superbikes,
323,Bike,Petronas FP1 [2004],11.769806934664816,1.0941504616684166,28/05/2004 13:00:00,0,,World Superbikes,
323,Bike,Petronas FP1 [2004],11.770416028390452,1.093718132411844,29/05/2004 13:00:00,0,,World Superbikes,
323,Bike,Petronas FP1 [2004],11.769440319574045,1.0934461017513715,11/06/2004 13:00:00,0,,World Superbikes,
323,Bike,Petronas FP1 [2004],11.768999465784338,1.09335858380714,11/06/2004 13:00:00,1,,World Superbikes,
323,Bike,Petronas FP1 [2004],11.768477490233023,1.0934496509317235,12/06/2004 13:00:00,0,,World Superbikes,
323,Bike,Petronas FP1 [2004],11.76813442404136,1.0937201339962033,09/07/2004 13:00:00,0,,World Superbikes,
323,Bike,Petronas FP1 [2004],11.768114687130337,1.094170224781077,10/07/2004 13:00:00,0,,World Superbikes,
323,Bike,Petronas FP1 [2004],11.76886698660753,1.0947929468844975,10/07/2004 13:00:00,1,,World Superbikes,
323,Bike,Petronas FP1 [2004],11.76915466343975,1.0955917127174921,30/07/2004 13:00:00,0,,World Superbikes,
323,Bike,Petronas FP1 [2004],11.769521662452078,1.0965794981232302,30/07/2004 13:00:00,1,,World Superbikes,
323,Bike,Petronas FP1 [2004],11.769649820907023,1.0977538882679942,31/07/2004 13:00:00,0,,World Superbikes,
323,Bike,Petronas FP1 [2004],11.76992369795603,1.0991015665698398,02/09/2004 13:00:00,0,,World Superbikes,
323,Bike,Petronas FP1 [2004],11.771014359298372,1.100633814757453,03/09/2004 13:00:00,0,,World Superbikes,
323,Bike,Petronas FP1 [2004],11.772195282509138,1.1023528631676214,04/09/2004 13:00:00,0,,World Superbikes,
323,Bike,Petronas FP1 [2004],11.77418984541882,1.1042512530543789,23/09/2004 13:00:00,0,,World Superbikes,
323,Bike,Petronas FP1 [2004],11.778250412625468,1.1063399477122364,24/09/2004 13:00:00,0,,World Superbikes,
323,Bike,Petronas FP1 [2004],11.781370840186145,1.1086128981580532,25/09/2004 13:00:00,0,,World Superbikes,
323,Bike,Petronas FP1 [2004],11.785620652197021,1.111069944910836,30/09/2004 13:00:00,0,,World Superbikes,
323,Bike,Petronas FP1 [2004],11.788985484959952,1.1137140615464816,01/10/2004 13:00:00,0,,World Superbikes,
323,Bike,Petronas FP1 [2004],11.79144508661103,1.1165462926182397,02/10/2004 13:00:00,0,,World Superbikes,
324,Rider,Chris Vermeulen,36.07082793885407,0.7958644303244524,27/02/2004 13:00:00,0,Honda CBR 1000RR Fireblade [2004],World Superbikes,
324,Rider,Chris Vermeulen,36.07309911715227,0.791706046122701,27/02/2004 13:00:00,1,Honda CBR 1000RR Fireblade [2004],World Superbikes,
324,Rider,Chris Vermeulen,36.07570118590165,0.7876549137478983,28/02/2004 13:00:00,0,Honda CBR 1000RR Fireblade [2004],World Superbikes,
324,Rider,Chris Vermeulen,36.077973536335335,0.7837013778207463,25/03/2004 13:00:00,0,Honda CBR 1000RR Fireblade [2004],World Superbikes,
324,Rider,Chris Vermeulen,36.08111623668152,0.7798578078049268,26/03/2004 13:00:00,0,Honda CBR 1000RR Fireblade [2004],World Superbikes,
324,Rider,Chris Vermeulen,36.085273428699274,0.7761218078567945,26/03/2004 13:00:00,1,Honda CBR 1000RR Fireblade [2004],World Superbikes,
324,Rider,Chris Vermeulen,36.088547288559965,0.7724740091862523,15/04/2004 13:00:00,0,Honda CBR 1000RR Fireblade [2004],World Superbikes,
324,Rider,Chris Vermeulen,36.091894145539094,0.7689284638847906,16/04/2004 13:00:00,0,Honda CBR 1000RR Fireblade [2004],World Superbikes,
324,Rider,Chris Vermeulen,36.096926498599935,0.7654910578602999,17/04/2004 13:00:00,0,Honda CBR 1000RR Fireblade [2004],World Superbikes,
324,Rider,Chris Vermeulen,36.103021624596245,0.7621573887370473,13/05/2004 13:00:00,0,Honda CBR 1000RR Fireblade [2004],World Superbikes,
324,Rider,Chris Vermeulen,36.10866240133096,0.7589162321084877,14/05/2004 13:00:00,0,Honda CBR 1000RR Fireblade [2004],World Superbikes,
324,Rider,Chris Vermeulen,36.113386673639795,0.7557588127757981,15/05/2004 13:00:00,0,Honda CBR 1000RR Fireblade [2004],World Superbikes,
324,Rider,Chris Vermeulen,36.1171665501149,0.7526843948610236,27/05/2004 13:00:00,0,Honda CBR 1000RR Fireblade [2004],World Superbikes,
324,Rider,Chris Vermeulen,36.121899904612434,0.7497130488175715,28/05/2004 13:00:00,0,Honda CBR 1000RR Fireblade [2004],World Superbikes,
324,Rider,Chris Vermeulen,36.1262137310213,0.746831559533985,29/05/2004 13:00:00,0,Honda CBR 1000RR Fireblade [2004],World Superbikes,
324,Rider,Chris Vermeulen,36.13077863969745,0.7440454335024989,11/06/2004 13:00:00,0,Honda CBR 1000RR Fireblade [2004],World Superbikes,
324,Rider,Chris Vermeulen,36.134421300844295,0.7413415883853757,11/06/2004 13:00:00,1,Honda CBR 1000RR Fireblade [2004],World Superbikes,
324,Rider,Chris Vermeulen,36.13702820633482,0.7387200597799392,12/06/2004 13:00:00,0,Honda CBR 1000RR Fireblade [2004],World Superbikes,
324,Rider,Chris Vermeulen,36.13875440402239,0.7361779786689623,09/07/2004 13:00:00,0,Honda CBR 1000RR Fireblade [2004],World Superbikes,
324,Rider,Chris Vermeulen,36.14036659528078,0.7337262747411738,10/07/2004 13:00:00,0,Honda CBR 1000RR Fireblade [2004],World Superbikes,
324,Rider,Chris Vermeulen,36.14155695416154,0.7313623216076134,10/07/2004 13:00:00,1,Honda CBR 1000RR Fireblade [2004],World Superbikes,
324,Rider,Chris Vermeulen,36.14234405214089,0.7290843482472985,30/07/2004 13:00:00,0,Honda CBR 1000RR Fireblade [2004],World Superbikes,
324,Rider,Chris Vermeulen,36.14421791838062,0.726904025440619,30/07/2004 13:00:00,1,Honda CBR 1000RR Fireblade [2004],World Superbikes,
324,Rider,Chris Vermeulen,36.146495631358995,0.7248171951850727,31/07/2004 13:00:00,0,Honda CBR 1000RR Fireblade [2004],World Superbikes,
324,Rider,Chris Vermeulen,36.14967021327073,0.7228219182988502,02/09/2004 13:00:00,0,Honda CBR 1000RR Fireblade [2004],World Superbikes,
324,Rider,Chris Vermeulen,36.152686386657145,0.7209140528893041,03/09/2004 13:00:00,0,Honda CBR 1000RR Fireblade [2004],World Superbikes,
324,Rider,Chris Vermeulen,36.15536291994848,0.7190892879807712,04/09/2004 13:00:00,0,Honda CBR 1000RR Fireblade [2004],World Superbikes,
324,Rider,Chris Vermeulen,36.157964674713284,0.7173484878340703,23/09/2004 13:00:00,0,Honda CBR 1000RR Fireblade [2004],World Superbikes,
324,Rider,Chris Vermeulen,36.16031588611191,0.7156935928725754,24/09/2004 13:00:00,0,Honda CBR 1000RR Fireblade [2004],World Superbikes,
324,Rider,Chris Vermeulen,36.16447169063405,0.7141300299461213,25/09/2004 13:00:00,0,Honda CBR 1000RR Fireblade [2004],World Superbikes,
324,Rider,Chris Vermeulen,36.16796187064586,0.7126365661915403,30/09/2004 13:00:00,0,Honda CBR 1000RR Fireblade [2004],World Superbikes,
324,Rider,Chris Vermeulen,36.172298919771485,0.7112333865692233,01/10/2004 13:00:00,0,Honda CBR 1000RR Fireblade [2004],World Superbikes,
324,Rider,Chris Vermeulen,36.17734986193656,0.7099202969493509,02/10/2004 13:00:00,0,Honda CBR 1000RR Fireblade [2004],World Superbikes,
324,Rider,Chris Vermeulen,36.18166357961945,0.708681445130933,23/02/2005 13:00:00,0,Honda CBR 1000RR Fireblade [2005],World Superbikes,
324,Rider,Chris Vermeulen,36.18579182575415,0.7075316234530479,24/02/2005 13:00:00,0,Honda CBR 1000RR Fireblade [2005],World Superbikes,
324,Rider,Chris Vermeulen,36.190094566382875,0.7064733783204957,25/02/2005 13:00:00,0,Honda CBR 1000RR Fireblade [2005],World Superbikes,
324,Rider,Chris Vermeulen,36.19483786931403,0.7055012687511373,31/03/2005 13:00:00,0,Honda CBR 1000RR Fireblade [2005],World Superbikes,
324,Rider,Chris Vermeulen,36.19970888317376,0.7046162338893188,01/04/2005 13:00:00,0,Honda CBR 1000RR Fireblade [2005],World Superbikes,
324,Rider,Chris Vermeulen,36.203957956154746,0.7038145386144407,01/04/2005 13:00:00,1,Honda CBR 1000RR Fireblade [2005],World Superbikes,
324,Rider,Chris Vermeulen,36.20905432012117,0.7030981224657091,21/04/2005 13:00:00,0,Honda CBR 1000RR Fireblade [2005],World Superbikes,
324,Rider,Chris Vermeulen,36.21568521496735,0.702474019370911,22/04/2005 13:00:00,0,Honda CBR 1000RR Fireblade [2005],World Superbikes,
324,Rider,Chris Vermeulen,36.222052058191785,0.7019362565823472,23/04/2005 13:00:00,0,Honda CBR 1000RR Fireblade [2005],World Superbikes,
324,Rider,Chris Vermeulen,36.22714604644423,0.7014650641271181,05/05/2005 13:00:00,0,Honda CBR 1000RR Fireblade [2005],World Superbikes,
324,Rider,Chris Vermeulen,36.23218730705381,0.7010810505368029,06/05/2005 13:00:00,0,Honda CBR 1000RR Fireblade [2005],World Superbikes,
324,Rider,Chris Vermeulen,36.23576725280062,0.7007725819649363,07/05/2005 13:00:00,0,Honda CBR 1000RR Fireblade [2005],World Superbikes,
324,Rider,Chris Vermeulen,36.239084053194986,0.7005451314228266,27/05/2005 13:00:00,0,Honda CBR 1000RR Fireblade [2005],World Superbikes,
324,Rider,Chris Vermeulen,36.24277255684062,0.700404299224324,27/05/2005 13:00:00,1,Honda CBR 1000RR Fireblade [2005],World Superbikes,
324,Rider,Chris Vermeulen,36.24431125475387,0.7003204707273043,28/05/2005 13:00:00,0,Honda CBR 1000RR Fireblade [2005],World Superbikes,
324,Rider,Chris Vermeulen,36.24550815533312,0.7003188398634251,23/06/2005 13:00:00,0,Honda CBR 1000RR Fireblade [2005],World Superbikes,
324,Rider,Chris Vermeulen,36.24817490839676,0.7004080361413247,24/06/2005 13:00:00,0,Honda CBR 1000RR Fireblade [2005],World Superbikes,
324,Rider,Chris Vermeulen,36.25028997749137,0.7005804831135857,25/06/2005 13:00:00,0,Honda CBR 1000RR Fireblade [2005],World Superbikes,
324,Rider,Chris Vermeulen,36.250926982619916,0.7008212008741412,14/07/2005 13:00:00,0,Honda CBR 1000RR Fireblade [2005],World Superbikes,
324,Rider,Chris Vermeulen,36.251877893326856,0.7011523149047791,15/07/2005 13:00:00,0,Honda CBR 1000RR Fireblade [2005],World Superbikes,
324,Rider,Chris Vermeulen,36.25182645803409,0.7015629720721078,16/07/2005 13:00:00,0,Honda CBR 1000RR Fireblade [2005],World Superbikes,
324,Rider,Chris Vermeulen,36.251288243801014,0.7020527630194858,05/08/2005 13:00:00,0,Honda CBR 1000RR Fireblade [2005],World Superbikes,
324,Rider,Chris Vermeulen,36.25069471039386,0.7026303463265425,05/08/2005 13:00:00,1,Honda CBR 1000RR Fireblade [2005],World Superbikes,
324,Rider,Chris Vermeulen,36.24869675291334,0.7032778890272563,06/08/2005 13:00:00,0,Honda CBR 1000RR Fireblade [2005],World Superbikes,
324,Rider,Chris Vermeulen,36.24737113822371,0.7040097334853861,01/09/2005 13:00:00,0,Honda CBR 1000RR Fireblade [2005],World Superbikes,
324,Rider,Chris Vermeulen,36.24554194598492,0.7048244084685279,02/09/2005 13:00:00,0,Honda CBR 1000RR Fireblade [2005],World Superbikes,
324,Rider,Chris Vermeulen,36.244427293052354,0.7057298765960645,03/09/2005 13:00:00,0,Honda CBR 1000RR Fireblade [2005],World Superbikes,
324,Rider,Chris Vermeulen,36.2413281241173,0.7066927561240046,08/09/2005 13:00:00,0,Honda CBR 1000RR Fireblade [2005],World Superbikes,
324,Rider,Chris Vermeulen,36.23613239025425,0.7077134203758472,09/09/2005 13:00:00,0,Honda CBR 1000RR Fireblade [2005],World Superbikes,
324,Rider,Chris Vermeulen,36.23040607595515,0.7088186016697161,10/09/2005 13:00:00,0,Honda CBR 1000RR Fireblade [2005],World Superbikes,
324,Rider,Chris Vermeulen,36.223741387996185,0.7100033304498096,29/09/2005 13:00:00,0,Honda CBR 1000RR Fireblade [2005],World Superbikes,
324,Rider,Chris Vermeulen,36.21563220937092,0.7112625313408513,30/09/2005 13:00:00,0,Honda CBR 1000RR Fireblade [2005],World Superbikes,
324,Rider,Chris Vermeulen,36.2063716206077,0.712604771413342,01/10/2005 13:00:00,0,Honda CBR 1000RR Fireblade [2005],World Superbikes,
324,Rider,Chris Vermeulen,36.195026979327665,0.7140079360649112,06/10/2005 13:00:00,0,Honda CBR 1000RR Fireblade [2005],World Superbikes,
324,Rider,Chris Vermeulen,36.18410004895571,0.7155045081381248,07/10/2005 13:00:00,0,Honda CBR 1000RR Fireblade [2005],World Superbikes,
324,Rider,Chris Vermeulen,36.17249941494614,0.7170885653589184,08/10/2005 13:00:00,0,Honda CBR 1000RR Fireblade [2005],World Superbikes,
324,Rider,Chris Vermeulen,36.15913443351986,0.7187330139336177,25/02/2010 13:00:00,0,Kawasaki ZX 10R [2010],World Superbikes,
324,Rider,Chris Vermeulen,36.14410777116137,0.7204716826881195,26/02/2010 13:00:00,0,Kawasaki ZX 10R [2010],World Superbikes,
324,Rider,Chris Vermeulen,36.12660779369161,0.722305332563869,26/02/2010 13:00:00,1,Kawasaki ZX 10R [2010],World Superbikes,
324,Rider,Chris Vermeulen,36.10683771819874,0.7242347108775923,26/02/2010 13:00:00,2,Kawasaki ZX 10R [2010],World Superbikes,
324,Rider,Chris Vermeulen,36.08638019878588,0.7262493305214408,23/04/2010 13:00:00,0,Kawasaki ZX 10R [2010],World Superbikes,
324,Rider,Chris Vermeulen,36.067030321476565,0.7283391490219507,23/04/2010 13:00:00,1,Kawasaki ZX 10R [2010],World Superbikes,
324,Rider,Chris Vermeulen,36.04806814477687,0.7305063373197295,24/04/2010 13:00:00,0,Kawasaki ZX 10R [2010],World Superbikes,
324,Rider,Chris Vermeulen,36.02974765583863,0.7327437536438439,07/05/2010 13:00:00,0,Kawasaki ZX 10R [2010],World Superbikes,
324,Rider,Chris Vermeulen,36.01254488932339,0.7350640473238272,07/05/2010 13:00:00,1,Kawasaki ZX 10R [2010],World Superbikes,
324,Rider,Chris Vermeulen,35.994960791784194,0.7374780572244052,08/05/2010 13:00:00,0,Kawasaki ZX 10R [2010],World Superbikes,
324,Rider,Chris Vermeulen,35.97725531363997,0.7399768193606416,14/05/2010 13:00:00,0,Kawasaki ZX 10R [2010],World Superbikes,
324,Rider,Chris Vermeulen,35.960158450164194,0.7425583664159795,14/05/2010 13:00:00,1,Kawasaki ZX 10R [2010],World Superbikes,
324,Rider,Chris Vermeulen,35.94356329477706,0.7452244993655113,15/05/2010 13:00:00,0,Kawasaki ZX 10R [2010],World Superbikes,
324,Rider,Chris Vermeulen,35.92759204859205,0.7479653055636979,29/05/2010 13:00:00,0,Kawasaki ZX 10R [2010],World Superbikes,
324,Rider,Chris Vermeulen,35.91322436968379,0.7507810396372169,29/05/2010 13:00:00,1,Kawasaki ZX 10R [2010],World Superbikes,
324,Rider,Chris Vermeulen,35.899293931889176,0.7536800336914086,30/05/2010 13:00:00,0,Kawasaki ZX 10R [2010],World Superbikes,
324,Rider,Chris Vermeulen,35.885133737845855,0.7566716315983263,25/06/2010 13:00:00,0,Kawasaki ZX 10R [2010],World Superbikes,
324,Rider,Chris Vermeulen,35.871315615066486,0.7597543049182589,25/06/2010 13:00:00,1,Kawasaki ZX 10R [2010],World Superbikes,
324,Rider,Chris Vermeulen,35.85861975651824,0.7629254760627682,09/07/2010 13:00:00,0,Kawasaki ZX 10R [2010],World Superbikes,
324,Rider,Chris Vermeulen,35.84629497601074,0.7661838945413019,09/07/2010 13:00:00,1,Kawasaki ZX 10R [2010],World Superbikes,
324,Rider,Chris Vermeulen,35.834980781572106,0.7695282438300853,10/07/2010 13:00:00,0,Kawasaki ZX 10R [2010],World Superbikes,
324,Rider,Chris Vermeulen,35.824338444584036,0.7729396686760033,15/04/2011 13:00:00,0,Kawasaki ZX 10R [2011],World Superbikes,
324,Rider,Chris Vermeulen,35.814835204857246,0.7764505406873975,15/04/2011 13:00:00,1,Kawasaki ZX 10R [2011],World Superbikes,
324,Rider,Chris Vermeulen,35.805456341489055,0.7800710464388692,10/06/2011 13:00:00,0,Kawasaki ZX 10R [2011],World Superbikes,
324,Rider,Chris Vermeulen,35.797951012959466,0.7837914878173072,10/06/2011 13:00:00,1,Kawasaki ZX 10R [2011],World Superbikes,
324,Rider,Chris Vermeulen,35.79230439456041,0.7876088709260721,17/06/2011 13:00:00,0,Kawasaki ZX 10R [2011],World Superbikes,
324,Rider,Chris Vermeulen,35.78787513154726,0.7915311700795884,17/06/2011 13:00:00,1,Kawasaki ZX 10R [2011],World Superbikes,
324,Rider,Chris Vermeulen,35.78448649390583,0.7955583088131009,08/07/2011 13:00:00,0,Kawasaki ZX 10R [2011],World Superbikes,
324,Rider,Chris Vermeulen,35.782608752393294,0.7996935569787633,08/07/2011 13:00:00,1,Kawasaki ZX 10R [2011],World Superbikes,
325,Bike,Honda CBR 1000RR Fireblade [2004],22.569340399819406,1.1397550680463804,27/02/2004 13:00:00,0,,World Superbikes,
325,Bike,Honda CBR 1000RR Fireblade [2004],22.57026142936372,1.1370179825180986,27/02/2004 13:00:00,1,,World Superbikes,
325,Bike,Honda CBR 1000RR Fireblade [2004],22.571513349359197,1.1344648279122294,28/02/2004 13:00:00,0,,World Superbikes,
325,Bike,Honda CBR 1000RR Fireblade [2004],22.572435551039003,1.1320823048974484,25/03/2004 13:00:00,0,,World Superbikes,
325,Bike,Honda CBR 1000RR Fireblade [2004],22.574228102631285,1.1298899526795807,26/03/2004 13:00:00,0,,World Superbikes,
325,Bike,Honda CBR 1000RR Fireblade [2004],22.577035145895138,1.1278852983786227,26/03/2004 13:00:00,1,,World Superbikes,
325,Bike,Honda CBR 1000RR Fireblade [2004],22.578958857001926,1.1260403748520946,15/04/2004 13:00:00,0,,World Superbikes,
325,Bike,Honda CBR 1000RR Fireblade [2004],22.580955565227153,1.124377392059221,16/04/2004 13:00:00,0,,World Superbikes,
325,Bike,Honda CBR 1000RR Fireblade [2004],22.584637769534094,1.1229064036406509,17/04/2004 13:00:00,0,,World Superbikes,
325,Bike,Honda CBR 1000RR Fireblade [2004],22.589382746776497,1.1216218879977813,13/05/2004 13:00:00,0,,World Superbikes,
325,Bike,Honda CBR 1000RR Fireblade [2004],22.59367337475732,1.1205079117056744,14/05/2004 13:00:00,0,,World Superbikes,
325,Bike,Honda CBR 1000RR Fireblade [2004],22.597047498312254,1.1195522157439726,15/05/2004 13:00:00,0,,World Superbikes,
325,Bike,Honda CBR 1000RR Fireblade [2004],22.59947722603347,1.1187547589063267,27/05/2004 13:00:00,0,,World Superbikes,
325,Bike,Honda CBR 1000RR Fireblade [2004],22.60139167126977,1.11813961730163,28/05/2004 13:00:00,0,,World Superbikes,
325,Bike,Honda CBR 1000RR Fireblade [2004],22.602225868704966,1.117699513738493,29/05/2004 13:00:00,0,,World Superbikes,
325,Bike,Honda CBR 1000RR Fireblade [2004],22.60271905260287,1.1174350373416675,11/06/2004 13:00:00,0,,World Superbikes,
325,Bike,Honda CBR 1000RR Fireblade [2004],22.602289988971464,1.117332107623276,11/06/2004 13:00:00,1,,World Superbikes,
325,Bike,Honda CBR 1000RR Fireblade [2004],22.600825169683752,1.1173919078327805,12/06/2004 13:00:00,0,,World Superbikes,
325,Bike,Honda CBR 1000RR Fireblade [2004],22.598479642593098,1.1176110938089427,09/07/2004 13:00:00,0,,World Superbikes,
325,Bike,Honda CBR 1000RR Fireblade [2004],22.59602010907325,1.1180079665451705,10/07/2004 13:00:00,0,,World Superbikes,
325,Bike,Honda CBR 1000RR Fireblade [2004],22.593138743175757,1.1185795884450433,10/07/2004 13:00:00,1,,World Superbikes,
325,Bike,Honda CBR 1000RR Fireblade [2004],22.58985411637689,1.1193243553943655,30/07/2004 13:00:00,0,,World Superbikes,
325,Bike,Honda CBR 1000RR Fireblade [2004],22.587656257838386,1.1202620754724193,30/07/2004 13:00:00,1,,World Superbikes,
325,Bike,Honda CBR 1000RR Fireblade [2004],22.58586224603852,1.121387369317625,31/07/2004 13:00:00,0,,World Superbikes,
325,Bike,Honda CBR 1000RR Fireblade [2004],22.584965103172003,1.1226983831910256,02/09/2004 13:00:00,0,,World Superbikes,
325,Bike,Honda CBR 1000RR Fireblade [2004],22.583909551780174,1.1241896902598905,03/09/2004 13:00:00,0,,World Superbikes,
325,Bike,Honda CBR 1000RR Fireblade [2004],22.582514360293253,1.1258555464610158,04/09/2004 13:00:00,0,,World Superbikes,
325,Bike,Honda CBR 1000RR Fireblade [2004],22.581044390279814,1.127698567436638,23/09/2004 13:00:00,0,,World Superbikes,
325,Bike,Honda CBR 1000RR Fireblade [2004],22.5793238769002,1.129723145917469,24/09/2004 13:00:00,0,,World Superbikes,
325,Bike,Honda CBR 1000RR Fireblade [2004],22.5794079566441,1.1319394429082752,25/09/2004 13:00:00,0,,World Superbikes,
325,Bike,Honda CBR 1000RR Fireblade [2004],22.578826411877664,1.1343137832016406,30/09/2004 13:00:00,0,,World Superbikes,
325,Bike,Honda CBR 1000RR Fireblade [2004],22.579091736225053,1.1368806828421032,01/10/2004 13:00:00,0,,World Superbikes,
325,Bike,Honda CBR 1000RR Fireblade [2004],22.580070953611873,1.139641106255873,02/10/2004 13:00:00,0,,World Superbikes,
326,Bike,Ducati 998 RS03 [2004],22.37360408789624,1.138107434367605,27/02/2004 13:00:00,0,,World Superbikes,
326,Bike,Ducati 998 RS03 [2004],22.3733021198541,1.135365400297032,27/02/2004 13:00:00,1,,World Superbikes,
326,Bike,Ducati 998 RS03 [2004],22.37423334090058,1.1328084840714183,28/02/2004 13:00:00,0,,World Superbikes,
326,Bike,Ducati 998 RS03 [2004],22.375894693501095,1.1304342871759079,25/03/2004 13:00:00,0,,World Superbikes,
326,Bike,Ducati 998 RS03 [2004],22.37770969566946,1.128240300489412,26/03/2004 13:00:00,0,,World Superbikes,
326,Bike,Ducati 998 RS03 [2004],22.380144120278338,1.1262301834737993,26/03/2004 13:00:00,1,,World Superbikes,
326,Bike,Ducati 998 RS03 [2004],22.383183090872805,1.1243980877675541,15/04/2004 13:00:00,0,,World Superbikes,
326,Bike,Ducati 998 RS03 [2004],22.386396166945797,1.1227545525968397,16/04/2004 13:00:00,0,,World Superbikes,
326,Bike,Ducati 998 RS03 [2004],22.38885877170453,1.1212851832445088,17/04/2004 13:00:00,0,,World Superbikes,
326,Bike,Ducati 998 RS03 [2004],22.390936683873843,1.1199934215748175,13/05/2004 13:00:00,0,,World Superbikes,
326,Bike,Ducati 998 RS03 [2004],22.392254210195187,1.1188785149481684,14/05/2004 13:00:00,0,,World Superbikes,
326,Bike,Ducati 998 RS03 [2004],22.39330215226286,1.1179454049809372,15/05/2004 13:00:00,0,,World Superbikes,
326,Bike,Ducati 998 RS03 [2004],22.394277045619205,1.117187432060601,27/05/2004 13:00:00,0,,World Superbikes,
326,Bike,Ducati 998 RS03 [2004],22.39542789183919,1.11659719107049,28/05/2004 13:00:00,0,,World Superbikes,
326,Bike,Ducati 998 RS03 [2004],22.396236362297262,1.116185113861077,29/05/2004 13:00:00,0,,World Superbikes,
326,Bike,Ducati 998 RS03 [2004],22.39788550193478,1.1159449304228055,11/06/2004 13:00:00,0,,World Superbikes,
326,Bike,Ducati 998 RS03 [2004],22.398247988497733,1.1158727574150131,11/06/2004 13:00:00,1,,World Superbikes,
326,Bike,Ducati 998 RS03 [2004],22.398025354210418,1.1159696367837848,12/06/2004 13:00:00,0,,World Superbikes,
326,Bike,Ducati 998 RS03 [2004],22.399287288905686,1.1162395311050282,09/07/2004 13:00:00,0,,World Superbikes,
326,Bike,Ducati 998 RS03 [2004],22.400817185215317,1.1166835690587802,10/07/2004 13:00:00,0,,World Superbikes,
326,Bike,Ducati 998 RS03 [2004],22.401665540035506,1.117294701553667,10/07/2004 13:00:00,1,,World Superbikes,
326,Bike,Ducati 998 RS03 [2004],22.402717487001308,1.118085315873043,30/07/2004 13:00:00,0,,World Superbikes,
326,Bike,Ducati 998 RS03 [2004],22.401993659573602,1.1190413919620135,30/07/2004 13:00:00,1,,World Superbikes,
326,Bike,Ducati 998 RS03 [2004],22.40113790915817,1.1201782859717189,31/07/2004 13:00:00,0,,World Superbikes,
326,Bike,Ducati 998 RS03 [2004],22.39977450801207,1.1214929351490344,02/09/2004 13:00:00,0,,World Superbikes,
326,Bike,Ducati 998 RS03 [2004],22.397605276906006,1.122968518956949,03/09/2004 13:00:00,0,,World Superbikes,
326,Bike,Ducati 998 RS03 [2004],22.39529472779749,1.1246119525827578,04/09/2004 13:00:00,0,,World Superbikes,
326,Bike,Ducati 998 RS03 [2004],22.392135345700886,1.1264238278389673,23/09/2004 13:00:00,0,,World Superbikes,
326,Bike,Ducati 998 RS03 [2004],22.389053385923233,1.1284274097996487,24/09/2004 13:00:00,0,,World Superbikes,
326,Bike,Ducati 998 RS03 [2004],22.38660524575297,1.1306246095688142,25/09/2004 13:00:00,0,,World Superbikes,
326,Bike,Ducati 998 RS03 [2004],22.3857529099895,1.1329948880476164,30/09/2004 13:00:00,0,,World Superbikes,
326,Bike,Ducati 998 RS03 [2004],22.38583310102411,1.1355567716629802,01/10/2004 13:00:00,0,,World Superbikes,
326,Bike,Ducati 998 RS03 [2004],22.385610129588105,1.1383046650261144,02/10/2004 13:00:00,0,,World Superbikes,
327,Rider,Gianluca Nannelli,26.844023295263376,1.0412262652087596,27/02/2004 13:00:00,0,Ducati 998 RS03 [2004],World Superbikes,
327,Rider,Gianluca Nannelli,26.844253840240807,1.0381696313455442,27/02/2004 13:00:00,1,Ducati 998 RS03 [2004],World Superbikes,
327,Rider,Gianluca Nannelli,26.846247189124366,1.0352717481806544,28/02/2004 13:00:00,0,Ducati 998 RS03 [2004],World Superbikes,
327,Rider,Gianluca Nannelli,26.84935047181258,1.032530170372584,25/03/2004 13:00:00,0,Ducati 998 RS03 [2004],World Superbikes,
327,Rider,Gianluca Nannelli,26.853865021576546,1.029939587497553,26/03/2004 13:00:00,0,Ducati 998 RS03 [2004],World Superbikes,
327,Rider,Gianluca Nannelli,26.85959850562864,1.0275060226844155,26/03/2004 13:00:00,1,Ducati 998 RS03 [2004],World Superbikes,
327,Rider,Gianluca Nannelli,26.8662619233445,1.0252258566711596,15/04/2004 13:00:00,0,Ducati 998 RS03 [2004],World Superbikes,
327,Rider,Gianluca Nannelli,26.872777727249364,1.0231129070254648,16/04/2004 13:00:00,0,Ducati 998 RS03 [2004],World Superbikes,
327,Rider,Gianluca Nannelli,26.87993298552583,1.021167863197685,17/04/2004 13:00:00,0,Ducati 998 RS03 [2004],World Superbikes,
327,Rider,Gianluca Nannelli,26.887631952029263,1.0193806528843659,13/05/2004 13:00:00,0,Ducati 998 RS03 [2004],World Superbikes,
327,Rider,Gianluca Nannelli,26.893856149266718,1.0177533109695847,14/05/2004 13:00:00,0,Ducati 998 RS03 [2004],World Superbikes,
327,Rider,Gianluca Nannelli,26.899382244451456,1.0162899254113857,15/05/2004 13:00:00,0,Ducati 998 RS03 [2004],World Superbikes,
327,Rider,Gianluca Nannelli,26.904022690673813,1.0149873356882726,27/05/2004 13:00:00,0,Ducati 998 RS03 [2004],World Superbikes,
327,Rider,Gianluca Nannelli,26.90928703485272,1.0138504576693779,28/05/2004 13:00:00,0,Ducati 998 RS03 [2004],World Superbikes,
327,Rider,Gianluca Nannelli,26.91538730079237,1.012877933999771,29/05/2004 13:00:00,0,Ducati 998 RS03 [2004],World Superbikes,
327,Rider,Gianluca Nannelli,26.922571231211354,1.0120569852269348,11/06/2004 13:00:00,0,Ducati 998 RS03 [2004],World Superbikes,
327,Rider,Gianluca Nannelli,26.928212020476508,1.0113965385515826,11/06/2004 13:00:00,1,Ducati 998 RS03 [2004],World Superbikes,
327,Rider,Gianluca Nannelli,26.933971607885383,1.0108989309199146,12/06/2004 13:00:00,0,Ducati 998 RS03 [2004],World Superbikes,
327,Rider,Gianluca Nannelli,26.940952747898763,1.01055215681084,09/07/2004 13:00:00,0,Ducati 998 RS03 [2004],World Superbikes,
327,Rider,Gianluca Nannelli,26.950048121396367,1.0103546895823525,10/07/2004 13:00:00,0,Ducati 998 RS03 [2004],World Superbikes,
327,Rider,Gianluca Nannelli,26.959195902158566,1.0103170131568777,10/07/2004 13:00:00,1,Ducati 998 RS03 [2004],World Superbikes,
327,Rider,Gianluca Nannelli,26.969014093564226,1.010435336807555,30/07/2004 13:00:00,0,Ducati 998 RS03 [2004],World Superbikes,
327,Rider,Gianluca Nannelli,26.976479311891538,1.0107049272319166,30/07/2004 13:00:00,1,Ducati 998 RS03 [2004],World Superbikes,
327,Rider,Gianluca Nannelli,26.982057287134133,1.0111332776247561,31/07/2004 13:00:00,0,Ducati 998 RS03 [2004],World Superbikes,
327,Rider,Gianluca Nannelli,26.98694674636821,1.0117220620141572,02/09/2004 13:00:00,0,Ducati 998 RS03 [2004],World Superbikes,
327,Rider,Gianluca Nannelli,26.98951135355839,1.0124594354948853,03/09/2004 13:00:00,0,Ducati 998 RS03 [2004],World Superbikes,
327,Rider,Gianluca Nannelli,26.993574072578376,1.0133546850129012,04/09/2004 13:00:00,0,Ducati 998 RS03 [2004],World Superbikes,
327,Rider,Gianluca Nannelli,26.996997435390096,1.0144107772633795,23/09/2004 13:00:00,0,Ducati 999 RS04 [2004],World Superbikes,
327,Rider,Gianluca Nannelli,27.000524447163027,1.0156324729301758,24/09/2004 13:00:00,0,Ducati 999 RS04 [2004],World Superbikes,
327,Rider,Gianluca Nannelli,27.00264825165239,1.0170155926386248,25/09/2004 13:00:00,0,Ducati 999 RS04 [2004],World Superbikes,
327,Rider,Gianluca Nannelli,27.004544024735562,1.0185607558915217,01/10/2004 13:00:00,0,Ducati 999 RS04 [2004],World Superbikes,
327,Rider,Gianluca Nannelli,27.007951210050866,1.0202668496174343,05/05/2005 13:00:00,0,Ducati 999 RS [2005],World Superbikes,
327,Rider,Gianluca Nannelli,27.008022531320297,1.0221349695683988,06/05/2005 13:00:00,0,Ducati 999 RS [2005],World Superbikes,
327,Rider,Gianluca Nannelli,27.00818289675386,1.024171614563991,07/05/2005 13:00:00,0,Ducati 999 RS [2005],World Superbikes,
327,Rider,Gianluca Nannelli,27.007437424235192,1.0263639074090258,20/04/2006 13:00:00,0,Honda CBR 1000RR Fireblade [2006],World Superbikes,
327,Rider,Gianluca Nannelli,27.00657257135872,1.0287298453069391,21/04/2006 13:00:00,0,Honda CBR 1000RR Fireblade [2006],World Superbikes,
327,Rider,Gianluca Nannelli,27.004847436244212,1.0312717552954982,04/05/2006 13:00:00,0,Honda CBR 1000RR Fireblade [2006],World Superbikes,
327,Rider,Gianluca Nannelli,27.00389935231728,1.033984776729186,05/05/2006 13:00:00,0,Honda CBR 1000RR Fireblade [2006],World Superbikes,
327,Rider,Gianluca Nannelli,27.003411891277224,1.036867781548189,26/05/2006 13:00:00,0,Honda CBR 1000RR Fireblade [2006],World Superbikes,
327,Rider,Gianluca Nannelli,27.00319280098903,1.0399224198565495,22/06/2006 13:00:00,0,Honda CBR 1000RR Fireblade [2006],World Superbikes,
328,Bike,Kawasaki ZX-10 [2004],18.409121328340646,1.1539393749093596,27/02/2004 13:00:00,0,,World Superbikes,
328,Bike,Kawasaki ZX-10 [2004],18.408601199013948,1.151242952594345,27/02/2004 13:00:00,1,,World Superbikes,
328,Bike,Kawasaki ZX-10 [2004],18.408270325093383,1.148738891340438,28/02/2004 13:00:00,0,,World Superbikes,
328,Bike,Kawasaki ZX-10 [2004],18.40883410871586,1.1464016382748081,25/03/2004 13:00:00,0,,World Superbikes,
328,Bike,Kawasaki ZX-10 [2004],18.409510041566342,1.1442476245890656,26/03/2004 13:00:00,0,,World Superbikes,
328,Bike,Kawasaki ZX-10 [2004],18.410404932491456,1.1422766698503302,26/03/2004 13:00:00,1,,World Superbikes,
328,Bike,Kawasaki ZX-10 [2004],18.412662688258386,1.1404568670551303,15/04/2004 13:00:00,0,,World Superbikes,
328,Bike,Kawasaki ZX-10 [2004],18.415241850086723,1.1388301698970373,16/04/2004 13:00:00,0,,World Superbikes,
328,Bike,Kawasaki ZX-10 [2004],18.416290167168157,1.137397533616883,17/04/2004 13:00:00,0,,World Superbikes,
328,Bike,Kawasaki ZX-10 [2004],18.417293937902055,1.136124701506048,13/05/2004 13:00:00,0,,World Superbikes,
328,Bike,Kawasaki ZX-10 [2004],18.41794592205362,1.1350428554230572,14/05/2004 13:00:00,0,,World Superbikes,
328,Bike,Kawasaki ZX-10 [2004],18.419298649659755,1.1341516723819716,15/05/2004 13:00:00,0,,World Superbikes,
328,Bike,Kawasaki ZX-10 [2004],18.42155561783055,1.1334226482396346,27/05/2004 13:00:00,0,,World Superbikes,
328,Bike,Kawasaki ZX-10 [2004],18.422683581680666,1.1328879614494427,28/05/2004 13:00:00,0,,World Superbikes,
328,Bike,Kawasaki ZX-10 [2004],18.423431380763724,1.1325460663186158,29/05/2004 13:00:00,0,,World Superbikes,
328,Bike,Kawasaki ZX-10 [2004],18.424187411308264,1.1323866946472578,11/06/2004 13:00:00,0,,World Superbikes,
328,Bike,Kawasaki ZX-10 [2004],18.42481470122221,1.1324156789162267,11/06/2004 13:00:00,1,,World Superbikes,
328,Bike,Kawasaki ZX-10 [2004],18.425261582699264,1.1326355503351557,12/06/2004 13:00:00,0,,World Superbikes,
328,Bike,Kawasaki ZX-10 [2004],18.425632022739585,1.133040795527165,09/07/2004 13:00:00,0,,World Superbikes,
328,Bike,Kawasaki ZX-10 [2004],18.425746517253693,1.1336328170545718,10/07/2004 13:00:00,0,,World Superbikes,
328,Bike,Kawasaki ZX-10 [2004],18.425852369798598,1.134410598293693,10/07/2004 13:00:00,1,,World Superbikes,
328,Bike,Kawasaki ZX-10 [2004],18.425336896208528,1.1353741659413945,30/07/2004 13:00:00,0,,World Superbikes,
328,Bike,Kawasaki ZX-10 [2004],18.424818100901525,1.1365291003432778,30/07/2004 13:00:00,1,,World Superbikes,
328,Bike,Kawasaki ZX-10 [2004],18.424438381820604,1.137877257506224,31/07/2004 13:00:00,0,,World Superbikes,
328,Bike,Kawasaki ZX-10 [2004],18.42473115802016,1.1393831478927983,02/09/2004 13:00:00,0,,World Superbikes,
328,Bike,Kawasaki ZX-10 [2004],18.42424237976231,1.1410573201264513,03/09/2004 13:00:00,0,,World Superbikes,
328,Bike,Kawasaki ZX-10 [2004],18.424192847428152,1.1428967890607882,04/09/2004 13:00:00,0,,World Superbikes,
328,Bike,Kawasaki ZX-10 [2004],18.4245179525077,1.1449166069151404,23/09/2004 13:00:00,0,,World Superbikes,
328,Bike,Kawasaki ZX-10 [2004],18.42502361268133,1.1471132922281544,24/09/2004 13:00:00,0,,World Superbikes,
328,Bike,Kawasaki ZX-10 [2004],18.425863824229584,1.1494826763810926,30/09/2004 13:00:00,0,,World Superbikes,
328,Bike,Kawasaki ZX-10 [2004],18.425937283481364,1.1520222640565103,01/10/2004 13:00:00,0,,World Superbikes,
328,Bike,Kawasaki ZX-10 [2004],18.42621115450209,1.1547311085810912,02/10/2004 13:00:00,0,,World Superbikes,
329,Bike,Suzuki GSX 1000R [2004],14.7517384816393,1.2233880323886452,27/02/2004 13:00:00,0,,World Superbikes,
329,Bike,Suzuki GSX 1000R [2004],14.750325916765922,1.2208694677305267,27/02/2004 13:00:00,1,,World Superbikes,
329,Bike,Suzuki GSX 1000R [2004],14.748324679954811,1.2185389230643495,28/02/2004 13:00:00,0,,World Superbikes,
329,Bike,Suzuki GSX 1000R [2004],14.745749828328432,1.2163782163281915,25/03/2004 13:00:00,0,,World Superbikes,
329,Bike,Suzuki GSX 1000R [2004],14.743024010528913,1.2143868860627205,26/03/2004 13:00:00,0,,World Superbikes,
329,Bike,Suzuki GSX 1000R [2004],14.739201445575777,1.2125702314541356,26/03/2004 13:00:00,1,,World Superbikes,
329,Bike,Suzuki GSX 1000R [2004],14.735010314886878,1.210917179661152,15/04/2004 13:00:00,0,,World Superbikes,
329,Bike,Suzuki GSX 1000R [2004],14.730833969093988,1.2094430567684853,16/04/2004 13:00:00,0,,World Superbikes,
329,Bike,Suzuki GSX 1000R [2004],14.726386854524376,1.2081557523644768,17/04/2004 13:00:00,0,,World Superbikes,
329,Bike,Suzuki GSX 1000R [2004],14.721908221224231,1.207058812235056,13/05/2004 13:00:00,0,,World Superbikes,
329,Bike,Suzuki GSX 1000R [2004],14.717280368691794,1.206143308315774,14/05/2004 13:00:00,0,,World Superbikes,
329,Bike,Suzuki GSX 1000R [2004],14.71255792814993,1.2054111088808612,15/05/2004 13:00:00,0,,World Superbikes,
329,Bike,Suzuki GSX 1000R [2004],14.707595941575446,1.204870736246923,27/05/2004 13:00:00,0,,World Superbikes,
329,Bike,Suzuki GSX 1000R [2004],14.702695896570765,1.2044918297564724,28/05/2004 13:00:00,0,,World Superbikes,
329,Bike,Suzuki GSX 1000R [2004],14.697876104667753,1.2042715868793865,29/05/2004 13:00:00,0,,World Superbikes,
329,Bike,Suzuki GSX 1000R [2004],14.694385412530643,1.2041864536688769,11/06/2004 13:00:00,0,,World Superbikes,
329,Bike,Suzuki GSX 1000R [2004],14.691665647915746,1.2042745145517333,11/06/2004 13:00:00,1,,World Superbikes,
329,Bike,Suzuki GSX 1000R [2004],14.689941310981549,1.2045327757717634,09/07/2004 13:00:00,0,,World Superbikes,
329,Bike,Suzuki GSX 1000R [2004],14.689102034009704,1.204949294807921,10/07/2004 13:00:00,0,,World Superbikes,
329,Bike,Suzuki GSX 1000R [2004],14.689172388994956,1.2055244286008722,10/07/2004 13:00:00,1,,World Superbikes,
329,Bike,Suzuki GSX 1000R [2004],14.689652419982634,1.206284783355191,30/07/2004 13:00:00,0,,World Superbikes,
329,Bike,Suzuki GSX 1000R [2004],14.690326417634926,1.2072281330032102,30/07/2004 13:00:00,1,,World Superbikes,
329,Bike,Suzuki GSX 1000R [2004],14.691057238533723,1.208359018835872,31/07/2004 13:00:00,0,,World Superbikes,
329,Bike,Suzuki GSX 1000R [2004],14.693035257462952,1.2096168561439438,02/09/2004 13:00:00,0,,World Superbikes,
329,Bike,Suzuki GSX 1000R [2004],14.694953103279836,1.211044734636576,03/09/2004 13:00:00,0,,World Superbikes,
329,Bike,Suzuki GSX 1000R [2004],14.696361188260815,1.2126573419933884,23/09/2004 13:00:00,0,,World Superbikes,
329,Bike,Suzuki GSX 1000R [2004],14.697135365013633,1.2144601231375505,24/09/2004 13:00:00,0,,World Superbikes,
329,Bike,Suzuki GSX 1000R [2004],14.698517136105439,1.2164522519378185,25/09/2004 13:00:00,0,,World Superbikes,
329,Bike,Suzuki GSX 1000R [2004],14.69940016168116,1.218627022326027,30/09/2004 13:00:00,0,,World Superbikes,
329,Bike,Suzuki GSX 1000R [2004],14.700370870908776,1.2209772305248612,01/10/2004 13:00:00,0,,World Superbikes,
329,Bike,Suzuki GSX 1000R [2004],14.700950914967189,1.2235110786951455,02/10/2004 13:00:00,0,,World Superbikes,
330,Bike,Ducati 998 RS [2004],17.772837351553818,1.2916857571686353,27/02/2004 13:00:00,0,,World Superbikes,
330,Bike,Ducati 998 RS [2004],17.774520916462667,1.2893464205689387,27/02/2004 13:00:00,1,,World Superbikes,
330,Bike,Ducati 998 RS [2004],17.776292105902613,1.2872250039934297,28/02/2004 13:00:00,0,,World Superbikes,
330,Bike,Ducati 998 RS [2004],17.779812047475986,1.2853187869340754,25/03/2004 13:00:00,0,,World Superbikes,
330,Bike,Ducati 998 RS [2004],17.783528643583377,1.283634213236165,26/03/2004 13:00:00,0,,World Superbikes,
330,Bike,Ducati 998 RS [2004],17.788806345310185,1.282168499353229,26/03/2004 13:00:00,1,,World Superbikes,
330,Bike,Ducati 998 RS [2004],17.794951703479278,1.2809176925421135,15/04/2004 13:00:00,0,,World Superbikes,
330,Bike,Ducati 998 RS [2004],17.801046745239077,1.2798558712452706,16/04/2004 13:00:00,0,,World Superbikes,
330,Bike,Ducati 998 RS [2004],17.80615508713176,1.2789903837369792,17/04/2004 13:00:00,0,,World Superbikes,
330,Bike,Ducati 998 RS [2004],17.8111195302929,1.2782857241951557,13/05/2004 13:00:00,0,,World Superbikes,
330,Bike,Ducati 998 RS [2004],17.8164564964121,1.2777604959706863,14/05/2004 13:00:00,0,,World Superbikes,
330,Bike,Ducati 998 RS [2004],17.820408899099295,1.2774335475722176,27/05/2004 13:00:00,0,,World Superbikes,
330,Bike,Ducati 998 RS [2004],17.82616558957715,1.2772863381552302,28/05/2004 13:00:00,0,,World Superbikes,
330,Bike,Ducati 998 RS [2004],17.834215082610466,1.2773094147241018,11/06/2004 13:00:00,0,,World Superbikes,
330,Bike,Ducati 998 RS [2004],17.842910702858294,1.2775230755188247,11/06/2004 13:00:00,1,,World Superbikes,
330,Bike,Ducati 998 RS [2004],17.851449056020684,1.2779417919456038,30/07/2004 13:00:00,0,,World Superbikes,
330,Bike,Ducati 998 RS [2004],17.859473998143883,1.2785640383552839,30/07/2004 13:00:00,1,,World Superbikes,
330,Bike,Ducati 998 RS [2004],17.866596195510862,1.2793955766496008,02/09/2004 13:00:00,0,,World Superbikes,
330,Bike,Ducati 998 RS [2004],17.871662159647222,1.2804438273262484,03/09/2004 13:00:00,0,,World Superbikes,
330,Bike,Ducati 998 RS [2004],17.87458189908897,1.2817045137249188,04/09/2004 13:00:00,0,,World Superbikes,
330,Bike,Ducati 998 RS [2004],17.877314985611886,1.2831817532877934,23/09/2004 13:00:00,0,,World Superbikes,
330,Bike,Ducati 998 RS [2004],17.87923540065042,1.2848773470358164,24/09/2004 13:00:00,0,,World Superbikes,
330,Bike,Ducati 998 RS [2004],17.87987448478931,1.2867884514550774,25/09/2004 13:00:00,0,,World Superbikes,
330,Bike,Ducati 998 RS [2004],17.879209620949524,1.2889166977254853,30/09/2004 13:00:00,0,,World Superbikes,
330,Bike,Ducati 998 RS [2004],17.87928738426963,1.2912584915129113,01/10/2004 13:00:00,0,,World Superbikes,
331,Bike,Yamaha YZF-R1 [2004],17.269792283067847,1.2835725131844091,27/02/2004 13:00:00,0,,World Superbikes,
331,Bike,Yamaha YZF-R1 [2004],17.269506091508717,1.2811836617784353,27/02/2004 13:00:00,1,,World Superbikes,
331,Bike,Yamaha YZF-R1 [2004],17.269317498545544,1.2789786821058593,25/03/2004 13:00:00,0,,World Superbikes,
331,Bike,Yamaha YZF-R1 [2004],17.269985058288682,1.2769389117191983,26/03/2004 13:00:00,0,,World Superbikes,
331,Bike,Yamaha YZF-R1 [2004],17.27061781674542,1.2750735732412972,15/04/2004 13:00:00,0,,World Superbikes,
331,Bike,Yamaha YZF-R1 [2004],17.271511315821517,1.2733993319627523,16/04/2004 13:00:00,0,,World Superbikes,
331,Bike,Yamaha YZF-R1 [2004],17.27341157955057,1.2718874509198455,13/05/2004 13:00:00,0,,World Superbikes,
331,Bike,Yamaha YZF-R1 [2004],17.275548181962115,1.270562380735,14/05/2004 13:00:00,0,,World Superbikes,
331,Bike,Yamaha YZF-R1 [2004],17.27751586032172,1.2694399845689401,27/05/2004 13:00:00,0,,World Superbikes,
331,Bike,Yamaha YZF-R1 [2004],17.279193982490956,1.268513665488259,28/05/2004 13:00:00,0,,World Superbikes,
331,Bike,Yamaha YZF-R1 [2004],17.280178792257495,1.2677931176718655,11/06/2004 13:00:00,0,,World Superbikes,
331,Bike,Yamaha YZF-R1 [2004],17.281810178433595,1.2672657414872677,11/06/2004 13:00:00,1,,World Superbikes,
331,Bike,Yamaha YZF-R1 [2004],17.28315215672138,1.2669376994223391,12/06/2004 13:00:00,0,,World Superbikes,
331,Bike,Yamaha YZF-R1 [2004],17.283979159181193,1.2668096050079138,09/07/2004 13:00:00,0,,World Superbikes,
331,Bike,Yamaha YZF-R1 [2004],17.28526470297163,1.2668568191652905,10/07/2004 13:00:00,0,,World Superbikes,
331,Bike,Yamaha YZF-R1 [2004],17.286628261687063,1.2670847737773459,10/07/2004 13:00:00,1,,World Superbikes,
331,Bike,Yamaha YZF-R1 [2004],17.28738680156054,1.2674972920747112,30/07/2004 13:00:00,0,,World Superbikes,
331,Bike,Yamaha YZF-R1 [2004],17.288391292983416,1.2681148568947598,30/07/2004 13:00:00,1,,World Superbikes,
331,Bike,Yamaha YZF-R1 [2004],17.290038141516728,1.268939149145006,31/07/2004 13:00:00,0,,World Superbikes,
331,Bike,Yamaha YZF-R1 [2004],17.291678037092964,1.2699636860340293,02/09/2004 13:00:00,0,,World Superbikes,
331,Bike,Yamaha YZF-R1 [2004],17.29317020330762,1.2711851446293176,03/09/2004 13:00:00,0,,World Superbikes,
331,Bike,Yamaha YZF-R1 [2004],17.29576884187201,1.272597592187591,23/09/2004 13:00:00,0,,World Superbikes,
331,Bike,Yamaha YZF-R1 [2004],17.299295395336344,1.2742148935648325,24/09/2004 13:00:00,0,,World Superbikes,
331,Bike,Yamaha YZF-R1 [2004],17.302409426807074,1.276045977746518,25/09/2004 13:00:00,0,,World Superbikes,
331,Bike,Yamaha YZF-R1 [2004],17.307100229446885,1.278077907695928,30/09/2004 13:00:00,0,,World Superbikes,
331,Bike,Yamaha YZF-R1 [2004],17.311069123389156,1.2802748979316638,01/10/2004 13:00:00,0,,World Superbikes,
331,Bike,Yamaha YZF-R1 [2004],17.31416184851826,1.2826402174755591,02/10/2004 13:00:00,0,,World Superbikes,
332,Rider,Alessio Velini,19.35890029698065,1.0352066118142396,27/02/2004 13:00:00,0,Yamaha YZF-R1 [2004],World Superbikes,
332,Rider,Alessio Velini,19.35904839943311,1.032103784481006,27/02/2004 13:00:00,1,Yamaha YZF-R1 [2004],World Superbikes,
332,Rider,Alessio Velini,19.359539892835176,1.0291415837737616,25/03/2004 13:00:00,0,Yamaha YZF-R1 [2004],World Superbikes,
332,Rider,Alessio Velini,19.36088753894357,1.0263043049799878,26/03/2004 13:00:00,0,Yamaha YZF-R1 [2004],World Superbikes,
332,Rider,Alessio Velini,19.362200383765554,1.0235989474020555,15/04/2004 13:00:00,0,Yamaha YZF-R1 [2004],World Superbikes,
332,Rider,Alessio Velini,19.363997676609106,1.021049720185115,16/04/2004 13:00:00,0,Yamaha YZF-R1 [2004],World Superbikes,
332,Rider,Alessio Velini,19.366529786885074,1.0186517170396288,13/05/2004 13:00:00,0,Yamaha YZF-R1 [2004],World Superbikes,
332,Rider,Alessio Velini,19.368353508453072,1.0164090683713858,14/05/2004 13:00:00,0,Yamaha YZF-R1 [2004],World Superbikes,
332,Rider,Alessio Velini,19.37011610405409,1.0143237736245998,27/05/2004 13:00:00,0,Yamaha YZF-R1 [2004],World Superbikes,
332,Rider,Alessio Velini,19.37158914346473,1.0123860477481772,28/05/2004 13:00:00,0,Yamaha YZF-R1 [2004],World Superbikes,
332,Rider,Alessio Velini,19.37236887047268,1.0106031472751937,11/06/2004 13:00:00,0,Yamaha YZF-R1 [2004],World Superbikes,
332,Rider,Alessio Velini,19.37322660703819,1.0089603202843747,11/06/2004 13:00:00,1,Yamaha YZF-R1 [2004],World Superbikes,
332,Rider,Alessio Velini,19.373919446209317,1.0074646705150383,09/07/2004 13:00:00,0,Yamaha YZF-R1 [2004],World Superbikes,
332,Rider,Alessio Velini,19.375332910983257,1.0060982905443907,10/07/2004 13:00:00,0,Yamaha YZF-R1 [2004],World Superbikes,
332,Rider,Alessio Velini,19.376070340757575,1.0048803192972893,10/07/2004 13:00:00,1,Yamaha YZF-R1 [2004],World Superbikes,
332,Rider,Alessio Velini,19.376202751689952,1.0037995013464402,30/07/2004 13:00:00,0,Yamaha YZF-R1 [2004],World Superbikes,
332,Rider,Alessio Velini,19.37695929341484,1.0028581205100597,30/07/2004 13:00:00,1,Yamaha YZF-R1 [2004],World Superbikes,
332,Rider,Alessio Velini,19.37815347532845,1.0020631916120002,02/09/2004 13:00:00,0,Yamaha YZF-R1 [2004],World Superbikes,
332,Rider,Alessio Velini,19.379199927880475,1.0014139590949587,03/09/2004 13:00:00,0,Yamaha YZF-R1 [2004],World Superbikes,
332,Rider,Alessio Velini,19.381352852782236,1.0009055840067103,23/09/2004 13:00:00,0,Ducati 998 RS [2004],World Superbikes,
332,Rider,Alessio Velini,19.38303252855024,1.000557358552427,24/09/2004 13:00:00,0,Ducati 998 RS [2004],World Superbikes,
332,Rider,Alessio Velini,19.384399619389313,1.0003686938542151,30/09/2004 13:00:00,0,Ducati 998 RS [2004],World Superbikes,
332,Rider,Alessio Velini,19.385994641880064,1.0003332785780923,01/10/2004 13:00:00,0,Ducati 998 RS [2004],World Superbikes,
332,Rider,Alessio Velini,19.38843432097202,1.0004495882013928,23/02/2005 13:00:00,0,Ducati 999 RS [2005],World Superbikes,
332,Rider,Alessio Velini,19.390822378978143,1.0007143303248667,21/04/2005 13:00:00,0,Ducati 999 RS [2005],World Superbikes,
332,Rider,Alessio Velini,19.394130153579077,1.0011088098361969,22/04/2005 13:00:00,0,Ducati 999 RS [2005],World Superbikes,
332,Rider,Alessio Velini,19.39731047161765,1.0016542899034913,05/05/2005 13:00:00,0,Ducati 999 RS [2005],World Superbikes,
332,Rider,Alessio Velini,19.40001958734756,1.0023560055416458,06/05/2005 13:00:00,0,Ducati 999 RS [2005],World Superbikes,
332,Rider,Alessio Velini,19.402206804711547,1.0032165276612184,27/05/2005 13:00:00,0,Ducati 999 RS [2005],World Superbikes,
332,Rider,Alessio Velini,19.4045416035336,1.0041972660405851,27/05/2005 13:00:00,1,Ducati 999 RS [2005],World Superbikes,
332,Rider,Alessio Velini,19.406525428911248,1.0053199149286483,23/06/2005 13:00:00,0,Ducati 999 RS [2005],World Superbikes,
332,Rider,Alessio Velini,19.408010111817266,1.0066045066094433,24/06/2005 13:00:00,0,Ducati 999 RS [2005],World Superbikes,
332,Rider,Alessio Velini,19.409349265919754,1.0080474118778797,14/07/2005 13:00:00,0,Ducati 999 RS [2005],World Superbikes,
332,Rider,Alessio Velini,19.409603136249363,1.0096528920225576,15/07/2005 13:00:00,0,Ducati 999 RS [2005],World Superbikes,
332,Rider,Alessio Velini,19.409126000458524,1.0114195418586098,05/08/2005 13:00:00,0,Ducati 999 RS [2005],World Superbikes,
332,Rider,Alessio Velini,19.408993789500926,1.0133177508603373,05/08/2005 13:00:00,1,Ducati 999 RS [2005],World Superbikes,
332,Rider,Alessio Velini,19.409000318708998,1.0153418872430633,01/09/2005 13:00:00,0,Ducati 999 RS [2005],World Superbikes,
332,Rider,Alessio Velini,19.40817955245238,1.0175293670944667,02/09/2005 13:00:00,0,Ducati 999 RS [2005],World Superbikes,
332,Rider,Alessio Velini,19.407351667831016,1.0198739038895284,08/09/2005 13:00:00,0,Ducati 999 RS [2005],World Superbikes,
332,Rider,Alessio Velini,19.407964589422928,1.0223469101174114,09/09/2005 13:00:00,0,Ducati 999 RS [2005],World Superbikes,
332,Rider,Alessio Velini,19.40966230966381,1.0249605622663391,29/09/2005 13:00:00,0,Ducati 999 RS [2005],World Superbikes,
332,Rider,Alessio Velini,19.41035968454437,1.0277435030933904,30/09/2005 13:00:00,0,Ducati 999 RS [2005],World Superbikes,
332,Rider,Alessio Velini,19.410533520719166,1.0306920155303456,06/10/2005 13:00:00,0,Ducati 999 RS [2005],World Superbikes,
332,Rider,Alessio Velini,19.41112298115002,1.0337891537353037,07/10/2005 13:00:00,0,Ducati 999 RS [2005],World Superbikes,
333,Bike,Ducati 996 RS [2004],21.475716483026748,1.5428211878483016,27/02/2004 13:00:00,0,,World Superbikes,
333,Bike,Ducati 996 RS [2004],21.475767574802443,1.540937867547313,15/04/2004 13:00:00,0,,World Superbikes,
333,Bike,Ducati 996 RS [2004],21.473443305822286,1.5393221866848767,16/04/2004 13:00:00,0,,World Superbikes,
333,Bike,Ducati 996 RS [2004],21.471316035572055,1.5379442471852158,13/05/2004 13:00:00,0,,World Superbikes,
333,Bike,Ducati 996 RS [2004],21.470325051097102,1.5367286465136978,14/05/2004 13:00:00,0,,World Superbikes,
333,Bike,Ducati 996 RS [2004],21.47058507157862,1.5356771845252597,27/05/2004 13:00:00,0,,World Superbikes,
333,Bike,Ducati 996 RS [2004],21.470082066642814,1.5348620101942916,28/05/2004 13:00:00,0,,World Superbikes,
333,Bike,Ducati 996 RS [2004],21.46880076566919,1.5342851324579565,11/06/2004 13:00:00,0,,World Superbikes,
333,Bike,Ducati 996 RS [2004],21.467188124710603,1.5339321450851349,11/06/2004 13:00:00,1,,World Superbikes,
333,Bike,Ducati 996 RS [2004],21.465944502287368,1.5337988480241842,09/07/2004 13:00:00,0,,World Superbikes,
333,Bike,Ducati 996 RS [2004],21.463053033188572,1.5339137646770404,10/07/2004 13:00:00,0,,World Superbikes,
333,Bike,Ducati 996 RS [2004],21.45948322332283,1.5342543851725483,30/07/2004 13:00:00,0,,World Superbikes,
333,Bike,Ducati 996 RS [2004],21.45702201297438,1.5347548258570018,30/07/2004 13:00:00,1,,World Superbikes,
333,Bike,Ducati 996 RS [2004],21.45446673074761,1.5354918672646418,02/09/2004 13:00:00,0,,World Superbikes,
333,Bike,Ducati 996 RS [2004],21.45216793163353,1.5364556166902152,03/09/2004 13:00:00,0,,World Superbikes,
333,Bike,Ducati 996 RS [2004],21.451254598545823,1.537592161287961,23/09/2004 13:00:00,0,,World Superbikes,
333,Bike,Ducati 996 RS [2004],21.44983815348818,1.5389868946958758,24/09/2004 13:00:00,0,,World Superbikes,
333,Bike,Ducati 996 RS [2004],21.447755594383125,1.5406461858694913,30/09/2004 13:00:00,0,,World Superbikes,
333,Bike,Ducati 996 RS [2004],21.4461103541956,1.542552445387365,01/10/2004 13:00:00,0,,World Superbikes,
334,Rider,Miguel Praia,8.795847097740555,1.2312753669145402,27/02/2004 13:00:00,0,Ducati 999 RS04 [2004],World Superbikes,
334,Rider,Miguel Praia,8.79552638778081,1.2287079118916915,27/02/2004 13:00:00,1,Ducati 999 RS04 [2004],World Superbikes,
334,Rider,Miguel Praia,8.79626701042416,1.226257581191478,25/03/2004 13:00:00,0,Ducati 999 RS04 [2004],World Superbikes,
334,Rider,Miguel Praia,8.797962104536179,1.223917900101855,26/03/2004 13:00:00,0,Ducati 999 RS04 [2004],World Superbikes,
334,Rider,Miguel Praia,8.800555754682389,1.221682866810491,14/05/2004 13:00:00,0,Ducati 999 RS04 [2004],World Superbikes,
334,Rider,Miguel Praia,8.803650894024601,1.219611057637789,27/05/2004 13:00:00,0,Ducati 999 RS04 [2004],World Superbikes,
334,Rider,Miguel Praia,8.807321975059523,1.2176856209047207,28/05/2004 13:00:00,0,Ducati 999 RS04 [2004],World Superbikes,
334,Rider,Miguel Praia,8.810815098852173,1.215935810835351,11/06/2004 13:00:00,0,Ducati 999 RS04 [2004],World Superbikes,
334,Rider,Miguel Praia,8.815490484823705,1.2143071447156013,11/06/2004 13:00:00,1,Ducati 999 RS04 [2004],World Superbikes,
334,Rider,Miguel Praia,8.82013486351714,1.212854712662471,30/07/2004 13:00:00,1,Ducati 999 RS04 [2004],World Superbikes,
334,Rider,Miguel Praia,8.82608902517494,1.2115326011839123,02/09/2004 13:00:00,0,Ducati 999 RS04 [2004],World Superbikes,
334,Rider,Miguel Praia,8.832987279059285,1.2103701853339495,03/09/2004 13:00:00,0,Ducati 999 RS04 [2004],World Superbikes,
334,Rider,Miguel Praia,8.839771990980653,1.2093912510833427,23/09/2004 13:00:00,0,Ducati 999 RS04 [2004],World Superbikes,
334,Rider,Miguel Praia,8.847267260960543,1.208585544678626,24/09/2004 13:00:00,0,Ducati 999 RS04 [2004],World Superbikes,
334,Rider,Miguel Praia,8.855350184711323,1.2079646603628378,30/09/2004 13:00:00,0,Ducati 999 RS04 [2004],World Superbikes,
334,Rider,Miguel Praia,8.86435709992212,1.2075232530763886,01/10/2004 13:00:00,0,Ducati 999 RS04 [2004],World Superbikes,
334,Rider,Miguel Praia,8.87392663291583,1.2072672371086568,23/02/2005 13:00:00,0,Yamaha YZF-R1 [2005],World Superbikes,
334,Rider,Miguel Praia,8.880666281671477,1.2072142948994413,31/03/2005 13:00:00,0,Yamaha YZF-R1 [2005],World Superbikes,
334,Rider,Miguel Praia,8.886294607394419,1.2073337916938436,01/04/2005 13:00:00,0,Yamaha YZF-R1 [2005],World Superbikes,
334,Rider,Miguel Praia,8.892332838986274,1.207526379308789,21/04/2005 13:00:00,0,Yamaha YZF-R1 [2005],World Superbikes,
334,Rider,Miguel Praia,8.896942349607976,1.207908287696146,22/04/2005 13:00:00,0,Yamaha YZF-R1 [2005],World Superbikes,
334,Rider,Miguel Praia,8.90234983226835,1.2083869241965837,05/05/2005 13:00:00,0,Yamaha YZF-R1 [2005],World Superbikes,
334,Rider,Miguel Praia,8.906628873153847,1.2090532786726216,06/05/2005 13:00:00,0,Yamaha YZF-R1 [2005],World Superbikes,
334,Rider,Miguel Praia,8.910244978147249,1.2098933609019744,27/05/2005 13:00:00,0,Yamaha YZF-R1 [2005],World Superbikes,
334,Rider,Miguel Praia,8.91357102442726,1.2108667432479738,27/05/2005 13:00:00,1,Yamaha YZF-R1 [2005],World Superbikes,
334,Rider,Miguel Praia,8.917686853153514,1.2119343808650929,23/06/2005 13:00:00,0,Yamaha YZF-R1 [2005],World Superbikes,
334,Rider,Miguel Praia,8.922024812099629,1.2131601167989656,24/06/2005 13:00:00,0,Yamaha YZF-R1 [2005],World Superbikes,
334,Rider,Miguel Praia,8.926245587168879,1.2145650770744838,14/07/2005 13:00:00,0,Yamaha YZF-R1 [2005],World Superbikes,
334,Rider,Miguel Praia,8.929270503705682,1.2161621912379241,15/07/2005 13:00:00,0,Yamaha YZF-R1 [2005],World Superbikes,
334,Rider,Miguel Praia,8.931113895630359,1.2179523655761018,05/08/2005 13:00:00,0,Yamaha YZF-R1 [2005],World Superbikes,
334,Rider,Miguel Praia,8.933798748868828,1.2198414166586853,05/08/2005 13:00:00,1,Yamaha YZF-R1 [2005],World Superbikes,
334,Rider,Miguel Praia,8.937274255491285,1.2218244117562296,01/09/2005 13:00:00,0,Yamaha YZF-R1 [2005],World Superbikes,
334,Rider,Miguel Praia,8.941323872972573,1.2239733236310668,02/09/2005 13:00:00,0,Yamaha YZF-R1 [2005],World Superbikes,
334,Rider,Miguel Praia,8.944313418151413,1.2263168883023683,08/09/2005 13:00:00,0,Yamaha YZF-R1 [2005],World Superbikes,
334,Rider,Miguel Praia,8.946733551131514,1.2288339920133884,09/09/2005 13:00:00,0,Yamaha YZF-R1 [2005],World Superbikes,
335,Rider,Ivan Sala,20.08667110759484,2.899026928523273,15/04/2004 13:00:00,0,Suzuki GSX 1000R [2004],World Superbikes,
335,Rider,Ivan Sala,20.086006988044062,2.898601286860401,16/04/2004 13:00:00,0,Suzuki GSX 1000R [2004],World Superbikes,
335,Rider,Ivan Sala,20.086581287709038,2.8985940051984436,13/05/2004 13:00:00,0,Suzuki GSX 1000R [2004],World Superbikes,
335,Rider,Ivan Sala,20.086724769402476,2.8990575693152016,14/05/2004 13:00:00,0,Suzuki GSX 1000R [2004],World Superbikes,
336,Rider,Carl Berthelsen,11.673755211430485,3.4066105091627055,27/05/2004 13:00:00,0,Suzuki GSX 1000R [2004],World Superbikes,
336,Rider,Carl Berthelsen,11.673101353067912,3.4061984654002946,28/05/2004 13:00:00,0,Suzuki GSX 1000R [2004],World Superbikes,
336,Rider,Carl Berthelsen,11.672973803863517,3.4060325488376475,30/09/2004 13:00:00,0,Suzuki GSX 1000R [2004],World Superbikes,
336,Rider,Carl Berthelsen,11.674006780402715,3.4062204799806537,01/10/2004 13:00:00,0,Suzuki GSX 1000R [2004],World Superbikes,
337,Rider,James Ellison,34.277684981413934,1.730854089162169,11/06/2004 13:00:00,0,Yamaha YZF-R1 [2004],World Superbikes,
337,Rider,James Ellison,34.279827893173646,1.7293106905214022,11/06/2004 13:00:00,1,Yamaha YZF-R1 [2004],World Superbikes,
337,Rider,James Ellison,34.281556886551094,1.72805971958729,12/06/2004 13:00:00,0,Yamaha YZF-R1 [2004],World Superbikes,
337,Rider,James Ellison,34.28277090410057,1.7270978013176834,30/07/2004 13:00:00,0,Yamaha YZF-R1 [2004],World Superbikes,
337,Rider,James Ellison,34.284968837194505,1.7264321566669942,30/07/2004 13:00:00,1,Yamaha YZF-R1 [2004],World Superbikes,
337,Rider,James Ellison,34.287963891012375,1.7260643503715578,31/07/2004 13:00:00,0,Yamaha YZF-R1 [2004],World Superbikes,
337,Rider,James Ellison,34.29095199187315,1.7259850735683309,05/09/2008 13:00:00,0,Honda [2008],World Superbikes,
337,Rider,James Ellison,34.29405735185353,1.7261416817861317,05/09/2008 13:00:00,1,Honda [2008],World Superbikes,
337,Rider,James Ellison,34.29720945270978,1.7265336237766695,06/09/2008 13:00:00,0,Honda [2008],World Superbikes,
337,Rider,James Ellison,34.299671068246816,1.7271538849910637,26/06/2009 13:00:00,0,Yamaha YZF-R1 [2009],World Superbikes,
337,Rider,James Ellison,34.300735043566604,1.7280874205431456,26/06/2009 13:00:00,1,Yamaha YZF-R1 [2009],World Superbikes,
337,Rider,James Ellison,34.30080429964302,1.7293342546426624,27/06/2009 13:00:00,0,Yamaha YZF-R1 [2009],World Superbikes,
337,Rider,James Ellison,34.29995322895171,1.7308861573444871,27/06/2009 13:00:00,1,Yamaha YZF-R1 [2009],World Superbikes,
338,Rider,Craig Coxhell,22.14170133237806,4.045960482820971,30/07/2004 13:00:00,0,Honda [2004],World Superbikes,
338,Rider,Craig Coxhell,22.14222196265981,4.045951938104377,30/07/2004 13:00:00,1,Honda [2004],World Superbikes,
339,Bike,Honda [2004],22.14170133237806,4.045960482820971,30/07/2004 13:00:00,0,,World Superbikes,
339,Bike,Honda [2004],22.142221962659807,4.045951938104377,30/07/2004 13:00:00,1,,World Superbikes,
340,Rider,Arno Visscher,16.753104342800263,3.7230004277285937,02/09/2004 13:00:00,0,Kawasaki ZX-10 [2004],World Superbikes,
340,Rider,Arno Visscher,16.752675325101084,3.7230149420724343,03/09/2004 13:00:00,0,Kawasaki ZX-10 [2004],World Superbikes,
341,Rider,Stephane Duterne,18.92728670300553,2.8163905735840276,23/09/2004 13:00:00,0,Kawasaki ZX-10 [2004],World Superbikes,
341,Rider,Stephane Duterne,18.926758267009028,2.815921868471668,24/09/2004 13:00:00,0,Kawasaki ZX-10 [2004],World Superbikes,
341,Rider,Stephane Duterne,18.92692249441827,2.815931421888733,30/09/2004 13:00:00,0,Kawasaki ZX-10 [2004],World Superbikes,
341,Rider,Stephane Duterne,18.926974390707244,2.8164122297657004,01/10/2004 13:00:00,0,Kawasaki ZX-10 [2004],World Superbikes,
342,Rider,Andrea Mazzali,17.03987324900212,2.7642720010172455,23/09/2004 13:00:00,0,MV Agusta F4 1000S [2004],World Superbikes,
342,Rider,Andrea Mazzali,17.040220782157167,2.763608828313941,24/09/2004 13:00:00,0,MV Agusta F4 1000S [2004],World Superbikes,
342,Rider,Andrea Mazzali,17.040130810573146,2.7632705302003853,05/05/2005 13:00:00,0,MV Agusta F4 1000 MT [2005],World Superbikes,
342,Rider,Andrea Mazzali,17.040517384258408,2.7632670617669595,06/05/2005 13:00:00,0,MV Agusta F4 1000 MT [2005],World Superbikes,
342,Rider,Andrea Mazzali,17.041504807614345,2.763591075957327,29/09/2005 13:00:00,0,MV Agusta F4 1000 MT [2005],World Superbikes,
342,Rider,Andrea Mazzali,17.040521716276213,2.7642955694934797,30/09/2005 13:00:00,0,MV Agusta F4 1000 MT [2005],World Superbikes,
343,Bike,MV Agusta F4 1000S [2004],21.469399301722515,3.774622210424004,23/09/2004 13:00:00,0,,World Superbikes,
343,Bike,MV Agusta F4 1000S [2004],21.470189787482838,3.7746113642288375,24/09/2004 13:00:00,0,,World Superbikes,
344,Rider,Pawel Szkopek,19.308134716182884,1.7132095238267986,23/09/2004 13:00:00,0,Suzuki GSX 1000R [2004],World Superbikes,
344,Rider,Pawel Szkopek,19.309255689464578,1.7115631711577022,24/09/2004 13:00:00,0,Suzuki GSX 1000R [2004],World Superbikes,
344,Rider,Pawel Szkopek,19.31098018951079,1.7101947141887133,30/09/2004 13:00:00,0,Suzuki GSX 1000R [2004],World Superbikes,
344,Rider,Pawel Szkopek,19.312907975584185,1.709104236436344,01/10/2004 13:00:00,0,Suzuki GSX 1000R [2004],World Superbikes,
344,Rider,Pawel Szkopek,19.314462005746282,1.708296360139931,20/07/2006 13:00:00,0,Ducati 999 RS [2006],World Superbikes,
344,Rider,Pawel Szkopek,19.314928767893722,1.7077777637587843,21/07/2006 13:00:00,0,Ducati 999 RS [2006],World Superbikes,
344,Rider,Pawel Szkopek,19.315156959956198,1.7075356270066682,03/10/2015 13:00:00,0,Yamaha YZF-R1 [2015],World Superbikes,
344,Rider,Pawel Szkopek,19.314610063438785,1.707441605670509,15/04/2016 13:00:00,0,Yamaha YZF-R1 [2016],World Superbikes,
344,Rider,Pawel Szkopek,19.313802077481892,1.707591492813857,29/04/2016 13:00:00,0,Yamaha YZF-R1 [2016],World Superbikes,
344,Rider,Pawel Szkopek,19.313213037399805,1.7079815725186536,13/05/2016 13:00:00,0,Yamaha YZF-R1 [2016],World Superbikes,
344,Rider,Pawel Szkopek,19.313366434578555,1.708617745230511,27/05/2016 13:00:00,0,Yamaha YZF-R1 [2016],World Superbikes,
344,Rider,Pawel Szkopek,19.314459781546418,1.7094726263583688,17/06/2016 13:00:00,0,Yamaha YZF-R1 [2016],World Superbikes,
344,Rider,Pawel Szkopek,19.315600125329144,1.7105939823719865,09/07/2016 13:00:00,0,Yamaha YZF-R1 [2016],World Superbikes,
344,Rider,Pawel Szkopek,19.31738009693053,1.7119404694478912,16/09/2016 13:00:00,0,Yamaha YZF-R1 [2016],World Superbikes,
344,Rider,Pawel Szkopek,19.31862149756698,1.713545856996742,18/08/2017 13:00:00,0,Yamaha YZF-R1 [2017],World Superbikes,
345,Rider,Stefano Cruciani,17.07290314434664,2.4492181746766843,30/09/2004 13:00:00,0,Kawasaki ZX-10 [2004],World Superbikes,
345,Rider,Stefano Cruciani,17.071340147084975,2.4484555763959954,01/10/2004 13:00:00,0,Kawasaki ZX-10 [2004],World Superbikes,
345,Rider,Stefano Cruciani,17.069430660723473,2.4481034973009366,08/09/2005 13:00:00,0,Kawasaki ZX-10 [2005],World Superbikes,
345,Rider,Stefano Cruciani,17.06713979190991,2.4481443135294803,09/09/2005 13:00:00,0,Kawasaki ZX-10 [2005],World Superbikes,
345,Rider,Stefano Cruciani,17.064301349358864,2.4485835206465674,20/07/2007 13:00:00,0,Suzuki GSX-R1000 K6 [2007],World Superbikes,
345,Rider,Stefano Cruciani,17.063260532875933,2.449298763887643,03/08/2007 13:00:00,0,Suzuki GSX-R1000 K6 [2007],World Superbikes,
345,Rider,Stefano Cruciani,17.063126468512312,2.4502411677394123,03/08/2007 13:00:00,1,Suzuki GSX-R1000 K6 [2007],World Superbikes,
346,Rider,Teodor Myszkowski,14.546147133870774,3.738627891540406,30/09/2004 13:00:00,0,Yamaha YZF-R1 [2004],World Superbikes,
346,Rider,Teodor Myszkowski,14.546376564411144,3.7386075417189844,01/10/2004 13:00:00,0,Yamaha YZF-R1 [2004],World Superbikes,
347,Bike,Suzuki GSX-R 1000 K5 [2005],27.936053787356503,1.1465474014619403,23/02/2005 13:00:00,0,,World Superbikes,
347,Bike,Suzuki GSX-R 1000 K5 [2005],27.9356909129002,1.1437907763964907,24/02/2005 13:00:00,0,,World Superbikes,
347,Bike,Suzuki GSX-R 1000 K5 [2005],27.936702334672272,1.1412342899153536,25/02/2005 13:00:00,0,,World Superbikes,
347,Bike,Suzuki GSX-R 1000 K5 [2005],27.937610345365176,1.1388488992552346,31/03/2005 13:00:00,0,,World Superbikes,
347,Bike,Suzuki GSX-R 1000 K5 [2005],27.9373523020598,1.1365999027488818,01/04/2005 13:00:00,0,,World Superbikes,
347,Bike,Suzuki GSX-R 1000 K5 [2005],27.939192091161026,1.1345521210332008,01/04/2005 13:00:00,1,,World Superbikes,
347,Bike,Suzuki GSX-R 1000 K5 [2005],27.94069881692083,1.132666067044346,21/04/2005 13:00:00,0,,World Superbikes,
347,Bike,Suzuki GSX-R 1000 K5 [2005],27.941843618681112,1.1309299369791503,22/04/2005 13:00:00,0,,World Superbikes,
347,Bike,Suzuki GSX-R 1000 K5 [2005],27.942691675289826,1.1293452214826554,23/04/2005 13:00:00,0,,World Superbikes,
347,Bike,Suzuki GSX-R 1000 K5 [2005],27.943558151797674,1.1279053750242465,05/05/2005 13:00:00,0,,World Superbikes,
347,Bike,Suzuki GSX-R 1000 K5 [2005],27.943320334795388,1.1266009524104978,06/05/2005 13:00:00,0,,World Superbikes,
347,Bike,Suzuki GSX-R 1000 K5 [2005],27.942910358968735,1.1254778362103501,07/05/2005 13:00:00,0,,World Superbikes,
347,Bike,Suzuki GSX-R 1000 K5 [2005],27.9414026102179,1.1245031933148335,27/05/2005 13:00:00,0,,World Superbikes,
347,Bike,Suzuki GSX-R 1000 K5 [2005],27.939670555021586,1.123706841390208,27/05/2005 13:00:00,1,,World Superbikes,
347,Bike,Suzuki GSX-R 1000 K5 [2005],27.937530407699832,1.1230834355471784,28/05/2005 13:00:00,0,,World Superbikes,
347,Bike,Suzuki GSX-R 1000 K5 [2005],27.934774003350153,1.1226207716299044,23/06/2005 13:00:00,0,,World Superbikes,
347,Bike,Suzuki GSX-R 1000 K5 [2005],27.93166591466833,1.1223092756684403,24/06/2005 13:00:00,0,,World Superbikes,
347,Bike,Suzuki GSX-R 1000 K5 [2005],27.927658709221213,1.1221410129296034,25/06/2005 13:00:00,0,,World Superbikes,
347,Bike,Suzuki GSX-R 1000 K5 [2005],27.923055053487456,1.122118240202576,14/07/2005 13:00:00,0,,World Superbikes,
347,Bike,Suzuki GSX-R 1000 K5 [2005],27.918729338288188,1.1222699476357876,15/07/2005 13:00:00,0,,World Superbikes,
347,Bike,Suzuki GSX-R 1000 K5 [2005],27.914124694893424,1.1225748440817729,16/07/2005 13:00:00,0,,World Superbikes,
347,Bike,Suzuki GSX-R 1000 K5 [2005],27.90932214860255,1.123024694587012,05/08/2005 13:00:00,0,,World Superbikes,
347,Bike,Suzuki GSX-R 1000 K5 [2005],27.90376229181068,1.1236261558762173,05/08/2005 13:00:00,1,,World Superbikes,
347,Bike,Suzuki GSX-R 1000 K5 [2005],27.89877933102035,1.1243807286596872,06/08/2005 13:00:00,0,,World Superbikes,
347,Bike,Suzuki GSX-R 1000 K5 [2005],27.894285298753694,1.125279693364058,01/09/2005 13:00:00,0,,World Superbikes,
347,Bike,Suzuki GSX-R 1000 K5 [2005],27.890139875392514,1.126337526171286,02/09/2005 13:00:00,0,,World Superbikes,
347,Bike,Suzuki GSX-R 1000 K5 [2005],27.886720245367613,1.1275607472782463,03/09/2005 13:00:00,0,,World Superbikes,
347,Bike,Suzuki GSX-R 1000 K5 [2005],27.883751954281834,1.128963257925474,08/09/2005 13:00:00,0,,World Superbikes,
347,Bike,Suzuki GSX-R 1000 K5 [2005],27.88154763521887,1.1305447729955063,09/09/2005 13:00:00,0,,World Superbikes,
347,Bike,Suzuki GSX-R 1000 K5 [2005],27.879504245667096,1.1322774113971197,10/09/2005 13:00:00,0,,World Superbikes,
347,Bike,Suzuki GSX-R 1000 K5 [2005],27.8779371633214,1.1341851851779094,29/09/2005 13:00:00,0,,World Superbikes,
347,Bike,Suzuki GSX-R 1000 K5 [2005],27.87580286437402,1.1362467764345565,30/09/2005 13:00:00,0,,World Superbikes,
347,Bike,Suzuki GSX-R 1000 K5 [2005],27.8723312884513,1.1384527269347111,01/10/2005 13:00:00,0,,World Superbikes,
347,Bike,Suzuki GSX-R 1000 K5 [2005],27.869129339692815,1.1408420971432582,06/10/2005 13:00:00,0,,World Superbikes,
347,Bike,Suzuki GSX-R 1000 K5 [2005],27.866090021232026,1.143396332167295,07/10/2005 13:00:00,0,,World Superbikes,
347,Bike,Suzuki GSX-R 1000 K5 [2005],27.863576955504413,1.1461252684645995,08/10/2005 13:00:00,0,,World Superbikes,
348,Bike,Ducati 999 F05 [2005],27.520688316170826,1.1017068352930994,23/02/2005 13:00:00,0,,World Superbikes,
348,Bike,Ducati 999 F05 [2005],27.520697280689433,1.0988438207688949,24/02/2005 13:00:00,0,,World Superbikes,
348,Bike,Ducati 999 F05 [2005],27.521428823848442,1.0961674519287186,25/02/2005 13:00:00,0,,World Superbikes,
348,Bike,Ducati 999 F05 [2005],27.522242928391396,1.0936410051846583,31/03/2005 13:00:00,0,,World Superbikes,
348,Bike,Ducati 999 F05 [2005],27.52366952314251,1.0912945555687537,01/04/2005 13:00:00,0,,World Superbikes,
348,Bike,Ducati 999 F05 [2005],27.525681266630674,1.0891368190757218,01/04/2005 13:00:00,1,,World Superbikes,
348,Bike,Ducati 999 F05 [2005],27.528871956627334,1.0871589662655001,21/04/2005 13:00:00,0,,World Superbikes,
348,Bike,Ducati 999 F05 [2005],27.533184562709238,1.0853720647525713,22/04/2005 13:00:00,0,,World Superbikes,
348,Bike,Ducati 999 F05 [2005],27.540577098727645,1.0837736059239065,05/05/2005 13:00:00,0,,World Superbikes,
348,Bike,Ducati 999 F05 [2005],27.54820407437643,1.0823583596857134,06/05/2005 13:00:00,0,,World Superbikes,
348,Bike,Ducati 999 F05 [2005],27.55591092720458,1.0811221387942958,07/05/2005 13:00:00,0,,World Superbikes,
348,Bike,Ducati 999 F05 [2005],27.563697956197906,1.0800560252207059,27/05/2005 13:00:00,0,,World Superbikes,
348,Bike,Ducati 999 F05 [2005],27.569840459855865,1.0791358728372344,27/05/2005 13:00:00,1,,World Superbikes,
348,Bike,Ducati 999 F05 [2005],27.575982286451993,1.0783941336159972,28/05/2005 13:00:00,0,,World Superbikes,
348,Bike,Ducati 999 F05 [2005],27.581990774224753,1.077825784861639,23/06/2005 13:00:00,0,,World Superbikes,
348,Bike,Ducati 999 F05 [2005],27.587586981764886,1.0774295999538193,24/06/2005 13:00:00,0,,World Superbikes,
348,Bike,Ducati 999 F05 [2005],27.59400665250273,1.077219372889879,25/06/2005 13:00:00,0,,World Superbikes,
348,Bike,Ducati 999 F05 [2005],27.6003924057616,1.0771789703182868,14/07/2005 13:00:00,0,,World Superbikes,
348,Bike,Ducati 999 F05 [2005],27.607189107785103,1.0773239879294365,15/07/2005 13:00:00,0,,World Superbikes,
348,Bike,Ducati 999 F05 [2005],27.615446091886902,1.0776544862795894,16/07/2005 13:00:00,0,,World Superbikes,
348,Bike,Ducati 999 F05 [2005],27.623841391960962,1.0781474153794661,05/08/2005 13:00:00,0,,World Superbikes,
348,Bike,Ducati 999 F05 [2005],27.63182209872336,1.0788101578879834,05/08/2005 13:00:00,1,,World Superbikes,
348,Bike,Ducati 999 F05 [2005],27.640305155470458,1.0796542563607008,06/08/2005 13:00:00,0,,World Superbikes,
348,Bike,Ducati 999 F05 [2005],27.648365413403734,1.0806655936057683,01/09/2005 13:00:00,0,,World Superbikes,
348,Bike,Ducati 999 F05 [2005],27.654532094630845,1.0818051556336308,02/09/2005 13:00:00,0,,World Superbikes,
348,Bike,Ducati 999 F05 [2005],27.65970989230285,1.0831095702394424,03/09/2005 13:00:00,0,,World Superbikes,
348,Bike,Ducati 999 F05 [2005],27.663718308415234,1.0845718447271766,08/09/2005 13:00:00,0,,World Superbikes,
348,Bike,Ducati 999 F05 [2005],27.667351094800814,1.0862128313759856,09/09/2005 13:00:00,0,,World Superbikes,
348,Bike,Ducati 999 F05 [2005],27.670209029426154,1.0880239695181464,10/09/2005 13:00:00,0,,World Superbikes,
348,Bike,Ducati 999 F05 [2005],27.671653652519357,1.0899915230825508,29/09/2005 13:00:00,0,,World Superbikes,
348,Bike,Ducati 999 F05 [2005],27.673080339602663,1.0921423633133855,30/09/2005 13:00:00,0,,World Superbikes,
348,Bike,Ducati 999 F05 [2005],27.674452559304488,1.0944789658650085,01/10/2005 13:00:00,0,,World Superbikes,
348,Bike,Ducati 999 F05 [2005],27.674972428680057,1.096986714530853,06/10/2005 13:00:00,0,,World Superbikes,
348,Bike,Ducati 999 F05 [2005],27.676102844542314,1.0996802418190872,07/10/2005 13:00:00,0,,World Superbikes,
348,Bike,Ducati 999 F05 [2005],27.676603467801637,1.1025406763551815,08/10/2005 13:00:00,0,,World Superbikes,
349,Bike,Yamaha YZF-R1 [2005],24.92033949069473,1.1041681079919003,23/02/2005 13:00:00,0,,World Superbikes,
349,Bike,Yamaha YZF-R1 [2005],24.919470382939306,1.101309679286881,24/02/2005 13:00:00,0,,World Superbikes,
349,Bike,Yamaha YZF-R1 [2005],24.917705162839443,1.098613213356991,25/02/2005 13:00:00,0,,World Superbikes,
349,Bike,Yamaha YZF-R1 [2005],24.91547421445421,1.0960759352425533,31/03/2005 13:00:00,0,,World Superbikes,
349,Bike,Yamaha YZF-R1 [2005],24.91303799561252,1.0937203640565554,01/04/2005 13:00:00,0,,World Superbikes,
349,Bike,Yamaha YZF-R1 [2005],24.91026678538614,1.091534169985326,01/04/2005 13:00:00,1,,World Superbikes,
349,Bike,Yamaha YZF-R1 [2005],24.907556525229662,1.0895129077037193,21/04/2005 13:00:00,0,,World Superbikes,
349,Bike,Yamaha YZF-R1 [2005],24.90525230105152,1.087665047173547,22/04/2005 13:00:00,0,,World Superbikes,
349,Bike,Yamaha YZF-R1 [2005],24.903021027816486,1.085985768495926,23/04/2005 13:00:00,0,,World Superbikes,
349,Bike,Yamaha YZF-R1 [2005],24.900517103324493,1.084478083669206,05/05/2005 13:00:00,0,,World Superbikes,
349,Bike,Yamaha YZF-R1 [2005],24.898282438870275,1.0831442663363935,06/05/2005 13:00:00,0,,World Superbikes,
349,Bike,Yamaha YZF-R1 [2005],24.89616754014055,1.081979481684776,07/05/2005 13:00:00,0,,World Superbikes,
349,Bike,Yamaha YZF-R1 [2005],24.89487334907838,1.0809753067125416,27/05/2005 13:00:00,0,,World Superbikes,
349,Bike,Yamaha YZF-R1 [2005],24.893674451150936,1.0801307340571096,27/05/2005 13:00:00,1,,World Superbikes,
349,Bike,Yamaha YZF-R1 [2005],24.892476698130352,1.0794417718004292,28/05/2005 13:00:00,0,,World Superbikes,
349,Bike,Yamaha YZF-R1 [2005],24.89091762826679,1.0789048488994681,23/06/2005 13:00:00,0,,World Superbikes,
349,Bike,Yamaha YZF-R1 [2005],24.889283694040824,1.0785408426130683,24/06/2005 13:00:00,0,,World Superbikes,
349,Bike,Yamaha YZF-R1 [2005],24.88805246375269,1.0783495322284946,25/06/2005 13:00:00,0,,World Superbikes,
349,Bike,Yamaha YZF-R1 [2005],24.887872000111827,1.0783264596947104,14/07/2005 13:00:00,0,,World Superbikes,
349,Bike,Yamaha YZF-R1 [2005],24.887734699811315,1.078474420834613,15/07/2005 13:00:00,0,,World Superbikes,
349,Bike,Yamaha YZF-R1 [2005],24.887514526542386,1.0787937428393723,16/07/2005 13:00:00,0,,World Superbikes,
349,Bike,Yamaha YZF-R1 [2005],24.88721674168514,1.0792845512209537,05/08/2005 13:00:00,0,,World Superbikes,
349,Bike,Yamaha YZF-R1 [2005],24.887194866444183,1.079934437655863,05/08/2005 13:00:00,1,,World Superbikes,
349,Bike,Yamaha YZF-R1 [2005],24.887189689231263,1.0807425995288613,06/08/2005 13:00:00,0,,World Superbikes,
349,Bike,Yamaha YZF-R1 [2005],24.887087179982498,1.0817109802298075,01/09/2005 13:00:00,0,,World Superbikes,
349,Bike,Yamaha YZF-R1 [2005],24.88709642213056,1.082842935153204,02/09/2005 13:00:00,0,,World Superbikes,
349,Bike,Yamaha YZF-R1 [2005],24.887220906137305,1.0841413270634057,03/09/2005 13:00:00,0,,World Superbikes,
349,Bike,Yamaha YZF-R1 [2005],24.88720978759693,1.0856048415585047,08/09/2005 13:00:00,0,,World Superbikes,
349,Bike,Yamaha YZF-R1 [2005],24.88723834421599,1.0872420342166518,09/09/2005 13:00:00,0,,World Superbikes,
349,Bike,Yamaha YZF-R1 [2005],24.887667897588205,1.089050719081743,10/09/2005 13:00:00,0,,World Superbikes,
349,Bike,Yamaha YZF-R1 [2005],24.888375922570024,1.0910179107890505,29/09/2005 13:00:00,0,,World Superbikes,
349,Bike,Yamaha YZF-R1 [2005],24.8895243440644,1.0931664470638924,30/09/2005 13:00:00,0,,World Superbikes,
349,Bike,Yamaha YZF-R1 [2005],24.890811441748948,1.095493946636622,01/10/2005 13:00:00,0,,World Superbikes,
349,Bike,Yamaha YZF-R1 [2005],24.892094470783558,1.0979967409247628,06/10/2005 13:00:00,0,,World Superbikes,
349,Bike,Yamaha YZF-R1 [2005],24.89284611924013,1.1006739132316103,07/10/2005 13:00:00,0,,World Superbikes,
349,Bike,Yamaha YZF-R1 [2005],24.89330572994865,1.1035265131182526,08/10/2005 13:00:00,0,,World Superbikes,
350,Rider,Max Neukirchner,35.60718722961456,0.7282398753703643,23/02/2005 13:00:00,0,Honda CBR 1000RR Fireblade [2005],World Superbikes,
350,Rider,Max Neukirchner,35.60748650549193,0.7236525311597092,24/02/2005 13:00:00,0,Honda CBR 1000RR Fireblade [2005],World Superbikes,
350,Rider,Max Neukirchner,35.60994418338829,0.7191602329935767,25/02/2005 13:00:00,0,Honda CBR 1000RR Fireblade [2005],World Superbikes,
350,Rider,Max Neukirchner,35.6143328972739,0.7147514010149112,31/03/2005 13:00:00,0,Honda CBR 1000RR Fireblade [2005],World Superbikes,
350,Rider,Max Neukirchner,35.62199769767842,0.7104322523672011,01/04/2005 13:00:00,0,Honda CBR 1000RR Fireblade [2005],World Superbikes,
350,Rider,Max Neukirchner,35.62791637325892,0.7061726955558001,01/04/2005 13:00:00,1,Honda CBR 1000RR Fireblade [2005],World Superbikes,
350,Rider,Max Neukirchner,35.632989200410194,0.7019945917618331,21/04/2005 13:00:00,0,Honda CBR 1000RR Fireblade [2005],World Superbikes,
350,Rider,Max Neukirchner,35.63743485778897,0.6979002049080482,22/04/2005 13:00:00,0,Honda CBR 1000RR Fireblade [2005],World Superbikes,
350,Rider,Max Neukirchner,35.640877055117684,0.6938841718731419,23/04/2005 13:00:00,0,Honda CBR 1000RR Fireblade [2005],World Superbikes,
350,Rider,Max Neukirchner,35.64346854359246,0.6899414257502491,27/05/2005 13:00:00,0,Honda CBR 1000RR Fireblade [2005],World Superbikes,
350,Rider,Max Neukirchner,35.64867630968337,0.6860835885872509,27/05/2005 13:00:00,1,Honda CBR 1000RR Fireblade [2005],World Superbikes,
350,Rider,Max Neukirchner,35.65266936194937,0.6822992952973023,28/05/2005 13:00:00,0,Honda CBR 1000RR Fireblade [2005],World Superbikes,
350,Rider,Max Neukirchner,35.6575059892246,0.6785932071189925,23/06/2005 13:00:00,0,Honda CBR 1000RR Fireblade [2005],World Superbikes,
350,Rider,Max Neukirchner,35.66073119368673,0.6749504413758873,24/06/2005 13:00:00,0,Honda CBR 1000RR Fireblade [2005],World Superbikes,
350,Rider,Max Neukirchner,35.662444874823436,0.6713699781508295,25/06/2005 13:00:00,0,Honda CBR 1000RR Fireblade [2005],World Superbikes,
350,Rider,Max Neukirchner,35.66496184743486,0.6678632175890589,14/07/2005 13:00:00,0,Honda CBR 1000RR Fireblade [2005],World Superbikes,
350,Rider,Max Neukirchner,35.666535121436745,0.6644265298023754,15/07/2005 13:00:00,0,Honda CBR 1000RR Fireblade [2005],World Superbikes,
350,Rider,Max Neukirchner,35.66652963014053,0.6610494853305976,16/07/2005 13:00:00,0,Honda CBR 1000RR Fireblade [2005],World Superbikes,
350,Rider,Max Neukirchner,35.6655332547713,0.6577346146524563,05/08/2005 13:00:00,0,Honda CBR 1000RR Fireblade [2005],World Superbikes,
350,Rider,Max Neukirchner,35.66500773068634,0.6544933025642745,05/08/2005 13:00:00,1,Honda CBR 1000RR Fireblade [2005],World Superbikes,
350,Rider,Max Neukirchner,35.666108647412315,0.6513268380003532,01/09/2005 13:00:00,0,Honda CBR 1000RR Fireblade [2005],World Superbikes,
350,Rider,Max Neukirchner,35.66738688341055,0.6482307665410239,02/09/2005 13:00:00,0,Honda CBR 1000RR Fireblade [2005],World Superbikes,
350,Rider,Max Neukirchner,35.668716861369624,0.6452044784712062,03/09/2005 13:00:00,0,Honda CBR 1000RR Fireblade [2005],World Superbikes,
350,Rider,Max Neukirchner,35.67173378378726,0.6422412417153693,08/09/2005 13:00:00,0,Honda CBR 1000RR Fireblade [2005],World Superbikes,
350,Rider,Max Neukirchner,35.67526848291504,0.6393444686738503,09/09/2005 13:00:00,0,Honda CBR 1000RR Fireblade [2005],World Superbikes,
350,Rider,Max Neukirchner,35.67916903970168,0.6365133894166018,10/09/2005 13:00:00,0,Honda CBR 1000RR Fireblade [2005],World Superbikes,
350,Rider,Max Neukirchner,35.68352954268376,0.6337426301039826,29/09/2005 13:00:00,0,Honda CBR 1000RR Fireblade [2005],World Superbikes,
350,Rider,Max Neukirchner,35.68855286859584,0.6310367237254919,30/09/2005 13:00:00,0,Honda CBR 1000RR Fireblade [2005],World Superbikes,
350,Rider,Max Neukirchner,35.692651820438115,0.6283894462113515,01/10/2005 13:00:00,0,Honda CBR 1000RR Fireblade [2005],World Superbikes,
350,Rider,Max Neukirchner,35.69806812145243,0.6258001684988097,06/10/2005 13:00:00,0,Honda CBR 1000RR Fireblade [2005],World Superbikes,
350,Rider,Max Neukirchner,35.70463444669805,0.6232736431289491,07/10/2005 13:00:00,0,Honda CBR 1000RR Fireblade [2005],World Superbikes,
350,Rider,Max Neukirchner,35.71009382091865,0.62079912464425,08/10/2005 13:00:00,0,Honda CBR 1000RR Fireblade [2005],World Superbikes,
350,Rider,Max Neukirchner,35.715530692951056,0.6183796241537279,22/02/2006 13:00:00,0,Ducati 999 RS [2006],World Superbikes,
350,Rider,Max Neukirchner,35.72139979262705,0.6160191011290674,23/02/2006 13:00:00,0,Ducati 999 RS [2006],World Superbikes,
350,Rider,Max Neukirchner,35.728396399266735,0.6137143830132084,02/03/2006 13:00:00,0,Ducati 999 RS [2006],World Superbikes,
350,Rider,Max Neukirchner,35.73548187860528,0.6114664414063283,03/03/2006 13:00:00,0,Ducati 999 RS [2006],World Superbikes,
350,Rider,Max Neukirchner,35.74345010778954,0.6092731887753507,20/04/2006 13:00:00,0,Ducati 999 RS [2006],World Superbikes,
350,Rider,Max Neukirchner,35.753675548003635,0.6071326057530227,21/04/2006 13:00:00,0,Ducati 999 RS [2006],World Superbikes,
350,Rider,Max Neukirchner,35.76303288316013,0.6050442816021705,04/05/2006 13:00:00,0,Ducati 999 RS [2006],World Superbikes,
350,Rider,Max Neukirchner,35.772455938820364,0.6030079342199954,05/05/2006 13:00:00,0,Ducati 999 RS [2006],World Superbikes,
350,Rider,Max Neukirchner,35.78300703287618,0.6010220962520273,26/05/2006 13:00:00,0,Ducati 999 RS [2006],World Superbikes,
350,Rider,Max Neukirchner,35.79449964052099,0.5990859335874984,22/06/2006 13:00:00,0,Ducati 999 RS [2006],World Superbikes,
350,Rider,Max Neukirchner,35.806736683927085,0.597199527681841,23/06/2006 13:00:00,0,Ducati 999 RS [2006],World Superbikes,
350,Rider,Max Neukirchner,35.81824910063755,0.5953611915812596,31/08/2006 13:00:00,0,Suzuki GSX-R1000 K6 [2006],World Superbikes,
350,Rider,Max Neukirchner,35.83218621927488,0.5935687106503422,01/09/2006 13:00:00,0,Suzuki GSX-R1000 K6 [2006],World Superbikes,
350,Rider,Max Neukirchner,35.848366877514266,0.5918219406577191,07/09/2006 13:00:00,0,Suzuki GSX-R1000 K6 [2006],World Superbikes,
350,Rider,Max Neukirchner,35.86721866233016,0.5901206034878828,08/09/2006 13:00:00,0,Suzuki GSX-R1000 K6 [2006],World Superbikes,
350,Rider,Max Neukirchner,35.8870033261783,0.588465428335093,09/09/2006 13:00:00,0,Suzuki GSX-R1000 K6 [2006],World Superbikes,
350,Rider,Max Neukirchner,35.90788239748747,0.5868503798477351,28/09/2006 13:00:00,0,Suzuki GSX-R1000 K6 [2006],World Superbikes,
350,Rider,Max Neukirchner,35.92865356230672,0.585280072523254,29/09/2006 13:00:00,0,Suzuki GSX-R1000 K6 [2006],World Superbikes,
350,Rider,Max Neukirchner,35.949258621418196,0.5837534872525588,30/09/2006 13:00:00,0,Suzuki GSX-R1000 K6 [2006],World Superbikes,
350,Rider,Max Neukirchner,35.96936291968523,0.5822647975126832,05/10/2006 13:00:00,0,Suzuki GSX-R1000 K6 [2006],World Superbikes,
350,Rider,Max Neukirchner,35.9904807745591,0.5808183795262922,07/10/2006 13:00:00,0,Suzuki GSX-R1000 K6 [2006],World Superbikes,
350,Rider,Max Neukirchner,36.011288474966854,0.5794095533988088,21/02/2007 13:00:00,0,Suzuki GSX-R1000 K6 [2007],World Superbikes,
350,Rider,Max Neukirchner,36.03225492933539,0.5780372390361141,22/02/2007 13:00:00,0,Suzuki GSX-R1000 K6 [2007],World Superbikes,
350,Rider,Max Neukirchner,36.05223620217758,0.5767021904019378,23/02/2007 13:00:00,0,Suzuki GSX-R1000 K6 [2007],World Superbikes,
350,Rider,Max Neukirchner,36.07133913935914,0.5754026128987605,01/03/2007 13:00:00,0,Suzuki GSX-R1000 K6 [2007],World Superbikes,
350,Rider,Max Neukirchner,36.089941646255326,0.5741392132430768,02/03/2007 13:00:00,0,Suzuki GSX-R1000 K6 [2007],World Superbikes,
350,Rider,Max Neukirchner,36.10689969970817,0.5729084608284857,02/03/2007 13:00:00,1,Suzuki GSX-R1000 K6 [2007],World Superbikes,
350,Rider,Max Neukirchner,36.122954548585895,0.5717102877969583,30/03/2007 13:00:00,0,Suzuki GSX-R1000 K6 [2007],World Superbikes,
350,Rider,Max Neukirchner,36.13992903442732,0.5705452507839057,30/03/2007 13:00:00,1,Suzuki GSX-R1000 K6 [2007],World Superbikes,
350,Rider,Max Neukirchner,36.15783238373038,0.5694117314766546,31/03/2007 13:00:00,0,Suzuki GSX-R1000 K6 [2007],World Superbikes,
350,Rider,Max Neukirchner,36.17573480648242,0.5683089363349464,12/04/2007 13:00:00,0,Suzuki GSX-R1000 K6 [2007],World Superbikes,
350,Rider,Max Neukirchner,36.19270003526785,0.5672386725563184,13/04/2007 13:00:00,0,Suzuki GSX-R1000 K6 [2007],World Superbikes,
350,Rider,Max Neukirchner,36.208192810838725,0.5662002080053683,14/04/2007 13:00:00,0,Suzuki GSX-R1000 K6 [2007],World Superbikes,
350,Rider,Max Neukirchner,36.22415233827793,0.5651895087579545,26/04/2007 13:00:00,0,Suzuki GSX-R1000 K6 [2007],World Superbikes,
350,Rider,Max Neukirchner,36.240046976360055,0.5642103246577492,27/04/2007 13:00:00,0,Suzuki GSX-R1000 K6 [2007],World Superbikes,
350,Rider,Max Neukirchner,36.255182438364976,0.5632623289244163,28/04/2007 13:00:00,0,Suzuki GSX-R1000 K6 [2007],World Superbikes,
350,Rider,Max Neukirchner,36.26923394865874,0.5623426680891196,10/05/2007 13:00:00,0,Suzuki GSX-R1000 K6 [2007],World Superbikes,
350,Rider,Max Neukirchner,36.28324150478908,0.5614539233450274,11/05/2007 13:00:00,0,Suzuki GSX-R1000 K6 [2007],World Superbikes,
350,Rider,Max Neukirchner,36.29643080094734,0.560595404090459,12/05/2007 13:00:00,0,Suzuki GSX-R1000 K6 [2007],World Superbikes,
350,Rider,Max Neukirchner,36.310433143809526,0.5597603514917601,25/05/2007 13:00:00,0,Suzuki GSX-R1000 K6 [2007],World Superbikes,
350,Rider,Max Neukirchner,36.324027206904624,0.5589528482393357,25/05/2007 13:00:00,1,Suzuki GSX-R1000 K6 [2007],World Superbikes,
350,Rider,Max Neukirchner,36.33738252096035,0.5581725152382266,26/05/2007 13:00:00,0,Suzuki GSX-R1000 K6 [2007],World Superbikes,
350,Rider,Max Neukirchner,36.3526053308553,0.5573971981431824,14/06/2007 13:00:00,0,Suzuki GSX-R1000 K6 [2007],World Superbikes,
350,Rider,Max Neukirchner,36.36929273241511,0.5566452244428954,15/06/2007 13:00:00,0,Suzuki GSX-R1000 K6 [2007],World Superbikes,
350,Rider,Max Neukirchner,36.38625198261535,0.5559182257532471,16/06/2007 13:00:00,0,Suzuki GSX-R1000 K6 [2007],World Superbikes,
350,Rider,Max Neukirchner,36.40309384024947,0.5552148431781972,19/07/2007 13:00:00,0,Suzuki GSX-R1000 K6 [2007],World Superbikes,
350,Rider,Max Neukirchner,36.41992793311444,0.5545368311527814,20/07/2007 13:00:00,0,Suzuki GSX-R1000 K6 [2007],World Superbikes,
350,Rider,Max Neukirchner,36.437050236200285,0.5538832127997196,21/07/2007 13:00:00,0,Suzuki GSX-R1000 K6 [2007],World Superbikes,
350,Rider,Max Neukirchner,36.45342743597744,0.5532528619459194,03/08/2007 13:00:00,0,Suzuki GSX-R1000 K6 [2007],World Superbikes,
350,Rider,Max Neukirchner,36.469646703538,0.5526472619100249,03/08/2007 13:00:00,1,Suzuki GSX-R1000 K6 [2007],World Superbikes,
350,Rider,Max Neukirchner,36.48620117699611,0.5520647188772569,04/08/2007 13:00:00,0,Suzuki GSX-R1000 K6 [2007],World Superbikes,
350,Rider,Max Neukirchner,36.50369898544689,0.5514986095667098,06/09/2007 13:00:00,0,Suzuki GSX-R1000 K6 [2007],World Superbikes,
350,Rider,Max Neukirchner,36.521257194185544,0.5509547816475109,07/09/2007 13:00:00,0,Suzuki GSX-R1000 K6 [2007],World Superbikes,
350,Rider,Max Neukirchner,36.5376594371592,0.550430721949497,08/09/2007 13:00:00,0,Suzuki GSX-R1000 K6 [2007],World Superbikes,
350,Rider,Max Neukirchner,36.55360160121804,0.5499270399523797,27/09/2007 13:00:00,0,Suzuki GSX-R1000 K6 [2007],World Superbikes,
350,Rider,Max Neukirchner,36.57153915218584,0.549443753621544,28/09/2007 13:00:00,0,Suzuki GSX-R1000 K6 [2007],World Superbikes,
350,Rider,Max Neukirchner,36.58955293674784,0.5489822447584943,29/09/2007 13:00:00,0,Suzuki GSX-R1000 K6 [2007],World Superbikes,
350,Rider,Max Neukirchner,36.60836336670278,0.548539414749312,04/10/2007 13:00:00,0,Suzuki GSX-R1000 K7 [2007],World Superbikes,
350,Rider,Max Neukirchner,36.628459720095556,0.5481164091382206,05/10/2007 13:00:00,0,Suzuki GSX-R1000 K7 [2007],World Superbikes,
350,Rider,Max Neukirchner,36.64704429740747,0.5477087112394159,06/10/2007 13:00:00,0,Suzuki GSX-R1000 K7 [2007],World Superbikes,
350,Rider,Max Neukirchner,36.66372080958663,0.5473137490462877,20/02/2008 13:00:00,0,Suzuki GSX-R1000 K8 [2008],World Superbikes,
350,Rider,Max Neukirchner,36.68085145096005,0.5469428768504757,21/02/2008 13:00:00,0,Suzuki GSX-R1000 K8 [2008],World Superbikes,
350,Rider,Max Neukirchner,36.6966997582393,0.5465871967132859,22/02/2008 13:00:00,0,Suzuki GSX-R1000 K8 [2008],World Superbikes,
350,Rider,Max Neukirchner,36.71181489293234,0.5462500387324398,28/02/2008 13:00:00,0,Suzuki GSX-R1000 K8 [2008],World Superbikes,
350,Rider,Max Neukirchner,36.726069636513124,0.5459301630444129,29/02/2008 13:00:00,0,Suzuki GSX-R1000 K8 [2008],World Superbikes,
350,Rider,Max Neukirchner,36.74026256333796,0.5456313710741734,29/02/2008 13:00:00,1,Suzuki GSX-R1000 K8 [2008],World Superbikes,
350,Rider,Max Neukirchner,36.75516046875114,0.5453502997796185,03/04/2008 13:00:00,0,Suzuki GSX-R1000 K8 [2008],World Superbikes,
350,Rider,Max Neukirchner,36.76796796075283,0.5450700637852243,04/04/2008 13:00:00,0,Suzuki GSX-R1000 K8 [2008],World Superbikes,
350,Rider,Max Neukirchner,36.77929155282198,0.5448039020449711,05/04/2008 13:00:00,0,Suzuki GSX-R1000 K8 [2008],World Superbikes,
350,Rider,Max Neukirchner,36.78856706244929,0.5445366644692915,24/04/2008 13:00:00,0,Suzuki GSX-R1000 K8 [2008],World Superbikes,
350,Rider,Max Neukirchner,36.797955094404415,0.5442921434035489,25/04/2008 13:00:00,0,Suzuki GSX-R1000 K8 [2008],World Superbikes,
350,Rider,Max Neukirchner,36.80668150794718,0.5440666622826973,26/04/2008 13:00:00,0,Suzuki GSX-R1000 K8 [2008],World Superbikes,
350,Rider,Max Neukirchner,36.81496115464792,0.5438580165553991,08/05/2008 13:00:00,0,Suzuki GSX-R1000 K8 [2008],World Superbikes,
350,Rider,Max Neukirchner,36.82117767046446,0.5436456956433364,09/05/2008 13:00:00,0,Suzuki GSX-R1000 K8 [2008],World Superbikes,
350,Rider,Max Neukirchner,36.825485625634286,0.5434334190824246,10/05/2008 13:00:00,0,Suzuki GSX-R1000 K8 [2008],World Superbikes,
350,Rider,Max Neukirchner,36.82825837388154,0.5432282781907368,30/05/2008 13:00:00,0,Suzuki GSX-R1000 K8 [2008],World Superbikes,
350,Rider,Max Neukirchner,36.83249538801074,0.5430459881316697,30/05/2008 13:00:00,1,Suzuki GSX-R1000 K8 [2008],World Superbikes,
350,Rider,Max Neukirchner,36.836343720742505,0.5428826905404214,31/05/2008 13:00:00,0,Suzuki GSX-R1000 K8 [2008],World Superbikes,
350,Rider,Max Neukirchner,36.83864020298455,0.5427291576080502,12/06/2008 13:00:00,0,Suzuki GSX-R1000 K8 [2008],World Superbikes,
350,Rider,Max Neukirchner,36.839997467329766,0.5425920085087025,13/06/2008 13:00:00,0,Suzuki GSX-R1000 K8 [2008],World Superbikes,
350,Rider,Max Neukirchner,36.839756403042365,0.5424630843850202,14/06/2008 13:00:00,0,Suzuki GSX-R1000 K8 [2008],World Superbikes,
350,Rider,Max Neukirchner,36.83733632933798,0.5423307066719922,26/06/2008 13:00:00,0,Suzuki GSX-R1000 K8 [2008],World Superbikes,
350,Rider,Max Neukirchner,36.835296118434016,0.542219701371843,27/06/2008 13:00:00,0,Suzuki GSX-R1000 K8 [2008],World Superbikes,
350,Rider,Max Neukirchner,36.83315710350344,0.5421284382872849,28/06/2008 13:00:00,0,Suzuki GSX-R1000 K8 [2008],World Superbikes,
350,Rider,Max Neukirchner,36.831842189959204,0.5420554665024785,17/07/2008 13:00:00,0,Suzuki GSX-R1000 K8 [2008],World Superbikes,
350,Rider,Max Neukirchner,36.83070090976519,0.5420036147802081,18/07/2008 13:00:00,0,Suzuki GSX-R1000 K8 [2008],World Superbikes,
350,Rider,Max Neukirchner,36.82824103164544,0.5419659500222529,19/07/2008 13:00:00,0,Suzuki GSX-R1000 K8 [2008],World Superbikes,
350,Rider,Max Neukirchner,36.82621405714018,0.5419467840684038,01/08/2008 13:00:00,0,Suzuki GSX-R1000 K8 [2008],World Superbikes,
350,Rider,Max Neukirchner,36.824881912592836,0.5419492293304932,01/08/2008 13:00:00,1,Suzuki GSX-R1000 K8 [2008],World Superbikes,
350,Rider,Max Neukirchner,36.82231039885722,0.5419661831059035,02/08/2008 13:00:00,0,Suzuki GSX-R1000 K8 [2008],World Superbikes,
350,Rider,Max Neukirchner,36.81988776314226,0.542000680452846,05/09/2008 13:00:00,0,Suzuki GSX-R1000 K8 [2008],World Superbikes,
350,Rider,Max Neukirchner,36.81941411243323,0.5420569472375226,05/09/2008 13:00:00,1,Suzuki GSX-R1000 K8 [2008],World Superbikes,
350,Rider,Max Neukirchner,36.81955143546027,0.5421359019480549,06/09/2008 13:00:00,0,Suzuki GSX-R1000 K8 [2008],World Superbikes,
350,Rider,Max Neukirchner,36.82115149779748,0.542227771147292,18/09/2008 13:00:00,0,Suzuki GSX-R1000 K8 [2008],World Superbikes,
350,Rider,Max Neukirchner,36.82484259121102,0.5423385911536804,19/09/2008 13:00:00,0,Suzuki GSX-R1000 K8 [2008],World Superbikes,
350,Rider,Max Neukirchner,36.82685312438862,0.5424577993871839,20/09/2008 13:00:00,0,Suzuki GSX-R1000 K8 [2008],World Superbikes,
350,Rider,Max Neukirchner,36.82866643721247,0.5425939840987019,02/10/2008 13:00:00,0,Suzuki GSX-R1000 K8 [2008],World Superbikes,
350,Rider,Max Neukirchner,36.83103247928118,0.5427519271356404,03/10/2008 13:00:00,0,Suzuki GSX-R1000 K8 [2008],World Superbikes,
350,Rider,Max Neukirchner,36.83457145164515,0.5429306959591913,04/10/2008 13:00:00,0,Suzuki GSX-R1000 K8 [2008],World Superbikes,
350,Rider,Max Neukirchner,36.838148018219954,0.5431281369551071,31/10/2008 13:00:00,0,Suzuki GSX-R1000 K8 [2008],World Superbikes,
350,Rider,Max Neukirchner,36.842181877902945,0.5433480235275995,31/10/2008 13:00:00,1,Suzuki GSX-R1000 K8 [2008],World Superbikes,
350,Rider,Max Neukirchner,36.84507446378706,0.5435870440033943,01/11/2008 13:00:00,0,Suzuki GSX-R1000 K8 [2008],World Superbikes,
350,Rider,Max Neukirchner,36.84992004076359,0.5438367852586248,26/02/2009 13:00:00,0,Suzuki GSX-R 1000 K9 [2009],World Superbikes,
350,Rider,Max Neukirchner,36.85313571361845,0.5441070740358749,27/02/2009 13:00:00,0,Suzuki GSX-R 1000 K9 [2009],World Superbikes,
350,Rider,Max Neukirchner,36.85570076964506,0.5444002567319192,27/02/2009 13:00:00,1,Suzuki GSX-R 1000 K9 [2009],World Superbikes,
350,Rider,Max Neukirchner,36.85753731243219,0.544715165663838,27/02/2009 13:00:00,2,Suzuki GSX-R 1000 K9 [2009],World Superbikes,
350,Rider,Max Neukirchner,36.86027212349591,0.5450448178608203,11/03/2009 13:00:00,0,Suzuki GSX-R 1000 K9 [2009],World Superbikes,
350,Rider,Max Neukirchner,36.86299586311728,0.5453986813015851,12/03/2009 13:00:00,0,Suzuki GSX-R 1000 K9 [2009],World Superbikes,
350,Rider,Max Neukirchner,36.86616565281633,0.5457773831506626,12/03/2009 13:00:00,1,Suzuki GSX-R 1000 K9 [2009],World Superbikes,
350,Rider,Max Neukirchner,36.87099056832966,0.546167260872312,03/04/2009 13:00:00,0,Suzuki GSX-R 1000 K9 [2009],World Superbikes,
350,Rider,Max Neukirchner,36.874695693075545,0.546580712242155,03/04/2009 13:00:00,1,Suzuki GSX-R 1000 K9 [2009],World Superbikes,
350,Rider,Max Neukirchner,36.87750801104261,0.5470190082284092,04/04/2009 13:00:00,0,Suzuki GSX-R 1000 K9 [2009],World Superbikes,
350,Rider,Max Neukirchner,36.87942728076642,0.5474811896263939,04/04/2009 13:00:00,1,Suzuki GSX-R 1000 K9 [2009],World Superbikes,
350,Rider,Max Neukirchner,36.88059646206333,0.5479647789526553,04/04/2009 13:00:00,2,Suzuki GSX-R 1000 K9 [2009],World Superbikes,
350,Rider,Max Neukirchner,36.88163882513793,0.5484600368099177,24/04/2009 13:00:00,0,Suzuki GSX-R 1000 K9 [2009],World Superbikes,
350,Rider,Max Neukirchner,36.88161041847163,0.5489802905051545,24/04/2009 13:00:00,1,Suzuki GSX-R 1000 K9 [2009],World Superbikes,
350,Rider,Max Neukirchner,36.880300205854894,0.5495253563457497,25/04/2009 13:00:00,0,Suzuki GSX-R 1000 K9 [2009],World Superbikes,
350,Rider,Max Neukirchner,36.876402272863,0.5500793718058717,25/04/2009 13:00:00,1,Suzuki GSX-R 1000 K9 [2009],World Superbikes,
350,Rider,Max Neukirchner,36.870584894171266,0.5506523577763593,25/04/2009 13:00:00,2,Suzuki GSX-R 1000 K9 [2009],World Superbikes,
350,Rider,Max Neukirchner,36.864660801373866,0.5512369920100012,08/05/2009 13:00:00,0,Suzuki GSX-R 1000 K9 [2009],World Superbikes,
350,Rider,Max Neukirchner,36.85720251334023,0.5518467976484911,08/05/2009 13:00:00,1,Suzuki GSX-R 1000 K9 [2009],World Superbikes,
350,Rider,Max Neukirchner,36.84732002416241,0.5524754640454308,09/05/2009 13:00:00,0,Suzuki GSX-R 1000 K9 [2009],World Superbikes,
350,Rider,Max Neukirchner,36.83459950719004,0.5531122991333994,09/05/2009 13:00:00,1,Suzuki GSX-R 1000 K9 [2009],World Superbikes,
350,Rider,Max Neukirchner,36.82107633449756,0.5537743095103486,09/05/2009 13:00:00,2,Suzuki GSX-R 1000 K9 [2009],World Superbikes,
350,Rider,Max Neukirchner,36.80663790852426,0.5544526216244205,25/02/2010 13:00:00,0,Honda CBR1000RR [2010],World Superbikes,
350,Rider,Max Neukirchner,36.7926976315458,0.5551522874573164,26/02/2010 13:00:00,0,Honda CBR1000RR [2010],World Superbikes,
350,Rider,Max Neukirchner,36.77824387711773,0.5558803191903956,26/02/2010 13:00:00,1,Honda CBR1000RR [2010],World Superbikes,
350,Rider,Max Neukirchner,36.76399888289888,0.5566310576711053,26/03/2010 13:00:00,0,Honda CBR1000RR [2010],World Superbikes,
350,Rider,Max Neukirchner,36.748799411723674,0.5574106943939555,26/03/2010 13:00:00,1,Honda CBR1000RR [2010],World Superbikes,
350,Rider,Max Neukirchner,36.73383974917029,0.5582150505284198,27/03/2010 13:00:00,0,Honda CBR1000RR [2010],World Superbikes,
350,Rider,Max Neukirchner,36.717911569730134,0.5590496974800366,27/03/2010 13:00:00,1,Honda CBR1000RR [2010],World Superbikes,
350,Rider,Max Neukirchner,36.70168880641075,0.5599091023283874,09/04/2010 13:00:00,0,Honda CBR1000RR [2010],World Superbikes,
350,Rider,Max Neukirchner,36.685259337437635,0.5607965534599135,09/04/2010 13:00:00,1,Honda CBR1000RR [2010],World Superbikes,
350,Rider,Max Neukirchner,36.66766594525545,0.5617157862698723,10/04/2010 13:00:00,0,Honda CBR1000RR [2010],World Superbikes,
350,Rider,Max Neukirchner,36.648905291403814,0.5626673317847689,10/04/2010 13:00:00,1,Honda CBR1000RR [2010],World Superbikes,
350,Rider,Max Neukirchner,36.63132231201182,0.5636138685913389,23/04/2010 13:00:00,0,Honda CBR1000RR [2010],World Superbikes,
350,Rider,Max Neukirchner,36.61290016137317,0.5645928398963995,23/04/2010 13:00:00,1,Honda CBR1000RR [2010],World Superbikes,
350,Rider,Max Neukirchner,36.59334632009933,0.5656054681983135,24/04/2010 13:00:00,0,Honda CBR1000RR [2010],World Superbikes,
350,Rider,Max Neukirchner,36.57335233360386,0.5666490086990101,24/04/2010 13:00:00,1,Honda CBR1000RR [2010],World Superbikes,
350,Rider,Max Neukirchner,36.554427438967316,0.5676887235971328,07/05/2010 13:00:00,0,Honda CBR1000RR [2010],World Superbikes,
350,Rider,Max Neukirchner,36.534603459006334,0.5687639525537895,07/05/2010 13:00:00,1,Honda CBR1000RR [2010],World Superbikes,
350,Rider,Max Neukirchner,36.5131265570304,0.569875712766271,08/05/2010 13:00:00,0,Honda CBR1000RR [2010],World Superbikes,
350,Rider,Max Neukirchner,36.4903693756919,0.5710241379058548,08/05/2010 13:00:00,1,Honda CBR1000RR [2010],World Superbikes,
350,Rider,Max Neukirchner,36.46620370943177,0.5722084844108978,14/05/2010 13:00:00,0,Honda CBR1000RR [2010],World Superbikes,
350,Rider,Max Neukirchner,36.44272124856671,0.5734208898935889,14/05/2010 13:00:00,1,Honda CBR1000RR [2010],World Superbikes,
350,Rider,Max Neukirchner,36.41946726126553,0.5746665150113561,15/05/2010 13:00:00,0,Honda CBR1000RR [2010],World Superbikes,
350,Rider,Max Neukirchner,36.396443816078666,0.5759440748422858,29/05/2010 13:00:00,0,Honda CBR1000RR [2010],World Superbikes,
350,Rider,Max Neukirchner,36.37354813990662,0.5772541583058536,29/05/2010 13:00:00,1,Honda CBR1000RR [2010],World Superbikes,
350,Rider,Max Neukirchner,36.350714291654455,0.5785979515608458,30/05/2010 13:00:00,0,Honda CBR1000RR [2010],World Superbikes,
350,Rider,Max Neukirchner,36.32751276171196,0.5799792208360194,30/05/2010 13:00:00,1,Honda CBR1000RR [2010],World Superbikes,
350,Rider,Max Neukirchner,36.305353116902225,0.5813627946959506,25/06/2010 13:00:00,0,Honda CBR1000RR [2010],World Superbikes,
350,Rider,Max Neukirchner,36.283650393065116,0.5827801816084865,25/06/2010 13:00:00,1,Honda CBR1000RR [2010],World Superbikes,
350,Rider,Max Neukirchner,36.261894761041766,0.5842355548000927,26/06/2010 13:00:00,0,Honda CBR1000RR [2010],World Superbikes,
350,Rider,Max Neukirchner,36.24042189988868,0.5857248641597999,09/07/2010 13:00:00,0,Honda CBR1000RR [2010],World Superbikes,
350,Rider,Max Neukirchner,36.21819786261174,0.5872578347382266,09/07/2010 13:00:00,1,Honda CBR1000RR [2010],World Superbikes,
350,Rider,Max Neukirchner,36.19537031877977,0.588833017178817,10/07/2010 13:00:00,0,Honda CBR1000RR [2010],World Superbikes,
350,Rider,Max Neukirchner,36.17077752629411,0.5904535633410682,10/07/2010 13:00:00,1,Honda CBR1000RR [2010],World Superbikes,
350,Rider,Max Neukirchner,36.14520868995963,0.5921187322055977,30/07/2010 13:00:00,0,Honda CBR1000RR [2010],World Superbikes,
350,Rider,Max Neukirchner,36.11997008392769,0.5938258889472697,30/07/2010 13:00:00,1,Honda CBR1000RR [2010],World Superbikes,
350,Rider,Max Neukirchner,36.09552218741305,0.595572573610364,31/07/2010 13:00:00,0,Honda CBR1000RR [2010],World Superbikes,
350,Rider,Max Neukirchner,36.071910021573686,0.5973566898919337,03/09/2010 13:00:00,0,Honda CBR1000RR [2010],World Superbikes,
350,Rider,Max Neukirchner,36.04719324643323,0.5991896616576713,03/09/2010 13:00:00,1,Honda CBR1000RR [2010],World Superbikes,
350,Rider,Max Neukirchner,36.02098034861161,0.6010725005843439,04/09/2010 13:00:00,0,Honda CBR1000RR [2010],World Superbikes,
350,Rider,Max Neukirchner,35.99496271311249,0.6029950711932881,04/09/2010 13:00:00,1,Honda CBR1000RR [2010],World Superbikes,
350,Rider,Max Neukirchner,35.96917257919225,0.6049519745608479,24/09/2010 13:00:00,0,Honda CBR1000RR [2010],World Superbikes,
350,Rider,Max Neukirchner,35.94301321327345,0.6069577966492664,24/09/2010 13:00:00,1,Honda CBR1000RR [2010],World Superbikes,
350,Rider,Max Neukirchner,35.91621395590759,0.6090112206105971,25/09/2010 13:00:00,0,Honda CBR1000RR [2010],World Superbikes,
350,Rider,Max Neukirchner,35.88899165349873,0.611115016345884,25/09/2010 13:00:00,1,Honda CBR1000RR [2010],World Superbikes,
350,Rider,Max Neukirchner,35.860470846794314,0.6132735602111675,01/10/2010 13:00:00,0,Honda CBR1000RR [2010],World Superbikes,
350,Rider,Max Neukirchner,35.83264055984986,0.6154690159012882,01/10/2010 13:00:00,1,Honda CBR1000RR [2010],World Superbikes,
350,Rider,Max Neukirchner,35.80540008912887,0.6177015740728566,02/10/2010 13:00:00,0,Honda CBR1000RR [2010],World Superbikes,
350,Rider,Max Neukirchner,35.77888378532045,0.6199697622220118,21/02/2013 13:00:00,0,Ducati 1199 Panigale R [2013],World Superbikes,
350,Rider,Max Neukirchner,35.75261299314114,0.6222928375178747,22/02/2013 13:00:00,0,Ducati 1199 Panigale R [2013],World Superbikes,
350,Rider,Max Neukirchner,35.72653924701505,0.6246703361676482,22/02/2013 13:00:00,1,Ducati 1199 Panigale R [2013],World Superbikes,
350,Rider,Max Neukirchner,35.70111244135759,0.6270931943587817,12/04/2013 13:00:00,0,Ducati 1199 Panigale R [2013],World Superbikes,
350,Rider,Max Neukirchner,35.67684146856271,0.6295695418765015,12/04/2013 13:00:00,1,Ducati 1199 Panigale R [2013],World Superbikes,
350,Rider,Max Neukirchner,35.653252518938345,0.6320995239840683,13/04/2013 13:00:00,0,Ducati 1199 Panigale R [2013],World Superbikes,
350,Rider,Max Neukirchner,35.62946504096214,0.6346873190859856,13/04/2013 13:00:00,1,Ducati 1199 Panigale R [2013],World Superbikes,
350,Rider,Max Neukirchner,35.606919745041935,0.6372980636922837,26/04/2013 13:00:00,0,Ducati 1199 Panigale R [2013],World Superbikes,
350,Rider,Max Neukirchner,35.58526633597347,0.6399647104159732,26/04/2013 13:00:00,1,Ducati 1199 Panigale R [2013],World Superbikes,
350,Rider,Max Neukirchner,35.56473017523451,0.6426851109955686,27/04/2013 13:00:00,0,Ducati 1199 Panigale R [2013],World Superbikes,
350,Rider,Max Neukirchner,35.54414700160758,0.6454664710095422,27/04/2013 13:00:00,1,Ducati 1199 Panigale R [2013],World Superbikes,
350,Rider,Max Neukirchner,35.524944862072026,0.648275628309388,10/05/2013 13:00:00,0,Ducati 1199 Panigale R [2013],World Superbikes,
350,Rider,Max Neukirchner,35.50644324198519,0.6511440521990888,10/05/2013 13:00:00,1,Ducati 1199 Panigale R [2013],World Superbikes,
350,Rider,Max Neukirchner,35.48908237348973,0.6540720641681607,11/05/2013 13:00:00,0,Ducati 1199 Panigale R [2013],World Superbikes,
350,Rider,Max Neukirchner,35.4726980211925,0.6570534755855656,24/05/2013 13:00:00,0,Ducati 1199 Panigale R [2013],World Superbikes,
350,Rider,Max Neukirchner,35.456434784886305,0.6601021230335464,24/05/2013 13:00:00,1,Ducati 1199 Panigale R [2013],World Superbikes,
350,Rider,Max Neukirchner,35.441156925518285,0.6632109825907454,07/06/2013 13:00:00,0,Ducati 1199 Panigale R [2013],World Superbikes,
350,Rider,Max Neukirchner,35.42672759728343,0.6663854133012495,07/06/2013 13:00:00,1,Ducati 1199 Panigale R [2013],World Superbikes,
350,Rider,Max Neukirchner,35.413143310632506,0.6696274800113654,08/06/2013 13:00:00,0,Ducati 1199 Panigale R [2013],World Superbikes,
350,Rider,Max Neukirchner,35.40094872497874,0.6729087810693773,28/06/2013 13:00:00,0,Ducati 1199 Panigale R [2013],World Superbikes,
350,Rider,Max Neukirchner,35.389440901693675,0.6762596737966964,28/06/2013 13:00:00,1,Ducati 1199 Panigale R [2013],World Superbikes,
350,Rider,Max Neukirchner,35.37867106047071,0.6796809785672926,29/06/2013 13:00:00,0,Ducati 1199 Panigale R [2013],World Superbikes,
350,Rider,Max Neukirchner,35.36930253283365,0.6831452147470287,18/07/2013 13:00:00,0,Ducati 1199 Panigale R [2013],World Superbikes,
350,Rider,Max Neukirchner,35.360722396417756,0.6866819941619839,19/07/2013 13:00:00,0,Ducati 1199 Panigale R [2013],World Superbikes,
350,Rider,Max Neukirchner,35.35375516718041,0.6902816132267607,19/07/2013 13:00:00,1,Ducati 1199 Panigale R [2013],World Superbikes,
350,Rider,Max Neukirchner,35.345156608957105,0.6939636605451291,19/07/2013 13:00:00,2,Ducati 1199 Panigale R [2013],World Superbikes,
350,Rider,Max Neukirchner,35.336828653251914,0.6977125263232008,02/08/2013 13:00:00,0,Ducati 1199 Panigale R [2013],World Superbikes,
350,Rider,Max Neukirchner,35.32851711976676,0.7015451883931341,02/08/2013 13:00:00,1,Ducati 1199 Panigale R [2013],World Superbikes,
350,Rider,Max Neukirchner,35.32102476747352,0.705455160373695,03/08/2013 13:00:00,0,Ducati 1199 Panigale R [2013],World Superbikes,
350,Rider,Max Neukirchner,35.31257233604957,0.7094534119839209,03/08/2013 13:00:00,1,Ducati 1199 Panigale R [2013],World Superbikes,
350,Rider,Max Neukirchner,35.304638622698526,0.7135210959447199,30/08/2013 13:00:00,0,Ducati 1199 Panigale R [2013],World Superbikes,
350,Rider,Max Neukirchner,35.2974610751068,0.7176706512923874,30/08/2013 13:00:00,1,Ducati 1199 Panigale R [2013],World Superbikes,
350,Rider,Max Neukirchner,35.29052211709793,0.721909537894927,31/08/2013 13:00:00,0,Ducati 1199 Panigale R [2013],World Superbikes,
350,Rider,Max Neukirchner,35.28287696758584,0.7262401213428757,18/10/2013 13:00:00,0,Ducati 1199 Panigale R [2013],World Superbikes,
350,Rider,Max Neukirchner,35.27776204192341,0.7306390859506829,18/10/2013 13:00:00,1,Ducati 1199 Panigale R [2013],World Superbikes,
350,Rider,Max Neukirchner,35.274828416940814,0.7351103763392903,04/10/2014 13:00:00,0,Ducati 1199 Panigale R [2014],World Superbikes,
350,Rider,Max Neukirchner,35.27164571574235,0.7396499493713444,04/10/2014 13:00:00,1,Ducati 1199 Panigale R [2014],World Superbikes,
351,Bike,Honda CBR 1000RR Fireblade [2005],27.445876675309325,1.0873090109335612,23/02/2005 13:00:00,0,,World Superbikes,
351,Bike,Honda CBR 1000RR Fireblade [2005],27.4462883190896,1.084412015269678,24/02/2005 13:00:00,0,,World Superbikes,
351,Bike,Honda CBR 1000RR Fireblade [2005],27.44776802327219,1.0816979043595811,25/02/2005 13:00:00,0,,World Superbikes,
351,Bike,Honda CBR 1000RR Fireblade [2005],27.450278901404797,1.0791586025535622,31/03/2005 13:00:00,0,,World Superbikes,
351,Bike,Honda CBR 1000RR Fireblade [2005],27.453801267159132,1.0767974290067408,01/04/2005 13:00:00,0,,World Superbikes,
351,Bike,Honda CBR 1000RR Fireblade [2005],27.457132746296264,1.0746004076769524,01/04/2005 13:00:00,1,,World Superbikes,
351,Bike,Honda CBR 1000RR Fireblade [2005],27.460436613623465,1.0725772791678585,21/04/2005 13:00:00,0,,World Superbikes,
351,Bike,Honda CBR 1000RR Fireblade [2005],27.46359028538393,1.070731502529403,22/04/2005 13:00:00,0,,World Superbikes,
351,Bike,Honda CBR 1000RR Fireblade [2005],27.466072313855783,1.0690566518469562,23/04/2005 13:00:00,0,,World Superbikes,
351,Bike,Honda CBR 1000RR Fireblade [2005],27.468299978362523,1.0675449459234942,05/05/2005 13:00:00,0,,World Superbikes,
351,Bike,Honda CBR 1000RR Fireblade [2005],27.47040666010947,1.0662097442638834,06/05/2005 13:00:00,0,,World Superbikes,
351,Bike,Honda CBR 1000RR Fireblade [2005],27.471389901497304,1.0650339369036583,07/05/2005 13:00:00,0,,World Superbikes,
351,Bike,Honda CBR 1000RR Fireblade [2005],27.472227444435916,1.0640273645441063,27/05/2005 13:00:00,0,,World Superbikes,
351,Bike,Honda CBR 1000RR Fireblade [2005],27.47353839126428,1.0631975587205953,27/05/2005 13:00:00,1,,World Superbikes,
351,Bike,Honda CBR 1000RR Fireblade [2005],27.474556075078223,1.062533045889655,28/05/2005 13:00:00,0,,World Superbikes,
351,Bike,Honda CBR 1000RR Fireblade [2005],27.476352613800962,1.062039334629428,23/06/2005 13:00:00,0,,World Superbikes,
351,Bike,Honda CBR 1000RR Fireblade [2005],27.477799921890156,1.0617161693426957,24/06/2005 13:00:00,0,,World Superbikes,
351,Bike,Honda CBR 1000RR Fireblade [2005],27.47894631528107,1.0615658767121305,25/06/2005 13:00:00,0,,World Superbikes,
351,Bike,Honda CBR 1000RR Fireblade [2005],27.4796445497188,1.0615802879348613,14/07/2005 13:00:00,0,,World Superbikes,
351,Bike,Honda CBR 1000RR Fireblade [2005],27.480623857988782,1.0617749513505728,15/07/2005 13:00:00,0,,World Superbikes,
351,Bike,Honda CBR 1000RR Fireblade [2005],27.480973205231425,1.0621396686905127,16/07/2005 13:00:00,0,,World Superbikes,
351,Bike,Honda CBR 1000RR Fireblade [2005],27.480709150451336,1.0626689966236524,05/08/2005 13:00:00,0,,World Superbikes,
351,Bike,Honda CBR 1000RR Fireblade [2005],27.480310374140338,1.0633766089970984,05/08/2005 13:00:00,1,,World Superbikes,
351,Bike,Honda CBR 1000RR Fireblade [2005],27.48090154975589,1.0642563770595008,06/08/2005 13:00:00,0,,World Superbikes,
351,Bike,Honda CBR 1000RR Fireblade [2005],27.48102014473612,1.0652974752000874,01/09/2005 13:00:00,0,,World Superbikes,
351,Bike,Honda CBR 1000RR Fireblade [2005],27.481298611281108,1.0665132181569756,02/09/2005 13:00:00,0,,World Superbikes,
351,Bike,Honda CBR 1000RR Fireblade [2005],27.48149806256922,1.0678998802332162,03/09/2005 13:00:00,0,,World Superbikes,
351,Bike,Honda CBR 1000RR Fireblade [2005],27.481663332635588,1.0694483797707406,08/09/2005 13:00:00,0,,World Superbikes,
351,Bike,Honda CBR 1000RR Fireblade [2005],27.48131405068484,1.0711544251375602,09/09/2005 13:00:00,0,,World Superbikes,
351,Bike,Honda CBR 1000RR Fireblade [2005],27.48044606326842,1.0730250796135066,10/09/2005 13:00:00,0,,World Superbikes,
351,Bike,Honda CBR 1000RR Fireblade [2005],27.479849152260748,1.0750594746569473,29/09/2005 13:00:00,0,,World Superbikes,
351,Bike,Honda CBR 1000RR Fireblade [2005],27.47900718064934,1.0772693525042412,30/09/2005 13:00:00,0,,World Superbikes,
351,Bike,Honda CBR 1000RR Fireblade [2005],27.478227114003943,1.079656506008897,01/10/2005 13:00:00,0,,World Superbikes,
351,Bike,Honda CBR 1000RR Fireblade [2005],27.477836130031285,1.082209132641739,06/10/2005 13:00:00,0,,World Superbikes,
351,Bike,Honda CBR 1000RR Fireblade [2005],27.47791886496794,1.084942552600282,07/10/2005 13:00:00,0,,World Superbikes,
351,Bike,Honda CBR 1000RR Fireblade [2005],27.477855851374102,1.0878556991269446,08/10/2005 13:00:00,0,,World Superbikes,
352,Rider,Iván Silva,28.786843501522682,2.024868554626555,23/02/2005 13:00:00,0,Yamaha YZF-R1 [2005],World Superbikes,
352,Rider,Iván Silva,28.78596764411079,2.0237129108526926,24/02/2005 13:00:00,0,Yamaha YZF-R1 [2005],World Superbikes,
352,Rider,Iván Silva,28.78181139629917,2.0228644089062158,25/02/2005 13:00:00,0,Yamaha YZF-R1 [2005],World Superbikes,
352,Rider,Iván Silva,28.77639819088525,2.0223598574027823,21/04/2005 13:00:00,0,Yamaha YZF-R1 [2005],World Superbikes,
352,Rider,Iván Silva,28.77033114955163,2.0222186721828668,22/04/2005 13:00:00,0,Yamaha YZF-R1 [2005],World Superbikes,
352,Rider,Iván Silva,28.76686518312306,2.0223934279049023,29/09/2005 13:00:00,0,Yamaha YZF-R1 [2005],World Superbikes,
352,Rider,Iván Silva,28.76573210874929,2.022912923180121,30/09/2005 13:00:00,0,Yamaha YZF-R1 [2005],World Superbikes,
352,Rider,Iván Silva,28.765104589589292,2.023789920165608,02/10/2008 13:00:00,0,Honda CBR1000RR [2008],World Superbikes,
352,Rider,Iván Silva,28.76667689009804,2.024943886076871,03/10/2008 13:00:00,0,Honda CBR1000RR [2008],World Superbikes,
353,Rider,Andrew Pitt,35.31593327654562,0.8142973185778546,23/02/2005 13:00:00,0,Yamaha YZF-R1 [2005],World Superbikes,
353,Rider,Andrew Pitt,35.317167713300506,0.8102474638828732,24/02/2005 13:00:00,0,Yamaha YZF-R1 [2005],World Superbikes,
353,Rider,Andrew Pitt,35.31817438888074,0.8063192298042753,25/02/2005 13:00:00,0,Yamaha YZF-R1 [2005],World Superbikes,
353,Rider,Andrew Pitt,35.31840482043891,0.8025035563454602,31/03/2005 13:00:00,0,Yamaha YZF-R1 [2005],World Superbikes,
353,Rider,Andrew Pitt,35.31745810013237,0.7987973919978799,01/04/2005 13:00:00,0,Yamaha YZF-R1 [2005],World Superbikes,
353,Rider,Andrew Pitt,35.314856496628195,0.7951946345531222,01/04/2005 13:00:00,1,Yamaha YZF-R1 [2005],World Superbikes,
353,Rider,Andrew Pitt,35.311445838971665,0.7917019751053908,21/04/2005 13:00:00,0,Yamaha YZF-R1 [2005],World Superbikes,
353,Rider,Andrew Pitt,35.31025099052187,0.7883249759772721,22/04/2005 13:00:00,0,Yamaha YZF-R1 [2005],World Superbikes,
353,Rider,Andrew Pitt,35.30934405465882,0.7850647561364561,23/04/2005 13:00:00,0,Yamaha YZF-R1 [2005],World Superbikes,
353,Rider,Andrew Pitt,35.30743004985261,0.781908187651579,05/05/2005 13:00:00,0,Yamaha YZF-R1 [2005],World Superbikes,
353,Rider,Andrew Pitt,35.305218806785106,0.7788637284183049,06/05/2005 13:00:00,0,Yamaha YZF-R1 [2005],World Superbikes,
353,Rider,Andrew Pitt,35.30215584209341,0.7759266655724644,07/05/2005 13:00:00,0,Yamaha YZF-R1 [2005],World Superbikes,
353,Rider,Andrew Pitt,35.2985049589983,0.7730936248206791,27/05/2005 13:00:00,0,Yamaha YZF-R1 [2005],World Superbikes,
353,Rider,Andrew Pitt,35.29735118512436,0.770366487399927,27/05/2005 13:00:00,1,Yamaha YZF-R1 [2005],World Superbikes,
353,Rider,Andrew Pitt,35.29647958006107,0.7677499665879309,28/05/2005 13:00:00,0,Yamaha YZF-R1 [2005],World Superbikes,
353,Rider,Andrew Pitt,35.29560464570748,0.7652379241585263,23/06/2005 13:00:00,0,Yamaha YZF-R1 [2005],World Superbikes,
353,Rider,Andrew Pitt,35.29503817267707,0.7628359471780813,24/06/2005 13:00:00,0,Yamaha YZF-R1 [2005],World Superbikes,
353,Rider,Andrew Pitt,35.29551575456781,0.7605438639485467,25/06/2005 13:00:00,0,Yamaha YZF-R1 [2005],World Superbikes,
353,Rider,Andrew Pitt,35.29741216721853,0.7583509732739797,14/07/2005 13:00:00,0,Yamaha YZF-R1 [2005],World Superbikes,
353,Rider,Andrew Pitt,35.300021310059165,0.7562664660814885,15/07/2005 13:00:00,0,Yamaha YZF-R1 [2005],World Superbikes,
353,Rider,Andrew Pitt,35.30130945706339,0.7542818874622383,16/07/2005 13:00:00,0,Yamaha YZF-R1 [2005],World Superbikes,
353,Rider,Andrew Pitt,35.30419793417571,0.7523928831326994,05/08/2005 13:00:00,0,Yamaha YZF-R1 [2005],World Superbikes,
353,Rider,Andrew Pitt,35.30615130819677,0.7506061241679138,05/08/2005 13:00:00,1,Yamaha YZF-R1 [2005],World Superbikes,
353,Rider,Andrew Pitt,35.30717074891829,0.7489194610201433,06/08/2005 13:00:00,0,Yamaha YZF-R1 [2005],World Superbikes,
353,Rider,Andrew Pitt,35.30791402977383,0.7473304402329511,01/09/2005 13:00:00,0,Yamaha YZF-R1 [2005],World Superbikes,
353,Rider,Andrew Pitt,35.30847067052931,0.7458440061547631,02/09/2005 13:00:00,0,Yamaha YZF-R1 [2005],World Superbikes,
353,Rider,Andrew Pitt,35.308302868340704,0.7444587284586051,03/09/2005 13:00:00,0,Yamaha YZF-R1 [2005],World Superbikes,
353,Rider,Andrew Pitt,35.307548843118695,0.7431689886315809,08/09/2005 13:00:00,0,Yamaha YZF-R1 [2005],World Superbikes,
353,Rider,Andrew Pitt,35.30651808657166,0.7419788459334447,09/09/2005 13:00:00,0,Yamaha YZF-R1 [2005],World Superbikes,
353,Rider,Andrew Pitt,35.30460066383182,0.7408856551838964,10/09/2005 13:00:00,0,Yamaha YZF-R1 [2005],World Superbikes,
353,Rider,Andrew Pitt,35.301757506770095,0.7398864230618326,29/09/2005 13:00:00,0,Yamaha YZF-R1 [2005],World Superbikes,
353,Rider,Andrew Pitt,35.29824059288571,0.738987324145198,30/09/2005 13:00:00,0,Yamaha YZF-R1 [2005],World Superbikes,
353,Rider,Andrew Pitt,35.294546064753995,0.7381891427452935,01/10/2005 13:00:00,0,Yamaha YZF-R1 [2005],World Superbikes,
353,Rider,Andrew Pitt,35.29086324990579,0.7374876658208479,06/10/2005 13:00:00,0,Yamaha YZF-R1 [2005],World Superbikes,
353,Rider,Andrew Pitt,35.285690274314916,0.7368788263167877,07/10/2005 13:00:00,0,Yamaha YZF-R1 [2005],World Superbikes,
353,Rider,Andrew Pitt,35.279700943665276,0.7363674143711736,08/10/2005 13:00:00,0,Yamaha YZF-R1 [2005],World Superbikes,
353,Rider,Andrew Pitt,35.2736465623612,0.7359512035826656,22/02/2006 13:00:00,0,Yamaha YZF-R1 [2006],World Superbikes,
353,Rider,Andrew Pitt,35.267450936901966,0.7356348389237782,23/02/2006 13:00:00,0,Yamaha YZF-R1 [2006],World Superbikes,
353,Rider,Andrew Pitt,35.25986482367442,0.7354102120245757,24/02/2006 13:00:00,0,Yamaha YZF-R1 [2006],World Superbikes,
353,Rider,Andrew Pitt,35.251042631179764,0.735274490847624,02/03/2006 13:00:00,0,Yamaha YZF-R1 [2006],World Superbikes,
353,Rider,Andrew Pitt,35.24340670253703,0.7352408833301014,03/03/2006 13:00:00,0,Yamaha YZF-R1 [2006],World Superbikes,
353,Rider,Andrew Pitt,35.23533435157698,0.7353054498017948,03/03/2006 13:00:00,1,Yamaha YZF-R1 [2006],World Superbikes,
353,Rider,Andrew Pitt,35.22721738922286,0.7354660822971621,20/04/2006 13:00:00,0,Yamaha YZF-R1 [2006],World Superbikes,
353,Rider,Andrew Pitt,35.220013767010094,0.735728986167879,21/04/2006 13:00:00,0,Yamaha YZF-R1 [2006],World Superbikes,
353,Rider,Andrew Pitt,35.21471171792574,0.7360944263294714,22/04/2006 13:00:00,0,Yamaha YZF-R1 [2006],World Superbikes,
353,Rider,Andrew Pitt,35.210319449116504,0.7365560885055024,04/05/2006 13:00:00,0,Yamaha YZF-R1 [2006],World Superbikes,
353,Rider,Andrew Pitt,35.20567795129336,0.7371162375616864,05/05/2006 13:00:00,0,Yamaha YZF-R1 [2006],World Superbikes,
353,Rider,Andrew Pitt,35.19965395110844,0.7377652275651336,06/05/2006 13:00:00,0,Yamaha YZF-R1 [2006],World Superbikes,
353,Rider,Andrew Pitt,35.19345544446056,0.7385093929104893,26/05/2006 13:00:00,0,Yamaha YZF-R1 [2006],World Superbikes,
353,Rider,Andrew Pitt,35.18663673172751,0.7393528845240106,26/05/2006 13:00:00,1,Yamaha YZF-R1 [2006],World Superbikes,
353,Rider,Andrew Pitt,35.18103518802266,0.7402942363082885,27/05/2006 13:00:00,0,Yamaha YZF-R1 [2006],World Superbikes,
353,Rider,Andrew Pitt,35.17617406821283,0.7413335433149019,22/06/2006 13:00:00,0,Yamaha YZF-R1 [2006],World Superbikes,
353,Rider,Andrew Pitt,35.17081192039585,0.742473699909807,23/06/2006 13:00:00,0,Yamaha YZF-R1 [2006],World Superbikes,
353,Rider,Andrew Pitt,35.164644882948714,0.7437129737309508,24/06/2006 13:00:00,0,Yamaha YZF-R1 [2006],World Superbikes,
353,Rider,Andrew Pitt,35.15730454835035,0.7450441389984443,20/07/2006 13:00:00,0,Yamaha YZF-R1 [2006],World Superbikes,
353,Rider,Andrew Pitt,35.15053822976866,0.7464792779414894,21/07/2006 13:00:00,0,Yamaha YZF-R1 [2006],World Superbikes,
353,Rider,Andrew Pitt,35.14393475107193,0.7480189332912726,22/07/2006 13:00:00,0,Yamaha YZF-R1 [2006],World Superbikes,
353,Rider,Andrew Pitt,35.13717299328672,0.7496570885581664,04/08/2006 13:00:00,0,Yamaha YZF-R1 [2006],World Superbikes,
353,Rider,Andrew Pitt,35.12928620964185,0.7513929066115518,04/08/2006 13:00:00,1,Yamaha YZF-R1 [2006],World Superbikes,
353,Rider,Andrew Pitt,35.12168662611057,0.753234003575935,05/08/2006 13:00:00,0,Yamaha YZF-R1 [2006],World Superbikes,
353,Rider,Andrew Pitt,35.11361911691219,0.7551754484952169,31/08/2006 13:00:00,0,Yamaha YZF-R1 [2006],World Superbikes,
353,Rider,Andrew Pitt,35.10498045416175,0.7572219513039907,01/09/2006 13:00:00,0,Yamaha YZF-R1 [2006],World Superbikes,
353,Rider,Andrew Pitt,35.09701326155479,0.7593763346811604,02/09/2006 13:00:00,0,Yamaha YZF-R1 [2006],World Superbikes,
353,Rider,Andrew Pitt,35.08920909218421,0.7616332725269368,07/09/2006 13:00:00,0,Yamaha YZF-R1 [2006],World Superbikes,
353,Rider,Andrew Pitt,35.08033632311313,0.7639915429380083,08/09/2006 13:00:00,0,Yamaha YZF-R1 [2006],World Superbikes,
353,Rider,Andrew Pitt,35.07127684122914,0.766457936060895,09/09/2006 13:00:00,0,Yamaha YZF-R1 [2006],World Superbikes,
353,Rider,Andrew Pitt,35.061176954704464,0.7690254074147421,28/09/2006 13:00:00,0,Yamaha YZF-R1 [2006],World Superbikes,
353,Rider,Andrew Pitt,35.0507502514152,0.7717018124573869,29/09/2006 13:00:00,0,Yamaha YZF-R1 [2006],World Superbikes,
353,Rider,Andrew Pitt,35.03992951953336,0.7744877747845889,30/09/2006 13:00:00,0,Yamaha YZF-R1 [2006],World Superbikes,
353,Rider,Andrew Pitt,35.0277914509387,0.7773722622191785,05/10/2006 13:00:00,0,Yamaha YZF-R1 [2006],World Superbikes,
353,Rider,Andrew Pitt,35.01455406647399,0.7803639291789891,06/10/2006 13:00:00,0,Yamaha YZF-R1 [2006],World Superbikes,
353,Rider,Andrew Pitt,35.002738623568476,0.7834636323292273,07/10/2006 13:00:00,0,Yamaha YZF-R1 [2006],World Superbikes,
353,Rider,Andrew Pitt,34.99125380186553,0.7866721850430156,25/02/2010 13:00:00,0,BMW S1000 RR [2010],World Superbikes,
353,Rider,Andrew Pitt,34.980539052813164,0.7899902580569546,26/02/2010 13:00:00,0,BMW S1000 RR [2010],World Superbikes,
353,Rider,Andrew Pitt,34.970745123628014,0.7934218662210356,26/02/2010 13:00:00,1,BMW S1000 RR [2010],World Superbikes,
353,Rider,Andrew Pitt,34.96272999897497,0.7969408461123708,26/03/2010 13:00:00,0,BMW S1000 RR [2010],World Superbikes,
353,Rider,Andrew Pitt,34.95529990321056,0.8005743593056878,26/03/2010 13:00:00,1,BMW S1000 RR [2010],World Superbikes,
353,Rider,Andrew Pitt,34.94908899983799,0.8043168156786701,27/03/2010 13:00:00,0,BMW S1000 RR [2010],World Superbikes,
353,Rider,Andrew Pitt,34.94408148713645,0.8081629574853425,09/04/2010 13:00:00,0,BMW S1000 RR [2010],World Superbikes,
353,Rider,Andrew Pitt,34.94012754834659,0.8121212887425556,09/04/2010 13:00:00,1,BMW S1000 RR [2010],World Superbikes,
353,Rider,Andrew Pitt,34.93754916209406,0.8161867648021062,10/04/2010 13:00:00,0,BMW S1000 RR [2010],World Superbikes,
354,Rider,Norick Abe,28.528913119126535,0.8961679191128887,23/02/2005 13:00:00,0,Yamaha YZF-R1 [2005],World Superbikes,
354,Rider,Norick Abe,28.528360430887894,0.8925334538088554,24/02/2005 13:00:00,0,Yamaha YZF-R1 [2005],World Superbikes,
354,Rider,Norick Abe,28.527168488723323,0.8890410480468188,25/02/2005 13:00:00,0,Yamaha YZF-R1 [2005],World Superbikes,
354,Rider,Norick Abe,28.526603846169667,0.8856595021621749,31/03/2005 13:00:00,0,Yamaha YZF-R1 [2005],World Superbikes,
354,Rider,Norick Abe,28.52505050631369,0.8824188418484139,01/04/2005 13:00:00,0,Yamaha YZF-R1 [2005],World Superbikes,
354,Rider,Norick Abe,28.52257053015226,0.8793197391282258,01/04/2005 13:00:00,1,Yamaha YZF-R1 [2005],World Superbikes,
354,Rider,Norick Abe,28.51994360166968,0.8763478330622761,21/04/2005 13:00:00,0,Yamaha YZF-R1 [2005],World Superbikes,
354,Rider,Norick Abe,28.516165820512096,0.8735152582431391,22/04/2005 13:00:00,0,Yamaha YZF-R1 [2005],World Superbikes,
354,Rider,Norick Abe,28.510424952300355,0.8708172939809316,23/04/2005 13:00:00,0,Yamaha YZF-R1 [2005],World Superbikes,
354,Rider,Norick Abe,28.50325359621202,0.8682490828777468,05/05/2005 13:00:00,0,Yamaha YZF-R1 [2005],World Superbikes,
354,Rider,Norick Abe,28.49678795176977,0.8658163513938683,06/05/2005 13:00:00,0,Yamaha YZF-R1 [2005],World Superbikes,
354,Rider,Norick Abe,28.489906975564978,0.863517388930281,07/05/2005 13:00:00,0,Yamaha YZF-R1 [2005],World Superbikes,
354,Rider,Norick Abe,28.483742673697883,0.8613356116550045,27/05/2005 13:00:00,0,Yamaha YZF-R1 [2005],World Superbikes,
354,Rider,Norick Abe,28.477670778127337,0.8592888389880062,27/05/2005 13:00:00,1,Yamaha YZF-R1 [2005],World Superbikes,
354,Rider,Norick Abe,28.470751496775904,0.8573762858565828,28/05/2005 13:00:00,0,Yamaha YZF-R1 [2005],World Superbikes,
354,Rider,Norick Abe,28.464157738941378,0.8555770595257517,23/06/2005 13:00:00,0,Yamaha YZF-R1 [2005],World Superbikes,
354,Rider,Norick Abe,28.458734542833927,0.8539102668636617,24/06/2005 13:00:00,0,Yamaha YZF-R1 [2005],World Superbikes,
354,Rider,Norick Abe,28.454453391636928,0.8523742392936554,14/07/2005 13:00:00,0,Yamaha YZF-R1 [2005],World Superbikes,
354,Rider,Norick Abe,28.449075334256214,0.8509719610094187,15/07/2005 13:00:00,0,Yamaha YZF-R1 [2005],World Superbikes,
354,Rider,Norick Abe,28.442412844923155,0.8497024621886944,16/07/2005 13:00:00,0,Yamaha YZF-R1 [2005],World Superbikes,
354,Rider,Norick Abe,28.435440556951587,0.8485554703546819,05/08/2005 13:00:00,0,Yamaha YZF-R1 [2005],World Superbikes,
354,Rider,Norick Abe,28.428630136359278,0.8475398099165071,05/08/2005 13:00:00,1,Yamaha YZF-R1 [2005],World Superbikes,
354,Rider,Norick Abe,28.422174662356156,0.846655588504264,01/09/2005 13:00:00,0,Yamaha YZF-R1 [2005],World Superbikes,
354,Rider,Norick Abe,28.416326817475184,0.8459020968468014,02/09/2005 13:00:00,0,Yamaha YZF-R1 [2005],World Superbikes,
354,Rider,Norick Abe,28.409967384906857,0.8452790687662008,03/09/2005 13:00:00,0,Yamaha YZF-R1 [2005],World Superbikes,
354,Rider,Norick Abe,28.404611645728746,0.8447620530089325,08/09/2005 13:00:00,0,Yamaha YZF-R1 [2005],World Superbikes,
354,Rider,Norick Abe,28.400342476972764,0.8443688930087343,09/09/2005 13:00:00,0,Yamaha YZF-R1 [2005],World Superbikes,
354,Rider,Norick Abe,28.39563492471278,0.8441048321644784,10/09/2005 13:00:00,0,Yamaha YZF-R1 [2005],World Superbikes,
354,Rider,Norick Abe,28.39255334449463,0.8439217865511367,29/09/2005 13:00:00,0,Yamaha YZF-R1 [2005],World Superbikes,
354,Rider,Norick Abe,28.389254220632,0.8438693032165854,30/09/2005 13:00:00,0,Yamaha YZF-R1 [2005],World Superbikes,
354,Rider,Norick Abe,28.38504312958173,0.8439466553257353,01/10/2005 13:00:00,0,Yamaha YZF-R1 [2005],World Superbikes,
354,Rider,Norick Abe,28.380528700759374,0.8441447408320022,06/10/2005 13:00:00,0,Yamaha YZF-R1 [2005],World Superbikes,
354,Rider,Norick Abe,28.37555591946706,0.844473280721458,07/10/2005 13:00:00,0,Yamaha YZF-R1 [2005],World Superbikes,
354,Rider,Norick Abe,28.37069627140789,0.8449310869739816,22/02/2006 13:00:00,0,Yamaha YZF-R1 [2006],World Superbikes,
354,Rider,Norick Abe,28.365195871511045,0.8455214290946179,23/02/2006 13:00:00,0,Yamaha YZF-R1 [2006],World Superbikes,
354,Rider,Norick Abe,28.360113574715584,0.8462421694632254,02/03/2006 13:00:00,0,Yamaha YZF-R1 [2006],World Superbikes,
354,Rider,Norick Abe,28.35503350252996,0.8470951973009507,03/03/2006 13:00:00,0,Yamaha YZF-R1 [2006],World Superbikes,
354,Rider,Norick Abe,28.349978460882735,0.8480803824019534,20/04/2006 13:00:00,0,Yamaha YZF-R1 [2006],World Superbikes,
354,Rider,Norick Abe,28.343408143922638,0.8491959961916685,21/04/2006 13:00:00,0,Yamaha YZF-R1 [2006],World Superbikes,
354,Rider,Norick Abe,28.337270590029398,0.8504455950977481,22/04/2006 13:00:00,0,Yamaha YZF-R1 [2006],World Superbikes,
354,Rider,Norick Abe,28.330101945762618,0.8518230526013968,04/05/2006 13:00:00,0,Yamaha YZF-R1 [2006],World Superbikes,
354,Rider,Norick Abe,28.323585026296424,0.8533338730250518,26/05/2006 13:00:00,0,Yamaha YZF-R1 [2006],World Superbikes,
354,Rider,Norick Abe,28.316890997207604,0.8549779582058815,26/05/2006 13:00:00,1,Yamaha YZF-R1 [2006],World Superbikes,
354,Rider,Norick Abe,28.30967156584991,0.8567508454836766,27/05/2006 13:00:00,0,Yamaha YZF-R1 [2006],World Superbikes,
354,Rider,Norick Abe,28.30307598671415,0.8586391324048441,22/06/2006 13:00:00,0,Yamaha YZF-R1 [2006],World Superbikes,
354,Rider,Norick Abe,28.297768078299097,0.8606602639286258,23/06/2006 13:00:00,0,Yamaha YZF-R1 [2006],World Superbikes,
354,Rider,Norick Abe,28.29340109101765,0.8628146765282638,20/07/2006 13:00:00,0,Yamaha YZF-R1 [2006],World Superbikes,
354,Rider,Norick Abe,28.28981413626349,0.8651013971736927,21/07/2006 13:00:00,0,Yamaha YZF-R1 [2006],World Superbikes,
354,Rider,Norick Abe,28.286928421526024,0.8675218777757943,04/08/2006 13:00:00,0,Yamaha YZF-R1 [2006],World Superbikes,
354,Rider,Norick Abe,28.284206874601107,0.8700778087807908,04/08/2006 13:00:00,1,Yamaha YZF-R1 [2006],World Superbikes,
354,Rider,Norick Abe,28.2820123372099,0.8727678260580429,31/08/2006 13:00:00,0,Yamaha YZF-R1 [2006],World Superbikes,
354,Rider,Norick Abe,28.280104410589512,0.8755948905425724,01/09/2006 13:00:00,0,Yamaha YZF-R1 [2006],World Superbikes,
354,Rider,Norick Abe,28.27842988876545,0.8785598821480041,07/09/2006 13:00:00,0,Yamaha YZF-R1 [2006],World Superbikes,
354,Rider,Norick Abe,28.277225113055422,0.8816637445261796,08/09/2006 13:00:00,0,Yamaha YZF-R1 [2006],World Superbikes,
354,Rider,Norick Abe,28.275998609859574,0.8849064448423305,28/09/2006 13:00:00,0,Yamaha YZF-R1 [2006],World Superbikes,
354,Rider,Norick Abe,28.27469445310702,0.8882903437735388,29/09/2006 13:00:00,0,Yamaha YZF-R1 [2006],World Superbikes,
354,Rider,Norick Abe,28.272814636704222,0.8918163023446224,30/09/2006 13:00:00,0,Yamaha YZF-R1 [2006],World Superbikes,
354,Rider,Norick Abe,28.272101564629274,0.8954554055671373,05/10/2006 13:00:00,0,Yamaha YZF-R1 [2006],World Superbikes,
355,Bike,Kawasaki ZX-10 [2005],23.019306461336242,1.0972565364739182,23/02/2005 13:00:00,0,,World Superbikes,
355,Bike,Kawasaki ZX-10 [2005],23.019495567709615,1.094393897177308,24/02/2005 13:00:00,0,,World Superbikes,
355,Bike,Kawasaki ZX-10 [2005],23.019425170653655,1.0917051185164086,25/02/2005 13:00:00,0,,World Superbikes,
355,Bike,Kawasaki ZX-10 [2005],23.019226047224016,1.089195603255105,31/03/2005 13:00:00,0,,World Superbikes,
355,Bike,Kawasaki ZX-10 [2005],23.018502891238715,1.0868763269238042,01/04/2005 13:00:00,0,,World Superbikes,
355,Bike,Kawasaki ZX-10 [2005],23.017037949000905,1.0847473450285066,01/04/2005 13:00:00,1,,World Superbikes,
355,Bike,Kawasaki ZX-10 [2005],23.016288289793,1.0827716008750585,21/04/2005 13:00:00,0,,World Superbikes,
355,Bike,Kawasaki ZX-10 [2005],23.014764424677328,1.0809736924308797,22/04/2005 13:00:00,0,,World Superbikes,
355,Bike,Kawasaki ZX-10 [2005],23.01312148645702,1.0793597906301537,23/04/2005 13:00:00,0,,World Superbikes,
355,Bike,Kawasaki ZX-10 [2005],23.011024025224735,1.077922503723254,05/05/2005 13:00:00,0,,World Superbikes,
355,Bike,Kawasaki ZX-10 [2005],23.009075865107697,1.0766676603808725,06/05/2005 13:00:00,0,,World Superbikes,
355,Bike,Kawasaki ZX-10 [2005],23.00669936402906,1.0755952075485988,07/05/2005 13:00:00,0,,World Superbikes,
355,Bike,Kawasaki ZX-10 [2005],23.004081059110515,1.0746896869588483,27/05/2005 13:00:00,0,,World Superbikes,
355,Bike,Kawasaki ZX-10 [2005],23.0011852900158,1.0739685438490598,27/05/2005 13:00:00,1,,World Superbikes,
355,Bike,Kawasaki ZX-10 [2005],22.99846900243571,1.0734274376876247,28/05/2005 13:00:00,0,,World Superbikes,
355,Bike,Kawasaki ZX-10 [2005],22.995453083943925,1.0730640125719366,23/06/2005 13:00:00,0,,World Superbikes,
355,Bike,Kawasaki ZX-10 [2005],22.992940107594276,1.0728873283226612,24/06/2005 13:00:00,0,,World Superbikes,
355,Bike,Kawasaki ZX-10 [2005],22.989908083011173,1.0728956069596884,25/06/2005 13:00:00,0,,World Superbikes,
355,Bike,Kawasaki ZX-10 [2005],22.987604719473335,1.0730714920279818,14/07/2005 13:00:00,0,,World Superbikes,
355,Bike,Kawasaki ZX-10 [2005],22.984067239507976,1.0734145725464506,15/07/2005 13:00:00,0,,World Superbikes,
355,Bike,Kawasaki ZX-10 [2005],22.981153150885866,1.0739405990297435,16/07/2005 13:00:00,0,,World Superbikes,
355,Bike,Kawasaki ZX-10 [2005],22.977996099683455,1.0746349196524803,05/08/2005 13:00:00,0,,World Superbikes,
355,Bike,Kawasaki ZX-10 [2005],22.974304920080243,1.0754929607924306,05/08/2005 13:00:00,1,,World Superbikes,
355,Bike,Kawasaki ZX-10 [2005],22.969570106305856,1.0765201752946374,06/08/2005 13:00:00,0,,World Superbikes,
355,Bike,Kawasaki ZX-10 [2005],22.9649946713479,1.077698528930422,01/09/2005 13:00:00,0,,World Superbikes,
355,Bike,Kawasaki ZX-10 [2005],22.961108605797207,1.079061570924174,02/09/2005 13:00:00,0,,World Superbikes,
355,Bike,Kawasaki ZX-10 [2005],22.95744476633056,1.08060569910296,03/09/2005 13:00:00,0,,World Superbikes,
355,Bike,Kawasaki ZX-10 [2005],22.95519181115702,1.0823211145539406,08/09/2005 13:00:00,0,,World Superbikes,
355,Bike,Kawasaki ZX-10 [2005],22.952534275243814,1.0842005683944698,09/09/2005 13:00:00,0,,World Superbikes,
355,Bike,Kawasaki ZX-10 [2005],22.949881704064342,1.0862445551440127,29/09/2005 13:00:00,0,,World Superbikes,
355,Bike,Kawasaki ZX-10 [2005],22.947760100453177,1.0884588994242221,30/09/2005 13:00:00,0,,World Superbikes,
355,Bike,Kawasaki ZX-10 [2005],22.94594521280264,1.0908463766890328,01/10/2005 13:00:00,0,,World Superbikes,
355,Bike,Kawasaki ZX-10 [2005],22.946409997592422,1.0933752583489236,06/10/2005 13:00:00,0,,World Superbikes,
355,Bike,Kawasaki ZX-10 [2005],22.946821147935182,1.0960734148840934,07/10/2005 13:00:00,0,,World Superbikes,
355,Bike,Kawasaki ZX-10 [2005],22.94730445126999,1.0989371380453203,08/10/2005 13:00:00,0,,World Superbikes,
356,Rider,Lorenzo Lanzi,33.251765703451994,0.7285891463190443,23/02/2005 13:00:00,0,Ducati 999 RS [2005],World Superbikes,
356,Rider,Lorenzo Lanzi,33.25279023619787,0.7240093907237902,24/02/2005 13:00:00,0,Ducati 999 RS [2005],World Superbikes,
356,Rider,Lorenzo Lanzi,33.25526971018282,0.71951471791961,31/03/2005 13:00:00,0,Ducati 999 RS [2005],World Superbikes,
356,Rider,Lorenzo Lanzi,33.25887492211493,0.715114586405524,01/04/2005 13:00:00,0,Ducati 999 RS [2005],World Superbikes,
356,Rider,Lorenzo Lanzi,33.2645071630114,0.7107991893578547,21/04/2005 13:00:00,0,Ducati 999 RS [2005],World Superbikes,
356,Rider,Lorenzo Lanzi,33.26916932274529,0.7065767876608093,22/04/2005 13:00:00,0,Ducati 999 RS [2005],World Superbikes,
356,Rider,Lorenzo Lanzi,33.273640366648195,0.702446843867827,23/04/2005 13:00:00,0,Ducati 999 RS [2005],World Superbikes,
356,Rider,Lorenzo Lanzi,33.278413449706775,0.6983971328232187,27/05/2005 13:00:00,0,Ducati 999 RS [2005],World Superbikes,
356,Rider,Lorenzo Lanzi,33.28379989465241,0.6944360796923138,27/05/2005 13:00:00,1,Ducati 999 RS [2005],World Superbikes,
356,Rider,Lorenzo Lanzi,33.290338708319624,0.6905584984627233,23/06/2005 13:00:00,0,Ducati 999 RS [2005],World Superbikes,
356,Rider,Lorenzo Lanzi,33.29879704095761,0.6867648168398534,24/06/2005 13:00:00,0,Ducati 999 RS [2005],World Superbikes,
356,Rider,Lorenzo Lanzi,33.30581346366842,0.6830548375668947,25/06/2005 13:00:00,0,Ducati 999 RS [2005],World Superbikes,
356,Rider,Lorenzo Lanzi,33.3124337730394,0.6794218618012474,14/07/2005 13:00:00,0,Ducati 999 RS [2005],World Superbikes,
356,Rider,Lorenzo Lanzi,33.319003275635986,0.6758716003696569,15/07/2005 13:00:00,0,Ducati 999 RS [2005],World Superbikes,
356,Rider,Lorenzo Lanzi,33.32449973437725,0.6724022691516535,16/07/2005 13:00:00,0,Ducati 999 RS [2005],World Superbikes,
356,Rider,Lorenzo Lanzi,33.33213039293505,0.6689810140697116,05/08/2005 13:00:00,0,Ducati 999 RS [2005],World Superbikes,
356,Rider,Lorenzo Lanzi,33.341425149081076,0.6656343708863441,05/08/2005 13:00:00,1,Ducati 999 RS [2005],World Superbikes,
356,Rider,Lorenzo Lanzi,33.349123254351746,0.6623624099477531,06/08/2005 13:00:00,0,Ducati 999 RS [2005],World Superbikes,
356,Rider,Lorenzo Lanzi,33.35617933345243,0.659160428794174,01/09/2005 13:00:00,0,Ducati 999 RS [2005],World Superbikes,
356,Rider,Lorenzo Lanzi,33.36143364872057,0.6560288469670398,02/09/2005 13:00:00,0,Ducati 999 RS [2005],World Superbikes,
356,Rider,Lorenzo Lanzi,33.36425478003371,0.6529637750667188,03/09/2005 13:00:00,0,Ducati 999 RS [2005],World Superbikes,
356,Rider,Lorenzo Lanzi,33.36670657493889,0.649965207617391,08/09/2005 13:00:00,0,Ducati 999 F05 [2005],World Superbikes,
356,Rider,Lorenzo Lanzi,33.36799814831368,0.647031292752241,09/09/2005 13:00:00,0,Ducati 999 F05 [2005],World Superbikes,
356,Rider,Lorenzo Lanzi,33.36745818266748,0.6441509896462239,10/09/2005 13:00:00,0,Ducati 999 F05 [2005],World Superbikes,
356,Rider,Lorenzo Lanzi,33.36444014213067,0.6413124351433778,29/09/2005 13:00:00,0,Ducati 999 F05 [2005],World Superbikes,
356,Rider,Lorenzo Lanzi,33.35994976155256,0.6385342206173782,30/09/2005 13:00:00,0,Ducati 999 F05 [2005],World Superbikes,
356,Rider,Lorenzo Lanzi,33.35485891221044,0.6358216217539879,01/10/2005 13:00:00,0,Ducati 999 F05 [2005],World Superbikes,
356,Rider,Lorenzo Lanzi,33.34883500167107,0.6331684744286643,06/10/2005 13:00:00,0,Ducati 999 F05 [2005],World Superbikes,
356,Rider,Lorenzo Lanzi,33.34180335306754,0.6305755304480714,07/10/2005 13:00:00,0,Ducati 999 F05 [2005],World Superbikes,
356,Rider,Lorenzo Lanzi,33.332278595110964,0.6280208340882157,08/10/2005 13:00:00,0,Ducati 999 F05 [2005],World Superbikes,
356,Rider,Lorenzo Lanzi,33.321100886018,0.6255157046144908,22/02/2006 13:00:00,0,Ducati 999 F06 [2006],World Superbikes,
356,Rider,Lorenzo Lanzi,33.3131678421403,0.6230659120506943,23/02/2006 13:00:00,0,Ducati 999 F06 [2006],World Superbikes,
356,Rider,Lorenzo Lanzi,33.30446771599212,0.6206745108549431,24/02/2006 13:00:00,0,Ducati 999 F06 [2006],World Superbikes,
356,Rider,Lorenzo Lanzi,33.293936110705154,0.6183271758502421,02/03/2006 13:00:00,0,Ducati 999 F06 [2006],World Superbikes,
356,Rider,Lorenzo Lanzi,33.28529028000815,0.6160376034818328,03/03/2006 13:00:00,0,Ducati 999 F06 [2006],World Superbikes,
356,Rider,Lorenzo Lanzi,33.277523519474336,0.6138071223240977,03/03/2006 13:00:00,1,Ducati 999 F06 [2006],World Superbikes,
356,Rider,Lorenzo Lanzi,33.26999262206985,0.6116298395907686,20/04/2006 13:00:00,0,Ducati 999 F06 [2006],World Superbikes,
356,Rider,Lorenzo Lanzi,33.26229690358338,0.6095085542210856,21/04/2006 13:00:00,0,Ducati 999 F06 [2006],World Superbikes,
356,Rider,Lorenzo Lanzi,33.25357564008093,0.6074349014351182,22/04/2006 13:00:00,0,Ducati 999 F06 [2006],World Superbikes,
356,Rider,Lorenzo Lanzi,33.24358980445016,0.6054034745876593,04/05/2006 13:00:00,0,Ducati 999 F06 [2006],World Superbikes,
356,Rider,Lorenzo Lanzi,33.23418825277655,0.6034254926229694,05/05/2006 13:00:00,0,Ducati 999 F06 [2006],World Superbikes,
356,Rider,Lorenzo Lanzi,33.225685336274964,0.6015004968447947,06/05/2006 13:00:00,0,Ducati 999 F06 [2006],World Superbikes,
356,Rider,Lorenzo Lanzi,33.21878506318234,0.5996178014384513,26/05/2006 13:00:00,0,Ducati 999 F06 [2006],World Superbikes,
356,Rider,Lorenzo Lanzi,33.21307600124611,0.5977860472390638,26/05/2006 13:00:00,1,Ducati 999 F06 [2006],World Superbikes,
356,Rider,Lorenzo Lanzi,33.21031025567142,0.5959858909147205,22/06/2006 13:00:00,0,Ducati 999 F06 [2006],World Superbikes,
356,Rider,Lorenzo Lanzi,33.20804294636254,0.5942358144328148,23/06/2006 13:00:00,0,Ducati 999 F06 [2006],World Superbikes,
356,Rider,Lorenzo Lanzi,33.20522432823912,0.5925327722977868,24/06/2006 13:00:00,0,Ducati 999 F06 [2006],World Superbikes,
356,Rider,Lorenzo Lanzi,33.20242438084944,0.5908723987333214,20/07/2006 13:00:00,0,Ducati 999 F06 [2006],World Superbikes,
356,Rider,Lorenzo Lanzi,33.19831286881094,0.5892543762688093,21/07/2006 13:00:00,0,Ducati 999 F06 [2006],World Superbikes,
356,Rider,Lorenzo Lanzi,33.194365232193086,0.587682642184847,22/07/2006 13:00:00,0,Ducati 999 F06 [2006],World Superbikes,
356,Rider,Lorenzo Lanzi,33.18894066471464,0.5861472268818658,04/08/2006 13:00:00,0,Ducati 999 F06 [2006],World Superbikes,
356,Rider,Lorenzo Lanzi,33.18350134527853,0.584655903053936,04/08/2006 13:00:00,1,Ducati 999 F06 [2006],World Superbikes,
356,Rider,Lorenzo Lanzi,33.17838349016917,0.5832081163359653,05/08/2006 13:00:00,0,Ducati 999 F06 [2006],World Superbikes,
356,Rider,Lorenzo Lanzi,33.173851752729,0.5817988055554044,31/08/2006 13:00:00,0,Ducati 999 F06 [2006],World Superbikes,
356,Rider,Lorenzo Lanzi,33.16742889066065,0.5804196782116083,01/09/2006 13:00:00,0,Ducati 999 F06 [2006],World Superbikes,
356,Rider,Lorenzo Lanzi,33.16064299869839,0.57908180649346,02/09/2006 13:00:00,0,Ducati 999 F06 [2006],World Superbikes,
356,Rider,Lorenzo Lanzi,33.15437399137354,0.5777806652991254,07/09/2006 13:00:00,0,Ducati 999 F06 [2006],World Superbikes,
356,Rider,Lorenzo Lanzi,33.14735033246787,0.5765173804840489,08/09/2006 13:00:00,0,Ducati 999 F06 [2006],World Superbikes,
356,Rider,Lorenzo Lanzi,33.14051082131165,0.5752936368655108,09/09/2006 13:00:00,0,Ducati 999 F06 [2006],World Superbikes,
356,Rider,Lorenzo Lanzi,33.132762743625364,0.5741038098304224,28/09/2006 13:00:00,0,Ducati 999 F06 [2006],World Superbikes,
356,Rider,Lorenzo Lanzi,33.125574483212525,0.572953008287047,29/09/2006 13:00:00,0,Ducati 999 F06 [2006],World Superbikes,
356,Rider,Lorenzo Lanzi,33.118816679594836,0.5718404554707548,30/09/2006 13:00:00,0,Ducati 999 F06 [2006],World Superbikes,
356,Rider,Lorenzo Lanzi,33.112601487497415,0.5707600757484603,05/10/2006 13:00:00,0,Ducati 999 F06 [2006],World Superbikes,
356,Rider,Lorenzo Lanzi,33.10488181100998,0.5697101201115677,07/10/2006 13:00:00,0,Ducati 999 F06 [2006],World Superbikes,
356,Rider,Lorenzo Lanzi,33.09576741905295,0.5686879302220327,21/02/2007 13:00:00,0,Ducati 999 F07 [2007],World Superbikes,
356,Rider,Lorenzo Lanzi,33.08595507311734,0.5676955606027241,22/02/2007 13:00:00,0,Ducati 999 F07 [2007],World Superbikes,
356,Rider,Lorenzo Lanzi,33.07522450534792,0.5667318229443006,23/02/2007 13:00:00,0,Ducati 999 F07 [2007],World Superbikes,
356,Rider,Lorenzo Lanzi,33.06387398159483,0.5657967428629271,01/03/2007 13:00:00,0,Ducati 999 F07 [2007],World Superbikes,
356,Rider,Lorenzo Lanzi,33.051584210447466,0.5648899214556318,02/03/2007 13:00:00,0,Ducati 999 F07 [2007],World Superbikes,
356,Rider,Lorenzo Lanzi,33.03982161606046,0.5640131026674119,02/03/2007 13:00:00,1,Ducati 999 F07 [2007],World Superbikes,
356,Rider,Lorenzo Lanzi,33.02907210509405,0.5631637640425712,30/03/2007 13:00:00,0,Ducati 999 F07 [2007],World Superbikes,
356,Rider,Lorenzo Lanzi,33.020625721055495,0.5623414601618371,30/03/2007 13:00:00,1,Ducati 999 F07 [2007],World Superbikes,
356,Rider,Lorenzo Lanzi,33.01122963115275,0.5615438509269854,31/03/2007 13:00:00,0,Ducati 999 F07 [2007],World Superbikes,
356,Rider,Lorenzo Lanzi,33.00123205029715,0.5607727371281782,12/04/2007 13:00:00,0,Ducati 999 F07 [2007],World Superbikes,
356,Rider,Lorenzo Lanzi,32.99109599585722,0.5600292801345946,13/04/2007 13:00:00,0,Ducati 999 F07 [2007],World Superbikes,
356,Rider,Lorenzo Lanzi,32.98151858066251,0.5593146052579275,14/04/2007 13:00:00,0,Ducati 999 F07 [2007],World Superbikes,
356,Rider,Lorenzo Lanzi,32.97163539695528,0.5586264719503201,26/04/2007 13:00:00,0,Ducati 999 F07 [2007],World Superbikes,
356,Rider,Lorenzo Lanzi,32.962358809486496,0.5579660091048078,27/04/2007 13:00:00,0,Ducati 999 F07 [2007],World Superbikes,
356,Rider,Lorenzo Lanzi,32.95262090877247,0.5573298234707768,28/04/2007 13:00:00,0,Ducati 999 F07 [2007],World Superbikes,
356,Rider,Lorenzo Lanzi,32.94121302324438,0.5567102941478645,10/05/2007 13:00:00,0,Ducati 999 F07 [2007],World Superbikes,
356,Rider,Lorenzo Lanzi,32.93161861481062,0.5561162977506435,11/05/2007 13:00:00,0,Ducati 999 F07 [2007],World Superbikes,
356,Rider,Lorenzo Lanzi,32.92364237565861,0.5555481754514305,12/05/2007 13:00:00,0,Ducati 999 F07 [2007],World Superbikes,
356,Rider,Lorenzo Lanzi,32.91694357821408,0.555004024918093,25/05/2007 13:00:00,0,Ducati 999 F07 [2007],World Superbikes,
356,Rider,Lorenzo Lanzi,32.90845090291999,0.554473339922974,25/05/2007 13:00:00,1,Ducati 999 F07 [2007],World Superbikes,
356,Rider,Lorenzo Lanzi,32.8990458258641,0.5539649498234934,26/05/2007 13:00:00,0,Ducati 999 F07 [2007],World Superbikes,
356,Rider,Lorenzo Lanzi,32.88866286951306,0.5534765878658743,14/06/2007 13:00:00,0,Ducati 999 F07 [2007],World Superbikes,
356,Rider,Lorenzo Lanzi,32.87897614252363,0.5530123468448197,15/06/2007 13:00:00,0,Ducati 999 F07 [2007],World Superbikes,
356,Rider,Lorenzo Lanzi,32.867919384834174,0.5525642919175531,16/06/2007 13:00:00,0,Ducati 999 F07 [2007],World Superbikes,
356,Rider,Lorenzo Lanzi,32.856580620549316,0.5521369625975472,19/07/2007 13:00:00,0,Ducati 999 F07 [2007],World Superbikes,
356,Rider,Lorenzo Lanzi,32.84653325326982,0.5517328135918281,20/07/2007 13:00:00,0,Ducati 999 F07 [2007],World Superbikes,
356,Rider,Lorenzo Lanzi,32.83751529284482,0.5513517366886204,21/07/2007 13:00:00,0,Ducati 999 F07 [2007],World Superbikes,
356,Rider,Lorenzo Lanzi,32.828492028652946,0.5509918149611029,03/08/2007 13:00:00,0,Ducati 999 F07 [2007],World Superbikes,
356,Rider,Lorenzo Lanzi,32.81878774937081,0.5506520547301534,03/08/2007 13:00:00,1,Ducati 999 F07 [2007],World Superbikes,
356,Rider,Lorenzo Lanzi,32.808133518300814,0.5503310197973681,04/08/2007 13:00:00,0,Ducati 999 F07 [2007],World Superbikes,
356,Rider,Lorenzo Lanzi,32.79763025583396,0.5500312958569056,06/09/2007 13:00:00,0,Ducati 999 F07 [2007],World Superbikes,
356,Rider,Lorenzo Lanzi,32.787621536979785,0.5497530994623159,07/09/2007 13:00:00,0,Ducati 999 F07 [2007],World Superbikes,
356,Rider,Lorenzo Lanzi,32.77891656774718,0.5494931845621354,08/09/2007 13:00:00,0,Ducati 999 F07 [2007],World Superbikes,
356,Rider,Lorenzo Lanzi,32.77135748562073,0.5492515539497754,27/09/2007 13:00:00,0,Ducati 999 F07 [2007],World Superbikes,
356,Rider,Lorenzo Lanzi,32.76481134945942,0.5490329016971164,28/09/2007 13:00:00,0,Ducati 999 F07 [2007],World Superbikes,
356,Rider,Lorenzo Lanzi,32.75817248277289,0.5488348030811946,29/09/2007 13:00:00,0,Ducati 999 F07 [2007],World Superbikes,
356,Rider,Lorenzo Lanzi,32.75137763975991,0.5486545359090037,04/10/2007 13:00:00,0,Ducati 999 F07 [2007],World Superbikes,
356,Rider,Lorenzo Lanzi,32.74225471187736,0.5484742083921731,05/10/2007 13:00:00,0,Ducati 999 F07 [2007],World Superbikes,
356,Rider,Lorenzo Lanzi,32.732758819119674,0.5483137176790773,06/10/2007 13:00:00,0,Ducati 999 F07 [2007],World Superbikes,
356,Rider,Lorenzo Lanzi,32.72261620151272,0.5481721305032282,20/02/2008 13:00:00,0,Ducati 1098 RS08 [2008],World Superbikes,
356,Rider,Lorenzo Lanzi,32.711237812892506,0.5480540335043856,21/02/2008 13:00:00,0,Ducati 1098 RS08 [2008],World Superbikes,
356,Rider,Lorenzo Lanzi,32.69809435464996,0.5479573035095813,22/02/2008 13:00:00,0,Ducati 1098 RS08 [2008],World Superbikes,
356,Rider,Lorenzo Lanzi,32.683302204931294,0.5478812139337599,28/02/2008 13:00:00,0,Ducati 1098 RS08 [2008],World Superbikes,
356,Rider,Lorenzo Lanzi,32.66976646638225,0.5478276624724302,29/02/2008 13:00:00,0,Ducati 1098 RS08 [2008],World Superbikes,
356,Rider,Lorenzo Lanzi,32.65704338620991,0.5477979025988758,03/04/2008 13:00:00,0,Ducati 1098 RS08 [2008],World Superbikes,
356,Rider,Lorenzo Lanzi,32.64281561774511,0.5477910204807815,04/04/2008 13:00:00,0,Ducati 1098 RS08 [2008],World Superbikes,
356,Rider,Lorenzo Lanzi,32.62628801462335,0.5478040508490322,05/04/2008 13:00:00,0,Ducati 1098 RS08 [2008],World Superbikes,
356,Rider,Lorenzo Lanzi,32.60814683092178,0.5478378151230996,24/04/2008 13:00:00,0,Ducati 1098 RS08 [2008],World Superbikes,
356,Rider,Lorenzo Lanzi,32.58928427293684,0.5478968390108839,25/04/2008 13:00:00,0,Ducati 1098 RS08 [2008],World Superbikes,
356,Rider,Lorenzo Lanzi,32.57403265946141,0.5479627679189785,26/04/2008 13:00:00,0,Ducati 1098 RS08 [2008],World Superbikes,
356,Rider,Lorenzo Lanzi,32.56069497909623,0.5480270890738647,08/05/2008 13:00:00,0,Ducati 1098 RS08 [2008],World Superbikes,
356,Rider,Lorenzo Lanzi,32.54940153683569,0.548112395972838,09/05/2008 13:00:00,0,Ducati 1098 RS08 [2008],World Superbikes,
356,Rider,Lorenzo Lanzi,32.54037680025686,0.5482180051099516,30/05/2008 13:00:00,0,Ducati 1098 RS08 [2008],World Superbikes,
356,Rider,Lorenzo Lanzi,32.532322404357224,0.5483485693226526,30/05/2008 13:00:00,1,Ducati 1098 RS08 [2008],World Superbikes,
356,Rider,Lorenzo Lanzi,32.52430185822431,0.5485047262419142,31/05/2008 13:00:00,0,Ducati 1098 RS08 [2008],World Superbikes,
356,Rider,Lorenzo Lanzi,32.51785457412102,0.548669573015302,12/06/2008 13:00:00,0,Ducati 1098 RS08 [2008],World Superbikes,
356,Rider,Lorenzo Lanzi,32.511630404958346,0.5488593259359018,13/06/2008 13:00:00,0,Ducati 1098 RS08 [2008],World Superbikes,
356,Rider,Lorenzo Lanzi,32.50442376756587,0.5490742492621521,14/06/2008 13:00:00,0,Ducati 1098 RS08 [2008],World Superbikes,
356,Rider,Lorenzo Lanzi,32.496041921507995,0.5493110175301893,26/06/2008 13:00:00,0,Ducati 1098 RS08 [2008],World Superbikes,
356,Rider,Lorenzo Lanzi,32.48641394681087,0.5495724053174775,27/06/2008 13:00:00,0,Ducati 1098 RS08 [2008],World Superbikes,
356,Rider,Lorenzo Lanzi,32.47630937915717,0.5498592039599646,28/06/2008 13:00:00,0,Ducati 1098 RS08 [2008],World Superbikes,
356,Rider,Lorenzo Lanzi,32.4648863381997,0.5501678361681904,17/07/2008 13:00:00,0,Ducati 1098 RS08 [2008],World Superbikes,
356,Rider,Lorenzo Lanzi,32.451601919134944,0.5504999725543178,18/07/2008 13:00:00,0,Ducati 1098 RS08 [2008],World Superbikes,
356,Rider,Lorenzo Lanzi,32.43823197800431,0.5508582230320406,19/07/2008 13:00:00,0,Ducati 1098 RS08 [2008],World Superbikes,
356,Rider,Lorenzo Lanzi,32.425502890116775,0.5512325755813873,01/08/2008 13:00:00,0,Ducati 1098 RS08 [2008],World Superbikes,
356,Rider,Lorenzo Lanzi,32.41284822970722,0.5516334410187218,01/08/2008 13:00:00,1,Ducati 1098 RS08 [2008],World Superbikes,
356,Rider,Lorenzo Lanzi,32.3989970072776,0.5520604753204759,02/08/2008 13:00:00,0,Ducati 1098 RS08 [2008],World Superbikes,
356,Rider,Lorenzo Lanzi,32.38608422275985,0.5524979915835564,05/09/2008 13:00:00,0,Ducati 1098 RS08 [2008],World Superbikes,
356,Rider,Lorenzo Lanzi,32.37430266300613,0.552961639159542,05/09/2008 13:00:00,1,Ducati 1098 RS08 [2008],World Superbikes,
356,Rider,Lorenzo Lanzi,32.362494479638066,0.5534542488415568,18/09/2008 13:00:00,0,Ducati 1098 RS08 [2008],World Superbikes,
356,Rider,Lorenzo Lanzi,32.350451771517925,0.5539754905585822,19/09/2008 13:00:00,0,Ducati 1098 RS08 [2008],World Superbikes,
356,Rider,Lorenzo Lanzi,32.33857835551052,0.5545252552126254,20/09/2008 13:00:00,0,Ducati 1098 RS08 [2008],World Superbikes,
356,Rider,Lorenzo Lanzi,32.32607095166006,0.5550995266428316,02/10/2008 13:00:00,0,Ducati 1098 RS08 [2008],World Superbikes,
356,Rider,Lorenzo Lanzi,32.31239323104145,0.5557017612809976,04/10/2008 13:00:00,0,Ducati 1098 RS08 [2008],World Superbikes,
356,Rider,Lorenzo Lanzi,32.29836448699456,0.5563303722235771,29/05/2009 13:00:00,0,Ducati 1098 RS 09 [2009],World Superbikes,
356,Rider,Lorenzo Lanzi,32.28586198571349,0.5569806482430057,29/05/2009 13:00:00,1,Ducati 1098 RS 09 [2009],World Superbikes,
356,Rider,Lorenzo Lanzi,32.27344756086308,0.5576593755743191,30/05/2009 13:00:00,0,Ducati 1098 RS 09 [2009],World Superbikes,
356,Rider,Lorenzo Lanzi,32.26261531624119,0.5583527203764889,19/06/2009 13:00:00,0,Ducati 1098R [2009],World Superbikes,
356,Rider,Lorenzo Lanzi,32.25166980631092,0.5590789746180995,19/06/2009 13:00:00,1,Ducati 1098R [2009],World Superbikes,
356,Rider,Lorenzo Lanzi,32.24402359085618,0.5598227004156149,20/06/2009 13:00:00,0,Ducati 1098R [2009],World Superbikes,
356,Rider,Lorenzo Lanzi,32.237117393591504,0.5605964483472304,20/06/2009 13:00:00,1,Ducati 1098R [2009],World Superbikes,
356,Rider,Lorenzo Lanzi,32.23220129355418,0.5613782925512262,26/06/2009 13:00:00,0,Ducati 1098R [2009],World Superbikes,
356,Rider,Lorenzo Lanzi,32.22653455497532,0.5621938950635915,26/06/2009 13:00:00,1,Ducati 1098R [2009],World Superbikes,
356,Rider,Lorenzo Lanzi,32.219904213422915,0.5630421169598049,27/06/2009 13:00:00,0,Ducati 1098R [2009],World Superbikes,
356,Rider,Lorenzo Lanzi,32.21515063997886,0.5639150022019241,24/07/2009 13:00:00,0,Ducati 1098R [2009],World Superbikes,
356,Rider,Lorenzo Lanzi,32.20918426523059,0.5648198979526718,24/07/2009 13:00:00,1,Ducati 1098R [2009],World Superbikes,
356,Rider,Lorenzo Lanzi,32.20359838954226,0.5657605378447156,25/07/2009 13:00:00,0,Ducati 1098R [2009],World Superbikes,
356,Rider,Lorenzo Lanzi,32.198542344682764,0.5667353546361648,25/07/2009 13:00:00,1,Ducati 1098R [2009],World Superbikes,
356,Rider,Lorenzo Lanzi,32.193370443294285,0.5677432878543877,25/09/2009 13:00:00,0,Ducati 1098R [2009],World Superbikes,
356,Rider,Lorenzo Lanzi,32.1881347940024,0.5687882871618879,26/09/2009 13:00:00,0,Ducati 1098R [2009],World Superbikes,
356,Rider,Lorenzo Lanzi,32.18261989698258,0.5698687950922948,26/09/2009 13:00:00,1,Ducati 1098R [2009],World Superbikes,
356,Rider,Lorenzo Lanzi,32.177285812255214,0.5709830207560299,25/02/2010 13:00:00,0,Ducati 1098R [2010],World Superbikes,
356,Rider,Lorenzo Lanzi,32.17230271057688,0.5721332275563806,26/02/2010 13:00:00,0,Ducati 1098R [2010],World Superbikes,
356,Rider,Lorenzo Lanzi,32.16702763871016,0.5733215420813356,26/02/2010 13:00:00,1,Ducati 1098R [2010],World Superbikes,
356,Rider,Lorenzo Lanzi,32.16210274508461,0.5745465451136419,26/02/2010 13:00:00,2,Ducati 1098R [2010],World Superbikes,
356,Rider,Lorenzo Lanzi,32.15668067245872,0.5758081780841331,26/03/2010 13:00:00,0,Ducati 1098R [2010],World Superbikes,
356,Rider,Lorenzo Lanzi,32.151932695642124,0.5771077112383712,26/03/2010 13:00:00,1,Ducati 1098R [2010],World Superbikes,
356,Rider,Lorenzo Lanzi,32.14780171689028,0.5784453594463772,27/03/2010 13:00:00,0,Ducati 1098R [2010],World Superbikes,
356,Rider,Lorenzo Lanzi,32.14409030231644,0.5798232920824767,27/03/2010 13:00:00,1,Ducati 1098R [2010],World Superbikes,
356,Rider,Lorenzo Lanzi,32.14140321476142,0.5812350001008072,09/04/2010 13:00:00,0,Ducati 1098R [2010],World Superbikes,
356,Rider,Lorenzo Lanzi,32.13772453561624,0.5826888223183881,09/04/2010 13:00:00,1,Ducati 1098R [2010],World Superbikes,
356,Rider,Lorenzo Lanzi,32.133094940655695,0.5841857033068234,10/04/2010 13:00:00,0,Ducati 1098R [2010],World Superbikes,
356,Rider,Lorenzo Lanzi,32.127379588069125,0.5857258882907206,10/04/2010 13:00:00,1,Ducati 1098R [2010],World Superbikes,
356,Rider,Lorenzo Lanzi,32.12086857883872,0.5873085242447418,10/04/2010 13:00:00,2,Ducati 1098R [2010],World Superbikes,
356,Rider,Lorenzo Lanzi,32.11545733968598,0.5888936792312701,23/04/2010 13:00:00,0,Ducati 1098R [2010],World Superbikes,
356,Rider,Lorenzo Lanzi,32.109796125692114,0.590524479554962,23/04/2010 13:00:00,1,Ducati 1098R [2010],World Superbikes,
356,Rider,Lorenzo Lanzi,32.10361345369923,0.5922022578046743,24/04/2010 13:00:00,0,Ducati 1098R [2010],World Superbikes,
356,Rider,Lorenzo Lanzi,32.09903904387348,0.5939164049873553,07/05/2010 13:00:00,0,Ducati 1098R [2010],World Superbikes,
356,Rider,Lorenzo Lanzi,32.09476711999827,0.5956790248928031,07/05/2010 13:00:00,1,Ducati 1098R [2010],World Superbikes,
356,Rider,Lorenzo Lanzi,32.091471176830424,0.5974878647252813,08/05/2010 13:00:00,0,Ducati 1098R [2010],World Superbikes,
356,Rider,Lorenzo Lanzi,32.09027039545644,0.5993245484180311,25/06/2010 13:00:00,0,Ducati 1098R [2010],World Superbikes,
356,Rider,Lorenzo Lanzi,32.09015335366907,0.6012070004863707,25/06/2010 13:00:00,1,Ducati 1098R [2010],World Superbikes,
356,Rider,Lorenzo Lanzi,32.08875663517891,0.6031413722637312,26/06/2010 13:00:00,0,Ducati 1098R [2010],World Superbikes,
356,Rider,Lorenzo Lanzi,32.087977582936,0.6051247621949802,26/06/2010 13:00:00,1,Ducati 1098R [2010],World Superbikes,
356,Rider,Lorenzo Lanzi,32.08710161224493,0.6071594843620685,09/07/2010 13:00:00,0,Ducati 1098R [2010],World Superbikes,
356,Rider,Lorenzo Lanzi,32.08595350860992,0.6092487914383659,09/07/2010 13:00:00,1,Ducati 1098R [2010],World Superbikes,
356,Rider,Lorenzo Lanzi,32.08322772345275,0.6113912494161198,10/07/2010 13:00:00,0,Ducati 1098R [2010],World Superbikes,
356,Rider,Lorenzo Lanzi,32.081263447181946,0.6135865709922721,10/07/2010 13:00:00,1,Ducati 1098R [2010],World Superbikes,
356,Rider,Lorenzo Lanzi,32.078979282073526,0.6158374554825241,30/07/2010 13:00:00,0,Ducati 1098R [2010],World Superbikes,
356,Rider,Lorenzo Lanzi,32.07633061753265,0.6181466909939299,30/07/2010 13:00:00,1,Ducati 1098R [2010],World Superbikes,
356,Rider,Lorenzo Lanzi,32.0718735996044,0.620510724710268,31/07/2010 13:00:00,0,Ducati 1098R [2010],World Superbikes,
356,Rider,Lorenzo Lanzi,32.06851224204567,0.6229281618641501,31/07/2010 13:00:00,1,Ducati 1098R [2010],World Superbikes,
356,Rider,Lorenzo Lanzi,32.06583859046727,0.6253995169861039,03/09/2010 13:00:00,0,Ducati 1098R [2010],World Superbikes,
356,Rider,Lorenzo Lanzi,32.06380147783981,0.627930616823766,03/09/2010 13:00:00,1,Ducati 1098R [2010],World Superbikes,
356,Rider,Lorenzo Lanzi,32.06201841994677,0.6305231311755618,04/09/2010 13:00:00,0,Ducati 1098R [2010],World Superbikes,
356,Rider,Lorenzo Lanzi,32.06048594597249,0.6331770970702228,04/09/2010 13:00:00,1,Ducati 1098R [2010],World Superbikes,
356,Rider,Lorenzo Lanzi,32.059109597110094,0.6358924014844977,24/09/2010 13:00:00,0,Ducati 1098R [2010],World Superbikes,
356,Rider,Lorenzo Lanzi,32.05754793842497,0.6386733524377344,24/09/2010 13:00:00,1,Ducati 1098R [2010],World Superbikes,
356,Rider,Lorenzo Lanzi,32.05383982752809,0.6415087959047854,25/09/2010 13:00:00,0,Ducati 1098R [2010],World Superbikes,
356,Rider,Lorenzo Lanzi,32.04975455359144,0.644413165854687,25/09/2010 13:00:00,1,Ducati 1098R [2010],World Superbikes,
356,Rider,Lorenzo Lanzi,32.04313188927523,0.6473666567296416,25/09/2010 13:00:00,2,Ducati 1098R [2010],World Superbikes,
356,Rider,Lorenzo Lanzi,32.03620118833667,0.650379499224166,01/10/2010 13:00:00,0,Ducati 1098R [2010],World Superbikes,
356,Rider,Lorenzo Lanzi,32.02649793442372,0.6534447346467326,01/10/2010 13:00:00,1,Ducati 1098R [2010],World Superbikes,
356,Rider,Lorenzo Lanzi,32.015797098232376,0.6565829876028075,02/10/2010 13:00:00,0,Ducati 1098R [2010],World Superbikes,
356,Rider,Lorenzo Lanzi,32.00624845718708,0.6597832072834627,02/10/2010 13:00:00,1,Ducati 1098R [2010],World Superbikes,
356,Rider,Lorenzo Lanzi,31.997156178748238,0.6630526524986813,10/06/2011 13:00:00,0,BMW S1000 RR [2011],World Superbikes,
356,Rider,Lorenzo Lanzi,31.990052280168317,0.6663713109469209,10/06/2011 13:00:00,1,BMW S1000 RR [2011],World Superbikes,
356,Rider,Lorenzo Lanzi,31.98324664265971,0.6697633401974386,17/06/2011 13:00:00,0,BMW S1000 RR [2011],World Superbikes,
356,Rider,Lorenzo Lanzi,31.97638791210434,0.6732325293875583,17/06/2011 13:00:00,1,BMW S1000 RR [2011],World Superbikes,
356,Rider,Lorenzo Lanzi,31.97126820190798,0.6767472503529733,08/07/2011 13:00:00,0,BMW S1000 RR [2011],World Superbikes,
356,Rider,Lorenzo Lanzi,31.96571218388329,0.6803423714363456,08/07/2011 13:00:00,1,BMW S1000 RR [2011],World Superbikes,
356,Rider,Lorenzo Lanzi,31.96107633020816,0.684010867298886,09/07/2011 13:00:00,0,BMW S1000 RR [2011],World Superbikes,
356,Rider,Lorenzo Lanzi,31.957084702268347,0.6877427935709793,07/09/2012 13:00:00,0,Ducati 1098R [2012],World Superbikes,
356,Rider,Lorenzo Lanzi,31.954684228384977,0.6915508899767792,07/09/2012 13:00:00,1,Ducati 1098R [2012],World Superbikes,
356,Rider,Lorenzo Lanzi,31.953760431322394,0.6954356530734122,21/09/2012 13:00:00,0,Ducati 1098R [2012],World Superbikes,
356,Rider,Lorenzo Lanzi,31.95493348616825,0.6993987732137106,21/09/2012 13:00:00,1,Ducati 1098R [2012],World Superbikes,
356,Rider,Lorenzo Lanzi,31.957878976089756,0.7034452824898423,04/10/2013 13:00:00,0,Ducati 1098R [2013],World Superbikes,
356,Rider,Lorenzo Lanzi,31.960710793651,0.707569742647203,04/10/2013 13:00:00,1,Ducati 1098R [2013],World Superbikes,
356,Rider,Lorenzo Lanzi,31.96231428941052,0.7117761952425843,05/10/2013 13:00:00,0,Ducati 1098R [2013],World Superbikes,
356,Rider,Lorenzo Lanzi,31.964389210511193,0.7160521107654941,18/10/2013 13:00:00,0,Ducati 1098R [2013],World Superbikes,
356,Rider,Lorenzo Lanzi,31.964520823150334,0.7204111446628003,18/10/2013 13:00:00,1,Ducati 1098R [2013],World Superbikes,
356,Rider,Lorenzo Lanzi,31.96287078464183,0.7248545005520937,19/10/2013 13:00:00,0,Ducati 1098R [2013],World Superbikes,
356,Rider,Lorenzo Lanzi,31.960567819315862,0.7293766250722962,19/10/2013 13:00:00,1,Ducati 1098R [2013],World Superbikes,
356,Rider,Lorenzo Lanzi,31.95933479255038,0.7339387259281416,04/10/2014 13:00:00,0,Ducati 1199 Panigale R [2014],World Superbikes,
357,Bike,Ducati 999 RS [2005],21.96709947074089,1.1687852387213609,23/02/2005 13:00:00,0,,World Superbikes,
357,Bike,Ducati 999 RS [2005],21.967235140909164,1.1661299775702707,24/02/2005 13:00:00,0,,World Superbikes,
357,Bike,Ducati 999 RS [2005],21.967909284787435,1.1636690355606587,31/03/2005 13:00:00,0,,World Superbikes,
357,Bike,Ducati 999 RS [2005],21.969732497252004,1.1613801967905377,01/04/2005 13:00:00,0,,World Superbikes,
357,Bike,Ducati 999 RS [2005],21.972591442518976,1.159260352735171,21/04/2005 13:00:00,0,,World Superbikes,
357,Bike,Ducati 999 RS [2005],21.97540136588364,1.1573328141079056,22/04/2005 13:00:00,0,,World Superbikes,
357,Bike,Ducati 999 RS [2005],21.978505718498273,1.1556022526479839,23/04/2005 13:00:00,0,,World Superbikes,
357,Bike,Ducati 999 RS [2005],21.981912110268556,1.1540571034026623,05/05/2005 13:00:00,0,,World Superbikes,
357,Bike,Ducati 999 RS [2005],21.984019910327753,1.1527070843213822,06/05/2005 13:00:00,0,,World Superbikes,
357,Bike,Ducati 999 RS [2005],21.98650390964767,1.1515512811049715,07/05/2005 13:00:00,0,,World Superbikes,
357,Bike,Ducati 999 RS [2005],21.988082071015327,1.1505765083726547,27/05/2005 13:00:00,0,,World Superbikes,
357,Bike,Ducati 999 RS [2005],21.99012051812891,1.1497872811023502,27/05/2005 13:00:00,1,,World Superbikes,
357,Bike,Ducati 999 RS [2005],21.992247460358747,1.1491890551727135,23/06/2005 13:00:00,0,,World Superbikes,
357,Bike,Ducati 999 RS [2005],21.993928015672243,1.1487894340931544,24/06/2005 13:00:00,0,,World Superbikes,
357,Bike,Ducati 999 RS [2005],21.99532370602968,1.1485834982676308,25/06/2005 13:00:00,0,,World Superbikes,
357,Bike,Ducati 999 RS [2005],21.996090228270766,1.1485665643285743,14/07/2005 13:00:00,0,,World Superbikes,
357,Bike,Ducati 999 RS [2005],21.996561406468775,1.1487295223410712,15/07/2005 13:00:00,0,,World Superbikes,
357,Bike,Ducati 999 RS [2005],21.996899286444545,1.1490720005383726,16/07/2005 13:00:00,0,,World Superbikes,
357,Bike,Ducati 999 RS [2005],21.99857463500477,1.1495705417768336,05/08/2005 13:00:00,0,,World Superbikes,
357,Bike,Ducati 999 RS [2005],22.000665611344246,1.1502581267461836,05/08/2005 13:00:00,1,,World Superbikes,
357,Bike,Ducati 999 RS [2005],22.00250792374251,1.1511345080169149,06/08/2005 13:00:00,0,,World Superbikes,
357,Bike,Ducati 999 RS [2005],22.003708209970785,1.1522011563920003,01/09/2005 13:00:00,0,,World Superbikes,
357,Bike,Ducati 999 RS [2005],22.00419810534368,1.15345871749033,02/09/2005 13:00:00,0,,World Superbikes,
357,Bike,Ducati 999 RS [2005],22.0041030989059,1.1548954598094423,03/09/2005 13:00:00,0,,World Superbikes,
357,Bike,Ducati 999 RS [2005],22.003260926490757,1.156522860773385,08/09/2005 13:00:00,0,,World Superbikes,
357,Bike,Ducati 999 RS [2005],22.003086641911594,1.158310592023747,09/09/2005 13:00:00,0,,World Superbikes,
357,Bike,Ducati 999 RS [2005],22.003276641992194,1.160265299396333,10/09/2005 13:00:00,0,,World Superbikes,
357,Bike,Ducati 999 RS [2005],22.002838352274775,1.1623987775292262,29/09/2005 13:00:00,0,,World Superbikes,
357,Bike,Ducati 999 RS [2005],22.002284234552892,1.1647096301509379,30/09/2005 13:00:00,0,,World Superbikes,
357,Bike,Ducati 999 RS [2005],22.00173013952702,1.1672081930039855,06/10/2005 13:00:00,0,,World Superbikes,
357,Bike,Ducati 999 RS [2005],22.001792346015222,1.1698752177897038,07/10/2005 13:00:00,0,,World Superbikes,
358,Rider,Karl Muggeridge,35.12098862641275,0.7361166278278634,23/02/2005 13:00:00,0,Honda CBR 1000RR Fireblade [2005],World Superbikes,
358,Rider,Karl Muggeridge,35.123780286892035,0.7315885494803538,24/02/2005 13:00:00,0,Honda CBR 1000RR Fireblade [2005],World Superbikes,
358,Rider,Karl Muggeridge,35.125986572719526,0.7271565225014909,31/03/2005 13:00:00,0,Honda CBR 1000RR Fireblade [2005],World Superbikes,
358,Rider,Karl Muggeridge,35.127823523964736,0.7228162843589314,01/04/2005 13:00:00,0,Honda CBR 1000RR Fireblade [2005],World Superbikes,
358,Rider,Karl Muggeridge,35.1314558810611,0.7185730999212956,01/04/2005 13:00:00,1,Honda CBR 1000RR Fireblade [2005],World Superbikes,
358,Rider,Karl Muggeridge,35.13500396017144,0.7144196129701591,21/04/2005 13:00:00,0,Honda CBR 1000RR Fireblade [2005],World Superbikes,
358,Rider,Karl Muggeridge,35.138110078190856,0.7103559906546745,22/04/2005 13:00:00,0,Honda CBR 1000RR Fireblade [2005],World Superbikes,
358,Rider,Karl Muggeridge,35.13964196572967,0.7063658485101763,23/04/2005 13:00:00,0,Honda CBR 1000RR Fireblade [2005],World Superbikes,
358,Rider,Karl Muggeridge,35.14094619998318,0.702459430913442,05/05/2005 13:00:00,0,Honda CBR 1000RR Fireblade [2005],World Superbikes,
358,Rider,Karl Muggeridge,35.141202648670955,0.6986330063002882,06/05/2005 13:00:00,0,Honda CBR 1000RR Fireblade [2005],World Superbikes,
358,Rider,Karl Muggeridge,35.139246069397785,0.6948671640564729,07/05/2005 13:00:00,0,Honda CBR 1000RR Fireblade [2005],World Superbikes,
358,Rider,Karl Muggeridge,35.136471574249164,0.6911784228366323,27/05/2005 13:00:00,0,Honda CBR 1000RR Fireblade [2005],World Superbikes,
358,Rider,Karl Muggeridge,35.13332676319491,0.6875713371191865,27/05/2005 13:00:00,1,Honda CBR 1000RR Fireblade [2005],World Superbikes,
358,Rider,Karl Muggeridge,35.13073875304799,0.6840491356056074,28/05/2005 13:00:00,0,Honda CBR 1000RR Fireblade [2005],World Superbikes,
358,Rider,Karl Muggeridge,35.12917032762863,0.6806046800288948,23/06/2005 13:00:00,0,Honda CBR 1000RR Fireblade [2005],World Superbikes,
358,Rider,Karl Muggeridge,35.126719692586676,0.6772352655512808,24/06/2005 13:00:00,0,Honda CBR 1000RR Fireblade [2005],World Superbikes,
358,Rider,Karl Muggeridge,35.12458285262656,0.6739479597411105,25/06/2005 13:00:00,0,Honda CBR 1000RR Fireblade [2005],World Superbikes,
358,Rider,Karl Muggeridge,35.12162201467668,0.6707313649065597,14/07/2005 13:00:00,0,Honda CBR 1000RR Fireblade [2005],World Superbikes,
358,Rider,Karl Muggeridge,35.11967256482424,0.6675953955655906,15/07/2005 13:00:00,0,Honda CBR 1000RR Fireblade [2005],World Superbikes,
358,Rider,Karl Muggeridge,35.11711672392785,0.6645337628249476,16/07/2005 13:00:00,0,Honda CBR 1000RR Fireblade [2005],World Superbikes,
358,Rider,Karl Muggeridge,35.11419833997659,0.6615410960691335,05/08/2005 13:00:00,0,Honda CBR 1000RR Fireblade [2005],World Superbikes,
358,Rider,Karl Muggeridge,35.110298729933156,0.6586187570349555,05/08/2005 13:00:00,1,Honda CBR 1000RR Fireblade [2005],World Superbikes,
358,Rider,Karl Muggeridge,35.10682174759651,0.6557715886694845,06/08/2005 13:00:00,0,Honda CBR 1000RR Fireblade [2005],World Superbikes,
358,Rider,Karl Muggeridge,35.10172726119831,0.6529785658129137,01/09/2005 13:00:00,0,Honda CBR 1000RR Fireblade [2005],World Superbikes,
358,Rider,Karl Muggeridge,35.09551396299772,0.6502468585786616,02/09/2005 13:00:00,0,Honda CBR 1000RR Fireblade [2005],World Superbikes,
358,Rider,Karl Muggeridge,35.0872836786996,0.6475590269963479,03/09/2005 13:00:00,0,Honda CBR 1000RR Fireblade [2005],World Superbikes,
358,Rider,Karl Muggeridge,35.07861025345245,0.6449342159001944,08/09/2005 13:00:00,0,Honda CBR 1000RR Fireblade [2005],World Superbikes,
358,Rider,Karl Muggeridge,35.06935317422447,0.6423741061099895,09/09/2005 13:00:00,0,Honda CBR 1000RR Fireblade [2005],World Superbikes,
358,Rider,Karl Muggeridge,35.05900848350311,0.6398729562650504,10/09/2005 13:00:00,0,Honda CBR 1000RR Fireblade [2005],World Superbikes,
358,Rider,Karl Muggeridge,35.04846625605,0.6374333949994646,29/09/2005 13:00:00,0,Honda CBR 1000RR Fireblade [2005],World Superbikes,
358,Rider,Karl Muggeridge,35.03805188874235,0.6350599119511839,30/09/2005 13:00:00,0,Honda CBR 1000RR Fireblade [2005],World Superbikes,
358,Rider,Karl Muggeridge,35.02869467181935,0.6327523125022148,01/10/2005 13:00:00,0,Honda CBR 1000RR Fireblade [2005],World Superbikes,
358,Rider,Karl Muggeridge,35.02003533291138,0.6305056937942313,06/10/2005 13:00:00,0,Honda CBR 1000RR Fireblade [2005],World Superbikes,
358,Rider,Karl Muggeridge,35.0099738703145,0.6283103894254677,07/10/2005 13:00:00,0,Honda CBR 1000RR Fireblade [2005],World Superbikes,
358,Rider,Karl Muggeridge,35.00120949986507,0.6261778498726213,08/10/2005 13:00:00,0,Honda CBR 1000RR Fireblade [2005],World Superbikes,
358,Rider,Karl Muggeridge,34.99175973130049,0.6241008079505626,22/02/2006 13:00:00,0,Honda CBR 1000RR Fireblade [2006],World Superbikes,
358,Rider,Karl Muggeridge,34.98261645612324,0.6220869643208338,23/02/2006 13:00:00,0,Honda CBR 1000RR Fireblade [2006],World Superbikes,
358,Rider,Karl Muggeridge,34.9711573219179,0.6201211767803559,24/02/2006 13:00:00,0,Honda CBR 1000RR Fireblade [2006],World Superbikes,
358,Rider,Karl Muggeridge,34.95939390199189,0.6182104348433871,02/03/2006 13:00:00,0,Honda CBR 1000RR Fireblade [2006],World Superbikes,
358,Rider,Karl Muggeridge,34.94783775210863,0.6163601217925625,03/03/2006 13:00:00,0,Honda CBR 1000RR Fireblade [2006],World Superbikes,
358,Rider,Karl Muggeridge,34.93571015712982,0.614568012400714,03/03/2006 13:00:00,1,Honda CBR 1000RR Fireblade [2006],World Superbikes,
358,Rider,Karl Muggeridge,34.92274335054133,0.6128291447495976,04/05/2006 13:00:00,0,Honda CBR 1000RR Fireblade [2006],World Superbikes,
358,Rider,Karl Muggeridge,34.91169266216616,0.6111473086104294,05/05/2006 13:00:00,0,Honda CBR 1000RR Fireblade [2006],World Superbikes,
358,Rider,Karl Muggeridge,34.90006594257849,0.609520647429141,06/05/2006 13:00:00,0,Honda CBR 1000RR Fireblade [2006],World Superbikes,
358,Rider,Karl Muggeridge,34.887954896938766,0.6079447451584927,26/05/2006 13:00:00,0,Honda CBR 1000RR Fireblade [2006],World Superbikes,
358,Rider,Karl Muggeridge,34.875102180195775,0.6064230947490616,27/05/2006 13:00:00,0,Honda CBR 1000RR Fireblade [2006],World Superbikes,
358,Rider,Karl Muggeridge,34.8618099419135,0.6049528721438576,22/06/2006 13:00:00,0,Honda CBR 1000RR Fireblade [2006],World Superbikes,
358,Rider,Karl Muggeridge,34.848980948568475,0.6035370738869497,23/06/2006 13:00:00,0,Honda CBR 1000RR Fireblade [2006],World Superbikes,
358,Rider,Karl Muggeridge,34.83752266423231,0.602174180666411,20/07/2006 13:00:00,0,Honda CBR 1000RR Fireblade [2006],World Superbikes,
358,Rider,Karl Muggeridge,34.82476970061392,0.6008621297726604,21/07/2006 13:00:00,0,Honda CBR 1000RR Fireblade [2006],World Superbikes,
358,Rider,Karl Muggeridge,34.81129314276454,0.599601493561332,22/07/2006 13:00:00,0,Honda CBR 1000RR Fireblade [2006],World Superbikes,
358,Rider,Karl Muggeridge,34.79743359218786,0.5983874129303027,04/08/2006 13:00:00,0,Honda CBR 1000RR Fireblade [2006],World Superbikes,
358,Rider,Karl Muggeridge,34.782212465080526,0.5972202681964905,04/08/2006 13:00:00,1,Honda CBR 1000RR Fireblade [2006],World Superbikes,
358,Rider,Karl Muggeridge,34.76708815351216,0.5961029283564793,05/08/2006 13:00:00,0,Honda CBR 1000RR Fireblade [2006],World Superbikes,
358,Rider,Karl Muggeridge,34.75010110891519,0.5950258017224435,31/08/2006 13:00:00,0,Honda CBR 1000RR Fireblade [2006],World Superbikes,
358,Rider,Karl Muggeridge,34.73264210249395,0.5939978040684517,01/09/2006 13:00:00,0,Honda CBR 1000RR Fireblade [2006],World Superbikes,
358,Rider,Karl Muggeridge,34.714762842406394,0.5930184006974785,02/09/2006 13:00:00,0,Honda CBR 1000RR Fireblade [2006],World Superbikes,
358,Rider,Karl Muggeridge,34.695966939021126,0.5920819142330347,07/09/2006 13:00:00,0,Honda CBR 1000RR Fireblade [2006],World Superbikes,
358,Rider,Karl Muggeridge,34.67580609746772,0.5911893707314688,08/09/2006 13:00:00,0,Honda CBR 1000RR Fireblade [2006],World Superbikes,
358,Rider,Karl Muggeridge,34.65449043615648,0.5903419205464479,09/09/2006 13:00:00,0,Honda CBR 1000RR Fireblade [2006],World Superbikes,
358,Rider,Karl Muggeridge,34.63288109268394,0.5895377134663567,28/09/2006 13:00:00,0,Honda CBR 1000RR Fireblade [2006],World Superbikes,
358,Rider,Karl Muggeridge,34.61123472344377,0.5887803972949991,29/09/2006 13:00:00,0,Honda CBR 1000RR Fireblade [2006],World Superbikes,
358,Rider,Karl Muggeridge,34.59007887008838,0.5880696835522096,30/09/2006 13:00:00,0,Honda CBR 1000RR Fireblade [2006],World Superbikes,
358,Rider,Karl Muggeridge,34.56994155644235,0.5873965083394982,05/10/2006 13:00:00,0,Honda CBR 1000RR Fireblade [2006],World Superbikes,
358,Rider,Karl Muggeridge,34.54921911092442,0.5867677237509876,07/10/2006 13:00:00,0,Honda CBR 1000RR Fireblade [2006],World Superbikes,
358,Rider,Karl Muggeridge,34.52698562199336,0.5861776816759208,22/02/2007 13:00:00,0,Honda CBR 1000RR Fireblade [2007],World Superbikes,
358,Rider,Karl Muggeridge,34.50579221817484,0.5856271328069981,23/02/2007 13:00:00,0,Honda CBR 1000RR Fireblade [2007],World Superbikes,
358,Rider,Karl Muggeridge,34.485961840971086,0.5851096308514677,01/03/2007 13:00:00,0,Honda CBR 1000RR Fireblade [2007],World Superbikes,
358,Rider,Karl Muggeridge,34.46690161396736,0.584632475011618,02/03/2007 13:00:00,0,Honda CBR 1000RR Fireblade [2007],World Superbikes,
358,Rider,Karl Muggeridge,34.449773506079026,0.5841902699591797,30/03/2007 13:00:00,0,Honda CBR 1000RR Fireblade [2007],World Superbikes,
358,Rider,Karl Muggeridge,34.43173522425977,0.5837878811091074,30/03/2007 13:00:00,1,Honda CBR 1000RR Fireblade [2007],World Superbikes,
358,Rider,Karl Muggeridge,34.41404981392672,0.5834256657954804,31/03/2007 13:00:00,0,Honda CBR 1000RR Fireblade [2007],World Superbikes,
358,Rider,Karl Muggeridge,34.3962794817888,0.5831019232073474,12/04/2007 13:00:00,0,Honda CBR 1000RR Fireblade [2007],World Superbikes,
358,Rider,Karl Muggeridge,34.378584959104046,0.5828190521549498,13/04/2007 13:00:00,0,Honda CBR 1000RR Fireblade [2007],World Superbikes,
358,Rider,Karl Muggeridge,34.36055406163228,0.5825768203532443,14/04/2007 13:00:00,0,Honda CBR 1000RR Fireblade [2007],World Superbikes,
358,Rider,Karl Muggeridge,34.3426315811876,0.5823735727388887,26/04/2007 13:00:00,0,Honda CBR 1000RR Fireblade [2007],World Superbikes,
358,Rider,Karl Muggeridge,34.32388674933194,0.5822077245990197,27/04/2007 13:00:00,0,Honda CBR 1000RR Fireblade [2007],World Superbikes,
358,Rider,Karl Muggeridge,34.30525857232768,0.5820824533656034,28/04/2007 13:00:00,0,Honda CBR 1000RR Fireblade [2007],World Superbikes,
358,Rider,Karl Muggeridge,34.28658877613535,0.5819958154428494,10/05/2007 13:00:00,0,Honda CBR 1000RR Fireblade [2007],World Superbikes,
358,Rider,Karl Muggeridge,34.26627631759609,0.5819457259246916,11/05/2007 13:00:00,0,Honda CBR 1000RR Fireblade [2007],World Superbikes,
358,Rider,Karl Muggeridge,34.24623099819106,0.5819365126934042,12/05/2007 13:00:00,0,Honda CBR 1000RR Fireblade [2007],World Superbikes,
358,Rider,Karl Muggeridge,34.22528030575656,0.5819643524258697,25/05/2007 13:00:00,0,Honda CBR 1000RR Fireblade [2007],World Superbikes,
358,Rider,Karl Muggeridge,34.20413649668676,0.5820311816007843,25/05/2007 13:00:00,1,Honda CBR 1000RR Fireblade [2007],World Superbikes,
358,Rider,Karl Muggeridge,34.18375306605707,0.5821357816987339,26/05/2007 13:00:00,0,Honda CBR 1000RR Fireblade [2007],World Superbikes,
358,Rider,Karl Muggeridge,34.163322639525745,0.5822783226888241,19/07/2007 13:00:00,0,Honda CBR 1000RR Fireblade [2007],World Superbikes,
358,Rider,Karl Muggeridge,34.14464922859765,0.5824564593986332,20/07/2007 13:00:00,0,Honda CBR 1000RR Fireblade [2007],World Superbikes,
358,Rider,Karl Muggeridge,34.12719709249578,0.582672355196687,21/07/2007 13:00:00,0,Honda CBR 1000RR Fireblade [2007],World Superbikes,
358,Rider,Karl Muggeridge,34.110199358795896,0.5829263666514394,03/08/2007 13:00:00,0,Honda CBR 1000RR Fireblade [2007],World Superbikes,
358,Rider,Karl Muggeridge,34.093638962362576,0.5832203119094578,03/08/2007 13:00:00,1,Honda CBR 1000RR Fireblade [2007],World Superbikes,
358,Rider,Karl Muggeridge,34.07839900660571,0.5835503283698374,04/08/2007 13:00:00,0,Honda CBR 1000RR Fireblade [2007],World Superbikes,
358,Rider,Karl Muggeridge,34.06407381826587,0.5839161600066729,06/09/2007 13:00:00,0,Honda CBR 1000RR Fireblade [2007],World Superbikes,
358,Rider,Karl Muggeridge,34.04937872191166,0.5843212105216319,08/09/2007 13:00:00,0,Honda CBR 1000RR Fireblade [2007],World Superbikes,
358,Rider,Karl Muggeridge,34.03648005859654,0.5847508859545917,27/09/2007 13:00:00,0,Honda CBR 1000RR Fireblade [2007],World Superbikes,
358,Rider,Karl Muggeridge,34.02491304369463,0.5852217442015608,28/09/2007 13:00:00,0,Honda CBR 1000RR Fireblade [2007],World Superbikes,
358,Rider,Karl Muggeridge,34.01527856029191,0.5857329771903841,04/10/2007 13:00:00,0,Honda CBR 1000RR Fireblade [2007],World Superbikes,
358,Rider,Karl Muggeridge,34.00548411635444,0.5862846958854206,05/10/2007 13:00:00,0,Honda CBR 1000RR Fireblade [2007],World Superbikes,
358,Rider,Karl Muggeridge,33.99660189854415,0.5868752643818759,06/10/2007 13:00:00,0,Honda CBR 1000RR Fireblade [2007],World Superbikes,
358,Rider,Karl Muggeridge,33.99032765812267,0.5874857506801949,20/02/2008 13:00:00,0,Honda CBR1000RR [2008],World Superbikes,
358,Rider,Karl Muggeridge,33.98351068774241,0.5881417349667872,21/02/2008 13:00:00,0,Honda CBR1000RR [2008],World Superbikes,
358,Rider,Karl Muggeridge,33.97732131412793,0.5888430537417069,28/02/2008 13:00:00,0,Honda CBR1000RR [2008],World Superbikes,
358,Rider,Karl Muggeridge,33.9707534662787,0.5895901041600868,29/02/2008 13:00:00,0,Honda CBR1000RR [2008],World Superbikes,
358,Rider,Karl Muggeridge,33.96404007447599,0.5903831398786126,29/02/2008 13:00:00,1,Honda CBR1000RR [2008],World Superbikes,
358,Rider,Karl Muggeridge,33.95782750657385,0.5912147130626528,03/04/2008 13:00:00,0,Honda CBR1000RR [2008],World Superbikes,
358,Rider,Karl Muggeridge,33.95121096786808,0.5920943118859623,04/04/2008 13:00:00,0,Honda CBR1000RR [2008],World Superbikes,
358,Rider,Karl Muggeridge,33.945094686487934,0.5930213834948427,24/04/2008 13:00:00,0,Honda CBR1000RR [2008],World Superbikes,
358,Rider,Karl Muggeridge,33.938362451184,0.5939974602865522,25/04/2008 13:00:00,0,Honda CBR1000RR [2008],World Superbikes,
358,Rider,Karl Muggeridge,33.93238815380295,0.5950219835352589,08/05/2008 13:00:00,0,Honda CBR1000RR [2008],World Superbikes,
358,Rider,Karl Muggeridge,33.92488033143121,0.5960949325859118,09/05/2008 13:00:00,0,Honda CBR1000RR [2008],World Superbikes,
358,Rider,Karl Muggeridge,33.91651159669074,0.5972171469699153,10/05/2008 13:00:00,0,Honda CBR1000RR [2008],World Superbikes,
358,Rider,Karl Muggeridge,33.90746359269102,0.5983864914311635,30/05/2008 13:00:00,0,Honda CBR1000RR [2008],World Superbikes,
358,Rider,Karl Muggeridge,33.898158590550985,0.5996075165079892,30/05/2008 13:00:00,1,Honda CBR1000RR [2008],World Superbikes,
358,Rider,Karl Muggeridge,33.887917216153014,0.60087975869007,31/05/2008 13:00:00,0,Honda CBR1000RR [2008],World Superbikes,
358,Rider,Karl Muggeridge,33.8776928488452,0.6021958033421596,12/06/2008 13:00:00,0,Honda CBR1000RR [2008],World Superbikes,
358,Rider,Karl Muggeridge,33.86805484892363,0.6035632318649617,13/06/2008 13:00:00,0,Honda CBR1000RR [2008],World Superbikes,
358,Rider,Karl Muggeridge,33.8581251610902,0.6049837427490669,14/06/2008 13:00:00,0,Honda CBR1000RR [2008],World Superbikes,
358,Rider,Karl Muggeridge,33.847268798892664,0.60645451320144,26/06/2008 13:00:00,0,Honda CBR1000RR [2008],World Superbikes,
358,Rider,Karl Muggeridge,33.8355310103244,0.6079799658375155,27/06/2008 13:00:00,0,Honda CBR1000RR [2008],World Superbikes,
358,Rider,Karl Muggeridge,33.823871512711676,0.6095604954932452,28/06/2008 13:00:00,0,Honda CBR1000RR [2008],World Superbikes,
358,Rider,Karl Muggeridge,33.81319386002695,0.6111796065227928,17/07/2008 13:00:00,0,Honda CBR1000RR [2008],World Superbikes,
358,Rider,Karl Muggeridge,33.803710041515444,0.6128528029912463,18/07/2008 13:00:00,0,Honda CBR1000RR [2008],World Superbikes,
358,Rider,Karl Muggeridge,33.79373961745284,0.6145829870117727,19/07/2008 13:00:00,0,Honda CBR1000RR [2008],World Superbikes,
358,Rider,Karl Muggeridge,33.78470751620333,0.6163521756836338,01/08/2008 13:00:00,0,Honda CBR1000RR [2008],World Superbikes,
358,Rider,Karl Muggeridge,33.77414751443341,0.6181804272430917,01/08/2008 13:00:00,1,Honda CBR1000RR [2008],World Superbikes,
358,Rider,Karl Muggeridge,33.76341584823038,0.6200688470181835,02/08/2008 13:00:00,0,Honda CBR1000RR [2008],World Superbikes,
358,Rider,Karl Muggeridge,33.754145631158146,0.621980344980534,05/09/2008 13:00:00,0,Honda CBR1000RR [2008],World Superbikes,
358,Rider,Karl Muggeridge,33.744602228460025,0.6239548738505691,05/09/2008 13:00:00,1,Honda CBR1000RR [2008],World Superbikes,
358,Rider,Karl Muggeridge,33.73496095199062,0.6259926633108012,19/09/2008 13:00:00,0,Honda CBR1000RR [2008],World Superbikes,
358,Rider,Karl Muggeridge,33.72450652958907,0.6280928881089756,20/09/2008 13:00:00,0,Honda CBR1000RR [2008],World Superbikes,
358,Rider,Karl Muggeridge,33.71581663090152,0.6302245438294527,02/10/2008 13:00:00,0,Honda CBR1000RR [2008],World Superbikes,
358,Rider,Karl Muggeridge,33.707643607759394,0.6324210339295279,03/10/2008 13:00:00,0,Honda CBR1000RR [2008],World Superbikes,
358,Rider,Karl Muggeridge,33.69936432036322,0.6346815076908269,31/10/2008 13:00:00,0,Honda CBR1000RR [2008],World Superbikes,
358,Rider,Karl Muggeridge,33.691466683095825,0.637007280384166,31/10/2008 13:00:00,1,Honda CBR1000RR [2008],World Superbikes,
358,Rider,Karl Muggeridge,33.68414234518011,0.63939955983126,26/02/2009 13:00:00,0,Suzuki GSX-R 1000 K9 [2009],World Superbikes,
358,Rider,Karl Muggeridge,33.678195089714606,0.6418570122631468,27/02/2009 13:00:00,0,Suzuki GSX-R 1000 K9 [2009],World Superbikes,
358,Rider,Karl Muggeridge,33.673806404506806,0.6443784154538538,11/03/2009 13:00:00,0,Suzuki GSX-R 1000 K9 [2009],World Superbikes,
358,Rider,Karl Muggeridge,33.67020056554449,0.6469697732556952,12/03/2009 13:00:00,0,Suzuki GSX-R 1000 K9 [2009],World Superbikes,
358,Rider,Karl Muggeridge,33.66723225295518,0.6496327313816526,03/04/2009 13:00:00,0,Suzuki GSX-R 1000 K9 [2009],World Superbikes,
358,Rider,Karl Muggeridge,33.665065356783735,0.6523682675212821,03/04/2009 13:00:00,1,Suzuki GSX-R 1000 K9 [2009],World Superbikes,
358,Rider,Karl Muggeridge,33.66380622524509,0.6551764460572577,24/04/2009 13:00:00,0,Suzuki GSX-R 1000 K9 [2009],World Superbikes,
358,Rider,Karl Muggeridge,33.66206085739411,0.6580598679031083,24/04/2009 13:00:00,1,Suzuki GSX-R 1000 K9 [2009],World Superbikes,
358,Rider,Karl Muggeridge,33.66066107267079,0.6610187386124405,25/04/2009 13:00:00,0,Suzuki GSX-R 1000 K9 [2009],World Superbikes,
358,Rider,Karl Muggeridge,33.65944594626138,0.6640483224790019,25/04/2009 13:00:00,1,Suzuki GSX-R 1000 K9 [2009],World Superbikes,
358,Rider,Karl Muggeridge,33.65811364304589,0.6671494140673973,08/05/2009 13:00:00,0,Suzuki GSX-R 1000 K9 [2009],World Superbikes,
358,Rider,Karl Muggeridge,33.65686955608091,0.6703301526529574,08/05/2009 13:00:00,1,Suzuki GSX-R 1000 K9 [2009],World Superbikes,
358,Rider,Karl Muggeridge,33.654948217661314,0.6735921254500675,09/05/2009 13:00:00,0,Suzuki GSX-R 1000 K9 [2009],World Superbikes,
358,Rider,Karl Muggeridge,33.65409517614909,0.6769246764340282,15/05/2009 13:00:00,0,Suzuki GSX-R 1000 K9 [2009],World Superbikes,
358,Rider,Karl Muggeridge,33.65452378887958,0.6803344083076781,15/05/2009 13:00:00,1,Suzuki GSX-R 1000 K9 [2009],World Superbikes,
358,Rider,Karl Muggeridge,33.65677123324995,0.6838158051949668,29/05/2009 13:00:00,0, [2009],World Superbikes,
358,Rider,Karl Muggeridge,33.65737352516886,0.6873687828547865,29/05/2009 13:00:00,1, [2009],World Superbikes,
358,Rider,Karl Muggeridge,33.656073837035635,0.6909945405020855,30/05/2009 13:00:00,0, [2009],World Superbikes,
358,Rider,Karl Muggeridge,33.65610743488791,0.6946591168002157,04/09/2009 13:00:00,0,Suzuki GSX-R 1000 K9 [2009],World Superbikes,
358,Rider,Karl Muggeridge,33.65597438767164,0.6984132364979567,04/09/2009 13:00:00,1,Suzuki GSX-R 1000 K9 [2009],World Superbikes,
358,Rider,Karl Muggeridge,33.65448311842834,0.702256669083435,05/09/2009 13:00:00,0,Suzuki GSX-R 1000 K9 [2009],World Superbikes,
358,Rider,Karl Muggeridge,33.65376016881872,0.7061828158261142,25/09/2009 13:00:00,0,Suzuki GSX-R 1000 K9 [2009],World Superbikes,
358,Rider,Karl Muggeridge,33.6532596496224,0.7102009336862202,26/09/2009 13:00:00,0,Suzuki GSX-R 1000 K9 [2009],World Superbikes,
358,Rider,Karl Muggeridge,33.65470769559574,0.7142799178283707,02/10/2009 13:00:00,0,Suzuki GSX-R 1000 K9 [2009],World Superbikes,
358,Rider,Karl Muggeridge,33.65560534771199,0.7184531377799186,02/10/2009 13:00:00,1,Suzuki GSX-R 1000 K9 [2009],World Superbikes,
358,Rider,Karl Muggeridge,33.65567299883359,0.7227218367042508,03/10/2009 13:00:00,0,Suzuki GSX-R 1000 K9 [2009],World Superbikes,
358,Rider,Karl Muggeridge,33.65481445795368,0.7270861138917154,03/10/2009 13:00:00,1,Suzuki GSX-R 1000 K9 [2009],World Superbikes,
358,Rider,Karl Muggeridge,33.65340111428263,0.731544481303183,14/10/2011 13:00:00,0,Honda CBR1000RR [2011],World Superbikes,
358,Rider,Karl Muggeridge,33.65252566774447,0.7360834887799811,14/10/2011 13:00:00,1,Honda CBR1000RR [2011],World Superbikes,
359,Rider,Fonsi Nieto,33.44949463524046,0.7324265084945478,23/02/2005 13:00:00,0,Ducati 999 RS [2005],World Superbikes,
359,Rider,Fonsi Nieto,33.45095565511764,0.7278722506848507,24/02/2005 13:00:00,0,Ducati 999 RS [2005],World Superbikes,
359,Rider,Fonsi Nieto,33.452038681175715,0.7234159612145883,31/03/2005 13:00:00,0,Ducati 999 RS [2005],World Superbikes,
359,Rider,Fonsi Nieto,33.45659745774698,0.7190282256986533,01/04/2005 13:00:00,0,Ducati 999 RS [2005],World Superbikes,
359,Rider,Fonsi Nieto,33.46200929147784,0.7147344719182679,21/04/2005 13:00:00,0,Ducati 999 RS [2005],World Superbikes,
359,Rider,Fonsi Nieto,33.467670988784946,0.7105359562844396,22/04/2005 13:00:00,0,Ducati 999 RS [2005],World Superbikes,
359,Rider,Fonsi Nieto,33.474427900326006,0.7064302804265,05/05/2005 13:00:00,0,Ducati 999 RS [2005],World Superbikes,
359,Rider,Fonsi Nieto,33.48150720174357,0.7024158021105619,06/05/2005 13:00:00,0,Ducati 999 RS [2005],World Superbikes,
359,Rider,Fonsi Nieto,33.49103591415797,0.6984841899974354,27/05/2005 13:00:00,0,Ducati 999 RS [2005],World Superbikes,
359,Rider,Fonsi Nieto,33.50137086870667,0.6946409365384565,27/05/2005 13:00:00,1,Ducati 999 RS [2005],World Superbikes,
359,Rider,Fonsi Nieto,33.51244287881223,0.6908835649210888,23/06/2005 13:00:00,0,Ducati 999 RS [2005],World Superbikes,
359,Rider,Fonsi Nieto,33.523226748306385,0.6872131157014264,24/06/2005 13:00:00,0,Ducati 999 RS [2005],World Superbikes,
359,Rider,Fonsi Nieto,33.53461790377267,0.6836281985195708,14/07/2005 13:00:00,0,Ducati 999 RS [2005],World Superbikes,
359,Rider,Fonsi Nieto,33.546928649940305,0.6801261035223077,15/07/2005 13:00:00,0,Ducati 999 RS [2005],World Superbikes,
359,Rider,Fonsi Nieto,33.559275797279966,0.6767074097783358,05/08/2005 13:00:00,0,Ducati 999 RS [2005],World Superbikes,
359,Rider,Fonsi Nieto,33.57309831156033,0.6733675447647943,05/08/2005 13:00:00,1,Ducati 999 RS [2005],World Superbikes,
359,Rider,Fonsi Nieto,33.58865378954433,0.6701032479183607,29/09/2005 13:00:00,0,Kawasaki ZX-10 [2005],World Superbikes,
359,Rider,Fonsi Nieto,33.607724294605816,0.6669071074714072,30/09/2005 13:00:00,0,Kawasaki ZX-10 [2005],World Superbikes,
359,Rider,Fonsi Nieto,33.627674979351575,0.6637888354163851,06/10/2005 13:00:00,0,Kawasaki ZX-10 [2005],World Superbikes,
359,Rider,Fonsi Nieto,33.6479798777177,0.6607474526083543,07/10/2005 13:00:00,0,Kawasaki ZX-10 [2005],World Superbikes,
359,Rider,Fonsi Nieto,33.669605832427266,0.6577800430926168,22/02/2006 13:00:00,0,Kawasaki ZX-10R [2006],World Superbikes,
359,Rider,Fonsi Nieto,33.69050494724309,0.6548886170391709,23/02/2006 13:00:00,0,Kawasaki ZX-10R [2006],World Superbikes,
359,Rider,Fonsi Nieto,33.71074643895254,0.6520712647508702,24/02/2006 13:00:00,0,Kawasaki ZX-10R [2006],World Superbikes,
359,Rider,Fonsi Nieto,33.731521153689975,0.6493183921879927,02/03/2006 13:00:00,0,Kawasaki ZX-10R [2006],World Superbikes,
359,Rider,Fonsi Nieto,33.751538599096676,0.6466378290583347,03/03/2006 13:00:00,0,Kawasaki ZX-10R [2006],World Superbikes,
359,Rider,Fonsi Nieto,33.7708024924422,0.6440287200980691,03/03/2006 13:00:00,1,Kawasaki ZX-10R [2006],World Superbikes,
359,Rider,Fonsi Nieto,33.790510954496334,0.6414808602725494,20/04/2006 13:00:00,0,Kawasaki ZX-10R [2006],World Superbikes,
359,Rider,Fonsi Nieto,33.80933177634563,0.639002237032541,21/04/2006 13:00:00,0,Kawasaki ZX-10R [2006],World Superbikes,
359,Rider,Fonsi Nieto,33.82658832558403,0.6365876927213473,22/04/2006 13:00:00,0,Kawasaki ZX-10R [2006],World Superbikes,
359,Rider,Fonsi Nieto,33.84239849325783,0.6342348023904724,04/05/2006 13:00:00,0,Kawasaki ZX-10R [2006],World Superbikes,
359,Rider,Fonsi Nieto,33.859309269516565,0.6319484612848465,05/05/2006 13:00:00,0,Kawasaki ZX-10R [2006],World Superbikes,
359,Rider,Fonsi Nieto,33.875724647131165,0.6297273023479136,06/05/2006 13:00:00,0,Kawasaki ZX-10R [2006],World Superbikes,
359,Rider,Fonsi Nieto,33.893221237216196,0.6275556854716512,26/05/2006 13:00:00,0,Kawasaki ZX-10R [2006],World Superbikes,
359,Rider,Fonsi Nieto,33.90826892393495,0.6254392193868306,26/05/2006 13:00:00,1,Kawasaki ZX-10R [2006],World Superbikes,
359,Rider,Fonsi Nieto,33.922106657361674,0.6233770562635232,27/05/2006 13:00:00,0,Kawasaki ZX-10R [2006],World Superbikes,
359,Rider,Fonsi Nieto,33.93617414342449,0.6213703277087002,22/06/2006 13:00:00,0,Kawasaki ZX-10R [2006],World Superbikes,
359,Rider,Fonsi Nieto,33.949403638406345,0.6194249030345225,23/06/2006 13:00:00,0,Kawasaki ZX-10R [2006],World Superbikes,
359,Rider,Fonsi Nieto,33.961812864591685,0.6175394798162891,24/06/2006 13:00:00,0,Kawasaki ZX-10R [2006],World Superbikes,
359,Rider,Fonsi Nieto,33.97555870536851,0.6156939924787866,20/07/2006 13:00:00,0,Kawasaki ZX-10R [2006],World Superbikes,
359,Rider,Fonsi Nieto,33.98680169221847,0.6138986414518569,21/07/2006 13:00:00,0,Kawasaki ZX-10R [2006],World Superbikes,
359,Rider,Fonsi Nieto,33.99573080584252,0.6121543820110823,22/07/2006 13:00:00,0,Kawasaki ZX-10R [2006],World Superbikes,
359,Rider,Fonsi Nieto,34.00435205680057,0.6104624055414736,04/08/2006 13:00:00,0,Kawasaki ZX-10R [2006],World Superbikes,
359,Rider,Fonsi Nieto,34.01286011936977,0.6088262455720796,04/08/2006 13:00:00,1,Kawasaki ZX-10R [2006],World Superbikes,
359,Rider,Fonsi Nieto,34.02118395867555,0.607245135213485,05/08/2006 13:00:00,0,Kawasaki ZX-10R [2006],World Superbikes,
359,Rider,Fonsi Nieto,34.029522522863445,0.6057128531142436,31/08/2006 13:00:00,0,Kawasaki ZX-10R [2006],World Superbikes,
359,Rider,Fonsi Nieto,34.03768884598455,0.6042345655744639,01/09/2006 13:00:00,0,Kawasaki ZX-10R [2006],World Superbikes,
359,Rider,Fonsi Nieto,34.04430306891643,0.6028080049999444,02/09/2006 13:00:00,0,Kawasaki ZX-10R [2006],World Superbikes,
359,Rider,Fonsi Nieto,34.05033745563715,0.601429786528147,07/09/2006 13:00:00,0,Kawasaki ZX-10R [2006],World Superbikes,
359,Rider,Fonsi Nieto,34.056020337121225,0.6001033175643906,08/09/2006 13:00:00,0,Kawasaki ZX-10R [2006],World Superbikes,
359,Rider,Fonsi Nieto,34.06144017982961,0.5988281109110883,09/09/2006 13:00:00,0,Kawasaki ZX-10R [2006],World Superbikes,
359,Rider,Fonsi Nieto,34.0666251463837,0.5975997218947358,28/09/2006 13:00:00,0,Kawasaki ZX-10R [2006],World Superbikes,
359,Rider,Fonsi Nieto,34.071712481815474,0.5964221421521738,29/09/2006 13:00:00,0,Kawasaki ZX-10R [2006],World Superbikes,
359,Rider,Fonsi Nieto,34.077434237812824,0.5952946960574669,05/10/2006 13:00:00,0,Kawasaki ZX-10R [2006],World Superbikes,
359,Rider,Fonsi Nieto,34.08177221437405,0.5942147129081057,07/10/2006 13:00:00,0,Kawasaki ZX-10R [2006],World Superbikes,
359,Rider,Fonsi Nieto,34.08576460975067,0.5931786439831878,21/02/2007 13:00:00,0,Kawasaki ZX-10R [2007],World Superbikes,
359,Rider,Fonsi Nieto,34.089401112402264,0.5921862878213057,22/02/2007 13:00:00,0,Kawasaki ZX-10R [2007],World Superbikes,
359,Rider,Fonsi Nieto,34.09233953968509,0.591238493798079,23/02/2007 13:00:00,0,Kawasaki ZX-10R [2007],World Superbikes,
359,Rider,Fonsi Nieto,34.09469859730805,0.590333527325134,01/03/2007 13:00:00,0,Kawasaki ZX-10R [2007],World Superbikes,
359,Rider,Fonsi Nieto,34.09472401953109,0.5894668851297322,02/03/2007 13:00:00,0,Kawasaki ZX-10R [2007],World Superbikes,
359,Rider,Fonsi Nieto,34.09523764159223,0.5886417649750819,02/03/2007 13:00:00,1,Kawasaki ZX-10R [2007],World Superbikes,
359,Rider,Fonsi Nieto,34.09456862388935,0.5878561063899714,30/03/2007 13:00:00,0,Kawasaki ZX-10R [2007],World Superbikes,
359,Rider,Fonsi Nieto,34.09408003920852,0.5871134928665986,30/03/2007 13:00:00,1,Kawasaki ZX-10R [2007],World Superbikes,
359,Rider,Fonsi Nieto,34.09243615268779,0.5864122500924016,31/03/2007 13:00:00,0,Kawasaki ZX-10R [2007],World Superbikes,
359,Rider,Fonsi Nieto,34.090453744823286,0.5857506563374435,12/04/2007 13:00:00,0,Kawasaki ZX-10R [2007],World Superbikes,
359,Rider,Fonsi Nieto,34.08780798537976,0.5851309601653658,13/04/2007 13:00:00,0,Kawasaki ZX-10R [2007],World Superbikes,
359,Rider,Fonsi Nieto,34.085787720978374,0.584551964480178,14/04/2007 13:00:00,0,Kawasaki ZX-10R [2007],World Superbikes,
359,Rider,Fonsi Nieto,34.08457625226282,0.5840071215528069,26/04/2007 13:00:00,0,Kawasaki ZX-10R [2007],World Superbikes,
359,Rider,Fonsi Nieto,34.08238927134532,0.5835019185733361,27/04/2007 13:00:00,0,Kawasaki ZX-10R [2007],World Superbikes,
359,Rider,Fonsi Nieto,34.07897822044239,0.5830362116994636,28/04/2007 13:00:00,0,Kawasaki ZX-10R [2007],World Superbikes,
359,Rider,Fonsi Nieto,34.07531023708593,0.5826096806679111,10/05/2007 13:00:00,0,Kawasaki ZX-10R [2007],World Superbikes,
359,Rider,Fonsi Nieto,34.07095807129628,0.5822254781835138,11/05/2007 13:00:00,0,Kawasaki ZX-10R [2007],World Superbikes,
359,Rider,Fonsi Nieto,34.06595832282124,0.5818824711654031,12/05/2007 13:00:00,0,Kawasaki ZX-10R [2007],World Superbikes,
359,Rider,Fonsi Nieto,34.06140756740535,0.5815759599063101,25/05/2007 13:00:00,0,Kawasaki ZX-10R [2007],World Superbikes,
359,Rider,Fonsi Nieto,34.05763686609345,0.581305427074811,25/05/2007 13:00:00,1,Kawasaki ZX-10R [2007],World Superbikes,
359,Rider,Fonsi Nieto,34.05235640361894,0.5810735776244538,26/05/2007 13:00:00,0,Kawasaki ZX-10R [2007],World Superbikes,
359,Rider,Fonsi Nieto,34.04714295562953,0.5808791799561571,14/06/2007 13:00:00,0,Kawasaki ZX-10R [2007],World Superbikes,
359,Rider,Fonsi Nieto,34.040568496170366,0.5807225080744641,15/06/2007 13:00:00,0,Kawasaki ZX-10R [2007],World Superbikes,
359,Rider,Fonsi Nieto,34.03481567746559,0.58060254027676,16/06/2007 13:00:00,0,Kawasaki ZX-10R [2007],World Superbikes,
359,Rider,Fonsi Nieto,34.030760991133555,0.580508224352741,19/07/2007 13:00:00,0,Kawasaki ZX-10R [2007],World Superbikes,
359,Rider,Fonsi Nieto,34.02563971178323,0.5804519055217615,20/07/2007 13:00:00,0,Kawasaki ZX-10R [2007],World Superbikes,
359,Rider,Fonsi Nieto,34.02022106152915,0.5804341297264961,21/07/2007 13:00:00,0,Kawasaki ZX-10R [2007],World Superbikes,
359,Rider,Fonsi Nieto,34.01511247967566,0.5804526422308127,03/08/2007 13:00:00,0,Kawasaki ZX-10R [2007],World Superbikes,
359,Rider,Fonsi Nieto,34.008848154433835,0.5805093109651001,03/08/2007 13:00:00,1,Kawasaki ZX-10R [2007],World Superbikes,
359,Rider,Fonsi Nieto,34.00312628245949,0.5806025398706337,04/08/2007 13:00:00,0,Kawasaki ZX-10R [2007],World Superbikes,
359,Rider,Fonsi Nieto,33.99878786431508,0.5807197506152857,06/09/2007 13:00:00,0,Kawasaki ZX-10R [2007],World Superbikes,
359,Rider,Fonsi Nieto,33.994169516301255,0.580874853052075,08/09/2007 13:00:00,0,Kawasaki ZX-10R [2007],World Superbikes,
359,Rider,Fonsi Nieto,33.98648689396473,0.5810538078531959,27/09/2007 13:00:00,0,Kawasaki ZX-10R [2007],World Superbikes,
359,Rider,Fonsi Nieto,33.97896738681604,0.5812728028535362,28/09/2007 13:00:00,0,Kawasaki ZX-10R [2007],World Superbikes,
359,Rider,Fonsi Nieto,33.97169432154825,0.5815305518006864,29/09/2007 13:00:00,0,Kawasaki ZX-10R [2007],World Superbikes,
359,Rider,Fonsi Nieto,33.966866831905456,0.5818045144218931,04/10/2007 13:00:00,0,Kawasaki ZX-10R [2007],World Superbikes,
359,Rider,Fonsi Nieto,33.9600446384644,0.58211420507493,05/10/2007 13:00:00,0,Kawasaki ZX-10R [2007],World Superbikes,
359,Rider,Fonsi Nieto,33.953101617175165,0.582462453458182,06/10/2007 13:00:00,0,Kawasaki ZX-10R [2007],World Superbikes,
359,Rider,Fonsi Nieto,33.94557276738271,0.5828476406677765,20/02/2008 13:00:00,0,Suzuki GSX-R1000 K8 [2008],World Superbikes,
359,Rider,Fonsi Nieto,33.936305809707406,0.5832672309534374,21/02/2008 13:00:00,0,Suzuki GSX-R1000 K8 [2008],World Superbikes,
359,Rider,Fonsi Nieto,33.92675081496715,0.5837292635029184,22/02/2008 13:00:00,0,Suzuki GSX-R1000 K8 [2008],World Superbikes,
359,Rider,Fonsi Nieto,33.917660330128975,0.5842290340284783,28/02/2008 13:00:00,0,Suzuki GSX-R1000 K8 [2008],World Superbikes,
359,Rider,Fonsi Nieto,33.908442173673436,0.5847715376873796,29/02/2008 13:00:00,0,Suzuki GSX-R1000 K8 [2008],World Superbikes,
359,Rider,Fonsi Nieto,33.89907462287629,0.5853566773329805,29/02/2008 13:00:00,1,Suzuki GSX-R1000 K8 [2008],World Superbikes,
359,Rider,Fonsi Nieto,33.888956628165275,0.5859786643976531,03/04/2008 13:00:00,0,Suzuki GSX-R1000 K8 [2008],World Superbikes,
359,Rider,Fonsi Nieto,33.87974364834009,0.5866463108336857,04/04/2008 13:00:00,0,Suzuki GSX-R1000 K8 [2008],World Superbikes,
359,Rider,Fonsi Nieto,33.869500558697915,0.5873575414957587,05/04/2008 13:00:00,0,Suzuki GSX-R1000 K8 [2008],World Superbikes,
359,Rider,Fonsi Nieto,33.86023201998727,0.5881072000246271,24/04/2008 13:00:00,0,Suzuki GSX-R1000 K8 [2008],World Superbikes,
359,Rider,Fonsi Nieto,33.849939436518255,0.5889005046182779,25/04/2008 13:00:00,0,Suzuki GSX-R1000 K8 [2008],World Superbikes,
359,Rider,Fonsi Nieto,33.83914533160419,0.5897384094730488,26/04/2008 13:00:00,0,Suzuki GSX-R1000 K8 [2008],World Superbikes,
359,Rider,Fonsi Nieto,33.82843943767664,0.5906188265210757,08/05/2008 13:00:00,0,Suzuki GSX-R1000 K8 [2008],World Superbikes,
359,Rider,Fonsi Nieto,33.81779985451847,0.5915473810435596,09/05/2008 13:00:00,0,Suzuki GSX-R1000 K8 [2008],World Superbikes,
359,Rider,Fonsi Nieto,33.80621758464666,0.5925223581317035,10/05/2008 13:00:00,0,Suzuki GSX-R1000 K8 [2008],World Superbikes,
359,Rider,Fonsi Nieto,33.79411274160041,0.5935421572685073,30/05/2008 13:00:00,0,Suzuki GSX-R1000 K8 [2008],World Superbikes,
359,Rider,Fonsi Nieto,33.7812167213549,0.5946075956333227,30/05/2008 13:00:00,1,Suzuki GSX-R1000 K8 [2008],World Superbikes,
359,Rider,Fonsi Nieto,33.76710917242482,0.5957177344474355,31/05/2008 13:00:00,0,Suzuki GSX-R1000 K8 [2008],World Superbikes,
359,Rider,Fonsi Nieto,33.754248132108515,0.5968673235333173,12/06/2008 13:00:00,0,Suzuki GSX-R1000 K8 [2008],World Superbikes,
359,Rider,Fonsi Nieto,33.74159899406769,0.5980666712841882,13/06/2008 13:00:00,0,Suzuki GSX-R1000 K8 [2008],World Superbikes,
359,Rider,Fonsi Nieto,33.7292732512342,0.5993167741635969,14/06/2008 13:00:00,0,Suzuki GSX-R1000 K8 [2008],World Superbikes,
359,Rider,Fonsi Nieto,33.71817928169692,0.60060973867653,26/06/2008 13:00:00,0,Suzuki GSX-R1000 K8 [2008],World Superbikes,
359,Rider,Fonsi Nieto,33.70721949225667,0.6019550273587996,27/06/2008 13:00:00,0,Suzuki GSX-R1000 K8 [2008],World Superbikes,
359,Rider,Fonsi Nieto,33.69576674378942,0.603351459310229,28/06/2008 13:00:00,0,Suzuki GSX-R1000 K8 [2008],World Superbikes,
359,Rider,Fonsi Nieto,33.68431883971277,0.6047977557362282,17/07/2008 13:00:00,0,Suzuki GSX-R1000 K8 [2008],World Superbikes,
359,Rider,Fonsi Nieto,33.6718660445396,0.6062960390830839,18/07/2008 13:00:00,0,Suzuki GSX-R1000 K8 [2008],World Superbikes,
359,Rider,Fonsi Nieto,33.65780619921764,0.6078438083490088,19/07/2008 13:00:00,0,Suzuki GSX-R1000 K8 [2008],World Superbikes,
359,Rider,Fonsi Nieto,33.64315260640776,0.6094432846153633,01/08/2008 13:00:00,0,Suzuki GSX-R1000 K8 [2008],World Superbikes,
359,Rider,Fonsi Nieto,33.62808531004131,0.6110991820271997,01/08/2008 13:00:00,1,Suzuki GSX-R1000 K8 [2008],World Superbikes,
359,Rider,Fonsi Nieto,33.6117213083879,0.6128082148777043,02/08/2008 13:00:00,0,Suzuki GSX-R1000 K8 [2008],World Superbikes,
359,Rider,Fonsi Nieto,33.5953883124186,0.6145694931627459,05/09/2008 13:00:00,0,Suzuki GSX-R1000 K8 [2008],World Superbikes,
359,Rider,Fonsi Nieto,33.579344041149575,0.6163907805094024,05/09/2008 13:00:00,1,Suzuki GSX-R1000 K8 [2008],World Superbikes,
359,Rider,Fonsi Nieto,33.565308367177884,0.618268677550281,18/09/2008 13:00:00,0,Suzuki GSX-R1000 K8 [2008],World Superbikes,
359,Rider,Fonsi Nieto,33.551781330315166,0.6202068374295491,19/09/2008 13:00:00,0,Suzuki GSX-R1000 K8 [2008],World Superbikes,
359,Rider,Fonsi Nieto,33.537798825687545,0.6222044669267405,20/09/2008 13:00:00,0,Suzuki GSX-R1000 K8 [2008],World Superbikes,
359,Rider,Fonsi Nieto,33.52401195164131,0.6242585593721267,02/10/2008 13:00:00,0,Suzuki GSX-R1000 K8 [2008],World Superbikes,
359,Rider,Fonsi Nieto,33.50885212664048,0.6263692740494885,03/10/2008 13:00:00,0,Suzuki GSX-R1000 K8 [2008],World Superbikes,
359,Rider,Fonsi Nieto,33.49510931409749,0.6285387748220467,04/10/2008 13:00:00,0,Suzuki GSX-R1000 K8 [2008],World Superbikes,
359,Rider,Fonsi Nieto,33.479498289674595,0.6307586209814694,31/10/2008 13:00:00,0,Suzuki GSX-R1000 K8 [2008],World Superbikes,
359,Rider,Fonsi Nieto,33.46352786864668,0.6330438968958486,31/10/2008 13:00:00,1,Suzuki GSX-R1000 K8 [2008],World Superbikes,
359,Rider,Fonsi Nieto,33.44549905061813,0.6353891724704173,01/11/2008 13:00:00,0,Suzuki GSX-R1000 K8 [2008],World Superbikes,
359,Rider,Fonsi Nieto,33.42937169995233,0.6377720041979525,15/05/2009 13:00:00,0,Suzuki GSX-R 1000 K9 [2009],World Superbikes,
359,Rider,Fonsi Nieto,33.41517264592361,0.6402105897926582,15/05/2009 13:00:00,1,Suzuki GSX-R 1000 K9 [2009],World Superbikes,
359,Rider,Fonsi Nieto,33.40237978344241,0.6427110680582914,29/05/2009 13:00:00,0,Suzuki GSX-R 1000 K9 [2009],World Superbikes,
359,Rider,Fonsi Nieto,33.39196624978332,0.6452612042028528,29/05/2009 13:00:00,1,Suzuki GSX-R 1000 K9 [2009],World Superbikes,
359,Rider,Fonsi Nieto,33.38033458037458,0.647882221340542,30/05/2009 13:00:00,0,Suzuki GSX-R 1000 K9 [2009],World Superbikes,
359,Rider,Fonsi Nieto,33.368273745212015,0.6505733762763123,30/05/2009 13:00:00,1,Suzuki GSX-R 1000 K9 [2009],World Superbikes,
359,Rider,Fonsi Nieto,33.35667060834211,0.6533280989195246,19/06/2009 13:00:00,0,Suzuki GSX-R 1000 K9 [2009],World Superbikes,
359,Rider,Fonsi Nieto,33.34506591180661,0.6561575660691434,19/06/2009 13:00:00,1,Suzuki GSX-R 1000 K9 [2009],World Superbikes,
359,Rider,Fonsi Nieto,33.33518406614407,0.6590576734818576,20/06/2009 13:00:00,0,Suzuki GSX-R 1000 K9 [2009],World Superbikes,
359,Rider,Fonsi Nieto,33.3243928680151,0.6620329215251051,20/06/2009 13:00:00,1,Suzuki GSX-R 1000 K9 [2009],World Superbikes,
359,Rider,Fonsi Nieto,33.31302285812121,0.6650812975274771,24/07/2009 13:00:00,0,Ducati 1098R [2009],World Superbikes,
359,Rider,Fonsi Nieto,33.30410784146437,0.6682026370358223,24/07/2009 13:00:00,1,Ducati 1098R [2009],World Superbikes,
359,Rider,Fonsi Nieto,33.29646932531936,0.6714040871702688,04/09/2009 13:00:00,0,Ducati 1098R [2009],World Superbikes,
359,Rider,Fonsi Nieto,33.291559350859174,0.6746809560940908,04/09/2009 13:00:00,1,Ducati 1098R [2009],World Superbikes,
359,Rider,Fonsi Nieto,33.28766589540104,0.6780406102546118,05/09/2009 13:00:00,0,Ducati 1098R [2009],World Superbikes,
359,Rider,Fonsi Nieto,33.284661031052515,0.6814805846848752,05/09/2009 13:00:00,1,Ducati 1098R [2009],World Superbikes,
359,Rider,Fonsi Nieto,33.28214922107698,0.6849995865496141,25/09/2009 13:00:00,0,Ducati 1098R [2009],World Superbikes,
359,Rider,Fonsi Nieto,33.281050141506405,0.6886032988312859,26/09/2009 13:00:00,0,Ducati 1098R [2009],World Superbikes,
359,Rider,Fonsi Nieto,33.28119541524358,0.6922896092250187,26/09/2009 13:00:00,1,Ducati 1098R [2009],World Superbikes,
359,Rider,Fonsi Nieto,33.28198691018924,0.6960587329517606,02/10/2009 13:00:00,0,Ducati 1098R [2009],World Superbikes,
359,Rider,Fonsi Nieto,33.282579595809906,0.6999160071403435,02/10/2009 13:00:00,1,Ducati 1098R [2009],World Superbikes,
359,Rider,Fonsi Nieto,33.28225397978343,0.7038608302684224,03/10/2009 13:00:00,0,Ducati 1098R [2009],World Superbikes,
359,Rider,Fonsi Nieto,33.28153790528851,0.7078948095221291,03/10/2009 13:00:00,1,Ducati 1098R [2009],World Superbikes,
359,Rider,Fonsi Nieto,33.27979708392559,0.7120165809366494,03/10/2009 13:00:00,2,Ducati 1098R [2009],World Superbikes,
359,Rider,Fonsi Nieto,33.27874849016894,0.7162053417613227,23/10/2009 13:00:00,0,Ducati 1098R [2009],World Superbikes,
359,Rider,Fonsi Nieto,33.276748032953414,0.7204871509533213,23/10/2009 13:00:00,1,Ducati 1098R [2009],World Superbikes,
359,Rider,Fonsi Nieto,33.275818350576856,0.7248657645004036,24/10/2009 13:00:00,0,Ducati 1098R [2009],World Superbikes,
359,Rider,Fonsi Nieto,33.275315418754985,0.7293409540144512,24/10/2009 13:00:00,1,Ducati 1098R [2009],World Superbikes,
359,Rider,Fonsi Nieto,33.273837754775975,0.7339103651117067,24/10/2009 13:00:00,2,Ducati 1098R [2009],World Superbikes,
360,Bike,Petronas FP1 [2005],26.71675364670282,1.099324362242824,23/02/2005 13:00:00,0,,World Superbikes,
360,Bike,Petronas FP1 [2005],26.71837712438987,1.0964651340344291,24/02/2005 13:00:00,0,,World Superbikes,
360,Bike,Petronas FP1 [2005],26.71993817777667,1.093794667884945,31/03/2005 13:00:00,0,,World Superbikes,
360,Bike,Petronas FP1 [2005],26.720367638056153,1.0913105741540428,01/04/2005 13:00:00,0,,World Superbikes,
360,Bike,Petronas FP1 [2005],26.71907890514799,1.0890109825732677,01/04/2005 13:00:00,1,,World Superbikes,
360,Bike,Petronas FP1 [2005],26.715790882103008,1.0868839311605991,21/04/2005 13:00:00,0,,World Superbikes,
360,Bike,Petronas FP1 [2005],26.71196796824954,1.0849456552988723,22/04/2005 13:00:00,0,,World Superbikes,
360,Bike,Petronas FP1 [2005],26.70829295760379,1.0831967270214973,23/04/2005 13:00:00,0,,World Superbikes,
360,Bike,Petronas FP1 [2005],26.70561281788514,1.081614848930994,05/05/2005 13:00:00,0,,World Superbikes,
360,Bike,Petronas FP1 [2005],26.70387906994335,1.0802172711650624,06/05/2005 13:00:00,0,,World Superbikes,
360,Bike,Petronas FP1 [2005],26.70437860519951,1.0790023427241775,27/05/2005 13:00:00,0,,World Superbikes,
360,Bike,Petronas FP1 [2005],26.705598001592598,1.0779633303386622,27/05/2005 13:00:00,1,,World Superbikes,
360,Bike,Petronas FP1 [2005],26.707735277926844,1.07710291554043,28/05/2005 13:00:00,0,,World Superbikes,
360,Bike,Petronas FP1 [2005],26.709494882728045,1.076413193530273,23/06/2005 13:00:00,0,,World Superbikes,
360,Bike,Petronas FP1 [2005],26.712516391421747,1.0759019345556142,24/06/2005 13:00:00,0,,World Superbikes,
360,Bike,Petronas FP1 [2005],26.71587878931896,1.0755764764794438,25/06/2005 13:00:00,0,,World Superbikes,
360,Bike,Petronas FP1 [2005],26.718526610427183,1.0754268959304776,14/07/2005 13:00:00,0,,World Superbikes,
360,Bike,Petronas FP1 [2005],26.721613959767772,1.0754625116301268,15/07/2005 13:00:00,0,,World Superbikes,
360,Bike,Petronas FP1 [2005],26.724156095019623,1.0756849115119278,16/07/2005 13:00:00,0,,World Superbikes,
360,Bike,Petronas FP1 [2005],26.72677904453248,1.076078013024939,05/08/2005 13:00:00,0,,World Superbikes,
360,Bike,Petronas FP1 [2005],26.729429717068815,1.0766549398254988,05/08/2005 13:00:00,1,,World Superbikes,
360,Bike,Petronas FP1 [2005],26.731778288940077,1.077418868633295,06/08/2005 13:00:00,0,,World Superbikes,
360,Bike,Petronas FP1 [2005],26.733905112459745,1.078357105915078,01/09/2005 13:00:00,0,,World Superbikes,
360,Bike,Petronas FP1 [2005],26.736323023729675,1.0794746760651874,02/09/2005 13:00:00,0,,World Superbikes,
360,Bike,Petronas FP1 [2005],26.73921089416735,1.0807769567287278,03/09/2005 13:00:00,0,,World Superbikes,
360,Bike,Petronas FP1 [2005],26.741425159622345,1.0822564048601178,08/09/2005 13:00:00,0,,World Superbikes,
360,Bike,Petronas FP1 [2005],26.743865184199038,1.0839188445924404,09/09/2005 13:00:00,0,,World Superbikes,
360,Bike,Petronas FP1 [2005],26.74609958721002,1.085765841980196,10/09/2005 13:00:00,0,,World Superbikes,
360,Bike,Petronas FP1 [2005],26.748197013769893,1.0877862009885841,29/09/2005 13:00:00,0,,World Superbikes,
360,Bike,Petronas FP1 [2005],26.74824631295786,1.089987296999415,30/09/2005 13:00:00,0,,World Superbikes,
360,Bike,Petronas FP1 [2005],26.746604056070563,1.092373166793343,01/10/2005 13:00:00,0,,World Superbikes,
360,Bike,Petronas FP1 [2005],26.74477037729264,1.0949404543090648,06/10/2005 13:00:00,0,,World Superbikes,
360,Bike,Petronas FP1 [2005],26.74272387042528,1.0976550779010361,07/10/2005 13:00:00,0,,World Superbikes,
360,Bike,Petronas FP1 [2005],26.741981141548532,1.1005169490379945,08/10/2005 13:00:00,0,,World Superbikes,
361,Rider,Gianluca Vizziello,24.417483288025,1.1256840748276276,23/02/2005 13:00:00,0,Yamaha YZF-R1 [2005],World Superbikes,
361,Rider,Gianluca Vizziello,24.417325212935772,1.1229042570145316,24/02/2005 13:00:00,0,Yamaha YZF-R1 [2005],World Superbikes,
361,Rider,Gianluca Vizziello,24.41626854235852,1.1203145541728567,31/03/2005 13:00:00,0,Yamaha YZF-R1 [2005],World Superbikes,
361,Rider,Gianluca Vizziello,24.415565082802914,1.1179111960388148,01/04/2005 13:00:00,0,Yamaha YZF-R1 [2005],World Superbikes,
361,Rider,Gianluca Vizziello,24.41245147121584,1.115698701820321,01/04/2005 13:00:00,1,Yamaha YZF-R1 [2005],World Superbikes,
361,Rider,Gianluca Vizziello,24.40917927499542,1.113651046711674,21/04/2005 13:00:00,0,Yamaha YZF-R1 [2005],World Superbikes,
361,Rider,Gianluca Vizziello,24.406253444948618,1.1117897018980647,22/04/2005 13:00:00,0,Yamaha YZF-R1 [2005],World Superbikes,
361,Rider,Gianluca Vizziello,24.404364164346312,1.1101078005459692,05/05/2005 13:00:00,0,Yamaha YZF-R1 [2005],World Superbikes,
361,Rider,Gianluca Vizziello,24.402214047419356,1.10861435352808,06/05/2005 13:00:00,0,Yamaha YZF-R1 [2005],World Superbikes,
361,Rider,Gianluca Vizziello,24.400020035998747,1.107308311144674,23/06/2005 13:00:00,0,Yamaha YZF-R1 [2005],World Superbikes,
361,Rider,Gianluca Vizziello,24.3971844646194,1.1061925424248362,24/06/2005 13:00:00,0,Yamaha YZF-R1 [2005],World Superbikes,
361,Rider,Gianluca Vizziello,24.393628392450427,1.1052664256752853,14/07/2005 13:00:00,0,Yamaha YZF-R1 [2005],World Superbikes,
361,Rider,Gianluca Vizziello,24.3902631960333,1.1045247118107848,15/07/2005 13:00:00,0,Yamaha YZF-R1 [2005],World Superbikes,
361,Rider,Gianluca Vizziello,24.386910374594713,1.1039675726599176,05/08/2005 13:00:00,0,Yamaha YZF-R1 [2005],World Superbikes,
361,Rider,Gianluca Vizziello,24.3827767770696,1.1035981030658655,05/08/2005 13:00:00,1,Yamaha YZF-R1 [2005],World Superbikes,
361,Rider,Gianluca Vizziello,24.37876665271897,1.1034135454342242,01/09/2005 13:00:00,0,Yamaha YZF-R1 [2005],World Superbikes,
361,Rider,Gianluca Vizziello,24.37288385850603,1.1034159161995392,02/09/2005 13:00:00,0,Yamaha YZF-R1 [2005],World Superbikes,
361,Rider,Gianluca Vizziello,24.366893185974057,1.1036034068736629,03/09/2005 13:00:00,0,Yamaha YZF-R1 [2005],World Superbikes,
361,Rider,Gianluca Vizziello,24.360680348461447,1.103955289888703,08/09/2005 13:00:00,0,Yamaha YZF-R1 [2005],World Superbikes,
361,Rider,Gianluca Vizziello,24.354283772352534,1.1044897622235883,09/09/2005 13:00:00,0,Yamaha YZF-R1 [2005],World Superbikes,
361,Rider,Gianluca Vizziello,24.34872704089288,1.1051988179135586,29/09/2005 13:00:00,0,Yamaha YZF-R1 [2005],World Superbikes,
361,Rider,Gianluca Vizziello,24.342009581529588,1.1060960685628651,30/09/2005 13:00:00,0,Yamaha YZF-R1 [2005],World Superbikes,
361,Rider,Gianluca Vizziello,24.334577987752763,1.1071811065928716,06/10/2005 13:00:00,0,Yamaha YZF-R1 [2005],World Superbikes,
361,Rider,Gianluca Vizziello,24.32751189287502,1.108444992806086,07/10/2005 13:00:00,0,Yamaha YZF-R1 [2005],World Superbikes,
361,Rider,Gianluca Vizziello,24.31959115614599,1.1098961818334625,31/07/2015 13:00:00,0,Kawasaki ZX-10R [2015],World Superbikes,
361,Rider,Gianluca Vizziello,24.311925559737094,1.1114854440018807,19/09/2015 13:00:00,0,Kawasaki ZX-10R [2015],World Superbikes,
361,Rider,Gianluca Vizziello,24.305237663460474,1.1132040630432003,03/10/2015 13:00:00,0,Kawasaki ZX-10R [2015],World Superbikes,
361,Rider,Gianluca Vizziello,24.29804832652506,1.1150793962435226,17/10/2015 13:00:00,0,Kawasaki ZX-10R [2015],World Superbikes,
361,Rider,Gianluca Vizziello,24.291681173473435,1.1170806736804804,13/05/2016 13:00:00,0,Kawasaki ZX-10R [2016],World Superbikes,
361,Rider,Gianluca Vizziello,24.287727573240698,1.1192185311659613,17/06/2016 13:00:00,0,Kawasaki ZX-10R [2016],World Superbikes,
361,Rider,Gianluca Vizziello,24.28526223113445,1.1215195039461017,16/09/2016 13:00:00,0,Kawasaki ZX-10R [2016],World Superbikes,
361,Rider,Gianluca Vizziello,24.28294750151771,1.1239874439753257,30/09/2016 13:00:00,0,Kawasaki ZX-10R [2016],World Superbikes,
361,Rider,Gianluca Vizziello,24.28180073569029,1.1266196949795924,14/10/2016 13:00:00,0,Kawasaki ZX-10R [2016],World Superbikes,
361,Rider,Gianluca Vizziello,24.281125640882152,1.1294177046768115,29/10/2016 13:00:00,0,Kawasaki ZX-10R [2016],World Superbikes,
362,Bike,Honda [2005],17.03770712009783,1.138942343053565,23/02/2005 13:00:00,0,,World Superbikes,
362,Bike,Honda [2005],17.039583961556804,1.1361800328977254,24/02/2005 13:00:00,0,,World Superbikes,
362,Bike,Honda [2005],17.039353512977808,1.1336147007328614,31/03/2005 13:00:00,0,,World Superbikes,
362,Bike,Honda [2005],17.039304332338897,1.1312485151933702,01/04/2005 13:00:00,0,,World Superbikes,
362,Bike,Honda [2005],17.0398584408119,1.12907643014175,21/04/2005 13:00:00,0,,World Superbikes,
362,Bike,Honda [2005],17.04053184008775,1.1271030647806262,22/04/2005 13:00:00,0,,World Superbikes,
362,Bike,Honda [2005],17.040249189989133,1.125327994710469,23/04/2005 13:00:00,0,,World Superbikes,
362,Bike,Honda [2005],17.04146802516672,1.1236811117834018,05/05/2005 13:00:00,0,,World Superbikes,
362,Bike,Honda [2005],17.042795300610553,1.1222299725401876,06/05/2005 13:00:00,0,,World Superbikes,
362,Bike,Honda [2005],17.044648049916905,1.1209730810757041,27/05/2005 13:00:00,0,,World Superbikes,
362,Bike,Honda [2005],17.045038736284287,1.1199076391319833,27/05/2005 13:00:00,1,,World Superbikes,
362,Bike,Honda [2005],17.044681524031873,1.1190375435655906,28/05/2005 13:00:00,0,,World Superbikes,
362,Bike,Honda [2005],17.04519197050647,1.1183198922048436,23/06/2005 13:00:00,0,,World Superbikes,
362,Bike,Honda [2005],17.046143011095392,1.1177981145294453,24/06/2005 13:00:00,0,,World Superbikes,
362,Bike,Honda [2005],17.046406547958576,1.1174723814630387,25/06/2005 13:00:00,0,,World Superbikes,
362,Bike,Honda [2005],17.048137513802438,1.1172774316981275,14/07/2005 13:00:00,0,,World Superbikes,
362,Bike,Honda [2005],17.051321380640033,1.117270122098476,15/07/2005 13:00:00,0,,World Superbikes,
362,Bike,Honda [2005],17.05664624630413,1.117445474413728,05/08/2005 13:00:00,0,,World Superbikes,
362,Bike,Honda [2005],17.06156350981405,1.1178147058778516,05/08/2005 13:00:00,1,,World Superbikes,
362,Bike,Honda [2005],17.06517391691467,1.1183788236726382,06/08/2005 13:00:00,0,,World Superbikes,
362,Bike,Honda [2005],17.0704966083977,1.1190727186634133,01/09/2005 13:00:00,0,,World Superbikes,
362,Bike,Honda [2005],17.07606175075072,1.1199620088513615,02/09/2005 13:00:00,0,,World Superbikes,
362,Bike,Honda [2005],17.080663818172283,1.1210454811039654,03/09/2005 13:00:00,0,,World Superbikes,
362,Bike,Honda [2005],17.086968776995,1.1222608701614827,08/09/2005 13:00:00,0,,World Superbikes,
362,Bike,Honda [2005],17.092324841269306,1.1236682099231303,09/09/2005 13:00:00,0,,World Superbikes,
362,Bike,Honda [2005],17.09739289917553,1.125269151697864,10/09/2005 13:00:00,0,,World Superbikes,
362,Bike,Honda [2005],17.102909435110497,1.127037426378625,29/09/2005 13:00:00,0,,World Superbikes,
362,Bike,Honda [2005],17.108934718934968,1.129001397517606,30/09/2005 13:00:00,0,,World Superbikes,
362,Bike,Honda [2005],17.1146191492426,1.1311614052166679,01/10/2005 13:00:00,0,,World Superbikes,
362,Bike,Honda [2005],17.118693069559566,1.1335102038487457,06/10/2005 13:00:00,0,,World Superbikes,
362,Bike,Honda [2005],17.121642797354912,1.1360568980272905,07/10/2005 13:00:00,0,,World Superbikes,
362,Bike,Honda [2005],17.12327387021275,1.1387991553988575,08/10/2005 13:00:00,0,,World Superbikes,
363,Rider,Talil Al Naimi,12.235150212913348,3.6655800430095637,23/02/2005 13:00:00,0,Yamaha YZF-R1 [2005],World Superbikes,
363,Rider,Talil Al Naimi,12.234569028074214,3.6653178950040957,24/02/2005 13:00:00,0,Yamaha YZF-R1 [2005],World Superbikes,
363,Rider,Talil Al Naimi,12.234306184645716,3.6652506740757675,22/02/2006 13:00:00,0,Yamaha YZF-R1 [2006],World Superbikes,
363,Rider,Talil Al Naimi,12.234701109116196,3.6654916475527517,23/02/2006 13:00:00,0,Yamaha YZF-R1 [2006],World Superbikes,
364,Rider,José Luis Cardoso,29.914007456211856,1.3061675894317304,31/03/2005 13:00:00,0,Yamaha YZF-R1 [2005],World Superbikes,
364,Rider,José Luis Cardoso,29.914073558837977,1.3038716120811926,01/04/2005 13:00:00,0,Yamaha YZF-R1 [2005],World Superbikes,
364,Rider,José Luis Cardoso,29.912941396674114,1.3018038464391508,01/04/2005 13:00:00,1,Yamaha YZF-R1 [2005],World Superbikes,
364,Rider,José Luis Cardoso,29.913167625896733,1.2999222162718789,21/04/2005 13:00:00,0,Yamaha YZF-R1 [2005],World Superbikes,
364,Rider,José Luis Cardoso,29.91281109094065,1.298269254521757,22/04/2005 13:00:00,0,Yamaha YZF-R1 [2005],World Superbikes,
364,Rider,José Luis Cardoso,29.91249610644169,1.2968445880835027,05/05/2005 13:00:00,0,Yamaha YZF-R1 [2005],World Superbikes,
364,Rider,José Luis Cardoso,29.912086400471754,1.2956454139331939,06/05/2005 13:00:00,0,Yamaha YZF-R1 [2005],World Superbikes,
364,Rider,José Luis Cardoso,29.91129928714216,1.2946679919995814,07/05/2005 13:00:00,0,Yamaha YZF-R1 [2005],World Superbikes,
364,Rider,José Luis Cardoso,29.911119374969882,1.2938943408831403,27/05/2005 13:00:00,0,Yamaha YZF-R1 [2005],World Superbikes,
364,Rider,José Luis Cardoso,29.910844077583096,1.2933461005426539,27/05/2005 13:00:00,1,Yamaha YZF-R1 [2005],World Superbikes,
364,Rider,José Luis Cardoso,29.909005467191665,1.2930173095335262,28/05/2005 13:00:00,0,Yamaha YZF-R1 [2005],World Superbikes,
364,Rider,José Luis Cardoso,29.9053904853279,1.2929023260883956,23/06/2005 13:00:00,0,Yamaha YZF-R1 [2005],World Superbikes,
364,Rider,José Luis Cardoso,29.90203940437338,1.293014399209768,24/06/2005 13:00:00,0,Yamaha YZF-R1 [2005],World Superbikes,
364,Rider,José Luis Cardoso,29.898526189450248,1.2933532652157136,25/06/2005 13:00:00,0,Yamaha YZF-R1 [2005],World Superbikes,
364,Rider,José Luis Cardoso,29.89569567706168,1.2938973782573904,14/07/2005 13:00:00,0,Yamaha YZF-R1 [2005],World Superbikes,
364,Rider,José Luis Cardoso,29.89065638005129,1.294658440792616,15/07/2005 13:00:00,0,Yamaha YZF-R1 [2005],World Superbikes,
364,Rider,José Luis Cardoso,29.88535846450396,1.2956468642760068,16/07/2005 13:00:00,0,Yamaha YZF-R1 [2005],World Superbikes,
364,Rider,José Luis Cardoso,29.879114148891237,1.2968481948547046,05/08/2005 13:00:00,0,Yamaha YZF-R1 [2005],World Superbikes,
364,Rider,José Luis Cardoso,29.875087297908756,1.2982539325950537,05/08/2005 13:00:00,1,Yamaha YZF-R1 [2005],World Superbikes,
364,Rider,José Luis Cardoso,29.87243195623204,1.299880386189289,01/09/2005 13:00:00,0,Yamaha YZF-R1 [2005],World Superbikes,
364,Rider,José Luis Cardoso,29.870175813857735,1.3017343083984831,02/09/2005 13:00:00,0,Yamaha YZF-R1 [2005],World Superbikes,
364,Rider,José Luis Cardoso,29.868468357818568,1.3038132793009687,08/09/2005 13:00:00,0,Yamaha YZF-R1 [2005],World Superbikes,
364,Rider,José Luis Cardoso,29.86719431693653,1.3061150467610736,09/09/2005 13:00:00,0,Yamaha YZF-R1 [2005],World Superbikes,
365,Rider,Lorenzo Alfonsi,22.49680228827793,1.336910634846428,31/03/2005 13:00:00,0,Yamaha YZF-R1 [2005],World Superbikes,
365,Rider,Lorenzo Alfonsi,22.49594886487243,1.3346825116121004,01/04/2005 13:00:00,0,Yamaha YZF-R1 [2005],World Superbikes,
365,Rider,Lorenzo Alfonsi,22.494163466439936,1.332686044985252,21/04/2005 13:00:00,0,Yamaha YZF-R1 [2005],World Superbikes,
365,Rider,Lorenzo Alfonsi,22.491938680613526,1.3309212583623296,22/04/2005 13:00:00,0,Yamaha YZF-R1 [2005],World Superbikes,
365,Rider,Lorenzo Alfonsi,22.48881183146088,1.3293906628589285,05/05/2005 13:00:00,0,Yamaha YZF-R1 [2005],World Superbikes,
365,Rider,Lorenzo Alfonsi,22.485417114371018,1.3280896903996406,06/05/2005 13:00:00,0,Yamaha YZF-R1 [2005],World Superbikes,
365,Rider,Lorenzo Alfonsi,22.481975382586977,1.3270174926866123,27/05/2005 13:00:00,0,Yamaha YZF-R1 [2005],World Superbikes,
365,Rider,Lorenzo Alfonsi,22.477322511602573,1.3261773534535262,27/05/2005 13:00:00,1,Yamaha YZF-R1 [2005],World Superbikes,
365,Rider,Lorenzo Alfonsi,22.47399136295224,1.3255236635751875,23/06/2005 13:00:00,0,Yamaha YZF-R1 [2005],World Superbikes,
365,Rider,Lorenzo Alfonsi,22.467991791334654,1.3250990505545135,24/06/2005 13:00:00,0,Yamaha YZF-R1 [2005],World Superbikes,
365,Rider,Lorenzo Alfonsi,22.460738363265953,1.3249072587246022,14/07/2005 13:00:00,0,Yamaha YZF-R1 [2005],World Superbikes,
365,Rider,Lorenzo Alfonsi,22.45442323319839,1.3249310000471675,15/07/2005 13:00:00,0,Yamaha YZF-R1 [2005],World Superbikes,
365,Rider,Lorenzo Alfonsi,22.44825717997277,1.325178938386796,05/08/2005 13:00:00,0,Yamaha YZF-R1 [2005],World Superbikes,
365,Rider,Lorenzo Alfonsi,22.44252309867409,1.3256443824640087,05/08/2005 13:00:00,1,Yamaha YZF-R1 [2005],World Superbikes,
365,Rider,Lorenzo Alfonsi,22.436354720016986,1.3263390179285435,01/09/2005 13:00:00,0,Yamaha YZF-R1 [2005],World Superbikes,
365,Rider,Lorenzo Alfonsi,22.42900444155839,1.3272662731377614,02/09/2005 13:00:00,0,Yamaha YZF-R1 [2005],World Superbikes,
365,Rider,Lorenzo Alfonsi,22.422122502057352,1.3284155742213721,20/04/2006 13:00:00,0,Yamaha YZF-R1 [2006],World Superbikes,
365,Rider,Lorenzo Alfonsi,22.417690861684886,1.3297447244235654,21/04/2006 13:00:00,0,Yamaha YZF-R1 [2006],World Superbikes,
365,Rider,Lorenzo Alfonsi,22.415538648921665,1.3312462438493111,04/05/2006 13:00:00,0,Ducati 999 RS [2006],World Superbikes,
365,Rider,Lorenzo Alfonsi,22.411683870525536,1.3329777152313251,05/05/2006 13:00:00,0,Ducati 999 RS [2006],World Superbikes,
365,Rider,Lorenzo Alfonsi,22.40790943326989,1.3349226691804164,22/06/2006 13:00:00,0,Ducati 999 RS [2006],World Superbikes,
365,Rider,Lorenzo Alfonsi,22.40555662247434,1.3370196390835267,23/06/2006 13:00:00,0,Ducati 999 RS [2006],World Superbikes,
365,Rider,Lorenzo Alfonsi,22.404703930833765,1.339270212527437,30/03/2012 13:00:00,0,Honda CBR1000RR [2012],World Superbikes,
365,Rider,Lorenzo Alfonsi,22.404432364753585,1.3416232794399305,30/03/2012 13:00:00,1,Honda CBR1000RR [2012],World Superbikes,
366,Bike,Suzuki GSX 1000R [2005],22.033985843721144,2.3035863589080403,31/03/2005 13:00:00,0,,World Superbikes,
366,Bike,Suzuki GSX 1000R [2005],22.033191115280527,2.3026795275939946,01/04/2005 13:00:00,0,,World Superbikes,
366,Bike,Suzuki GSX 1000R [2005],22.032275317930214,2.302119510567466,21/04/2005 13:00:00,0,,World Superbikes,
366,Bike,Suzuki GSX 1000R [2005],22.03093320507463,2.3019598394195055,22/04/2005 13:00:00,0,,World Superbikes,
366,Bike,Suzuki GSX 1000R [2005],22.028874632800825,2.3022069794316984,23/06/2005 13:00:00,0,,World Superbikes,
366,Bike,Suzuki GSX 1000R [2005],22.028176530444735,2.3026677406184124,24/06/2005 13:00:00,0,,World Superbikes,
366,Bike,Suzuki GSX 1000R [2005],22.02889084732901,2.303351553849634,14/07/2005 13:00:00,0,,World Superbikes,
366,Bike,Suzuki GSX 1000R [2005],22.029744989792942,2.304329671054492,15/07/2005 13:00:00,0,,World Superbikes,
367,Rider,Alessio Corradi,23.880971104279073,3.612960504783822,31/03/2005 13:00:00,0,Ducati 999 RS [2005],World Superbikes,
367,Rider,Alessio Corradi,23.88163394183911,3.6129331165546317,01/04/2005 13:00:00,0,Ducati 999 RS [2005],World Superbikes,
368,Rider,David Checa,28.23487361365233,0.902007579470414,21/04/2005 13:00:00,0,Yamaha YZF-R1 [2005],World Superbikes,
368,Rider,David Checa,28.23677112011748,0.8983947701879205,22/04/2005 13:00:00,0,Yamaha YZF-R1 [2005],World Superbikes,
368,Rider,David Checa,28.237432843344695,0.8949260752559577,23/04/2005 13:00:00,0,Yamaha YZF-R1 [2005],World Superbikes,
368,Rider,David Checa,28.23737498635285,0.8915916808394013,14/07/2005 13:00:00,0,Yamaha YZF-R1 [2005],World Superbikes,
368,Rider,David Checa,28.237235932384177,0.888399437968714,15/07/2005 13:00:00,0,Yamaha YZF-R1 [2005],World Superbikes,
368,Rider,David Checa,28.235401141174588,0.8853474024486986,16/07/2005 13:00:00,0,Yamaha YZF-R1 [2005],World Superbikes,
368,Rider,David Checa,28.232911772207466,0.8824266141715925,06/10/2005 13:00:00,0,Yamaha YZF-R1 [2005],World Superbikes,
368,Rider,David Checa,28.228589717665486,0.8796437835921197,07/10/2005 13:00:00,0,Yamaha YZF-R1 [2005],World Superbikes,
368,Rider,David Checa,28.22356940780619,0.8769989952972665,08/10/2005 13:00:00,0,Yamaha YZF-R1 [2005],World Superbikes,
368,Rider,David Checa,28.21817640379187,0.8744841378976739,20/02/2008 13:00:00,0,Yamaha YZF-R1 [2008],World Superbikes,
368,Rider,David Checa,28.212667669341283,0.8721066195276104,21/02/2008 13:00:00,0,Yamaha YZF-R1 [2008],World Superbikes,
368,Rider,David Checa,28.20747296099705,0.8698654637707427,28/02/2008 13:00:00,0,Yamaha YZF-R1 [2008],World Superbikes,
368,Rider,David Checa,28.20216565847119,0.8677599750513703,29/02/2008 13:00:00,0,Yamaha YZF-R1 [2008],World Superbikes,
368,Rider,David Checa,28.19640168841774,0.865790326550955,29/02/2008 13:00:00,1,Yamaha YZF-R1 [2008],World Superbikes,
368,Rider,David Checa,28.192169986585935,0.8639077487814018,03/04/2008 13:00:00,0,Yamaha YZF-R1 [2008],World Superbikes,
368,Rider,David Checa,28.188035990991786,0.862160976324861,04/04/2008 13:00:00,0,Yamaha YZF-R1 [2008],World Superbikes,
368,Rider,David Checa,28.183318765874393,0.8605493105792522,05/04/2008 13:00:00,0,Yamaha YZF-R1 [2008],World Superbikes,
368,Rider,David Checa,28.178614832904938,0.8590583719305642,24/04/2008 13:00:00,0,Yamaha YZF-R1 [2008],World Superbikes,
368,Rider,David Checa,28.17310166251968,0.8577029598620438,25/04/2008 13:00:00,0,Yamaha YZF-R1 [2008],World Superbikes,
368,Rider,David Checa,28.166420885179942,0.8564811633199183,26/04/2008 13:00:00,0,Yamaha YZF-R1 [2008],World Superbikes,
368,Rider,David Checa,28.159888961870365,0.8553786471676907,30/05/2008 13:00:00,0,Yamaha YZF-R1 [2008],World Superbikes,
368,Rider,David Checa,28.15529084593659,0.8543997975124868,30/05/2008 13:00:00,1,Yamaha YZF-R1 [2008],World Superbikes,
368,Rider,David Checa,28.152289168372057,0.8535460758856638,12/06/2008 13:00:00,0,Yamaha YZF-R1 [2008],World Superbikes,
368,Rider,David Checa,28.14960280790256,0.8528232960091604,13/06/2008 13:00:00,0,Yamaha YZF-R1 [2008],World Superbikes,
368,Rider,David Checa,28.146714287154165,0.8522322473674451,26/06/2008 13:00:00,0,Yamaha YZF-R1 [2008],World Superbikes,
368,Rider,David Checa,28.144978781076432,0.8517666667839534,27/06/2008 13:00:00,0,Yamaha YZF-R1 [2008],World Superbikes,
368,Rider,David Checa,28.14319236723339,0.851433484641279,17/07/2008 13:00:00,0,Yamaha YZF-R1 [2008],World Superbikes,
368,Rider,David Checa,28.14057706900877,0.8512335404859844,18/07/2008 13:00:00,0,Yamaha YZF-R1 [2008],World Superbikes,
368,Rider,David Checa,28.137780551577674,0.8511657009485417,01/08/2008 13:00:00,0,Yamaha YZF-R1 [2008],World Superbikes,
368,Rider,David Checa,28.136019876039626,0.8512232738653905,01/08/2008 13:00:00,1,Yamaha YZF-R1 [2008],World Superbikes,
368,Rider,David Checa,28.134127558474937,0.8514135640461853,05/09/2008 13:00:00,0,Yamaha YZF-R1 [2008],World Superbikes,
368,Rider,David Checa,28.131375553691434,0.8517392000357764,05/09/2008 13:00:00,1,Yamaha YZF-R1 [2008],World Superbikes,
368,Rider,David Checa,28.12743115649801,0.8521998052246293,18/09/2008 13:00:00,0,Yamaha YZF-R1 [2008],World Superbikes,
368,Rider,David Checa,28.123971987817807,0.8527862368779626,19/09/2008 13:00:00,0,Yamaha YZF-R1 [2008],World Superbikes,
368,Rider,David Checa,28.120886341901716,0.8535050172819513,02/10/2008 13:00:00,0,Yamaha YZF-R1 [2008],World Superbikes,
368,Rider,David Checa,28.116616040929262,0.8543575823115881,03/10/2008 13:00:00,0,Yamaha YZF-R1 [2008],World Superbikes,
368,Rider,David Checa,28.110513484958492,0.855340562064324,04/10/2008 13:00:00,0,Yamaha YZF-R1 [2008],World Superbikes,
368,Rider,David Checa,28.102753079854665,0.8564530711639544,31/10/2008 13:00:00,0,Yamaha YZF-R1 [2008],World Superbikes,
368,Rider,David Checa,28.09513373977806,0.8576976207718132,31/10/2008 13:00:00,1,Yamaha YZF-R1 [2008],World Superbikes,
368,Rider,David Checa,28.088031408235995,0.859074425724394,03/04/2009 13:00:00,0,Yamaha YZF-R1 [2009],World Superbikes,
368,Rider,David Checa,28.08100610668955,0.8605786675725142,03/04/2009 13:00:00,1,Yamaha YZF-R1 [2009],World Superbikes,
368,Rider,David Checa,28.073974829558345,0.8622115265440549,24/04/2009 13:00:00,0,Yamaha YZF-R1 [2009],World Superbikes,
368,Rider,David Checa,28.068297325938303,0.863951058250228,24/04/2009 13:00:00,1,Yamaha YZF-R1 [2009],World Superbikes,
368,Rider,David Checa,28.061885918390953,0.8658241950322154,08/05/2009 13:00:00,0,Yamaha YZF-R1 [2009],World Superbikes,
368,Rider,David Checa,28.056261381911593,0.8678155763892359,08/05/2009 13:00:00,1,Yamaha YZF-R1 [2009],World Superbikes,
368,Rider,David Checa,28.050531005478263,0.8699380261932277,19/06/2009 13:00:00,0,Yamaha YZF-R1 [2009],World Superbikes,
368,Rider,David Checa,28.0449261357457,0.8721892193248777,19/06/2009 13:00:00,1,Yamaha YZF-R1 [2009],World Superbikes,
368,Rider,David Checa,28.038742185721716,0.874578610974162,26/06/2009 13:00:00,0,Yamaha YZF-R1 [2009],World Superbikes,
368,Rider,David Checa,28.033016463933897,0.8770948561025715,26/06/2009 13:00:00,1,Yamaha YZF-R1 [2009],World Superbikes,
368,Rider,David Checa,28.028546506772535,0.8797317263410085,24/07/2009 13:00:00,0,Yamaha YZF-R1 [2009],World Superbikes,
368,Rider,David Checa,28.024676485970964,0.8824886457051612,24/07/2009 13:00:00,1,Yamaha YZF-R1 [2009],World Superbikes,
368,Rider,David Checa,28.022021957219312,0.8853574123320771,04/09/2009 13:00:00,0,Yamaha YZF-R1 [2009],World Superbikes,
368,Rider,David Checa,28.018896875292928,0.88836382892346,04/09/2009 13:00:00,1,Yamaha YZF-R1 [2009],World Superbikes,
368,Rider,David Checa,28.01590276971122,0.8915015570087781,25/09/2009 13:00:00,0,Yamaha YZF-R1 [2009],World Superbikes,
368,Rider,David Checa,28.01353362376693,0.8947644461932482,02/10/2009 13:00:00,0,Yamaha YZF-R1 [2009],World Superbikes,
368,Rider,David Checa,28.010691683492702,0.8981642942289139,02/10/2009 13:00:00,1,Yamaha YZF-R1 [2009],World Superbikes,
368,Rider,David Checa,28.00771425960043,0.9016993417095104,23/10/2009 13:00:00,0,Yamaha YZF-R1 [2009],World Superbikes,
368,Rider,David Checa,28.00608795621917,0.9053362266076656,23/10/2009 13:00:00,1,Yamaha YZF-R1 [2009],World Superbikes,
369,Rider,Michel Nickmans,11.08139886859538,1.578472898731615,21/04/2005 13:00:00,0,Yamaha YZF-R1 [2005],World Superbikes,
369,Rider,Michel Nickmans,11.080919023156666,1.5765838372935357,22/04/2005 13:00:00,0,Yamaha YZF-R1 [2005],World Superbikes,
369,Rider,Michel Nickmans,11.080549568691975,1.5748881468542735,05/05/2005 13:00:00,0,Yamaha YZF-R1 [2005],World Superbikes,
369,Rider,Michel Nickmans,11.080963947805323,1.573398578690966,06/05/2005 13:00:00,0,Yamaha YZF-R1 [2005],World Superbikes,
369,Rider,Michel Nickmans,11.082998447635308,1.5720785255795513,27/05/2005 13:00:00,0,Yamaha YZF-R1 [2005],World Superbikes,
369,Rider,Michel Nickmans,11.086103444156427,1.5708991967318555,27/05/2005 13:00:00,1,Yamaha YZF-R1 [2005],World Superbikes,
369,Rider,Michel Nickmans,11.089294921852538,1.5699043776267365,23/06/2005 13:00:00,0,Yamaha YZF-R1 [2005],World Superbikes,
369,Rider,Michel Nickmans,11.091472485685458,1.5691733554433798,24/06/2005 13:00:00,0,Yamaha YZF-R1 [2005],World Superbikes,
369,Rider,Michel Nickmans,11.09351899482915,1.5686880384371313,14/07/2005 13:00:00,0,Yamaha YZF-R1 [2005],World Superbikes,
369,Rider,Michel Nickmans,11.095497143359852,1.5684545249910313,15/07/2005 13:00:00,0,Yamaha YZF-R1 [2005],World Superbikes,
369,Rider,Michel Nickmans,11.098957355677664,1.5684457831381846,05/08/2005 13:00:00,0,Yamaha YZF-R1 [2005],World Superbikes,
369,Rider,Michel Nickmans,11.102598511045496,1.5686259051246716,05/08/2005 13:00:00,1,Yamaha YZF-R1 [2005],World Superbikes,
369,Rider,Michel Nickmans,11.106323389924059,1.5689859609745676,01/09/2005 13:00:00,0,Yamaha YZF-R1 [2005],World Superbikes,
369,Rider,Michel Nickmans,11.10961693465012,1.5695915905700288,02/09/2005 13:00:00,0,Yamaha YZF-R1 [2005],World Superbikes,
369,Rider,Michel Nickmans,11.112579794560649,1.5704497711738468,09/09/2005 13:00:00,0,Yamaha YZF-R1 [2005],World Superbikes,
369,Rider,Michel Nickmans,11.116237167107117,1.5715173367730797,29/09/2005 13:00:00,0,Yamaha YZF-R1 [2005],World Superbikes,
369,Rider,Michel Nickmans,11.11914790725766,1.5728430989398734,30/09/2005 13:00:00,0,Yamaha YZF-R1 [2005],World Superbikes,
369,Rider,Michel Nickmans,11.122190688998172,1.5744002481119328,06/10/2005 13:00:00,0,Yamaha YZF-R1 [2005],World Superbikes,
369,Rider,Michel Nickmans,11.124193107012944,1.5762044646951305,07/10/2005 13:00:00,0,Yamaha YZF-R1 [2005],World Superbikes,
370,Rider,Luca Conforti,23.57015351254754,2.3737982392210144,05/05/2005 13:00:00,0,Ducati 999 RS04 [2005],World Superbikes,
370,Rider,Luca Conforti,23.570571619757303,2.37290489091049,06/05/2005 13:00:00,0,Ducati 999 RS04 [2005],World Superbikes,
370,Rider,Luca Conforti,23.570135054333146,2.3723509584539304,23/06/2005 13:00:00,0,Ducati 999 RS04 [2005],World Superbikes,
370,Rider,Luca Conforti,23.570776110574233,2.3721293285657876,24/06/2005 13:00:00,0,Ducati 999 RS04 [2005],World Superbikes,
370,Rider,Luca Conforti,23.57073396297369,2.372249684618541,14/06/2007 13:00:00,0,Honda CBR 1000RR Fireblade [2007],World Superbikes,
370,Rider,Luca Conforti,23.57132565119623,2.372747276574043,15/06/2007 13:00:00,0,Honda CBR 1000RR Fireblade [2007],World Superbikes,
370,Rider,Luca Conforti,23.5725505975349,2.373624874183026,25/09/2009 13:00:00,0, [2009],World Superbikes,
371,Bike,Ducati 999 RS04 [2005],24.49536467833056,2.9105499069757004,05/05/2005 13:00:00,0,,World Superbikes,
371,Bike,Ducati 999 RS04 [2005],24.495875306656924,2.910091618688332,06/05/2005 13:00:00,0,,World Superbikes,
371,Bike,Ducati 999 RS04 [2005],24.495531262349346,2.910088782278284,23/06/2005 13:00:00,0,,World Superbikes,
371,Bike,Ducati 999 RS04 [2005],24.496264839707013,2.910530759722052,24/06/2005 13:00:00,0,,World Superbikes,
372,Bike,MV Agusta F4 1000 MT [2005],20.570736917271336,3.1366588076819992,05/05/2005 13:00:00,0,,World Superbikes,
372,Bike,MV Agusta F4 1000 MT [2005],20.570770536232338,3.1362687184144424,06/05/2005 13:00:00,0,,World Superbikes,
372,Bike,MV Agusta F4 1000 MT [2005],20.571405004864026,3.136271992069546,29/09/2005 13:00:00,0,,World Superbikes,
372,Bike,MV Agusta F4 1000 MT [2005],20.570068958801645,3.1367390365200025,30/09/2005 13:00:00,0,,World Superbikes,
373,Bike,Ducati 998 RS [2005],20.954032632593176,3.0335616822077025,05/05/2005 13:00:00,0,,World Superbikes,
373,Bike,Ducati 998 RS [2005],20.954596392953462,3.0329921367382453,06/05/2005 13:00:00,0,,World Superbikes,
373,Bike,Ducati 998 RS [2005],20.95522101314233,3.0328000340161183,23/06/2005 13:00:00,0,,World Superbikes,
373,Bike,Ducati 998 RS [2005],20.95608420204848,3.0331200290224904,24/06/2005 13:00:00,0,,World Superbikes,
374,Rider,Massimo Roccoli,25.736178500733498,2.9880310501390985,27/05/2005 13:00:00,0,Yamaha YZF-R1 [2005],World Superbikes,
374,Rider,Massimo Roccoli,25.73518706263472,2.9877006514847717,27/05/2005 13:00:00,1,Yamaha YZF-R1 [2005],World Superbikes,
374,Rider,Massimo Roccoli,25.732272318410015,2.9878982163678995,28/05/2005 13:00:00,0,Yamaha YZF-R1 [2005],World Superbikes,
374,Rider,Massimo Roccoli,25.730567800333787,2.9884162237451823,18/08/2017 13:00:00,0,Yamaha YZF-R1 [2017],World Superbikes,
375,Rider,Norino Brignola,22.44156708408972,1.3649601646099248,23/06/2005 13:00:00,0,Ducati 999 RS [2005],World Superbikes,
375,Rider,Norino Brignola,22.440228822552026,1.3627937607745382,24/06/2005 13:00:00,0,Ducati 999 RS [2005],World Superbikes,
375,Rider,Norino Brignola,22.438545869465322,1.3608592127599781,08/09/2005 13:00:00,0,Ducati 999 RS [2005],World Superbikes,
375,Rider,Norino Brignola,22.436971970034016,1.3591417255132632,09/09/2005 13:00:00,0,Ducati 999 RS [2005],World Superbikes,
375,Rider,Norino Brignola,22.43497938730039,1.3576481240813838,20/04/2006 13:00:00,0,Ducati 999 RS [2006],World Superbikes,
375,Rider,Norino Brignola,22.432233814988,1.3563887638594847,21/04/2006 13:00:00,0,Ducati 999 RS [2006],World Superbikes,
375,Rider,Norino Brignola,22.428980943582488,1.3553571686537185,04/05/2006 13:00:00,0,Ducati 999 RS [2006],World Superbikes,
375,Rider,Norino Brignola,22.42418300994784,1.3545602150361074,05/05/2006 13:00:00,0,Ducati 999 RS [2006],World Superbikes,
375,Rider,Norino Brignola,22.419829602067523,1.3539753459185733,22/06/2006 13:00:00,0,Ducati 999 RS [2006],World Superbikes,
375,Rider,Norino Brignola,22.41441363493163,1.3536229515557943,23/06/2006 13:00:00,0,Ducati 999 RS [2006],World Superbikes,
375,Rider,Norino Brignola,22.40868744727554,1.353493110685323,28/09/2006 13:00:00,0,Ducati 999 RS [2006],World Superbikes,
375,Rider,Norino Brignola,22.401568605520485,1.3535959287135748,29/09/2006 13:00:00,0,Ducati 999 RS [2006],World Superbikes,
375,Rider,Norino Brignola,22.394551830932006,1.3539124690230213,27/09/2007 13:00:00,0,Ducati 999 F05 [2007],World Superbikes,
375,Rider,Norino Brignola,22.384991928026462,1.3544559568908197,28/09/2007 13:00:00,0,Ducati 999 F05 [2007],World Superbikes,
375,Rider,Norino Brignola,22.37380727656715,1.3552204302830593,26/06/2008 13:00:00,0,Yamaha YZF-R1 [2008],World Superbikes,
375,Rider,Norino Brignola,22.364004808749087,1.3561765476068315,29/06/2012 13:00:00,0,BMW S1000 RR [2012],World Superbikes,
375,Rider,Norino Brignola,22.35518398488384,1.3572674169042347,29/06/2012 13:00:00,1,BMW S1000 RR [2012],World Superbikes,
375,Rider,Norino Brignola,22.34735703482077,1.3584952394903675,20/07/2012 13:00:00,0,BMW S1000 RR [2012],World Superbikes,
375,Rider,Norino Brignola,22.34118818192227,1.3598684907320482,20/07/2012 13:00:00,1,BMW S1000 RR [2012],World Superbikes,
375,Rider,Norino Brignola,22.335945548160698,1.3613741353772586,07/09/2012 13:00:00,0,BMW S1000 RR [2012],World Superbikes,
375,Rider,Norino Brignola,22.331966580779202,1.3630226518874307,07/09/2012 13:00:00,1,BMW S1000 RR [2012],World Superbikes,
375,Rider,Norino Brignola,22.32920275520148,1.3648106949867687,21/09/2012 13:00:00,0,BMW S1000 RR [2012],World Superbikes,
375,Rider,Norino Brignola,22.32756623276745,1.3667452840119867,21/09/2012 13:00:00,1,BMW S1000 RR [2012],World Superbikes,
375,Rider,Norino Brignola,22.32616215231188,1.36888715691349,05/10/2012 13:00:00,0,BMW S1000 RR [2012],World Superbikes,
375,Rider,Norino Brignola,22.325576782980942,1.3711537748804499,05/10/2012 13:00:00,1,BMW S1000 RR [2012],World Superbikes,
376,Rider,Michele Gallina,22.04742170426082,4.040937678850232,23/06/2005 13:00:00,0,MV Agusta F4 1000S [2005],World Superbikes,
376,Rider,Michele Gallina,22.04669989714444,4.04094673516163,24/06/2005 13:00:00,0,MV Agusta F4 1000S [2005],World Superbikes,
377,Bike,MV Agusta F4 1000S [2005],22.047421704260817,4.040937678850232,23/06/2005 13:00:00,0,,World Superbikes,
377,Bike,MV Agusta F4 1000S [2005],22.04669989714444,4.04094673516163,24/06/2005 13:00:00,0,,World Superbikes,
378,Rider,Adam Badziak,13.22025505060841,3.1474528782160385,23/06/2005 13:00:00,0,Suzuki GSX 1000R [2005],World Superbikes,
378,Rider,Adam Badziak,13.220437546031203,3.1469827515972755,24/06/2005 13:00:00,0,Suzuki GSX 1000R [2005],World Superbikes,
378,Rider,Adam Badziak,13.222032460694361,3.1468462308319336,14/07/2005 13:00:00,0,Suzuki GSX 1000R [2005],World Superbikes,
378,Rider,Adam Badziak,13.223767200937182,3.1471689798872435,15/07/2005 13:00:00,0,Suzuki GSX 1000R [2005],World Superbikes,
379,Rider,Miloš Cihák,9.487015006156364,2.2004529568410227,14/07/2005 13:00:00,0,Suzuki GSX-R 1000 K5 [2005],World Superbikes,
379,Rider,Miloš Cihák,9.485331026814174,2.1994537296898478,15/07/2005 13:00:00,0,Suzuki GSX-R 1000 K5 [2005],World Superbikes,
379,Rider,Miloš Cihák,9.483836389201894,2.198811644138775,20/07/2006 13:00:00,0,Suzuki GSX-R1000 K6 [2006],World Superbikes,
379,Rider,Miloš Cihák,9.48362077355416,2.198394411614239,21/07/2006 13:00:00,0,Suzuki GSX-R1000 K6 [2006],World Superbikes,
379,Rider,Miloš Cihák,9.483564234428012,2.1983083325492516,19/07/2007 13:00:00,0,Suzuki GSX-R1000 K6 [2007],World Superbikes,
379,Rider,Miloš Cihák,9.482941802088227,2.1985250816997874,20/07/2007 13:00:00,0,Suzuki GSX-R1000 K6 [2007],World Superbikes,
379,Rider,Miloš Cihák,9.481994833244777,2.199029555786991,17/07/2008 13:00:00,0,Suzuki GSX-R1000 K8 [2008],World Superbikes,
379,Rider,Miloš Cihák,9.482211323181724,2.199766253291098,18/07/2008 13:00:00,0,Suzuki GSX-R1000 K8 [2008],World Superbikes,
379,Rider,Miloš Cihák,9.482678935350174,2.200814275908936,24/07/2009 13:00:00,0,Suzuki GSX-R 1000 K9 [2009],World Superbikes,
379,Rider,Miloš Cihák,9.483688096490605,2.202015769590269,24/07/2009 13:00:00,1,Suzuki GSX-R 1000 K9 [2009],World Superbikes,
380,Rider,Jiri Drazdak,13.543573979260318,1.6119011105707826,14/07/2005 13:00:00,0,Yamaha YZF-R1 [2005],World Superbikes,
380,Rider,Jiri Drazdak,13.543894464723625,1.6101555317495706,15/07/2005 13:00:00,0,Yamaha YZF-R1 [2005],World Superbikes,
380,Rider,Jiri Drazdak,13.54494737863492,1.6086672638420458,20/07/2006 13:00:00,0,Yamaha YZF-R1 [2006],World Superbikes,
380,Rider,Jiri Drazdak,13.546232220157709,1.6074274868316345,21/07/2006 13:00:00,0,Yamaha YZF-R1 [2006],World Superbikes,
380,Rider,Jiri Drazdak,13.547856126526776,1.6064400771810257,07/09/2006 13:00:00,0,Yamaha YZF-R1 [2006],World Superbikes,
380,Rider,Jiri Drazdak,13.550351993870805,1.6056128854298588,08/09/2006 13:00:00,0,Yamaha YZF-R1 [2006],World Superbikes,
380,Rider,Jiri Drazdak,13.553774271756074,1.6049502881599822,05/10/2006 13:00:00,0,Yamaha YZF-R1 [2006],World Superbikes,
380,Rider,Jiri Drazdak,13.55829194240986,1.604454690990048,06/10/2006 13:00:00,0,Yamaha YZF-R1 [2006],World Superbikes,
380,Rider,Jiri Drazdak,13.559933908968555,1.6042307998332237,21/02/2007 13:00:00,0,Yamaha YZF-R1 [2007],World Superbikes,
380,Rider,Jiri Drazdak,13.562348244275569,1.6042249489796936,22/02/2007 13:00:00,0,Yamaha YZF-R1 [2007],World Superbikes,
380,Rider,Jiri Drazdak,13.565320343446889,1.6044400991467664,01/03/2007 13:00:00,0,Yamaha YZF-R1 [2007],World Superbikes,
380,Rider,Jiri Drazdak,13.569725835704004,1.6048261098039132,02/03/2007 13:00:00,0,Yamaha YZF-R1 [2007],World Superbikes,
380,Rider,Jiri Drazdak,13.574795471366828,1.6054196971327672,19/07/2007 13:00:00,0,Yamaha YZF-R1 [2007],World Superbikes,
380,Rider,Jiri Drazdak,13.578966953500903,1.6062574926176494,20/07/2007 13:00:00,0,Yamaha YZF-R1 [2007],World Superbikes,
380,Rider,Jiri Drazdak,13.581856110384537,1.6073443510850387,06/09/2007 13:00:00,0,Yamaha YZF-R1 [2007],World Superbikes,
380,Rider,Jiri Drazdak,13.585176607807847,1.6086372242533968,07/09/2007 13:00:00,0,Yamaha YZF-R1 [2007],World Superbikes,
380,Rider,Jiri Drazdak,13.587806424498222,1.6101337440767258,17/07/2008 13:00:00,0,Honda CBR1000RR [2008],World Superbikes,
380,Rider,Jiri Drazdak,13.589721442987186,1.6118771777955985,18/07/2008 13:00:00,0,Honda CBR1000RR [2008],World Superbikes,
381,Rider,Marek Svoboda,6.0832995320851415,2.4708388665901557,14/07/2005 13:00:00,0,Yamaha YZF-R1 [2005],World Superbikes,
381,Rider,Marek Svoboda,6.081983330098887,2.470028498169779,15/07/2005 13:00:00,0,Yamaha YZF-R1 [2005],World Superbikes,
381,Rider,Marek Svoboda,6.080759387397193,2.4695983540195114,20/07/2006 13:00:00,0,Yamaha YZF-R1 [2006],World Superbikes,
381,Rider,Marek Svoboda,6.079612156836195,2.469490784389777,21/07/2006 13:00:00,0,Yamaha YZF-R1 [2006],World Superbikes,
381,Rider,Marek Svoboda,6.077854544057889,2.4697656187139714,26/04/2007 13:00:00,0,Yamaha YZF-R1 [2007],World Superbikes,
381,Rider,Marek Svoboda,6.0769543083965925,2.4702526202933752,27/04/2007 13:00:00,0,Yamaha YZF-R1 [2007],World Superbikes,
381,Rider,Marek Svoboda,6.076986326949061,2.4709577379194005,10/05/2007 13:00:00,0,Yamaha YZF-R1 [2007],World Superbikes,
381,Rider,Marek Svoboda,6.077943742914334,2.471888011083702,11/05/2007 13:00:00,0,Yamaha YZF-R1 [2007],World Superbikes,
382,Rider,Jirí Trcka,10.028493724544333,4.027405933399086,14/07/2005 13:00:00,0,Ducati 999 RS [2005],World Superbikes,
382,Rider,Jirí Trcka,10.028513129274804,4.02740198590553,15/07/2005 13:00:00,0,Ducati 999 RS [2005],World Superbikes,
383,Rider,Pere Riba,29.96010567498701,3.1391304567320235,05/08/2005 13:00:00,0,Kawasaki ZX-10 [2005],World Superbikes,
383,Rider,Pere Riba,29.9603296823933,3.1388979385368563,05/08/2005 13:00:00,1,Kawasaki ZX-10 [2005],World Superbikes,
383,Rider,Pere Riba,29.9588756748585,3.1392225539726164,06/08/2005 13:00:00,0,Kawasaki ZX-10 [2005],World Superbikes,
384,Rider,Dennis Hobbs,27.66020250807526,3.105108905476108,05/08/2005 13:00:00,0,Yamaha YZF-R1 [2005],World Superbikes,
384,Rider,Dennis Hobbs,27.660643018108736,3.104853903617591,05/08/2005 13:00:00,1,Yamaha YZF-R1 [2005],World Superbikes,
384,Rider,Dennis Hobbs,27.660346526849704,3.1051576601375057,06/08/2005 13:00:00,0,Yamaha YZF-R1 [2005],World Superbikes,
385,Rider,Jürgen van den Goorbergh,21.981455880514826,3.550498880309019,01/09/2005 13:00:00,0,Suzuki GSX-R 1000 K5 [2005],World Superbikes,
385,Rider,Jürgen van den Goorbergh,21.981517319161455,3.5505000757169807,02/09/2005 13:00:00,0,Suzuki GSX-R 1000 K5 [2005],World Superbikes,
386,Rider,Bob Withag,15.29353917231097,3.6821554222102573,01/09/2005 13:00:00,0,Yamaha YZF-R1 [2005],World Superbikes,
386,Rider,Bob Withag,15.293357469606743,3.6821566983123377,02/09/2005 13:00:00,0,Yamaha YZF-R1 [2005],World Superbikes,
387,Rider,Ralf Waldmann,22.668926023660028,3.5717494372863525,08/09/2005 13:00:00,0,Honda CBR 1000RR Fireblade [2005],World Superbikes,
387,Rider,Ralf Waldmann,22.669477851513268,3.5717347690352397,09/09/2005 13:00:00,0,Honda CBR 1000RR Fireblade [2005],World Superbikes,
388,Rider,Maurizio Prattichizzo,20.06292228170623,3.604999306635724,29/09/2005 13:00:00,0,Kawasaki ZX-10 [2005],World Superbikes,
388,Rider,Maurizio Prattichizzo,20.062487507912497,3.6050225213953015,30/09/2005 13:00:00,0,Kawasaki ZX-10 [2005],World Superbikes,
389,Rider,Julien Da Costa,24.213656669563434,3.570053845679919,06/10/2005 13:00:00,0,Yamaha YZF-R1 [2005],World Superbikes,
389,Rider,Julien Da Costa,24.213389369207384,3.570055932196688,07/10/2005 13:00:00,0,Yamaha YZF-R1 [2005],World Superbikes,
390,Rider,Vincent Philippe,23.546525492840424,2.468446814840483,06/10/2005 13:00:00,0,Suzuki GSX-R 1000 K5 [2005],World Superbikes,
390,Rider,Vincent Philippe,23.547482369292144,2.4676994311783633,07/10/2005 13:00:00,0,Suzuki GSX-R 1000 K5 [2005],World Superbikes,
390,Rider,Vincent Philippe,23.54987461873876,2.467358465690669,04/10/2013 13:00:00,0,Suzuki GSX-R 1000 K9 [2013],World Superbikes,
390,Rider,Vincent Philippe,23.55059057568939,2.4674406770256394,04/10/2013 13:00:00,1,Suzuki GSX-R 1000 K9 [2013],World Superbikes,
390,Rider,Vincent Philippe,23.550843383662116,2.4679517264356727,05/10/2013 13:00:00,0,Suzuki GSX-R 1000 K9 [2013],World Superbikes,
390,Rider,Vincent Philippe,23.55016787950595,2.468881498287726,05/10/2013 13:00:00,1,Suzuki GSX-R 1000 K9 [2013],World Superbikes,
391,Rider,Andi Notman,15.288930540256905,3.719352786046512,06/10/2005 13:00:00,0,Petronas FP1 [2005],World Superbikes,
391,Rider,Andi Notman,15.28888889406427,3.719353247233365,07/10/2005 13:00:00,0,Petronas FP1 [2005],World Superbikes,
392,Rider,Laurent Brian,14.551701338411133,3.933267527071323,06/10/2005 13:00:00,0,Kawasaki ZX-10 [2005],World Superbikes,
392,Rider,Laurent Brian,14.551296915867542,3.9333244282366513,07/10/2005 13:00:00,0,Kawasaki ZX-10 [2005],World Superbikes,
393,Bike,Ducati 999 F06 [2006],27.304387007246433,1.1310763085245057,22/02/2006 13:00:00,0,,World Superbikes,
393,Bike,Ducati 999 F06 [2006],27.30573854155319,1.1282731852686434,23/02/2006 13:00:00,0,,World Superbikes,
393,Bike,Ducati 999 F06 [2006],27.306149923814253,1.1256267675744223,24/02/2006 13:00:00,0,,World Superbikes,
393,Bike,Ducati 999 F06 [2006],27.30512196821638,1.1231211273747788,02/03/2006 13:00:00,0,,World Superbikes,
393,Bike,Ducati 999 F06 [2006],27.304507764216382,1.1207708152815699,03/03/2006 13:00:00,0,,World Superbikes,
393,Bike,Ducati 999 F06 [2006],27.303712929799257,1.118578140255521,03/03/2006 13:00:00,1,,World Superbikes,
393,Bike,Ducati 999 F06 [2006],27.302465119044193,1.1165353863399843,20/04/2006 13:00:00,0,,World Superbikes,
393,Bike,Ducati 999 F06 [2006],27.300967998045785,1.1146687448938002,21/04/2006 13:00:00,0,,World Superbikes,
393,Bike,Ducati 999 F06 [2006],27.29854774992171,1.1129431967580186,22/04/2006 13:00:00,0,,World Superbikes,
393,Bike,Ducati 999 F06 [2006],27.295390024640323,1.1113784455944586,04/05/2006 13:00:00,0,,World Superbikes,
393,Bike,Ducati 999 F06 [2006],27.292319045149668,1.1099909279174043,05/05/2006 13:00:00,0,,World Superbikes,
393,Bike,Ducati 999 F06 [2006],27.289506608153314,1.1087788238732021,06/05/2006 13:00:00,0,,World Superbikes,
393,Bike,Ducati 999 F06 [2006],27.287391642479772,1.1077295847055166,26/05/2006 13:00:00,0,,World Superbikes,
393,Bike,Ducati 999 F06 [2006],27.28526693098946,1.1068352740330814,26/05/2006 13:00:00,1,,World Superbikes,
393,Bike,Ducati 999 F06 [2006],27.286085535860696,1.106098238938693,27/05/2006 13:00:00,0,,World Superbikes,
393,Bike,Ducati 999 F06 [2006],27.2868039126244,1.1055214051876694,22/06/2006 13:00:00,0,,World Superbikes,
393,Bike,Ducati 999 F06 [2006],27.28717765104482,1.10509908236829,23/06/2006 13:00:00,0,,World Superbikes,
393,Bike,Ducati 999 F06 [2006],27.286662220940983,1.1048299889246962,24/06/2006 13:00:00,0,,World Superbikes,
393,Bike,Ducati 999 F06 [2006],27.286891408570703,1.1047440953006324,20/07/2006 13:00:00,0,,World Superbikes,
393,Bike,Ducati 999 F06 [2006],27.287367164738335,1.1048467907248407,21/07/2006 13:00:00,0,,World Superbikes,
393,Bike,Ducati 999 F06 [2006],27.2878442200549,1.1051293060942302,22/07/2006 13:00:00,0,,World Superbikes,
393,Bike,Ducati 999 F06 [2006],27.28784594760751,1.1055883070065635,04/08/2006 13:00:00,0,,World Superbikes,
393,Bike,Ducati 999 F06 [2006],27.287199434033663,1.1062023435949624,04/08/2006 13:00:00,1,,World Superbikes,
393,Bike,Ducati 999 F06 [2006],27.286738704618703,1.1070014847274805,05/08/2006 13:00:00,0,,World Superbikes,
393,Bike,Ducati 999 F06 [2006],27.286018435388122,1.1079492750404938,31/08/2006 13:00:00,0,,World Superbikes,
393,Bike,Ducati 999 F06 [2006],27.283824033950896,1.1090394633536957,01/09/2006 13:00:00,0,,World Superbikes,
393,Bike,Ducati 999 F06 [2006],27.280905126083628,1.1102837044809264,02/09/2006 13:00:00,0,,World Superbikes,
393,Bike,Ducati 999 F06 [2006],27.278549011617088,1.1117091765548017,07/09/2006 13:00:00,0,,World Superbikes,
393,Bike,Ducati 999 F06 [2006],27.27519269971831,1.113288035425106,08/09/2006 13:00:00,0,,World Superbikes,
393,Bike,Ducati 999 F06 [2006],27.27132235747702,1.1150223842071374,09/09/2006 13:00:00,0,,World Superbikes,
393,Bike,Ducati 999 F06 [2006],27.266426756126023,1.1169067849676573,28/09/2006 13:00:00,0,,World Superbikes,
393,Bike,Ducati 999 F06 [2006],27.26185560001229,1.1189771643525828,29/09/2006 13:00:00,0,,World Superbikes,
393,Bike,Ducati 999 F06 [2006],27.257994995709474,1.1212413168207813,30/09/2006 13:00:00,0,,World Superbikes,
393,Bike,Ducati 999 F06 [2006],27.253864131331518,1.1236555793090373,05/10/2006 13:00:00,0,,World Superbikes,
393,Bike,Ducati 999 F06 [2006],27.249664524268702,1.126258563975752,06/10/2006 13:00:00,0,,World Superbikes,
393,Bike,Ducati 999 F06 [2006],27.249576165751662,1.1290327559410474,07/10/2006 13:00:00,0,,World Superbikes,
394,Bike,Kawasaki ZX-10R [2006],22.076250662134846,1.0761615842684582,22/02/2006 13:00:00,0,,World Superbikes,
394,Bike,Kawasaki ZX-10R [2006],22.07417741647803,1.0732194052642108,23/02/2006 13:00:00,0,,World Superbikes,
394,Bike,Kawasaki ZX-10R [2006],22.072556509365654,1.0704493708347955,24/02/2006 13:00:00,0,,World Superbikes,
394,Bike,Kawasaki ZX-10R [2006],22.071622123782262,1.0678515438264362,02/03/2006 13:00:00,0,,World Superbikes,
394,Bike,Kawasaki ZX-10R [2006],22.070739624273024,1.0654298855574231,03/03/2006 13:00:00,0,,World Superbikes,
394,Bike,Kawasaki ZX-10R [2006],22.069899688252843,1.0631852100379349,03/03/2006 13:00:00,1,,World Superbikes,
394,Bike,Kawasaki ZX-10R [2006],22.06981407071065,1.0611098272803074,20/04/2006 13:00:00,0,,World Superbikes,
394,Bike,Kawasaki ZX-10R [2006],22.069850761390658,1.0592122498891956,21/04/2006 13:00:00,0,,World Superbikes,
394,Bike,Kawasaki ZX-10R [2006],22.069772894646643,1.0574793698712919,22/04/2006 13:00:00,0,,World Superbikes,
394,Bike,Kawasaki ZX-10R [2006],22.06893790378856,1.0559215587826927,04/05/2006 13:00:00,0,,World Superbikes,
394,Bike,Kawasaki ZX-10R [2006],22.068291731510385,1.054535768585749,05/05/2006 13:00:00,0,,World Superbikes,
394,Bike,Kawasaki ZX-10R [2006],22.067712741149165,1.0533195377380997,06/05/2006 13:00:00,0,,World Superbikes,
394,Bike,Kawasaki ZX-10R [2006],22.0668414332303,1.0522676938018876,26/05/2006 13:00:00,0,,World Superbikes,
394,Bike,Kawasaki ZX-10R [2006],22.065219858836603,1.051392585122784,26/05/2006 13:00:00,1,,World Superbikes,
394,Bike,Kawasaki ZX-10R [2006],22.063532645837935,1.0506863250478098,27/05/2006 13:00:00,0,,World Superbikes,
394,Bike,Kawasaki ZX-10R [2006],22.061379741973017,1.0501502506430263,22/06/2006 13:00:00,0,,World Superbikes,
394,Bike,Kawasaki ZX-10R [2006],22.058533193161555,1.049786999630034,23/06/2006 13:00:00,0,,World Superbikes,
394,Bike,Kawasaki ZX-10R [2006],22.055437387395443,1.049596111779971,24/06/2006 13:00:00,0,,World Superbikes,
394,Bike,Kawasaki ZX-10R [2006],22.052495958197653,1.049568275591927,20/07/2006 13:00:00,0,,World Superbikes,
394,Bike,Kawasaki ZX-10R [2006],22.048916417935786,1.0497157647531083,21/07/2006 13:00:00,0,,World Superbikes,
394,Bike,Kawasaki ZX-10R [2006],22.04464943655641,1.0500371078368829,22/07/2006 13:00:00,0,,World Superbikes,
394,Bike,Kawasaki ZX-10R [2006],22.040647036639157,1.0505304310576127,04/08/2006 13:00:00,0,,World Superbikes,
394,Bike,Kawasaki ZX-10R [2006],22.036371773337663,1.0512025091739814,04/08/2006 13:00:00,1,,World Superbikes,
394,Bike,Kawasaki ZX-10R [2006],22.03158672995146,1.0520466607996917,05/08/2006 13:00:00,0,,World Superbikes,
394,Bike,Kawasaki ZX-10R [2006],22.026491968826072,1.0530638690348155,31/08/2006 13:00:00,0,,World Superbikes,
394,Bike,Kawasaki ZX-10R [2006],22.021417735957005,1.0542616773155051,01/09/2006 13:00:00,0,,World Superbikes,
394,Bike,Kawasaki ZX-10R [2006],22.01616877176835,1.0556396879008163,02/09/2006 13:00:00,0,,World Superbikes,
394,Bike,Kawasaki ZX-10R [2006],22.011119305454606,1.0571887578687635,07/09/2006 13:00:00,0,,World Superbikes,
394,Bike,Kawasaki ZX-10R [2006],22.006341010476696,1.0589065984938246,08/09/2006 13:00:00,0,,World Superbikes,
394,Bike,Kawasaki ZX-10R [2006],22.002077195409445,1.060793417732081,09/09/2006 13:00:00,0,,World Superbikes,
394,Bike,Kawasaki ZX-10R [2006],21.99831042425543,1.0628533220272716,28/09/2006 13:00:00,0,,World Superbikes,
394,Bike,Kawasaki ZX-10R [2006],21.995159990307698,1.0650965096530842,29/09/2006 13:00:00,0,,World Superbikes,
394,Bike,Kawasaki ZX-10R [2006],21.992787117611996,1.0675237393230457,30/09/2006 13:00:00,0,,World Superbikes,
394,Bike,Kawasaki ZX-10R [2006],21.992115825348733,1.070115550595594,05/10/2006 13:00:00,0,,World Superbikes,
394,Bike,Kawasaki ZX-10R [2006],21.991503997284816,1.072888049154991,06/10/2006 13:00:00,0,,World Superbikes,
394,Bike,Kawasaki ZX-10R [2006],21.99116768694346,1.0758309179815984,07/10/2006 13:00:00,0,,World Superbikes,
395,Bike,Suzuki GSX-R1000 K6 [2006],24.546606876202993,1.1063414546823973,22/02/2006 13:00:00,0,,World Superbikes,
395,Bike,Suzuki GSX-R1000 K6 [2006],24.547340791745537,1.1034959998460798,23/02/2006 13:00:00,0,,World Superbikes,
395,Bike,Suzuki GSX-R1000 K6 [2006],24.548549330964505,1.1008277728942775,24/02/2006 13:00:00,0,,World Superbikes,
395,Bike,Suzuki GSX-R1000 K6 [2006],24.54996249059046,1.098340348660663,02/03/2006 13:00:00,0,,World Superbikes,
395,Bike,Suzuki GSX-R1000 K6 [2006],24.551680248381633,1.0960281532467961,03/03/2006 13:00:00,0,,World Superbikes,
395,Bike,Suzuki GSX-R1000 K6 [2006],24.553766436533813,1.0938828050538087,03/03/2006 13:00:00,1,,World Superbikes,
395,Bike,Suzuki GSX-R1000 K6 [2006],24.55608611376801,1.0919018620052279,20/04/2006 13:00:00,0,,World Superbikes,
395,Bike,Suzuki GSX-R1000 K6 [2006],24.55751724417813,1.0900928685449942,21/04/2006 13:00:00,0,,World Superbikes,
395,Bike,Suzuki GSX-R1000 K6 [2006],24.559456098701816,1.0884708043597793,22/04/2006 13:00:00,0,,World Superbikes,
395,Bike,Suzuki GSX-R1000 K6 [2006],24.56123200472177,1.0870003023857364,04/05/2006 13:00:00,0,,World Superbikes,
395,Bike,Suzuki GSX-R1000 K6 [2006],24.56342085341634,1.0857101050845042,05/05/2006 13:00:00,0,,World Superbikes,
395,Bike,Suzuki GSX-R1000 K6 [2006],24.564842217642582,1.0845850934163146,06/05/2006 13:00:00,0,,World Superbikes,
395,Bike,Suzuki GSX-R1000 K6 [2006],24.56572294599762,1.0836134780243547,26/05/2006 13:00:00,0,,World Superbikes,
395,Bike,Suzuki GSX-R1000 K6 [2006],24.566704760483574,1.0828142057462664,26/05/2006 13:00:00,1,,World Superbikes,
395,Bike,Suzuki GSX-R1000 K6 [2006],24.567504623831233,1.0821709327526365,27/05/2006 13:00:00,0,,World Superbikes,
395,Bike,Suzuki GSX-R1000 K6 [2006],24.570408455362017,1.08169079843959,22/06/2006 13:00:00,0,,World Superbikes,
395,Bike,Suzuki GSX-R1000 K6 [2006],24.572998489585228,1.081386727756236,23/06/2006 13:00:00,0,,World Superbikes,
395,Bike,Suzuki GSX-R1000 K6 [2006],24.57557774414513,1.081257030318304,24/06/2006 13:00:00,0,,World Superbikes,
395,Bike,Suzuki GSX-R1000 K6 [2006],24.578270798938483,1.0812945163782113,20/07/2006 13:00:00,0,,World Superbikes,
395,Bike,Suzuki GSX-R1000 K6 [2006],24.581545812339062,1.0814965377112904,21/07/2006 13:00:00,0,,World Superbikes,
395,Bike,Suzuki GSX-R1000 K6 [2006],24.58456421043681,1.08186431326553,22/07/2006 13:00:00,0,,World Superbikes,
395,Bike,Suzuki GSX-R1000 K6 [2006],24.58718023581987,1.0824070208338221,04/08/2006 13:00:00,0,,World Superbikes,
395,Bike,Suzuki GSX-R1000 K6 [2006],24.589333532277163,1.0831247316804125,04/08/2006 13:00:00,1,,World Superbikes,
395,Bike,Suzuki GSX-R1000 K6 [2006],24.591153310203428,1.0840221570298645,05/08/2006 13:00:00,0,,World Superbikes,
395,Bike,Suzuki GSX-R1000 K6 [2006],24.593323026742667,1.0850989620330502,31/08/2006 13:00:00,0,,World Superbikes,
395,Bike,Suzuki GSX-R1000 K6 [2006],24.59633779284454,1.0863387765362993,01/09/2006 13:00:00,0,,World Superbikes,
395,Bike,Suzuki GSX-R1000 K6 [2006],24.599902272132667,1.087738900174725,02/09/2006 13:00:00,0,,World Superbikes,
395,Bike,Suzuki GSX-R1000 K6 [2006],24.602069866923994,1.0892839697777974,07/09/2006 13:00:00,0,,World Superbikes,
395,Bike,Suzuki GSX-R1000 K6 [2006],24.604373700895223,1.0910035339986786,08/09/2006 13:00:00,0,,World Superbikes,
395,Bike,Suzuki GSX-R1000 K6 [2006],24.606620356918786,1.0929024439901756,09/09/2006 13:00:00,0,,World Superbikes,
395,Bike,Suzuki GSX-R1000 K6 [2006],24.609485921517383,1.0949826274700876,28/09/2006 13:00:00,0,,World Superbikes,
395,Bike,Suzuki GSX-R1000 K6 [2006],24.6116079162299,1.0972434647010916,29/09/2006 13:00:00,0,,World Superbikes,
395,Bike,Suzuki GSX-R1000 K6 [2006],24.612403845976118,1.0996778071681588,30/09/2006 13:00:00,0,,World Superbikes,
395,Bike,Suzuki GSX-R1000 K6 [2006],24.613184267052674,1.1022715506141965,05/10/2006 13:00:00,0,,World Superbikes,
395,Bike,Suzuki GSX-R1000 K6 [2006],24.614211790419592,1.105053609983253,06/10/2006 13:00:00,0,,World Superbikes,
395,Bike,Suzuki GSX-R1000 K6 [2006],24.61477255077593,1.1079084993444777,07/10/2006 13:00:00,0,,World Superbikes,
396,Bike,Yamaha YZF-R1 [2006],26.09007727341636,1.089423005252654,22/02/2006 13:00:00,0,,World Superbikes,
396,Bike,Yamaha YZF-R1 [2006],26.090016961713506,1.0865158778171078,23/02/2006 13:00:00,0,,World Superbikes,
396,Bike,Yamaha YZF-R1 [2006],26.090042415678965,1.0837719979646792,24/02/2006 13:00:00,0,,World Superbikes,
396,Bike,Yamaha YZF-R1 [2006],26.089529000910925,1.0812015488348121,02/03/2006 13:00:00,0,,World Superbikes,
396,Bike,Yamaha YZF-R1 [2006],26.089372103055734,1.0788162110296537,03/03/2006 13:00:00,0,,World Superbikes,
396,Bike,Yamaha YZF-R1 [2006],26.089231989394428,1.0766097079864143,03/03/2006 13:00:00,1,,World Superbikes,
396,Bike,Yamaha YZF-R1 [2006],26.08942486481438,1.0745824090089613,20/04/2006 13:00:00,0,,World Superbikes,
396,Bike,Yamaha YZF-R1 [2006],26.08985278205439,1.0727184347120495,21/04/2006 13:00:00,0,,World Superbikes,
396,Bike,Yamaha YZF-R1 [2006],26.09125368846529,1.0710194404005962,22/04/2006 13:00:00,0,,World Superbikes,
396,Bike,Yamaha YZF-R1 [2006],26.093022623706794,1.0694986957074748,04/05/2006 13:00:00,0,,World Superbikes,
396,Bike,Yamaha YZF-R1 [2006],26.094534830595357,1.0681503883492558,05/05/2006 13:00:00,0,,World Superbikes,
396,Bike,Yamaha YZF-R1 [2006],26.09625552557015,1.0669811137500436,06/05/2006 13:00:00,0,,World Superbikes,
396,Bike,Yamaha YZF-R1 [2006],26.098576528554084,1.0659862053393125,26/05/2006 13:00:00,0,,World Superbikes,
396,Bike,Yamaha YZF-R1 [2006],26.100356415450843,1.0651720101101538,26/05/2006 13:00:00,1,,World Superbikes,
396,Bike,Yamaha YZF-R1 [2006],26.102142253566083,1.0645296758802918,27/05/2006 13:00:00,0,,World Superbikes,
396,Bike,Yamaha YZF-R1 [2006],26.104145012948884,1.064057884956205,22/06/2006 13:00:00,0,,World Superbikes,
396,Bike,Yamaha YZF-R1 [2006],26.106526473813215,1.0637687477997047,23/06/2006 13:00:00,0,,World Superbikes,
396,Bike,Yamaha YZF-R1 [2006],26.108807111809455,1.0636605373207906,24/06/2006 13:00:00,0,,World Superbikes,
396,Bike,Yamaha YZF-R1 [2006],26.110607626134623,1.0637182733350283,20/07/2006 13:00:00,0,,World Superbikes,
396,Bike,Yamaha YZF-R1 [2006],26.112742270154726,1.063938058736449,21/07/2006 13:00:00,0,,World Superbikes,
396,Bike,Yamaha YZF-R1 [2006],26.11508694087041,1.0643232826346356,22/07/2006 13:00:00,0,,World Superbikes,
396,Bike,Yamaha YZF-R1 [2006],26.116461507040412,1.0648605886743796,04/08/2006 13:00:00,0,,World Superbikes,
396,Bike,Yamaha YZF-R1 [2006],26.11771232222688,1.065568809214997,04/08/2006 13:00:00,1,,World Superbikes,
396,Bike,Yamaha YZF-R1 [2006],26.11895795606563,1.0664463323772702,05/08/2006 13:00:00,0,,World Superbikes,
396,Bike,Yamaha YZF-R1 [2006],26.11991687162547,1.0674852412745133,31/08/2006 13:00:00,0,,World Superbikes,
396,Bike,Yamaha YZF-R1 [2006],26.12110975871977,1.0687037046629588,01/09/2006 13:00:00,0,,World Superbikes,
396,Bike,Yamaha YZF-R1 [2006],26.12207153112223,1.0701053945967447,02/09/2006 13:00:00,0,,World Superbikes,
396,Bike,Yamaha YZF-R1 [2006],26.12330915686356,1.0716522266496258,07/09/2006 13:00:00,0,,World Superbikes,
396,Bike,Yamaha YZF-R1 [2006],26.12484891903083,1.073354535750096,08/09/2006 13:00:00,0,,World Superbikes,
396,Bike,Yamaha YZF-R1 [2006],26.126582280675272,1.0752142694971654,09/09/2006 13:00:00,0,,World Superbikes,
396,Bike,Yamaha YZF-R1 [2006],26.127156484029843,1.0772374867802343,28/09/2006 13:00:00,0,,World Superbikes,
396,Bike,Yamaha YZF-R1 [2006],26.128107215505118,1.0794456097439276,29/09/2006 13:00:00,0,,World Superbikes,
396,Bike,Yamaha YZF-R1 [2006],26.129245106311796,1.0818391738981874,30/09/2006 13:00:00,0,,World Superbikes,
396,Bike,Yamaha YZF-R1 [2006],26.130493275773674,1.0843976100830723,05/10/2006 13:00:00,0,,World Superbikes,
396,Bike,Yamaha YZF-R1 [2006],26.13119845012774,1.0871181982450604,06/10/2006 13:00:00,0,,World Superbikes,
396,Bike,Yamaha YZF-R1 [2006],26.13117674321386,1.0900133649903005,07/10/2006 13:00:00,0,,World Superbikes,
397,Rider,Alex Barros,36.02800448518272,1.0944089897382696,22/02/2006 13:00:00,0,Honda CBR 1000RR Fireblade [2006],World Superbikes,
397,Rider,Alex Barros,36.02844773922535,1.0915331388134855,23/02/2006 13:00:00,0,Honda CBR 1000RR Fireblade [2006],World Superbikes,
397,Rider,Alex Barros,36.02911458411411,1.0888432586000627,24/02/2006 13:00:00,0,Honda CBR 1000RR Fireblade [2006],World Superbikes,
397,Rider,Alex Barros,36.03021423734494,1.086329285320819,02/03/2006 13:00:00,0,Honda CBR 1000RR Fireblade [2006],World Superbikes,
397,Rider,Alex Barros,36.029226359668144,1.0839754392215692,03/03/2006 13:00:00,0,Honda CBR 1000RR Fireblade [2006],World Superbikes,
397,Rider,Alex Barros,36.028046129239414,1.081805917592708,03/03/2006 13:00:00,1,Honda CBR 1000RR Fireblade [2006],World Superbikes,
397,Rider,Alex Barros,36.025992409570684,1.0798102500570295,20/04/2006 13:00:00,0,Honda CBR 1000RR Fireblade [2006],World Superbikes,
397,Rider,Alex Barros,36.024228275620914,1.0779995928194608,21/04/2006 13:00:00,0,Honda CBR 1000RR Fireblade [2006],World Superbikes,
397,Rider,Alex Barros,36.02346399544098,1.0763752669216082,22/04/2006 13:00:00,0,Honda CBR 1000RR Fireblade [2006],World Superbikes,
397,Rider,Alex Barros,36.0252077583709,1.0748890873660804,04/05/2006 13:00:00,0,Honda CBR 1000RR Fireblade [2006],World Superbikes,
397,Rider,Alex Barros,36.02614635972202,1.0735792249709433,05/05/2006 13:00:00,0,Honda CBR 1000RR Fireblade [2006],World Superbikes,
397,Rider,Alex Barros,36.02628632119542,1.0724463471458117,06/05/2006 13:00:00,0,Honda CBR 1000RR Fireblade [2006],World Superbikes,
397,Rider,Alex Barros,36.02494362787075,1.0714735348621975,26/05/2006 13:00:00,0,Honda CBR 1000RR Fireblade [2006],World Superbikes,
397,Rider,Alex Barros,36.02408828796793,1.0706830183558775,26/05/2006 13:00:00,1,Honda CBR 1000RR Fireblade [2006],World Superbikes,
397,Rider,Alex Barros,36.021763831873976,1.0700392519587831,27/05/2006 13:00:00,0,Honda CBR 1000RR Fireblade [2006],World Superbikes,
397,Rider,Alex Barros,36.01880077167593,1.0695702770547693,22/06/2006 13:00:00,0,Honda CBR 1000RR Fireblade [2006],World Superbikes,
397,Rider,Alex Barros,36.01635361320573,1.0692840446776248,23/06/2006 13:00:00,0,Honda CBR 1000RR Fireblade [2006],World Superbikes,
397,Rider,Alex Barros,36.014316530318155,1.0691798068234797,24/06/2006 13:00:00,0,Honda CBR 1000RR Fireblade [2006],World Superbikes,
397,Rider,Alex Barros,36.01298334575811,1.0692426718645138,20/07/2006 13:00:00,0,Honda CBR 1000RR Fireblade [2006],World Superbikes,
397,Rider,Alex Barros,36.012067060116664,1.0694862863518828,21/07/2006 13:00:00,0,Honda CBR 1000RR Fireblade [2006],World Superbikes,
397,Rider,Alex Barros,36.01202974559198,1.0699109731174734,22/07/2006 13:00:00,0,Honda CBR 1000RR Fireblade [2006],World Superbikes,
397,Rider,Alex Barros,36.01372488731088,1.0704956641079046,04/08/2006 13:00:00,0,Honda CBR 1000RR Fireblade [2006],World Superbikes,
397,Rider,Alex Barros,36.016396354704746,1.0712608986460985,04/08/2006 13:00:00,1,Honda CBR 1000RR Fireblade [2006],World Superbikes,
397,Rider,Alex Barros,36.02035855689573,1.0722052126587753,31/08/2006 13:00:00,0,Honda CBR 1000RR Fireblade [2006],World Superbikes,
397,Rider,Alex Barros,36.023201796150595,1.0733271523714072,01/09/2006 13:00:00,0,Honda CBR 1000RR Fireblade [2006],World Superbikes,
397,Rider,Alex Barros,36.02535098888239,1.074629409981694,02/09/2006 13:00:00,0,Honda CBR 1000RR Fireblade [2006],World Superbikes,
397,Rider,Alex Barros,36.02654360358458,1.076102381002148,07/09/2006 13:00:00,0,Honda CBR 1000RR Fireblade [2006],World Superbikes,
397,Rider,Alex Barros,36.02747439877865,1.0777560130830048,08/09/2006 13:00:00,0,Honda CBR 1000RR Fireblade [2006],World Superbikes,
397,Rider,Alex Barros,36.02669785545359,1.0795770452395481,09/09/2006 13:00:00,0,Honda CBR 1000RR Fireblade [2006],World Superbikes,
397,Rider,Alex Barros,36.025400417250246,1.0815739390995383,28/09/2006 13:00:00,0,Honda CBR 1000RR Fireblade [2006],World Superbikes,
397,Rider,Alex Barros,36.0229923831333,1.0837477127410258,29/09/2006 13:00:00,0,Honda CBR 1000RR Fireblade [2006],World Superbikes,
397,Rider,Alex Barros,36.019467901258736,1.086100153773232,30/09/2006 13:00:00,0,Honda CBR 1000RR Fireblade [2006],World Superbikes,
397,Rider,Alex Barros,36.01580139896054,1.0886278485835603,05/10/2006 13:00:00,0,Honda CBR 1000RR Fireblade [2006],World Superbikes,
397,Rider,Alex Barros,36.01202778554815,1.0913391964346875,06/10/2006 13:00:00,0,Honda CBR 1000RR Fireblade [2006],World Superbikes,
397,Rider,Alex Barros,36.00978267867526,1.0942255564835563,07/10/2006 13:00:00,0,Honda CBR 1000RR Fireblade [2006],World Superbikes,
398,Bike,Honda CBR 1000RR Fireblade [2006],23.57662348834539,1.083196994439998,22/02/2006 13:00:00,0,,World Superbikes,
398,Bike,Honda CBR 1000RR Fireblade [2006],23.576937484567434,1.080292318123596,23/02/2006 13:00:00,0,,World Superbikes,
398,Bike,Honda CBR 1000RR Fireblade [2006],23.57682265352321,1.0775693377304256,24/02/2006 13:00:00,0,,World Superbikes,
398,Bike,Honda CBR 1000RR Fireblade [2006],23.577149753103015,1.0750154125477691,02/03/2006 13:00:00,0,,World Superbikes,
398,Bike,Honda CBR 1000RR Fireblade [2006],23.57687074400331,1.0726395410886682,03/03/2006 13:00:00,0,,World Superbikes,
398,Bike,Honda CBR 1000RR Fireblade [2006],23.576491250514106,1.070446176675899,03/03/2006 13:00:00,1,,World Superbikes,
398,Bike,Honda CBR 1000RR Fireblade [2006],23.575420176899133,1.0684248853095297,20/04/2006 13:00:00,0,,World Superbikes,
398,Bike,Honda CBR 1000RR Fireblade [2006],23.574817690818453,1.0665659959314253,21/04/2006 13:00:00,0,,World Superbikes,
398,Bike,Honda CBR 1000RR Fireblade [2006],23.574249826467707,1.0648801491470545,22/04/2006 13:00:00,0,,World Superbikes,
398,Bike,Honda CBR 1000RR Fireblade [2006],23.575223661563722,1.0633517623013957,04/05/2006 13:00:00,0,,World Superbikes,
398,Bike,Honda CBR 1000RR Fireblade [2006],23.576284847801713,1.0620009632861453,05/05/2006 13:00:00,0,,World Superbikes,
398,Bike,Honda CBR 1000RR Fireblade [2006],23.57698611252843,1.0608276309824998,06/05/2006 13:00:00,0,,World Superbikes,
398,Bike,Honda CBR 1000RR Fireblade [2006],23.57780624401361,1.0598145173913367,26/05/2006 13:00:00,0,,World Superbikes,
398,Bike,Honda CBR 1000RR Fireblade [2006],23.578550793623542,1.058981154150305,26/05/2006 13:00:00,1,,World Superbikes,
398,Bike,Honda CBR 1000RR Fireblade [2006],23.578982807725275,1.0583074396708678,27/05/2006 13:00:00,0,,World Superbikes,
398,Bike,Honda CBR 1000RR Fireblade [2006],23.579259584342424,1.0578067909358932,22/06/2006 13:00:00,0,,World Superbikes,
398,Bike,Honda CBR 1000RR Fireblade [2006],23.58001054587445,1.0574856074785788,23/06/2006 13:00:00,0,,World Superbikes,
398,Bike,Honda CBR 1000RR Fireblade [2006],23.58152507848546,1.057345479303293,24/06/2006 13:00:00,0,,World Superbikes,
398,Bike,Honda CBR 1000RR Fireblade [2006],23.5828458778343,1.0573585668388976,20/07/2006 13:00:00,0,,World Superbikes,
398,Bike,Honda CBR 1000RR Fireblade [2006],23.583488836823612,1.0575435705020855,21/07/2006 13:00:00,0,,World Superbikes,
398,Bike,Honda CBR 1000RR Fireblade [2006],23.584057416419054,1.0579087538005754,22/07/2006 13:00:00,0,,World Superbikes,
398,Bike,Honda CBR 1000RR Fireblade [2006],23.585088338666086,1.058433197984014,04/08/2006 13:00:00,0,,World Superbikes,
398,Bike,Honda CBR 1000RR Fireblade [2006],23.586555486362318,1.0591366273481446,04/08/2006 13:00:00,1,,World Superbikes,
398,Bike,Honda CBR 1000RR Fireblade [2006],23.588110034947256,1.0600199806886512,05/08/2006 13:00:00,0,,World Superbikes,
398,Bike,Honda CBR 1000RR Fireblade [2006],23.589735208233034,1.0610612986844623,31/08/2006 13:00:00,0,,World Superbikes,
398,Bike,Honda CBR 1000RR Fireblade [2006],23.590538175372114,1.0622805750555302,01/09/2006 13:00:00,0,,World Superbikes,
398,Bike,Honda CBR 1000RR Fireblade [2006],23.59066893824017,1.0636751534058837,02/09/2006 13:00:00,0,,World Superbikes,
398,Bike,Honda CBR 1000RR Fireblade [2006],23.590658531530405,1.0652401490555579,07/09/2006 13:00:00,0,,World Superbikes,
398,Bike,Honda CBR 1000RR Fireblade [2006],23.59057383147411,1.066985867098357,08/09/2006 13:00:00,0,,World Superbikes,
398,Bike,Honda CBR 1000RR Fireblade [2006],23.590260938372765,1.0689103340321064,09/09/2006 13:00:00,0,,World Superbikes,
398,Bike,Honda CBR 1000RR Fireblade [2006],23.58993305319119,1.0709979731608192,28/09/2006 13:00:00,0,,World Superbikes,
398,Bike,Honda CBR 1000RR Fireblade [2006],23.589480417430266,1.073252001606972,29/09/2006 13:00:00,0,,World Superbikes,
398,Bike,Honda CBR 1000RR Fireblade [2006],23.58928901772103,1.0756746317872958,30/09/2006 13:00:00,0,,World Superbikes,
398,Bike,Honda CBR 1000RR Fireblade [2006],23.589031922096634,1.07826587026607,05/10/2006 13:00:00,0,,World Superbikes,
398,Bike,Honda CBR 1000RR Fireblade [2006],23.58876977731858,1.0810291601153776,06/10/2006 13:00:00,0,,World Superbikes,
398,Bike,Honda CBR 1000RR Fireblade [2006],23.588837400239278,1.0839575892758528,07/10/2006 13:00:00,0,,World Superbikes,
399,Rider,Franco Battaini,22.374872424763655,2.1524818424031396,22/02/2006 13:00:00,0,Kawasaki ZX-10R [2006],World Superbikes,
399,Rider,Franco Battaini,22.371548482009985,2.151469524410635,23/02/2006 13:00:00,0,Kawasaki ZX-10R [2006],World Superbikes,
399,Rider,Franco Battaini,22.369219722868007,2.150757805893933,02/03/2006 13:00:00,0,Kawasaki ZX-10R [2006],World Superbikes,
399,Rider,Franco Battaini,22.366834561160037,2.1504013001319655,03/03/2006 13:00:00,0,Kawasaki ZX-10R [2006],World Superbikes,
399,Rider,Franco Battaini,22.364431702645504,2.150399995388293,20/04/2006 13:00:00,0,Kawasaki ZX-10R [2006],World Superbikes,
399,Rider,Franco Battaini,22.36228606219885,2.1507696012325046,21/04/2006 13:00:00,0,Kawasaki ZX-10R [2006],World Superbikes,
399,Rider,Franco Battaini,22.36064964497946,2.1514866695748402,04/05/2006 13:00:00,0,Kawasaki ZX-10R [2006],World Superbikes,
399,Rider,Franco Battaini,22.359563586441254,2.15256004334421,05/05/2006 13:00:00,0,Kawasaki ZX-10R [2006],World Superbikes,
400,Rider,Roberto Rolfo,31.361268646554443,0.7539742477798151,22/02/2006 13:00:00,0,Ducati 999 F05 [2006],World Superbikes,
400,Rider,Roberto Rolfo,31.361168578571867,0.7495663965894991,23/02/2006 13:00:00,0,Ducati 999 F05 [2006],World Superbikes,
400,Rider,Roberto Rolfo,31.36028592978265,0.7452639912061041,24/02/2006 13:00:00,0,Ducati 999 F05 [2006],World Superbikes,
400,Rider,Roberto Rolfo,31.35874493166632,0.7410584647345966,02/03/2006 13:00:00,0,Ducati 999 F05 [2006],World Superbikes,
400,Rider,Roberto Rolfo,31.355984790037333,0.7369562924961859,03/03/2006 13:00:00,0,Ducati 999 F05 [2006],World Superbikes,
400,Rider,Roberto Rolfo,31.351320285749942,0.7329541554469596,03/03/2006 13:00:00,1,Ducati 999 F05 [2006],World Superbikes,
400,Rider,Roberto Rolfo,31.34741636190114,0.7290265735350274,20/04/2006 13:00:00,0,Ducati 999 F05 [2006],World Superbikes,
400,Rider,Roberto Rolfo,31.343408994180233,0.7251990081865659,21/04/2006 13:00:00,0,Ducati 999 F05 [2006],World Superbikes,
400,Rider,Roberto Rolfo,31.33738066067788,0.7214672072041065,22/04/2006 13:00:00,0,Ducati 999 F05 [2006],World Superbikes,
400,Rider,Roberto Rolfo,31.331975257258033,0.7178138576052573,04/05/2006 13:00:00,0,Ducati 999 F05 [2006],World Superbikes,
400,Rider,Roberto Rolfo,31.325265233915243,0.7142553823917054,05/05/2006 13:00:00,0,Ducati 999 F05 [2006],World Superbikes,
400,Rider,Roberto Rolfo,31.31804142059407,0.7107916072368496,06/05/2006 13:00:00,0,Ducati 999 F05 [2006],World Superbikes,
400,Rider,Roberto Rolfo,31.31024544186176,0.7074130457147503,26/05/2006 13:00:00,0,Ducati 999 F05 [2006],World Superbikes,
400,Rider,Roberto Rolfo,31.303325862636637,0.7041239666177214,26/05/2006 13:00:00,1,Ducati 999 F05 [2006],World Superbikes,
400,Rider,Roberto Rolfo,31.295054592165535,0.7009212711381771,22/06/2006 13:00:00,0,Ducati 999 F05 [2006],World Superbikes,
400,Rider,Roberto Rolfo,31.285436712745728,0.6978094052439798,23/06/2006 13:00:00,0,Ducati 999 F05 [2006],World Superbikes,
400,Rider,Roberto Rolfo,31.275183228801215,0.6947871607351931,24/06/2006 13:00:00,0,Ducati 999 F05 [2006],World Superbikes,
400,Rider,Roberto Rolfo,31.266362868032022,0.691810448258981,20/07/2006 13:00:00,0,Ducati 999 F05 [2006],World Superbikes,
400,Rider,Roberto Rolfo,31.25727269340206,0.6889193381695816,21/07/2006 13:00:00,0,Ducati 999 F05 [2006],World Superbikes,
400,Rider,Roberto Rolfo,31.24873915882387,0.6861119042975494,04/08/2006 13:00:00,0,Ducati 999 F05 [2006],World Superbikes,
400,Rider,Roberto Rolfo,31.241458227521427,0.6833834307831396,04/08/2006 13:00:00,1,Ducati 999 F05 [2006],World Superbikes,
400,Rider,Roberto Rolfo,31.236278455051476,0.6807236852002907,31/08/2006 13:00:00,0,Ducati 999 F05 [2006],World Superbikes,
400,Rider,Roberto Rolfo,31.231168648338326,0.6781463388540574,01/09/2006 13:00:00,0,Ducati 999 F05 [2006],World Superbikes,
400,Rider,Roberto Rolfo,31.227959053228318,0.6756387043597373,07/09/2006 13:00:00,0,Ducati 999 F05 [2006],World Superbikes,
400,Rider,Roberto Rolfo,31.22662631991646,0.673204370696116,08/09/2006 13:00:00,0,Ducati 999 F05 [2006],World Superbikes,
400,Rider,Roberto Rolfo,31.227294625166348,0.6708420987093497,28/09/2006 13:00:00,0,Ducati 999 F05 [2006],World Superbikes,
400,Rider,Roberto Rolfo,31.229353928918343,0.6685558728310244,29/09/2006 13:00:00,0,Ducati 999 F05 [2006],World Superbikes,
400,Rider,Roberto Rolfo,31.232778722804944,0.6663431659790409,05/10/2006 13:00:00,0,Ducati 999 F05 [2006],World Superbikes,
400,Rider,Roberto Rolfo,31.236459839640972,0.6642059263538861,06/10/2006 13:00:00,0,Ducati 999 F05 [2006],World Superbikes,
400,Rider,Roberto Rolfo,31.238118106691875,0.6621243787802319,21/02/2007 13:00:00,0,Honda CBR 1000RR Fireblade [2007],World Superbikes,
400,Rider,Roberto Rolfo,31.239038891216186,0.6601143440634477,22/02/2007 13:00:00,0,Honda CBR 1000RR Fireblade [2007],World Superbikes,
400,Rider,Roberto Rolfo,31.23938167233621,0.658176877244679,23/02/2007 13:00:00,0,Honda CBR 1000RR Fireblade [2007],World Superbikes,
400,Rider,Roberto Rolfo,31.239282980489296,0.6563096140436258,01/03/2007 13:00:00,0,Honda CBR 1000RR Fireblade [2007],World Superbikes,
400,Rider,Roberto Rolfo,31.2396012836178,0.65451168650895,02/03/2007 13:00:00,0,Honda CBR 1000RR Fireblade [2007],World Superbikes,
400,Rider,Roberto Rolfo,31.239780502575915,0.6527832415649597,02/03/2007 13:00:00,1,Honda CBR 1000RR Fireblade [2007],World Superbikes,
400,Rider,Roberto Rolfo,31.241892914189467,0.651094703787197,30/03/2007 13:00:00,0,Honda CBR 1000RR Fireblade [2007],World Superbikes,
400,Rider,Roberto Rolfo,31.243414576274965,0.6494760387969569,30/03/2007 13:00:00,1,Honda CBR 1000RR Fireblade [2007],World Superbikes,
400,Rider,Roberto Rolfo,31.245201896203856,0.6479248355247508,31/03/2007 13:00:00,0,Honda CBR 1000RR Fireblade [2007],World Superbikes,
400,Rider,Roberto Rolfo,31.248899619056132,0.6464129249231482,12/04/2007 13:00:00,0,Honda CBR 1000RR Fireblade [2007],World Superbikes,
400,Rider,Roberto Rolfo,31.253702714632535,0.6449654851299857,13/04/2007 13:00:00,0,Honda CBR 1000RR Fireblade [2007],World Superbikes,
400,Rider,Roberto Rolfo,31.256694733623192,0.6435831606053138,26/04/2007 13:00:00,0,Honda CBR 1000RR Fireblade [2007],World Superbikes,
400,Rider,Roberto Rolfo,31.260450469238727,0.6422640997937396,27/04/2007 13:00:00,0,Honda CBR 1000RR Fireblade [2007],World Superbikes,
400,Rider,Roberto Rolfo,31.264689667251325,0.6410079039809522,28/04/2007 13:00:00,0,Honda CBR 1000RR Fireblade [2007],World Superbikes,
400,Rider,Roberto Rolfo,31.268821923532723,0.6398156231934239,10/05/2007 13:00:00,0,Honda CBR 1000RR Fireblade [2007],World Superbikes,
400,Rider,Roberto Rolfo,31.271810237746074,0.6386904517055878,11/05/2007 13:00:00,0,Honda CBR 1000RR Fireblade [2007],World Superbikes,
400,Rider,Roberto Rolfo,31.272695031988167,0.6376281469632393,12/05/2007 13:00:00,0,Honda CBR 1000RR Fireblade [2007],World Superbikes,
400,Rider,Roberto Rolfo,31.27317334361232,0.636628643537214,25/05/2007 13:00:00,0,Honda CBR 1000RR Fireblade [2007],World Superbikes,
400,Rider,Roberto Rolfo,31.27396610276203,0.6356899536326561,25/05/2007 13:00:00,1,Honda CBR 1000RR Fireblade [2007],World Superbikes,
400,Rider,Roberto Rolfo,31.275608868935276,0.6348099902138169,26/05/2007 13:00:00,0,Honda CBR 1000RR Fireblade [2007],World Superbikes,
400,Rider,Roberto Rolfo,31.277711756581514,0.6339896071613473,14/06/2007 13:00:00,0,Honda CBR 1000RR Fireblade [2007],World Superbikes,
400,Rider,Roberto Rolfo,31.280236178621955,0.6332299001451945,15/06/2007 13:00:00,0,Honda CBR 1000RR Fireblade [2007],World Superbikes,
400,Rider,Roberto Rolfo,31.282600188350568,0.6325309835452049,16/06/2007 13:00:00,0,Honda CBR 1000RR Fireblade [2007],World Superbikes,
400,Rider,Roberto Rolfo,31.28443288332219,0.6318913837328884,19/07/2007 13:00:00,0,Honda CBR 1000RR Fireblade [2007],World Superbikes,
400,Rider,Roberto Rolfo,31.284851028719082,0.6313112421498791,20/07/2007 13:00:00,0,Honda CBR 1000RR Fireblade [2007],World Superbikes,
400,Rider,Roberto Rolfo,31.28439740835745,0.6307916447181913,21/07/2007 13:00:00,0,Honda CBR 1000RR Fireblade [2007],World Superbikes,
400,Rider,Roberto Rolfo,31.283341122292768,0.6303317044869959,03/08/2007 13:00:00,0,Honda CBR 1000RR Fireblade [2007],World Superbikes,
400,Rider,Roberto Rolfo,31.281523826782436,0.6299330006317199,03/08/2007 13:00:00,1,Honda CBR 1000RR Fireblade [2007],World Superbikes,
400,Rider,Roberto Rolfo,31.27795522313913,0.6295929111015651,04/08/2007 13:00:00,0,Honda CBR 1000RR Fireblade [2007],World Superbikes,
400,Rider,Roberto Rolfo,31.273669689376003,0.6293119555439254,06/09/2007 13:00:00,0,Honda CBR 1000RR Fireblade [2007],World Superbikes,
400,Rider,Roberto Rolfo,31.269865559964096,0.629088735904483,07/09/2007 13:00:00,0,Honda CBR 1000RR Fireblade [2007],World Superbikes,
400,Rider,Roberto Rolfo,31.263237124052164,0.6289059500862862,08/09/2007 13:00:00,0,Honda CBR 1000RR Fireblade [2007],World Superbikes,
400,Rider,Roberto Rolfo,31.25630351364756,0.6287800479286592,27/09/2007 13:00:00,0,Honda CBR 1000RR Fireblade [2007],World Superbikes,
400,Rider,Roberto Rolfo,31.24804075785439,0.6287125677060588,28/09/2007 13:00:00,0,Honda CBR 1000RR Fireblade [2007],World Superbikes,
400,Rider,Roberto Rolfo,31.23910565219998,0.6287044562514245,29/09/2007 13:00:00,0,Honda CBR 1000RR Fireblade [2007],World Superbikes,
400,Rider,Roberto Rolfo,31.22988922859576,0.6287529645248959,04/10/2007 13:00:00,0,Honda CBR 1000RR Fireblade [2007],World Superbikes,
400,Rider,Roberto Rolfo,31.220510501830482,0.6288604768894136,05/10/2007 13:00:00,0,Honda CBR 1000RR Fireblade [2007],World Superbikes,
400,Rider,Roberto Rolfo,31.211861866187718,0.6290234208950295,06/10/2007 13:00:00,0,Honda CBR 1000RR Fireblade [2007],World Superbikes,
400,Rider,Roberto Rolfo,31.203189298753433,0.6292420340213877,20/02/2008 13:00:00,0,Honda CBR1000RR [2008],World Superbikes,
400,Rider,Roberto Rolfo,31.19459851376816,0.6295238156911804,21/02/2008 13:00:00,0,Honda CBR1000RR [2008],World Superbikes,
400,Rider,Roberto Rolfo,31.185729682075362,0.6298695423056574,22/02/2008 13:00:00,0,Honda CBR1000RR [2008],World Superbikes,
400,Rider,Roberto Rolfo,31.177671320825073,0.630258716193824,28/02/2008 13:00:00,0,Honda CBR1000RR [2008],World Superbikes,
400,Rider,Roberto Rolfo,31.169661328575813,0.6307109908970571,29/02/2008 13:00:00,0,Honda CBR1000RR [2008],World Superbikes,
400,Rider,Roberto Rolfo,31.1615060147065,0.6312272104472824,29/02/2008 13:00:00,1,Honda CBR1000RR [2008],World Superbikes,
400,Rider,Roberto Rolfo,31.153689018082982,0.6317963553784796,03/04/2008 13:00:00,0,Honda CBR1000RR [2008],World Superbikes,
400,Rider,Roberto Rolfo,31.145090938889084,0.6324314824419838,04/04/2008 13:00:00,0,Honda CBR1000RR [2008],World Superbikes,
400,Rider,Roberto Rolfo,31.136250867044076,0.6331317988489671,24/04/2008 13:00:00,0,Honda CBR1000RR [2008],World Superbikes,
400,Rider,Roberto Rolfo,31.128197553321346,0.6338937547950466,25/04/2008 13:00:00,0,Honda CBR1000RR [2008],World Superbikes,
400,Rider,Roberto Rolfo,31.120536331698215,0.6347210271796212,30/05/2008 13:00:00,0,Honda CBR1000RR [2008],World Superbikes,
400,Rider,Roberto Rolfo,31.115502534390764,0.6355986067040197,30/05/2008 13:00:00,1,Honda CBR1000RR [2008],World Superbikes,
400,Rider,Roberto Rolfo,31.112846293647628,0.6365251082601645,12/06/2008 13:00:00,0,Honda CBR1000RR [2008],World Superbikes,
400,Rider,Roberto Rolfo,31.111413376903048,0.6375142317493111,13/06/2008 13:00:00,0,Honda CBR1000RR [2008],World Superbikes,
400,Rider,Roberto Rolfo,31.111835622914715,0.6385617233810743,26/06/2008 13:00:00,0,Honda CBR1000RR [2008],World Superbikes,
400,Rider,Roberto Rolfo,31.112021940109912,0.6396771822163022,27/06/2008 13:00:00,0,Honda CBR1000RR [2008],World Superbikes,
400,Rider,Roberto Rolfo,31.11194280652343,0.6408608886676006,17/07/2008 13:00:00,0,Honda CBR1000RR [2008],World Superbikes,
400,Rider,Roberto Rolfo,31.110832745860378,0.6421137901945071,18/07/2008 13:00:00,0,Honda CBR1000RR [2008],World Superbikes,
400,Rider,Roberto Rolfo,31.110088650915774,0.6434348523918847,01/08/2008 13:00:00,0,Honda CBR1000RR [2008],World Superbikes,
400,Rider,Roberto Rolfo,31.108288647274776,0.6448259772550735,01/08/2008 13:00:00,1,Honda CBR1000RR [2008],World Superbikes,
400,Rider,Roberto Rolfo,31.106132529658638,0.6462878138871248,05/09/2008 13:00:00,0,Honda CBR1000RR [2008],World Superbikes,
400,Rider,Roberto Rolfo,31.103479105390807,0.6478222112076205,05/09/2008 13:00:00,1,Honda CBR1000RR [2008],World Superbikes,
400,Rider,Roberto Rolfo,31.10103775928798,0.6494278621454296,18/09/2008 13:00:00,0,Honda CBR1000RR [2008],World Superbikes,
400,Rider,Roberto Rolfo,31.096834475291427,0.6511054049046935,19/09/2008 13:00:00,0,Honda CBR1000RR [2008],World Superbikes,
400,Rider,Roberto Rolfo,31.091893166333996,0.6528559544960405,20/09/2008 13:00:00,0,Honda CBR1000RR [2008],World Superbikes,
400,Rider,Roberto Rolfo,31.086789448838406,0.6546701977852766,02/10/2008 13:00:00,0,Honda CBR1000RR [2008],World Superbikes,
400,Rider,Roberto Rolfo,31.07956381591112,0.6565565393994502,04/10/2008 13:00:00,0,Honda CBR1000RR [2008],World Superbikes,
400,Rider,Roberto Rolfo,31.07019258088185,0.6585129554119838,31/10/2008 13:00:00,0,Honda CBR1000RR [2008],World Superbikes,
400,Rider,Roberto Rolfo,31.0620070956372,0.6605416546070002,31/10/2008 13:00:00,1,Honda CBR1000RR [2008],World Superbikes,
400,Rider,Roberto Rolfo,31.053678496711957,0.6626461482670367,26/02/2009 13:00:00,0,Honda CBR1000RR [2009],World Superbikes,
400,Rider,Roberto Rolfo,31.043865593158902,0.664829911251906,27/02/2009 13:00:00,0,Honda CBR1000RR [2009],World Superbikes,
400,Rider,Roberto Rolfo,31.03301550063037,0.6670940361694649,27/02/2009 13:00:00,1,Honda CBR1000RR [2009],World Superbikes,
400,Rider,Roberto Rolfo,31.022448177824803,0.6694260759450273,11/03/2009 13:00:00,0,Honda CBR1000RR [2009],World Superbikes,
400,Rider,Roberto Rolfo,31.01064174166972,0.6718395468856733,12/03/2009 13:00:00,0,Honda CBR1000RR [2009],World Superbikes,
400,Rider,Roberto Rolfo,30.99820733031111,0.6743354575970743,12/03/2009 13:00:00,1,Honda CBR1000RR [2009],World Superbikes,
400,Rider,Roberto Rolfo,30.98331454969935,0.6769124721028463,12/03/2009 13:00:00,2,Honda CBR1000RR [2009],World Superbikes,
400,Rider,Roberto Rolfo,30.96688458502351,0.6795687005239667,24/02/2011 13:00:00,0,Kawasaki ZX 10R [2011],World Superbikes,
400,Rider,Roberto Rolfo,30.95205628136958,0.6822697878081749,25/02/2011 13:00:00,0,Kawasaki ZX 10R [2011],World Superbikes,
400,Rider,Roberto Rolfo,30.938023664338697,0.6850346279345825,25/03/2011 13:00:00,0,Kawasaki ZX 10R [2011],World Superbikes,
400,Rider,Roberto Rolfo,30.924410521069056,0.6878587208800331,25/03/2011 13:00:00,1,Kawasaki ZX 10R [2011],World Superbikes,
400,Rider,Roberto Rolfo,30.91104441442453,0.6907395205370882,15/04/2011 13:00:00,0,Kawasaki ZX 10R [2011],World Superbikes,
400,Rider,Roberto Rolfo,30.898416699255886,0.6936858958703387,15/04/2011 13:00:00,1,Kawasaki ZX 10R [2011],World Superbikes,
400,Rider,Roberto Rolfo,30.886435703270617,0.6966977751363813,06/05/2011 13:00:00,0,Kawasaki ZX 10R [2011],World Superbikes,
400,Rider,Roberto Rolfo,30.874278280038556,0.6997878109234672,06/05/2011 13:00:00,1,Kawasaki ZX 10R [2011],World Superbikes,
400,Rider,Roberto Rolfo,30.86220670783805,0.7029548410393232,28/05/2011 13:00:00,0,Kawasaki ZX 10R [2011],World Superbikes,
400,Rider,Roberto Rolfo,30.851482664410792,0.706170896670557,28/05/2011 13:00:00,1,Kawasaki ZX 10R [2011],World Superbikes,
400,Rider,Roberto Rolfo,30.841885281099714,0.7094334621544958,10/06/2011 13:00:00,0,Kawasaki ZX 10R [2011],World Superbikes,
400,Rider,Roberto Rolfo,30.832301635418887,0.7127847063537294,10/06/2011 13:00:00,1,Kawasaki ZX 10R [2011],World Superbikes,
400,Rider,Roberto Rolfo,30.82321651566174,0.7162190174883086,17/06/2011 13:00:00,0,Kawasaki ZX 10R [2011],World Superbikes,
400,Rider,Roberto Rolfo,30.814081472986512,0.7197419603130609,17/06/2011 13:00:00,1,Kawasaki ZX 10R [2011],World Superbikes,
400,Rider,Roberto Rolfo,30.80551708539137,0.723341661649454,08/07/2011 13:00:00,0,Kawasaki ZX 10R [2011],World Superbikes,
400,Rider,Roberto Rolfo,30.79673905333095,0.7270356642886713,08/07/2011 13:00:00,1,Kawasaki ZX 10R [2011],World Superbikes,
400,Rider,Roberto Rolfo,30.786897936919697,0.7308275886126165,29/07/2011 13:00:00,0,Kawasaki ZX 10R [2011],World Superbikes,
400,Rider,Roberto Rolfo,30.777805210657515,0.7346920269231978,29/07/2011 13:00:00,1,Kawasaki ZX 10R [2011],World Superbikes,
400,Rider,Roberto Rolfo,30.769431132871308,0.7386291671869771,02/09/2011 13:00:00,0,Kawasaki ZX 10R [2011],World Superbikes,
400,Rider,Roberto Rolfo,30.76174724241458,0.7426443810477767,02/09/2011 13:00:00,1,Kawasaki ZX 10R [2011],World Superbikes,
400,Rider,Roberto Rolfo,30.754629974468283,0.746739063778066,23/09/2011 13:00:00,0,Kawasaki ZX 10R [2011],World Superbikes,
400,Rider,Roberto Rolfo,30.748294202961535,0.7509214475416051,23/09/2011 13:00:00,1,Kawasaki ZX 10R [2011],World Superbikes,
400,Rider,Roberto Rolfo,30.74291052157311,0.755193713383566,30/09/2011 13:00:00,0,Kawasaki ZX 10R [2011],World Superbikes,
400,Rider,Roberto Rolfo,30.73869671337739,0.7595219981545064,30/09/2011 13:00:00,1,Kawasaki ZX 10R [2011],World Superbikes,
400,Rider,Roberto Rolfo,30.73577334343636,0.7639080976195387,03/11/2017 13:00:00,0,Kawasaki ZX-10R [2017],World Superbikes,
401,Bike,Ducati 999 F05 [2006],21.19994697792156,1.107826310333124,22/02/2006 13:00:00,0,,World Superbikes,
401,Bike,Ducati 999 F05 [2006],21.199479843727772,1.1050013909149519,23/02/2006 13:00:00,0,,World Superbikes,
401,Bike,Ducati 999 F05 [2006],21.19878717913384,1.1023682261808125,24/02/2006 13:00:00,0,,World Superbikes,
401,Bike,Ducati 999 F05 [2006],21.19818167571549,1.0998751668905205,02/03/2006 13:00:00,0,,World Superbikes,
401,Bike,Ducati 999 F05 [2006],21.197386134838116,1.0975721484511098,03/03/2006 13:00:00,0,,World Superbikes,
401,Bike,Ducati 999 F05 [2006],21.1964970195917,1.0954552379594449,03/03/2006 13:00:00,1,,World Superbikes,
401,Bike,Ducati 999 F05 [2006],21.196368484783893,1.093488611238677,20/04/2006 13:00:00,0,,World Superbikes,
401,Bike,Ducati 999 F05 [2006],21.195668648217918,1.0917117832829935,21/04/2006 13:00:00,0,,World Superbikes,
401,Bike,Ducati 999 F05 [2006],21.192908103398445,1.090123973936722,22/04/2006 13:00:00,0,,World Superbikes,
401,Bike,Ducati 999 F05 [2006],21.190886480992585,1.088704163028399,04/05/2006 13:00:00,0,,World Superbikes,
401,Bike,Ducati 999 F05 [2006],21.18892738746213,1.0874560322908753,05/05/2006 13:00:00,0,,World Superbikes,
401,Bike,Ducati 999 F05 [2006],21.18627727078131,1.0863964166234066,06/05/2006 13:00:00,0,,World Superbikes,
401,Bike,Ducati 999 F05 [2006],21.183054988689353,1.0855120821123625,26/05/2006 13:00:00,0,,World Superbikes,
401,Bike,Ducati 999 F05 [2006],21.180683547467357,1.084797288789478,26/05/2006 13:00:00,1,,World Superbikes,
401,Bike,Ducati 999 F05 [2006],21.176960414999375,1.084262674379006,27/05/2006 13:00:00,0,,World Superbikes,
401,Bike,Ducati 999 F05 [2006],21.172470190242077,1.0839108966167503,22/06/2006 13:00:00,0,,World Superbikes,
401,Bike,Ducati 999 F05 [2006],21.16770085410003,1.0837475415306974,23/06/2006 13:00:00,0,,World Superbikes,
401,Bike,Ducati 999 F05 [2006],21.16279905028831,1.083772434015137,24/06/2006 13:00:00,0,,World Superbikes,
401,Bike,Ducati 999 F05 [2006],21.159330369651922,1.0839164966754322,20/07/2006 13:00:00,0,,World Superbikes,
401,Bike,Ducati 999 F05 [2006],21.15632887901339,1.0842421310677395,21/07/2006 13:00:00,0,,World Superbikes,
401,Bike,Ducati 999 F05 [2006],21.15389441007984,1.0847519177891023,04/08/2006 13:00:00,0,,World Superbikes,
401,Bike,Ducati 999 F05 [2006],21.151787036138543,1.0854397160741147,04/08/2006 13:00:00,1,,World Superbikes,
401,Bike,Ducati 999 F05 [2006],21.15005562325963,1.086305266507834,05/08/2006 13:00:00,0,,World Superbikes,
401,Bike,Ducati 999 F05 [2006],21.14901970049346,1.0873464117022429,31/08/2006 13:00:00,0,,World Superbikes,
401,Bike,Ducati 999 F05 [2006],21.14782150118488,1.0885717623230067,01/09/2006 13:00:00,0,,World Superbikes,
401,Bike,Ducati 999 F05 [2006],21.14743375651337,1.0899766695854607,02/09/2006 13:00:00,0,,World Superbikes,
401,Bike,Ducati 999 F05 [2006],21.147603736396416,1.0915599831678948,07/09/2006 13:00:00,0,,World Superbikes,
401,Bike,Ducati 999 F05 [2006],21.148144235517222,1.0933281628135716,08/09/2006 13:00:00,0,,World Superbikes,
401,Bike,Ducati 999 F05 [2006],21.14945521720209,1.095279707146744,09/09/2006 13:00:00,0,,World Superbikes,
401,Bike,Ducati 999 F05 [2006],21.152083584620538,1.0973977667930703,28/09/2006 13:00:00,0,,World Superbikes,
401,Bike,Ducati 999 F05 [2006],21.154895446922414,1.099701700616244,29/09/2006 13:00:00,0,,World Superbikes,
401,Bike,Ducati 999 F05 [2006],21.157493883849284,1.1021910300056592,30/09/2006 13:00:00,0,,World Superbikes,
401,Bike,Ducati 999 F05 [2006],21.15991726124924,1.1048628979959192,05/10/2006 13:00:00,0,,World Superbikes,
401,Bike,Ducati 999 F05 [2006],21.162620605468838,1.1077147634491158,06/10/2006 13:00:00,0,,World Superbikes,
402,Bike,Ducati 999 RS [2006],21.45495371556625,1.3214386147997645,22/02/2006 13:00:00,0,,World Superbikes,
402,Bike,Ducati 999 RS [2006],21.45492034423255,1.3191781456586908,23/02/2006 13:00:00,0,,World Superbikes,
402,Bike,Ducati 999 RS [2006],21.45533878076471,1.3171466909581138,02/03/2006 13:00:00,0,,World Superbikes,
402,Bike,Ducati 999 RS [2006],21.455551616611274,1.3153433330674136,03/03/2006 13:00:00,0,,World Superbikes,
402,Bike,Ducati 999 RS [2006],21.45596971100927,1.313763935324184,03/03/2006 13:00:00,1,,World Superbikes,
402,Bike,Ducati 999 RS [2006],21.45745899230623,1.3123186546785253,20/04/2006 13:00:00,0,,World Superbikes,
402,Bike,Ducati 999 RS [2006],21.45973053600152,1.3111001391418586,21/04/2006 13:00:00,0,,World Superbikes,
402,Bike,Ducati 999 RS [2006],21.461513675244284,1.3101097780750355,04/05/2006 13:00:00,0,,World Superbikes,
402,Bike,Ducati 999 RS [2006],21.462170042409216,1.30934266199873,05/05/2006 13:00:00,0,,World Superbikes,
402,Bike,Ducati 999 RS [2006],21.463084222096562,1.3087862497998333,26/05/2006 13:00:00,0,,World Superbikes,
402,Bike,Ducati 999 RS [2006],21.464100241509207,1.3084621337695101,22/06/2006 13:00:00,0,,World Superbikes,
402,Bike,Ducati 999 RS [2006],21.465519050760825,1.308346512571135,23/06/2006 13:00:00,0,,World Superbikes,
402,Bike,Ducati 999 RS [2006],21.467166002306968,1.3084359896855846,20/07/2006 13:00:00,0,,World Superbikes,
402,Bike,Ducati 999 RS [2006],21.46875792036572,1.3087422535021302,21/07/2006 13:00:00,0,,World Superbikes,
402,Bike,Ducati 999 RS [2006],21.47069752167028,1.3092349347900718,04/08/2006 13:00:00,0,,World Superbikes,
402,Bike,Ducati 999 RS [2006],21.472947731057108,1.3099091001789958,04/08/2006 13:00:00,1,,World Superbikes,
402,Bike,Ducati 999 RS [2006],21.475856125541558,1.3107640298981607,31/08/2006 13:00:00,0,,World Superbikes,
402,Bike,Ducati 999 RS [2006],21.47877073405165,1.3118164990709127,01/09/2006 13:00:00,0,,World Superbikes,
402,Bike,Ducati 999 RS [2006],21.482570249022288,1.3130597919382094,07/09/2006 13:00:00,0,,World Superbikes,
402,Bike,Ducati 999 RS [2006],21.48582150134535,1.3145206873171986,08/09/2006 13:00:00,0,,World Superbikes,
402,Bike,Ducati 999 RS [2006],21.48878140841418,1.3161963280288536,28/09/2006 13:00:00,0,,World Superbikes,
402,Bike,Ducati 999 RS [2006],21.490868271497096,1.3180630178209178,29/09/2006 13:00:00,0,,World Superbikes,
402,Bike,Ducati 999 RS [2006],21.492414810032077,1.3201240619696872,30/09/2006 13:00:00,0,,World Superbikes,
402,Bike,Ducati 999 RS [2006],21.492969330185552,1.3224035213238223,05/10/2006 13:00:00,0,,World Superbikes,
403,Bike,Petronas FP1 [2006],27.843985421729464,1.1743095832912462,22/02/2006 13:00:00,0,,World Superbikes,
403,Bike,Petronas FP1 [2006],27.844168073404543,1.1716758690824092,23/02/2006 13:00:00,0,,World Superbikes,
403,Bike,Petronas FP1 [2006],27.84347389021177,1.169246381885253,24/02/2006 13:00:00,0,,World Superbikes,
403,Bike,Petronas FP1 [2006],27.842569860860678,1.1670128321482134,02/03/2006 13:00:00,0,,World Superbikes,
403,Bike,Petronas FP1 [2006],27.841756548066517,1.164943493458957,03/03/2006 13:00:00,0,,World Superbikes,
403,Bike,Petronas FP1 [2006],27.84034360220467,1.163061037308084,03/03/2006 13:00:00,1,,World Superbikes,
403,Bike,Petronas FP1 [2006],27.83737525042382,1.1613682960099034,20/04/2006 13:00:00,0,,World Superbikes,
403,Bike,Petronas FP1 [2006],27.833580205512398,1.159861242141982,21/04/2006 13:00:00,0,,World Superbikes,
403,Bike,Petronas FP1 [2006],27.829438574520506,1.158554690424579,22/04/2006 13:00:00,0,,World Superbikes,
403,Bike,Petronas FP1 [2006],27.823866785484,1.1574370980545718,04/05/2006 13:00:00,0,,World Superbikes,
403,Bike,Petronas FP1 [2006],27.820151308056502,1.1565023119218212,05/05/2006 13:00:00,0,,World Superbikes,
403,Bike,Petronas FP1 [2006],27.81845272426257,1.1557346110425468,26/05/2006 13:00:00,0,,World Superbikes,
403,Bike,Petronas FP1 [2006],27.81791812516763,1.1551529928283994,22/06/2006 13:00:00,0,,World Superbikes,
403,Bike,Petronas FP1 [2006],27.81698682787495,1.1547519303876583,23/06/2006 13:00:00,0,,World Superbikes,
403,Bike,Petronas FP1 [2006],27.81555031873057,1.1545283358404455,24/06/2006 13:00:00,0,,World Superbikes,
403,Bike,Petronas FP1 [2006],27.81252229157166,1.1544943482655532,20/07/2006 13:00:00,0,,World Superbikes,
403,Bike,Petronas FP1 [2006],27.808781352094563,1.1546562788001804,21/07/2006 13:00:00,0,,World Superbikes,
403,Bike,Petronas FP1 [2006],27.805029318236855,1.155007586749957,22/07/2006 13:00:00,0,,World Superbikes,
403,Bike,Petronas FP1 [2006],27.802269809498227,1.1555456631734242,04/08/2006 13:00:00,0,,World Superbikes,
403,Bike,Petronas FP1 [2006],27.79985775204154,1.1562782054027314,04/08/2006 13:00:00,1,,World Superbikes,
403,Bike,Petronas FP1 [2006],27.79754420341753,1.157203729462077,31/08/2006 13:00:00,0,,World Superbikes,
403,Bike,Petronas FP1 [2006],27.796258893899513,1.1583117912363516,01/09/2006 13:00:00,0,,World Superbikes,
403,Bike,Petronas FP1 [2006],27.79483097947607,1.1596137878806516,02/09/2006 13:00:00,0,,World Superbikes,
403,Bike,Petronas FP1 [2006],27.793575791896192,1.1611091557207325,07/09/2006 13:00:00,0,,World Superbikes,
403,Bike,Petronas FP1 [2006],27.791642202928507,1.1628035014304174,08/09/2006 13:00:00,0,,World Superbikes,
403,Bike,Petronas FP1 [2006],27.788176106011207,1.1646912894597934,09/09/2006 13:00:00,0,,World Superbikes,
403,Bike,Petronas FP1 [2006],27.78447356901557,1.1667761465527335,28/09/2006 13:00:00,0,,World Superbikes,
403,Bike,Petronas FP1 [2006],27.78160482922511,1.1690422633117723,29/09/2006 13:00:00,0,,World Superbikes,
403,Bike,Petronas FP1 [2006],27.77927172572695,1.1714973054591522,05/10/2006 13:00:00,0,,World Superbikes,
403,Bike,Petronas FP1 [2006],27.778085766130715,1.1741369562142407,06/10/2006 13:00:00,0,,World Superbikes,
404,Rider,Michel Fabrizio,34.428266104536355,0.7244792438152691,22/02/2006 13:00:00,0,Honda CBR 1000RR Fireblade [2006],World Superbikes,
404,Rider,Michel Fabrizio,34.430444888903985,0.7198727113446991,23/02/2006 13:00:00,0,Honda CBR 1000RR Fireblade [2006],World Superbikes,
404,Rider,Michel Fabrizio,34.43304933901411,0.7153628175512378,24/02/2006 13:00:00,0,Honda CBR 1000RR Fireblade [2006],World Superbikes,
404,Rider,Michel Fabrizio,34.437404314217666,0.7109270625987251,02/03/2006 13:00:00,0,Honda CBR 1000RR Fireblade [2006],World Superbikes,
404,Rider,Michel Fabrizio,34.442567029180985,0.7065853519137036,03/03/2006 13:00:00,0,Honda CBR 1000RR Fireblade [2006],World Superbikes,
404,Rider,Michel Fabrizio,34.448951267667795,0.7023350070799363,20/04/2006 13:00:00,0,Honda CBR 1000RR Fireblade [2006],World Superbikes,
404,Rider,Michel Fabrizio,34.4559644282789,0.6981764249351671,21/04/2006 13:00:00,0,Honda CBR 1000RR Fireblade [2006],World Superbikes,
404,Rider,Michel Fabrizio,34.46245028889334,0.6941072233103647,04/05/2006 13:00:00,0,Honda CBR 1000RR Fireblade [2006],World Superbikes,
404,Rider,Michel Fabrizio,34.46850138466187,0.6901248827888778,05/05/2006 13:00:00,0,Honda CBR 1000RR Fireblade [2006],World Superbikes,
404,Rider,Michel Fabrizio,34.474625628029166,0.6862293719655419,06/05/2006 13:00:00,0,Honda CBR 1000RR Fireblade [2006],World Superbikes,
404,Rider,Michel Fabrizio,34.48282151722868,0.6823883714623394,26/05/2006 13:00:00,0,Honda CBR 1000RR Fireblade [2006],World Superbikes,
404,Rider,Michel Fabrizio,34.49137956135534,0.6786316858093334,26/05/2006 13:00:00,1,Honda CBR 1000RR Fireblade [2006],World Superbikes,
404,Rider,Michel Fabrizio,34.5007816506567,0.6749528995567932,27/05/2006 13:00:00,0,Honda CBR 1000RR Fireblade [2006],World Superbikes,
404,Rider,Michel Fabrizio,34.50900703663378,0.6713501864389148,22/06/2006 13:00:00,0,Honda CBR 1000RR Fireblade [2006],World Superbikes,
404,Rider,Michel Fabrizio,34.51631220253848,0.6678266857135001,23/06/2006 13:00:00,0,Honda CBR 1000RR Fireblade [2006],World Superbikes,
404,Rider,Michel Fabrizio,34.523916641844416,0.6643825767757923,24/06/2006 13:00:00,0,Honda CBR 1000RR Fireblade [2006],World Superbikes,
404,Rider,Michel Fabrizio,34.532322956142174,0.6610045676370959,20/07/2006 13:00:00,0,Honda CBR 1000RR Fireblade [2006],World Superbikes,
404,Rider,Michel Fabrizio,34.53973461749343,0.6577026666390721,21/07/2006 13:00:00,0,Honda CBR 1000RR Fireblade [2006],World Superbikes,
404,Rider,Michel Fabrizio,34.54720390253425,0.6544761013838621,22/07/2006 13:00:00,0,Honda CBR 1000RR Fireblade [2006],World Superbikes,
404,Rider,Michel Fabrizio,34.55525488499084,0.6513179077340467,04/08/2006 13:00:00,0,Honda CBR 1000RR Fireblade [2006],World Superbikes,
404,Rider,Michel Fabrizio,34.56342770870376,0.6482321540523251,04/08/2006 13:00:00,1,Honda CBR 1000RR Fireblade [2006],World Superbikes,
404,Rider,Michel Fabrizio,34.57093414538396,0.6452169830321842,05/08/2006 13:00:00,0,Honda CBR 1000RR Fireblade [2006],World Superbikes,
404,Rider,Michel Fabrizio,34.57948941282647,0.6422618320729818,31/08/2006 13:00:00,0,Honda CBR 1000RR Fireblade [2006],World Superbikes,
404,Rider,Michel Fabrizio,34.58614363151329,0.63936923467342,01/09/2006 13:00:00,0,Honda CBR 1000RR Fireblade [2006],World Superbikes,
404,Rider,Michel Fabrizio,34.59117838938825,0.6365401849424656,02/09/2006 13:00:00,0,Honda CBR 1000RR Fireblade [2006],World Superbikes,
404,Rider,Michel Fabrizio,34.59745350667588,0.6337662621693061,07/09/2006 13:00:00,0,Honda CBR 1000RR Fireblade [2006],World Superbikes,
404,Rider,Michel Fabrizio,34.60358621236638,0.6310576647416867,08/09/2006 13:00:00,0,Honda CBR 1000RR Fireblade [2006],World Superbikes,
404,Rider,Michel Fabrizio,34.609305393403865,0.6284133792415417,09/09/2006 13:00:00,0,Honda CBR 1000RR Fireblade [2006],World Superbikes,
404,Rider,Michel Fabrizio,34.61694196780308,0.6258040019258475,28/09/2006 13:00:00,0,Honda CBR 1000RR Fireblade [2006],World Superbikes,
404,Rider,Michel Fabrizio,34.62386011900161,0.6232564117310558,29/09/2006 13:00:00,0,Honda CBR 1000RR Fireblade [2006],World Superbikes,
404,Rider,Michel Fabrizio,34.63002418043927,0.6207693472337485,30/09/2006 13:00:00,0,Honda CBR 1000RR Fireblade [2006],World Superbikes,
404,Rider,Michel Fabrizio,34.63661907823072,0.6183363584544589,05/10/2006 13:00:00,0,Honda CBR 1000RR Fireblade [2006],World Superbikes,
404,Rider,Michel Fabrizio,34.643228942364985,0.6159622943240549,06/10/2006 13:00:00,0,Honda CBR 1000RR Fireblade [2006],World Superbikes,
404,Rider,Michel Fabrizio,34.65134385900757,0.6136384542789207,07/10/2006 13:00:00,0,Honda CBR 1000RR Fireblade [2006],World Superbikes,
404,Rider,Michel Fabrizio,34.66157995488262,0.6113456319358753,21/02/2007 13:00:00,0,Honda CBR 1000RR Fireblade [2007],World Superbikes,
404,Rider,Michel Fabrizio,34.67226141214258,0.6091044474002679,22/02/2007 13:00:00,0,Honda CBR 1000RR Fireblade [2007],World Superbikes,
404,Rider,Michel Fabrizio,34.68346480211185,0.6069151138655884,23/02/2007 13:00:00,0,Honda CBR 1000RR Fireblade [2007],World Superbikes,
404,Rider,Michel Fabrizio,34.6953794829805,0.6047741567524947,01/03/2007 13:00:00,0,Honda CBR 1000RR Fireblade [2007],World Superbikes,
404,Rider,Michel Fabrizio,34.70760267752477,0.6026832137949149,02/03/2007 13:00:00,0,Honda CBR 1000RR Fireblade [2007],World Superbikes,
404,Rider,Michel Fabrizio,34.72060333979386,0.6006404575142766,02/03/2007 13:00:00,1,Honda CBR 1000RR Fireblade [2007],World Superbikes,
404,Rider,Michel Fabrizio,34.73510274153108,0.5986381666422232,30/03/2007 13:00:00,0,Honda CBR 1000RR Fireblade [2007],World Superbikes,
404,Rider,Michel Fabrizio,34.75013265236054,0.5966841293673859,30/03/2007 13:00:00,1,Honda CBR 1000RR Fireblade [2007],World Superbikes,
404,Rider,Michel Fabrizio,34.76531782025051,0.5947764862419747,31/03/2007 13:00:00,0,Honda CBR 1000RR Fireblade [2007],World Superbikes,
404,Rider,Michel Fabrizio,34.78167182594976,0.592909847716522,12/04/2007 13:00:00,0,Honda CBR 1000RR Fireblade [2007],World Superbikes,
404,Rider,Michel Fabrizio,34.79926228643099,0.5910879900430307,13/04/2007 13:00:00,0,Honda CBR 1000RR Fireblade [2007],World Superbikes,
404,Rider,Michel Fabrizio,34.817316779843026,0.589310729353587,14/04/2007 13:00:00,0,Honda CBR 1000RR Fireblade [2007],World Superbikes,
404,Rider,Michel Fabrizio,34.83531607207477,0.5875759105044934,26/04/2007 13:00:00,0,Honda CBR 1000RR Fireblade [2007],World Superbikes,
404,Rider,Michel Fabrizio,34.85424819538408,0.5858829917838149,27/04/2007 13:00:00,0,Honda CBR 1000RR Fireblade [2007],World Superbikes,
404,Rider,Michel Fabrizio,34.874062474890835,0.5842306485838105,28/04/2007 13:00:00,0,Honda CBR 1000RR Fireblade [2007],World Superbikes,
404,Rider,Michel Fabrizio,34.8960456360449,0.5825995248039587,10/05/2007 13:00:00,0,Honda CBR 1000RR Fireblade [2007],World Superbikes,
404,Rider,Michel Fabrizio,34.91876987462102,0.5810091532844063,11/05/2007 13:00:00,0,Honda CBR 1000RR Fireblade [2007],World Superbikes,
404,Rider,Michel Fabrizio,34.94078166884606,0.5794584446558287,12/05/2007 13:00:00,0,Honda CBR 1000RR Fireblade [2007],World Superbikes,
404,Rider,Michel Fabrizio,34.96283571415294,0.5779451248868901,25/05/2007 13:00:00,0,Honda CBR 1000RR Fireblade [2007],World Superbikes,
404,Rider,Michel Fabrizio,34.98431074525806,0.5764681545796964,25/05/2007 13:00:00,1,Honda CBR 1000RR Fireblade [2007],World Superbikes,
404,Rider,Michel Fabrizio,35.005396309901855,0.5750279762775394,26/05/2007 13:00:00,0,Honda CBR 1000RR Fireblade [2007],World Superbikes,
404,Rider,Michel Fabrizio,35.0282698584149,0.5736157463884977,14/06/2007 13:00:00,0,Honda CBR 1000RR Fireblade [2007],World Superbikes,
404,Rider,Michel Fabrizio,35.05093311223254,0.5722385503216663,15/06/2007 13:00:00,0,Honda CBR 1000RR Fireblade [2007],World Superbikes,
404,Rider,Michel Fabrizio,35.07333563185807,0.5708951808283015,16/06/2007 13:00:00,0,Honda CBR 1000RR Fireblade [2007],World Superbikes,
404,Rider,Michel Fabrizio,35.09681234971557,0.5695815850131171,19/07/2007 13:00:00,0,Honda CBR 1000RR Fireblade [2007],World Superbikes,
404,Rider,Michel Fabrizio,35.12013840916726,0.5683009641699298,20/07/2007 13:00:00,0,Honda CBR 1000RR Fireblade [2007],World Superbikes,
404,Rider,Michel Fabrizio,35.143060012063465,0.5670516187844432,21/07/2007 13:00:00,0,Honda CBR 1000RR Fireblade [2007],World Superbikes,
404,Rider,Michel Fabrizio,35.166372003040095,0.5658329295152167,03/08/2007 13:00:00,0,Honda CBR 1000RR Fireblade [2007],World Superbikes,
404,Rider,Michel Fabrizio,35.18988986685195,0.5646459759232114,03/08/2007 13:00:00,1,Honda CBR 1000RR Fireblade [2007],World Superbikes,
404,Rider,Michel Fabrizio,35.213594831018014,0.5634900158291247,04/08/2007 13:00:00,0,Honda CBR 1000RR Fireblade [2007],World Superbikes,
404,Rider,Michel Fabrizio,35.2376013044502,0.5623627065014358,06/09/2007 13:00:00,0,Honda CBR 1000RR Fireblade [2007],World Superbikes,
404,Rider,Michel Fabrizio,35.26119202109946,0.56126322685798,07/09/2007 13:00:00,0,Honda CBR 1000RR Fireblade [2007],World Superbikes,
404,Rider,Michel Fabrizio,35.28645897308688,0.5601830055339431,08/09/2007 13:00:00,0,Honda CBR 1000RR Fireblade [2007],World Superbikes,
404,Rider,Michel Fabrizio,35.31283430855878,0.559124891953094,27/09/2007 13:00:00,0,Honda CBR 1000RR Fireblade [2007],World Superbikes,
404,Rider,Michel Fabrizio,35.338931338454344,0.5580939070585837,28/09/2007 13:00:00,0,Honda CBR 1000RR Fireblade [2007],World Superbikes,
404,Rider,Michel Fabrizio,35.364028853113155,0.5570870615169116,29/09/2007 13:00:00,0,Honda CBR 1000RR Fireblade [2007],World Superbikes,
404,Rider,Michel Fabrizio,35.388958250218685,0.5561033108681203,04/10/2007 13:00:00,0,Honda CBR 1000RR Fireblade [2007],World Superbikes,
404,Rider,Michel Fabrizio,35.414253824174665,0.5551447876319937,05/10/2007 13:00:00,0,Honda CBR 1000RR Fireblade [2007],World Superbikes,
404,Rider,Michel Fabrizio,35.44043980176334,0.5542102747615046,06/10/2007 13:00:00,0,Honda CBR 1000RR Fireblade [2007],World Superbikes,
404,Rider,Michel Fabrizio,35.46776704724596,0.5532953661956275,20/02/2008 13:00:00,0,Ducati 1098 F08 [2008],World Superbikes,
404,Rider,Michel Fabrizio,35.49587635054311,0.5524079351056016,21/02/2008 13:00:00,0,Ducati 1098 F08 [2008],World Superbikes,
404,Rider,Michel Fabrizio,35.523944031462875,0.551545734369282,22/02/2008 13:00:00,0,Ducati 1098 F08 [2008],World Superbikes,
404,Rider,Michel Fabrizio,35.552875554471036,0.5507056063074234,28/02/2008 13:00:00,0,Ducati 1098 F08 [2008],World Superbikes,
404,Rider,Michel Fabrizio,35.58068658994329,0.5498816550866867,29/02/2008 13:00:00,0,Ducati 1098 F08 [2008],World Superbikes,
404,Rider,Michel Fabrizio,35.60737114646679,0.5490737418923748,29/02/2008 13:00:00,1,Ducati 1098 F08 [2008],World Superbikes,
404,Rider,Michel Fabrizio,35.63316878550799,0.5482782847688157,03/04/2008 13:00:00,0,Ducati 1098 F08 [2008],World Superbikes,
404,Rider,Michel Fabrizio,35.65850651549787,0.547504513420236,04/04/2008 13:00:00,0,Ducati 1098 F08 [2008],World Superbikes,
404,Rider,Michel Fabrizio,35.6839547037578,0.5467542377019023,05/04/2008 13:00:00,0,Ducati 1098 F08 [2008],World Superbikes,
404,Rider,Michel Fabrizio,35.71051489454465,0.5460236178028474,24/04/2008 13:00:00,0,Ducati 1098 F08 [2008],World Superbikes,
404,Rider,Michel Fabrizio,35.73717535972638,0.5453160153882847,25/04/2008 13:00:00,0,Ducati 1098 F08 [2008],World Superbikes,
404,Rider,Michel Fabrizio,35.76307239354733,0.5446266582350664,26/04/2008 13:00:00,0,Ducati 1098 F08 [2008],World Superbikes,
404,Rider,Michel Fabrizio,35.790546388345426,0.5439551214774527,08/05/2008 13:00:00,0,Ducati 1098 F08 [2008],World Superbikes,
404,Rider,Michel Fabrizio,35.818259338810336,0.543305722866997,09/05/2008 13:00:00,0,Ducati 1098 F08 [2008],World Superbikes,
404,Rider,Michel Fabrizio,35.84620410777257,0.5426776829754325,10/05/2008 13:00:00,0,Ducati 1098 F08 [2008],World Superbikes,
404,Rider,Michel Fabrizio,35.87578023591911,0.542065843617174,30/05/2008 13:00:00,0,Ducati 1098 F08 [2008],World Superbikes,
404,Rider,Michel Fabrizio,35.905038782989266,0.5414712001260698,30/05/2008 13:00:00,1,Ducati 1098 F08 [2008],World Superbikes,
404,Rider,Michel Fabrizio,35.93518209636101,0.5408974611039039,31/05/2008 13:00:00,0,Ducati 1098 F08 [2008],World Superbikes,
404,Rider,Michel Fabrizio,35.964663182394084,0.5403373131699831,12/06/2008 13:00:00,0,Ducati 1098 F08 [2008],World Superbikes,
404,Rider,Michel Fabrizio,35.99437054861687,0.5397961470372716,13/06/2008 13:00:00,0,Ducati 1098 F08 [2008],World Superbikes,
404,Rider,Michel Fabrizio,36.02431685378481,0.5392742386001685,14/06/2008 13:00:00,0,Ducati 1098 F08 [2008],World Superbikes,
404,Rider,Michel Fabrizio,36.05394874575301,0.5387668242321559,26/06/2008 13:00:00,0,Ducati 1098 F08 [2008],World Superbikes,
404,Rider,Michel Fabrizio,36.0850001428272,0.5382792056929505,27/06/2008 13:00:00,0,Ducati 1098 F08 [2008],World Superbikes,
404,Rider,Michel Fabrizio,36.11572940393396,0.53780723819546,28/06/2008 13:00:00,0,Ducati 1098 F08 [2008],World Superbikes,
404,Rider,Michel Fabrizio,36.14596328258188,0.5373466191503411,17/07/2008 13:00:00,0,Ducati 1098 F08 [2008],World Superbikes,
404,Rider,Michel Fabrizio,36.176240115942534,0.5369033353829162,18/07/2008 13:00:00,0,Ducati 1098 F08 [2008],World Superbikes,
404,Rider,Michel Fabrizio,36.20627264535975,0.5364758972477631,19/07/2008 13:00:00,0,Ducati 1098 F08 [2008],World Superbikes,
404,Rider,Michel Fabrizio,36.23534210750122,0.5360560528462519,01/08/2008 13:00:00,0,Ducati 1098 F08 [2008],World Superbikes,
404,Rider,Michel Fabrizio,36.26508431914919,0.5356542689650888,01/08/2008 13:00:00,1,Ducati 1098 F08 [2008],World Superbikes,
404,Rider,Michel Fabrizio,36.29653682000833,0.5352702113847227,02/08/2008 13:00:00,0,Ducati 1098 F08 [2008],World Superbikes,
404,Rider,Michel Fabrizio,36.32950304518675,0.5348962602282007,05/09/2008 13:00:00,0,Ducati 1098 F08 [2008],World Superbikes,
404,Rider,Michel Fabrizio,36.36349874943357,0.5345408064442592,05/09/2008 13:00:00,1,Ducati 1098 F08 [2008],World Superbikes,
404,Rider,Michel Fabrizio,36.39739984576929,0.5342019460865403,06/09/2008 13:00:00,0,Ducati 1098 F08 [2008],World Superbikes,
404,Rider,Michel Fabrizio,36.431871992582934,0.5338764051643536,18/09/2008 13:00:00,0,Ducati 1098 F08 [2008],World Superbikes,
404,Rider,Michel Fabrizio,36.468103806326525,0.5335670811678294,19/09/2008 13:00:00,0,Ducati 1098 F08 [2008],World Superbikes,
404,Rider,Michel Fabrizio,36.50339892157148,0.5332664825549859,20/09/2008 13:00:00,0,Ducati 1098 F08 [2008],World Superbikes,
404,Rider,Michel Fabrizio,36.53906666839801,0.5329775916153205,02/10/2008 13:00:00,0,Ducati 1098 F08 [2008],World Superbikes,
404,Rider,Michel Fabrizio,36.57649979080769,0.5327048216416821,03/10/2008 13:00:00,0,Ducati 1098 F08 [2008],World Superbikes,
404,Rider,Michel Fabrizio,36.61409034560889,0.5324444689848101,04/10/2008 13:00:00,0,Ducati 1098 F08 [2008],World Superbikes,
404,Rider,Michel Fabrizio,36.65269631030009,0.5321969124158992,31/10/2008 13:00:00,0,Ducati 1098 F08 [2008],World Superbikes,
404,Rider,Michel Fabrizio,36.69023284492437,0.5319594254694346,31/10/2008 13:00:00,1,Ducati 1098 F08 [2008],World Superbikes,
404,Rider,Michel Fabrizio,36.72576157725257,0.5317141962305674,01/11/2008 13:00:00,0,Ducati 1098 F08 [2008],World Superbikes,
404,Rider,Michel Fabrizio,36.76083191002843,0.5314785341301355,26/02/2009 13:00:00,0,Ducati 1098R [2009],World Superbikes,
404,Rider,Michel Fabrizio,36.79582689669801,0.5312584429905847,27/02/2009 13:00:00,0,Ducati 1098R [2009],World Superbikes,
404,Rider,Michel Fabrizio,36.83029890646981,0.531051074662066,27/02/2009 13:00:00,1,Ducati 1098R [2009],World Superbikes,
404,Rider,Michel Fabrizio,36.86439805007691,0.5308553953510777,27/02/2009 13:00:00,2,Ducati 1098R [2009],World Superbikes,
404,Rider,Michel Fabrizio,36.897276576509505,0.5306647449744919,27/02/2009 13:00:00,3,Ducati 1098R [2009],World Superbikes,
404,Rider,Michel Fabrizio,36.930457540709334,0.5304754818908921,11/03/2009 13:00:00,0,Ducati 1098R [2009],World Superbikes,
404,Rider,Michel Fabrizio,36.96377380943462,0.5303008265525048,12/03/2009 13:00:00,0,Ducati 1098R [2009],World Superbikes,
404,Rider,Michel Fabrizio,36.99667415956119,0.5301386443044376,12/03/2009 13:00:00,1,Ducati 1098R [2009],World Superbikes,
404,Rider,Michel Fabrizio,37.03017287526781,0.529991591491607,12/03/2009 13:00:00,2,Ducati 1098R [2009],World Superbikes,
404,Rider,Michel Fabrizio,37.06481157018562,0.5298558605267988,03/04/2009 13:00:00,0,Ducati 1098R [2009],World Superbikes,
404,Rider,Michel Fabrizio,37.098659200613334,0.5297305034898361,03/04/2009 13:00:00,1,Ducati 1098R [2009],World Superbikes,
404,Rider,Michel Fabrizio,37.131700138084014,0.5296131908975837,04/04/2009 13:00:00,0,Ducati 1098R [2009],World Superbikes,
404,Rider,Michel Fabrizio,37.16586132595368,0.5295094557493495,04/04/2009 13:00:00,1,Ducati 1098R [2009],World Superbikes,
404,Rider,Michel Fabrizio,37.19960747303477,0.5294143973608912,04/04/2009 13:00:00,2,Ducati 1098R [2009],World Superbikes,
404,Rider,Michel Fabrizio,37.23347576868575,0.5293206397858627,24/04/2009 13:00:00,0,Ducati 1098R [2009],World Superbikes,
404,Rider,Michel Fabrizio,37.266969754381826,0.5292390201489628,24/04/2009 13:00:00,1,Ducati 1098R [2009],World Superbikes,
404,Rider,Michel Fabrizio,37.29983004726123,0.5291685091824555,25/04/2009 13:00:00,0,Ducati 1098R [2009],World Superbikes,
404,Rider,Michel Fabrizio,37.33263291739968,0.5291113194616801,25/04/2009 13:00:00,1,Ducati 1098R [2009],World Superbikes,
404,Rider,Michel Fabrizio,37.36494210708809,0.5290631074423203,25/04/2009 13:00:00,2,Ducati 1098R [2009],World Superbikes,
404,Rider,Michel Fabrizio,37.39778494822439,0.5290159316629687,08/05/2009 13:00:00,0,Ducati 1098R [2009],World Superbikes,
404,Rider,Michel Fabrizio,37.42874070114412,0.5289596308225871,08/05/2009 13:00:00,1,Ducati 1098R [2009],World Superbikes,
404,Rider,Michel Fabrizio,37.457812745687825,0.5288946435269312,09/05/2009 13:00:00,0,Ducati 1098R [2009],World Superbikes,
404,Rider,Michel Fabrizio,37.48608884912709,0.5288369841696013,09/05/2009 13:00:00,1,Ducati 1098R [2009],World Superbikes,
404,Rider,Michel Fabrizio,37.51262484329161,0.528766807254564,09/05/2009 13:00:00,2,Ducati 1098R [2009],World Superbikes,
404,Rider,Michel Fabrizio,37.53834632013757,0.5286880454580345,15/05/2009 13:00:00,0,Ducati 1098R [2009],World Superbikes,
404,Rider,Michel Fabrizio,37.562093923420996,0.5285978581045758,15/05/2009 13:00:00,1,Ducati 1098R [2009],World Superbikes,
404,Rider,Michel Fabrizio,37.584172464641924,0.5284957252525083,16/05/2009 13:00:00,0,Ducati 1098R [2009],World Superbikes,
404,Rider,Michel Fabrizio,37.60614280771967,0.5284034362608502,16/05/2009 13:00:00,1,Ducati 1098R [2009],World Superbikes,
404,Rider,Michel Fabrizio,37.62684595598681,0.5283095062279869,16/05/2009 13:00:00,2,Ducati 1098R [2009],World Superbikes,
404,Rider,Michel Fabrizio,37.64646969220177,0.5282090330819179,29/05/2009 13:00:00,0,Ducati 1098R [2009],World Superbikes,
404,Rider,Michel Fabrizio,37.665853433284354,0.5281190209502663,29/05/2009 13:00:00,1,Ducati 1098R [2009],World Superbikes,
404,Rider,Michel Fabrizio,37.683336039830124,0.5280178309911584,30/05/2009 13:00:00,0,Ducati 1098R [2009],World Superbikes,
404,Rider,Michel Fabrizio,37.7003400826462,0.5279249105619306,30/05/2009 13:00:00,1,Ducati 1098R [2009],World Superbikes,
404,Rider,Michel Fabrizio,37.71630371333883,0.5278284569890198,30/05/2009 13:00:00,2,Ducati 1098R [2009],World Superbikes,
404,Rider,Michel Fabrizio,37.732745549136645,0.5277311494556935,19/06/2009 13:00:00,0,Ducati 1098R [2009],World Superbikes,
404,Rider,Michel Fabrizio,37.747274199959904,0.527621049588304,19/06/2009 13:00:00,1,Ducati 1098R [2009],World Superbikes,
404,Rider,Michel Fabrizio,37.76207753113575,0.5275238899096215,20/06/2009 13:00:00,0,Ducati 1098R [2009],World Superbikes,
404,Rider,Michel Fabrizio,37.77702164659915,0.5274377329096956,20/06/2009 13:00:00,1,Ducati 1098R [2009],World Superbikes,
404,Rider,Michel Fabrizio,37.7923247120217,0.5273615995086541,20/06/2009 13:00:00,2,Ducati 1098R [2009],World Superbikes,
404,Rider,Michel Fabrizio,37.807571949127265,0.5272839660719354,26/06/2009 13:00:00,0,Ducati 1098R [2009],World Superbikes,
404,Rider,Michel Fabrizio,37.82100007895769,0.5271949264599517,26/06/2009 13:00:00,1,Ducati 1098R [2009],World Superbikes,
404,Rider,Michel Fabrizio,37.83245552578492,0.5270950841131681,27/06/2009 13:00:00,0,Ducati 1098R [2009],World Superbikes,
404,Rider,Michel Fabrizio,37.84369580947036,0.5270045376021275,27/06/2009 13:00:00,1,Ducati 1098R [2009],World Superbikes,
404,Rider,Michel Fabrizio,37.853068189555835,0.5268988533581701,27/06/2009 13:00:00,2,Ducati 1098R [2009],World Superbikes,
404,Rider,Michel Fabrizio,37.86310897011769,0.5267947032151951,24/07/2009 13:00:00,0,Ducati 1098R [2009],World Superbikes,
404,Rider,Michel Fabrizio,37.872051102305285,0.5266923625162793,24/07/2009 13:00:00,1,Ducati 1098R [2009],World Superbikes,
404,Rider,Michel Fabrizio,37.88019926608716,0.526594865384313,25/07/2009 13:00:00,0,Ducati 1098R [2009],World Superbikes,
404,Rider,Michel Fabrizio,37.88800599304568,0.526505336292074,25/07/2009 13:00:00,1,Ducati 1098R [2009],World Superbikes,
404,Rider,Michel Fabrizio,37.89551307210666,0.5264222715297011,25/07/2009 13:00:00,2,Ducati 1098R [2009],World Superbikes,
404,Rider,Michel Fabrizio,37.90211019305758,0.526328778243689,04/09/2009 13:00:00,0,Ducati 1098R [2009],World Superbikes,
404,Rider,Michel Fabrizio,37.90834004793018,0.5262437690248749,04/09/2009 13:00:00,1,Ducati 1098R [2009],World Superbikes,
404,Rider,Michel Fabrizio,37.91366247316352,0.5261625654947257,05/09/2009 13:00:00,0,Ducati 1098R [2009],World Superbikes,
404,Rider,Michel Fabrizio,37.91968042148909,0.5260918948935434,05/09/2009 13:00:00,1,Ducati 1098R [2009],World Superbikes,
404,Rider,Michel Fabrizio,37.925502099382506,0.5260284146200943,05/09/2009 13:00:00,2,Ducati 1098R [2009],World Superbikes,
404,Rider,Michel Fabrizio,37.931285135367816,0.5259653443406666,25/09/2009 13:00:00,0,Ducati 1098R [2009],World Superbikes,
404,Rider,Michel Fabrizio,37.93508213655965,0.5258894910623446,26/09/2009 13:00:00,0,Ducati 1098R [2009],World Superbikes,
404,Rider,Michel Fabrizio,37.93883112405566,0.5258226801289303,26/09/2009 13:00:00,1,Ducati 1098R [2009],World Superbikes,
404,Rider,Michel Fabrizio,37.942680440263125,0.5257636672060702,26/09/2009 13:00:00,2,Ducati 1098R [2009],World Superbikes,
404,Rider,Michel Fabrizio,37.94472869658798,0.5256851562045288,02/10/2009 13:00:00,0,Ducati 1098R [2009],World Superbikes,
404,Rider,Michel Fabrizio,37.944856678628376,0.5255931292419713,02/10/2009 13:00:00,1,Ducati 1098R [2009],World Superbikes,
404,Rider,Michel Fabrizio,37.942978939230244,0.5254874026917508,03/10/2009 13:00:00,0,Ducati 1098R [2009],World Superbikes,
404,Rider,Michel Fabrizio,37.9408178146775,0.525388816505253,03/10/2009 13:00:00,1,Ducati 1098R [2009],World Superbikes,
404,Rider,Michel Fabrizio,37.938784288046605,0.5252982102448801,03/10/2009 13:00:00,2,Ducati 1098R [2009],World Superbikes,
404,Rider,Michel Fabrizio,37.93629383443644,0.5252022109183876,23/10/2009 13:00:00,0,Ducati 1098R [2009],World Superbikes,
404,Rider,Michel Fabrizio,37.93397392979818,0.5251158527124878,23/10/2009 13:00:00,1,Ducati 1098R [2009],World Superbikes,
404,Rider,Michel Fabrizio,37.930420217011026,0.5250281293845581,24/10/2009 13:00:00,0,Ducati 1098R [2009],World Superbikes,
404,Rider,Michel Fabrizio,37.92778860738593,0.524950440294682,24/10/2009 13:00:00,1,Ducati 1098R [2009],World Superbikes,
404,Rider,Michel Fabrizio,37.92576702839063,0.5248810140167728,24/10/2009 13:00:00,2,Ducati 1098R [2009],World Superbikes,
404,Rider,Michel Fabrizio,37.92337861151936,0.5248082459369733,25/02/2010 13:00:00,0,Ducati 1098R [2010],World Superbikes,
404,Rider,Michel Fabrizio,37.91956404940091,0.5247347987184463,26/02/2010 13:00:00,0,Ducati 1098R [2010],World Superbikes,
404,Rider,Michel Fabrizio,37.917559906871396,0.5246711842526087,26/02/2010 13:00:00,1,Ducati 1098R [2010],World Superbikes,
404,Rider,Michel Fabrizio,37.91455250276478,0.5246118419397756,26/02/2010 13:00:00,2,Ducati 1098R [2010],World Superbikes,
404,Rider,Michel Fabrizio,37.91145654436658,0.5245597484316736,26/02/2010 13:00:00,3,Ducati 1098R [2010],World Superbikes,
404,Rider,Michel Fabrizio,37.907276620022756,0.5245014012084115,26/03/2010 13:00:00,0,Ducati 1098R [2010],World Superbikes,
404,Rider,Michel Fabrizio,37.90159086291403,0.5244434148556342,26/03/2010 13:00:00,1,Ducati 1098R [2010],World Superbikes,
404,Rider,Michel Fabrizio,37.8948109268884,0.524390221541329,27/03/2010 13:00:00,0,Ducati 1098R [2010],World Superbikes,
404,Rider,Michel Fabrizio,37.88999112857999,0.5243446856252608,09/04/2010 13:00:00,0,Ducati 1098R [2010],World Superbikes,
404,Rider,Michel Fabrizio,37.88488391727389,0.524308006262008,09/04/2010 13:00:00,1,Ducati 1098R [2010],World Superbikes,
404,Rider,Michel Fabrizio,37.87931373153682,0.5242796435771295,10/04/2010 13:00:00,0,Ducati 1098R [2010],World Superbikes,
404,Rider,Michel Fabrizio,37.87178480905893,0.5242388590362373,10/04/2010 13:00:00,1,Ducati 1098R [2010],World Superbikes,
404,Rider,Michel Fabrizio,37.865024791548144,0.5242058837893524,23/04/2010 13:00:00,0,Ducati 1098R [2010],World Superbikes,
404,Rider,Michel Fabrizio,37.85869994126465,0.5241822328729203,23/04/2010 13:00:00,1,Ducati 1098R [2010],World Superbikes,
404,Rider,Michel Fabrizio,37.85276717182893,0.5241684435903141,24/04/2010 13:00:00,0,Ducati 1098R [2010],World Superbikes,
404,Rider,Michel Fabrizio,37.84824631168465,0.5241628030909194,24/04/2010 13:00:00,1,Ducati 1098R [2010],World Superbikes,
404,Rider,Michel Fabrizio,37.84396876020623,0.5241655965153492,24/04/2010 13:00:00,2,Ducati 1098R [2010],World Superbikes,
404,Rider,Michel Fabrizio,37.841572763711916,0.5241507378106881,07/05/2010 13:00:00,0,Ducati 1098R [2010],World Superbikes,
404,Rider,Michel Fabrizio,37.8381830025475,0.5241397076922558,07/05/2010 13:00:00,1,Ducati 1098R [2010],World Superbikes,
404,Rider,Michel Fabrizio,37.83289357469104,0.5241155526748581,08/05/2010 13:00:00,0,Ducati 1098R [2010],World Superbikes,
404,Rider,Michel Fabrizio,37.827908817224035,0.5241009079475331,08/05/2010 13:00:00,1,Ducati 1098R [2010],World Superbikes,
404,Rider,Michel Fabrizio,37.82163146890363,0.5240833352761533,08/05/2010 13:00:00,2,Ducati 1098R [2010],World Superbikes,
404,Rider,Michel Fabrizio,37.81486948329721,0.5240607858640763,14/05/2010 13:00:00,0,Ducati 1098R [2010],World Superbikes,
404,Rider,Michel Fabrizio,37.806010813707964,0.5240258889678463,14/05/2010 13:00:00,1,Ducati 1098R [2010],World Superbikes,
404,Rider,Michel Fabrizio,37.79604939108994,0.5239955214186911,15/05/2010 13:00:00,0,Ducati 1098R [2010],World Superbikes,
404,Rider,Michel Fabrizio,37.786695471229834,0.5239749645952467,15/05/2010 13:00:00,1,Ducati 1098R [2010],World Superbikes,
404,Rider,Michel Fabrizio,37.77696838556903,0.5239600044454414,15/05/2010 13:00:00,2,Ducati 1098R [2010],World Superbikes,
404,Rider,Michel Fabrizio,37.76703950628052,0.5239442057213675,29/05/2010 13:00:00,0,Ducati 1098R [2010],World Superbikes,
404,Rider,Michel Fabrizio,37.75566565831872,0.5239283644843513,29/05/2010 13:00:00,1,Ducati 1098R [2010],World Superbikes,
404,Rider,Michel Fabrizio,37.74404160494317,0.5239205543157375,30/05/2010 13:00:00,0,Ducati 1098R [2010],World Superbikes,
404,Rider,Michel Fabrizio,37.73369852899108,0.5239214221256435,30/05/2010 13:00:00,1,Ducati 1098R [2010],World Superbikes,
404,Rider,Michel Fabrizio,37.724136919310524,0.523929831153292,25/06/2010 13:00:00,0,Ducati 1098R [2010],World Superbikes,
404,Rider,Michel Fabrizio,37.71377219216073,0.5239441186729727,25/06/2010 13:00:00,1,Ducati 1098R [2010],World Superbikes,
404,Rider,Michel Fabrizio,37.70282524294402,0.5239665991080485,26/06/2010 13:00:00,0,Ducati 1098R [2010],World Superbikes,
404,Rider,Michel Fabrizio,37.690398292745165,0.5239880235504447,26/06/2010 13:00:00,1,Ducati 1098R [2010],World Superbikes,
404,Rider,Michel Fabrizio,37.67727978302793,0.5240147650047354,26/06/2010 13:00:00,2,Ducati 1098R [2010],World Superbikes,
404,Rider,Michel Fabrizio,37.66353044826042,0.524039063705329,09/07/2010 13:00:00,0,Ducati 1098R [2010],World Superbikes,
404,Rider,Michel Fabrizio,37.64868239579348,0.5240672239136377,09/07/2010 13:00:00,1,Ducati 1098R [2010],World Superbikes,
404,Rider,Michel Fabrizio,37.63200518560669,0.52408133804647,10/07/2010 13:00:00,0,Ducati 1098R [2010],World Superbikes,
404,Rider,Michel Fabrizio,37.614698296769426,0.5241003338758453,10/07/2010 13:00:00,1,Ducati 1098R [2010],World Superbikes,
404,Rider,Michel Fabrizio,37.59686183130774,0.5241244022989802,10/07/2010 13:00:00,2,Ducati 1098R [2010],World Superbikes,
404,Rider,Michel Fabrizio,37.580337714262285,0.5241448583002506,30/07/2010 13:00:00,0,Ducati 1098R [2010],World Superbikes,
404,Rider,Michel Fabrizio,37.56330365171372,0.5241735362471903,30/07/2010 13:00:00,1,Ducati 1098R [2010],World Superbikes,
404,Rider,Michel Fabrizio,37.54658010849611,0.524212764013389,31/07/2010 13:00:00,0,Ducati 1098R [2010],World Superbikes,
404,Rider,Michel Fabrizio,37.52835436135728,0.5242509884600375,31/07/2010 13:00:00,1,Ducati 1098R [2010],World Superbikes,
404,Rider,Michel Fabrizio,37.50911348850626,0.5242929852924887,31/07/2010 13:00:00,2,Ducati 1098R [2010],World Superbikes,
404,Rider,Michel Fabrizio,37.4892929304675,0.5243323693108807,03/09/2010 13:00:00,0,Ducati 1098R [2010],World Superbikes,
404,Rider,Michel Fabrizio,37.46841491230416,0.5243760693979391,03/09/2010 13:00:00,1,Ducati 1098R [2010],World Superbikes,
404,Rider,Michel Fabrizio,37.44686072976413,0.5244265663241342,04/09/2010 13:00:00,0,Ducati 1098R [2010],World Superbikes,
404,Rider,Michel Fabrizio,37.42491704307351,0.524484683225975,04/09/2010 13:00:00,1,Ducati 1098R [2010],World Superbikes,
404,Rider,Michel Fabrizio,37.403438055716926,0.524551412499285,24/09/2010 13:00:00,0,Ducati 1098R [2010],World Superbikes,
404,Rider,Michel Fabrizio,37.38149265188026,0.524625672737415,24/09/2010 13:00:00,1,Ducati 1098R [2010],World Superbikes,
404,Rider,Michel Fabrizio,37.36011642921291,0.5247066833456592,25/09/2010 13:00:00,0,Ducati 1098R [2010],World Superbikes,
404,Rider,Michel Fabrizio,37.34017381453957,0.5247958215024474,25/09/2010 13:00:00,1,Ducati 1098R [2010],World Superbikes,
404,Rider,Michel Fabrizio,37.320890125414934,0.524894565817575,01/10/2010 13:00:00,0,Ducati 1098R [2010],World Superbikes,
404,Rider,Michel Fabrizio,37.300323827399424,0.5249959977887174,01/10/2010 13:00:00,1,Ducati 1098R [2010],World Superbikes,
404,Rider,Michel Fabrizio,37.27850846333,0.5250992790553364,02/10/2010 13:00:00,0,Ducati 1098R [2010],World Superbikes,
404,Rider,Michel Fabrizio,37.25576369431531,0.5252082919955416,02/10/2010 13:00:00,1,Ducati 1098R [2010],World Superbikes,
404,Rider,Michel Fabrizio,37.23249951316806,0.5253248476277417,02/10/2010 13:00:00,2,Ducati 1098R [2010],World Superbikes,
404,Rider,Michel Fabrizio,37.2093554129274,0.5254420812114661,24/02/2011 13:00:00,0,Suzuki GSX-R 1000 K9 [2011],World Superbikes,
404,Rider,Michel Fabrizio,37.18558453759209,0.5255688556528931,25/02/2011 13:00:00,0,Suzuki GSX-R 1000 K9 [2011],World Superbikes,
404,Rider,Michel Fabrizio,37.162013028440334,0.5257059898370123,25/02/2011 13:00:00,1,Suzuki GSX-R 1000 K9 [2011],World Superbikes,
404,Rider,Michel Fabrizio,37.13911644959955,0.5258500365764145,25/02/2011 13:00:00,2,Suzuki GSX-R 1000 K9 [2011],World Superbikes,
404,Rider,Michel Fabrizio,37.11660292569298,0.5259976771529976,25/03/2011 13:00:00,0,Suzuki GSX-R 1000 K9 [2011],World Superbikes,
404,Rider,Michel Fabrizio,37.095893164096616,0.5261478944546497,25/03/2011 13:00:00,1,Suzuki GSX-R 1000 K9 [2011],World Superbikes,
404,Rider,Michel Fabrizio,37.07488802882647,0.5263094454721012,26/03/2011 13:00:00,0,Suzuki GSX-R 1000 K9 [2011],World Superbikes,
404,Rider,Michel Fabrizio,37.05440121413735,0.5264787158104859,26/03/2011 13:00:00,1,Suzuki GSX-R 1000 K9 [2011],World Superbikes,
404,Rider,Michel Fabrizio,37.03507617002536,0.5266445012472496,15/04/2011 13:00:00,0,Suzuki GSX-R 1000 K9 [2011],World Superbikes,
404,Rider,Michel Fabrizio,37.01436450269887,0.5268182002667302,15/04/2011 13:00:00,1,Suzuki GSX-R 1000 K9 [2011],World Superbikes,
404,Rider,Michel Fabrizio,36.995778073308266,0.5269949730017544,16/04/2011 13:00:00,0,Suzuki GSX-R 1000 K9 [2011],World Superbikes,
404,Rider,Michel Fabrizio,36.978061605176784,0.5271780544628837,06/05/2011 13:00:00,0,Suzuki GSX-R 1000 K9 [2011],World Superbikes,
404,Rider,Michel Fabrizio,36.96042632637373,0.5273731452657618,06/05/2011 13:00:00,1,Suzuki GSX-R 1000 K9 [2011],World Superbikes,
404,Rider,Michel Fabrizio,36.94280253057826,0.5275799701302377,07/05/2011 13:00:00,0,Suzuki GSX-R 1000 K9 [2011],World Superbikes,
404,Rider,Michel Fabrizio,36.92365779165877,0.5277936352127103,07/05/2011 13:00:00,1,Suzuki GSX-R 1000 K9 [2011],World Superbikes,
404,Rider,Michel Fabrizio,36.903777845102326,0.5280139786103387,07/05/2011 13:00:00,2,Suzuki GSX-R 1000 K9 [2011],World Superbikes,
404,Rider,Michel Fabrizio,36.88462256207841,0.528229032644072,28/05/2011 13:00:00,0,Suzuki GSX-R 1000 K9 [2011],World Superbikes,
404,Rider,Michel Fabrizio,36.86516787125574,0.5284559934223197,28/05/2011 13:00:00,1,Suzuki GSX-R 1000 K9 [2011],World Superbikes,
404,Rider,Michel Fabrizio,36.84757273197224,0.528690154180558,29/05/2011 13:00:00,0,Suzuki GSX-R 1000 K9 [2011],World Superbikes,
404,Rider,Michel Fabrizio,36.831739521164266,0.5289232221786035,10/06/2011 13:00:00,0,Suzuki GSX-R 1000 K9 [2011],World Superbikes,
404,Rider,Michel Fabrizio,36.81442358558616,0.529165437438294,10/06/2011 13:00:00,1,Suzuki GSX-R 1000 K9 [2011],World Superbikes,
404,Rider,Michel Fabrizio,36.79547279506819,0.5294149217097356,11/06/2011 13:00:00,0,Suzuki GSX-R 1000 K9 [2011],World Superbikes,
404,Rider,Michel Fabrizio,36.77736015963004,0.5296721355452585,17/06/2011 13:00:00,0,Suzuki GSX-R 1000 K9 [2011],World Superbikes,
404,Rider,Michel Fabrizio,36.75876331115936,0.5299410776261065,17/06/2011 13:00:00,1,Suzuki GSX-R 1000 K9 [2011],World Superbikes,
404,Rider,Michel Fabrizio,36.740077257930224,0.530223138425091,18/06/2011 13:00:00,0,Suzuki GSX-R 1000 K9 [2011],World Superbikes,
404,Rider,Michel Fabrizio,36.72048394589596,0.5305152160970232,18/06/2011 13:00:00,1,Suzuki GSX-R 1000 K9 [2011],World Superbikes,
404,Rider,Michel Fabrizio,36.70240119650601,0.5308027535675672,08/07/2011 13:00:00,0,Suzuki GSX-R 1000 K9 [2011],World Superbikes,
404,Rider,Michel Fabrizio,36.683960307446696,0.5311025413690921,08/07/2011 13:00:00,1,Suzuki GSX-R 1000 K9 [2011],World Superbikes,
404,Rider,Michel Fabrizio,36.663585731316644,0.5314069202374828,09/07/2011 13:00:00,0,Suzuki GSX-R 1000 K9 [2011],World Superbikes,
404,Rider,Michel Fabrizio,36.64417350294903,0.531721942476574,09/07/2011 13:00:00,1,Suzuki GSX-R 1000 K9 [2011],World Superbikes,
404,Rider,Michel Fabrizio,36.62470357700081,0.5320436546908109,09/07/2011 13:00:00,2,Suzuki GSX-R 1000 K9 [2011],World Superbikes,
404,Rider,Michel Fabrizio,36.605242914257005,0.5323661879622804,29/07/2011 13:00:00,0,Suzuki GSX-R 1000 K9 [2011],World Superbikes,
404,Rider,Michel Fabrizio,36.58485893652588,0.5327023636383577,29/07/2011 13:00:00,1,Suzuki GSX-R 1000 K9 [2011],World Superbikes,
404,Rider,Michel Fabrizio,36.563952893817884,0.5330532634684344,30/07/2011 13:00:00,0,Suzuki GSX-R 1000 K9 [2011],World Superbikes,
404,Rider,Michel Fabrizio,36.541183269745815,0.5334083237226732,30/07/2011 13:00:00,1,Suzuki GSX-R 1000 K9 [2011],World Superbikes,
404,Rider,Michel Fabrizio,36.51834807524487,0.5337737936915541,30/07/2011 13:00:00,2,Suzuki GSX-R 1000 K9 [2011],World Superbikes,
404,Rider,Michel Fabrizio,36.496076744057895,0.5341375303026946,02/09/2011 13:00:00,0,Suzuki GSX-R 1000 K9 [2011],World Superbikes,
404,Rider,Michel Fabrizio,36.47210335332784,0.5345107265513886,02/09/2011 13:00:00,1,Suzuki GSX-R 1000 K9 [2011],World Superbikes,
404,Rider,Michel Fabrizio,36.447964502088475,0.5348987566258973,03/09/2011 13:00:00,0,Suzuki GSX-R 1000 K9 [2011],World Superbikes,
404,Rider,Michel Fabrizio,36.42451185472657,0.5352988071694612,03/09/2011 13:00:00,1,Suzuki GSX-R 1000 K9 [2011],World Superbikes,
404,Rider,Michel Fabrizio,36.40311376816882,0.5356851107848635,23/09/2011 13:00:00,0,Suzuki GSX-R 1000 K9 [2011],World Superbikes,
404,Rider,Michel Fabrizio,36.380386752865014,0.5360840002086062,23/09/2011 13:00:00,1,Suzuki GSX-R 1000 K9 [2011],World Superbikes,
404,Rider,Michel Fabrizio,36.35592684716189,0.5364942620133455,24/09/2011 13:00:00,0,Suzuki GSX-R 1000 K9 [2011],World Superbikes,
404,Rider,Michel Fabrizio,36.330429771660896,0.5369180168376904,24/09/2011 13:00:00,1,Suzuki GSX-R 1000 K9 [2011],World Superbikes,
404,Rider,Michel Fabrizio,36.30615825805222,0.5373442796585138,30/09/2011 13:00:00,0,Suzuki GSX-R 1000 K9 [2011],World Superbikes,
404,Rider,Michel Fabrizio,36.28323845390583,0.5377842028775982,30/09/2011 13:00:00,1,Suzuki GSX-R 1000 K9 [2011],World Superbikes,
404,Rider,Michel Fabrizio,36.260720875081475,0.5382404669243924,01/10/2011 13:00:00,0,Suzuki GSX-R 1000 K9 [2011],World Superbikes,
404,Rider,Michel Fabrizio,36.23952561890789,0.5387054112886897,14/10/2011 13:00:00,0,Suzuki GSX-R 1000 K9 [2011],World Superbikes,
404,Rider,Michel Fabrizio,36.21954518353789,0.5391868070318963,14/10/2011 13:00:00,1,Suzuki GSX-R 1000 K9 [2011],World Superbikes,
404,Rider,Michel Fabrizio,36.20050800311944,0.5396862206757974,15/10/2011 13:00:00,0,Suzuki GSX-R 1000 K9 [2011],World Superbikes,
404,Rider,Michel Fabrizio,36.18272877628534,0.5401969445104842,23/02/2012 13:00:00,0,BMW S1000 RR [2012],World Superbikes,
404,Rider,Michel Fabrizio,36.1646160527663,0.5407277891255455,24/02/2012 13:00:00,0,BMW S1000 RR [2012],World Superbikes,
404,Rider,Michel Fabrizio,36.14616977475099,0.5412796853563497,30/03/2012 13:00:00,0,BMW S1000 RR [2012],World Superbikes,
404,Rider,Michel Fabrizio,36.12906625555616,0.5418502736834552,30/03/2012 13:00:00,1,BMW S1000 RR [2012],World Superbikes,
404,Rider,Michel Fabrizio,36.11276794440749,0.5424418885608095,20/04/2012 13:00:00,0,BMW S1000 RR [2012],World Superbikes,
404,Rider,Michel Fabrizio,36.09540701355006,0.5430536605316183,20/04/2012 13:00:00,1,BMW S1000 RR [2012],World Superbikes,
404,Rider,Michel Fabrizio,36.078106515211026,0.5436874163087356,21/04/2012 13:00:00,0,BMW S1000 RR [2012],World Superbikes,
404,Rider,Michel Fabrizio,36.05992517352636,0.544340213796545,21/04/2012 13:00:00,1,BMW S1000 RR [2012],World Superbikes,
404,Rider,Michel Fabrizio,36.041666397307644,0.5449999553416935,04/05/2012 13:00:00,0,BMW S1000 RR [2012],World Superbikes,
404,Rider,Michel Fabrizio,36.02072889443698,0.5456657742676113,04/05/2012 13:00:00,1,BMW S1000 RR [2012],World Superbikes,
404,Rider,Michel Fabrizio,35.99986038409565,0.5463550934109492,05/05/2012 13:00:00,0,BMW S1000 RR [2012],World Superbikes,
404,Rider,Michel Fabrizio,35.97916471854127,0.5470647927180976,11/05/2012 13:00:00,0,BMW S1000 RR [2012],World Superbikes,
404,Rider,Michel Fabrizio,35.95749315319218,0.5477975412619979,11/05/2012 13:00:00,1,BMW S1000 RR [2012],World Superbikes,
404,Rider,Michel Fabrizio,35.93484871672002,0.5485537630577233,12/05/2012 13:00:00,0,BMW S1000 RR [2012],World Superbikes,
404,Rider,Michel Fabrizio,35.91155691586312,0.5493326467170444,12/05/2012 13:00:00,1,BMW S1000 RR [2012],World Superbikes,
404,Rider,Michel Fabrizio,35.88905256851922,0.5501228481855469,26/05/2012 13:00:00,0,BMW S1000 RR [2012],World Superbikes,
404,Rider,Michel Fabrizio,35.86668487152608,0.5509385849558603,26/05/2012 13:00:00,1,BMW S1000 RR [2012],World Superbikes,
404,Rider,Michel Fabrizio,35.84403578618602,0.5517809905768479,27/05/2012 13:00:00,0,BMW S1000 RR [2012],World Superbikes,
404,Rider,Michel Fabrizio,35.82186402787919,0.5526456795851945,27/05/2012 13:00:00,1,BMW S1000 RR [2012],World Superbikes,
404,Rider,Michel Fabrizio,35.8001936331766,0.5535257420387004,08/06/2012 13:00:00,0,BMW S1000 RR [2012],World Superbikes,
404,Rider,Michel Fabrizio,35.779699295556746,0.5544325665190453,08/06/2012 13:00:00,1,BMW S1000 RR [2012],World Superbikes,
404,Rider,Michel Fabrizio,35.759656200941215,0.5553683688515707,09/06/2012 13:00:00,0,BMW S1000 RR [2012],World Superbikes,
404,Rider,Michel Fabrizio,35.739980021734915,0.556330669182234,29/06/2012 13:00:00,0,BMW S1000 RR [2012],World Superbikes,
404,Rider,Michel Fabrizio,35.719298366602935,0.5573223491133804,29/06/2012 13:00:00,1,BMW S1000 RR [2012],World Superbikes,
404,Rider,Michel Fabrizio,35.697947859383724,0.5583441490322912,30/06/2012 13:00:00,0,BMW S1000 RR [2012],World Superbikes,
404,Rider,Michel Fabrizio,35.67713098539272,0.559390759132794,20/07/2012 13:00:00,0,BMW S1000 RR [2012],World Superbikes,
404,Rider,Michel Fabrizio,35.65537342933846,0.5604667823382228,20/07/2012 13:00:00,1,BMW S1000 RR [2012],World Superbikes,
404,Rider,Michel Fabrizio,35.63216531040058,0.5615695137727804,21/07/2012 13:00:00,0,BMW S1000 RR [2012],World Superbikes,
404,Rider,Michel Fabrizio,35.60738035358361,0.562699400125935,21/07/2012 13:00:00,1,BMW S1000 RR [2012],World Superbikes,
404,Rider,Michel Fabrizio,35.58262487052744,0.5638520421872024,03/08/2012 13:00:00,0,BMW S1000 RR [2012],World Superbikes,
404,Rider,Michel Fabrizio,35.55843055160787,0.565038534073597,03/08/2012 13:00:00,1,BMW S1000 RR [2012],World Superbikes,
404,Rider,Michel Fabrizio,35.533938081471774,0.5662596084712862,04/08/2012 13:00:00,0,BMW S1000 RR [2012],World Superbikes,
404,Rider,Michel Fabrizio,35.51063112900889,0.5675041255529688,23/08/2012 13:00:00,0,BMW S1000 RR [2012],World Superbikes,
404,Rider,Michel Fabrizio,35.488194506212956,0.5687818849982151,24/08/2012 13:00:00,0,BMW S1000 RR [2012],World Superbikes,
404,Rider,Michel Fabrizio,35.466296196624164,0.5700953712513617,07/09/2012 13:00:00,0,BMW S1000 RR [2012],World Superbikes,
404,Rider,Michel Fabrizio,35.445054964834924,0.571443786129795,07/09/2012 13:00:00,1,BMW S1000 RR [2012],World Superbikes,
404,Rider,Michel Fabrizio,35.42390481171899,0.5728283501781538,08/09/2012 13:00:00,0,BMW S1000 RR [2012],World Superbikes,
404,Rider,Michel Fabrizio,35.40378479491487,0.574235998158583,21/09/2012 13:00:00,0,BMW S1000 RR [2012],World Superbikes,
404,Rider,Michel Fabrizio,35.38301468693309,0.5756817994288528,21/09/2012 13:00:00,1,BMW S1000 RR [2012],World Superbikes,
404,Rider,Michel Fabrizio,35.3620181020609,0.5771664202609406,22/09/2012 13:00:00,0,BMW S1000 RR [2012],World Superbikes,
404,Rider,Michel Fabrizio,35.34264310212707,0.5786756052309363,05/10/2012 13:00:00,0,BMW S1000 RR [2012],World Superbikes,
404,Rider,Michel Fabrizio,35.32204261005098,0.5802230136141283,05/10/2012 13:00:00,1,BMW S1000 RR [2012],World Superbikes,
404,Rider,Michel Fabrizio,35.30140448282665,0.5818097779299122,06/10/2012 13:00:00,0,BMW S1000 RR [2012],World Superbikes,
404,Rider,Michel Fabrizio,35.27986279860358,0.5834358365319947,06/10/2012 13:00:00,1,BMW S1000 RR [2012],World Superbikes,
404,Rider,Michel Fabrizio,35.25928685295586,0.5850851975314635,21/02/2013 13:00:00,0,Aprilia RSV4 Factory [2013],World Superbikes,
404,Rider,Michel Fabrizio,35.23646123633932,0.5867553020170181,22/02/2013 13:00:00,0,Aprilia RSV4 Factory [2013],World Superbikes,
404,Rider,Michel Fabrizio,35.211261285859365,0.5884480561677399,22/02/2013 13:00:00,1,Aprilia RSV4 Factory [2013],World Superbikes,
404,Rider,Michel Fabrizio,35.186645822857116,0.590181881527387,22/02/2013 13:00:00,2,Aprilia RSV4 Factory [2013],World Superbikes,
404,Rider,Michel Fabrizio,35.16256531445294,0.5919549121770994,22/02/2013 13:00:00,3,Aprilia RSV4 Factory [2013],World Superbikes,
404,Rider,Michel Fabrizio,35.137341471689524,0.5937644013993173,12/04/2013 13:00:00,0,Aprilia RSV4 Factory [2013],World Superbikes,
404,Rider,Michel Fabrizio,35.11325623611236,0.595616681545106,12/04/2013 13:00:00,1,Aprilia RSV4 Factory [2013],World Superbikes,
404,Rider,Michel Fabrizio,35.08951831426142,0.5975126618697963,13/04/2013 13:00:00,0,Aprilia RSV4 Factory [2013],World Superbikes,
404,Rider,Michel Fabrizio,35.06792583751564,0.5994398551466195,26/04/2013 13:00:00,0,Aprilia RSV4 Factory [2013],World Superbikes,
404,Rider,Michel Fabrizio,35.04709320622125,0.6014140763095924,26/04/2013 13:00:00,1,Aprilia RSV4 Factory [2013],World Superbikes,
404,Rider,Michel Fabrizio,35.02720479155126,0.6034328502026943,27/04/2013 13:00:00,0,Aprilia RSV4 Factory [2013],World Superbikes,
404,Rider,Michel Fabrizio,35.00871748220123,0.60549556801914,27/04/2013 13:00:00,1,Aprilia RSV4 Factory [2013],World Superbikes,
404,Rider,Michel Fabrizio,34.99085091811346,0.6076008254256788,27/04/2013 13:00:00,2,Aprilia RSV4 Factory [2013],World Superbikes,
404,Rider,Michel Fabrizio,34.97451088439949,0.6097235580181418,10/05/2013 13:00:00,0,Aprilia RSV4 Factory [2013],World Superbikes,
404,Rider,Michel Fabrizio,34.957617809121196,0.611896680125876,10/05/2013 13:00:00,1,Aprilia RSV4 Factory [2013],World Superbikes,
404,Rider,Michel Fabrizio,34.940425090356925,0.6141224558129024,11/05/2013 13:00:00,0,Aprilia RSV4 Factory [2013],World Superbikes,
404,Rider,Michel Fabrizio,34.92430367977416,0.6163965974137608,11/05/2013 13:00:00,1,Aprilia RSV4 Factory [2013],World Superbikes,
404,Rider,Michel Fabrizio,34.90905818059384,0.6187175001566898,24/05/2013 13:00:00,0,Aprilia RSV4 Factory [2013],World Superbikes,
404,Rider,Michel Fabrizio,34.893414893041175,0.621094769165171,24/05/2013 13:00:00,1,Aprilia RSV4 Factory [2013],World Superbikes,
404,Rider,Michel Fabrizio,34.87806155303525,0.6235293730536615,25/05/2013 13:00:00,0,Aprilia RSV4 Factory [2013],World Superbikes,
404,Rider,Michel Fabrizio,34.86484438662548,0.6259972051481981,07/06/2013 13:00:00,1,Aprilia RSV4 Factory [2013],World Superbikes,
404,Rider,Michel Fabrizio,34.85145762205942,0.6285242298832059,08/06/2013 13:00:00,0,Aprilia RSV4 Factory [2013],World Superbikes,
404,Rider,Michel Fabrizio,34.837666082270445,0.6311126089999435,08/06/2013 13:00:00,1,Aprilia RSV4 Factory [2013],World Superbikes,
404,Rider,Michel Fabrizio,34.82455698559017,0.6337575180806315,28/06/2013 13:00:00,0,Aprilia RSV4 Factory [2013],World Superbikes,
404,Rider,Michel Fabrizio,34.81003047420314,0.636460243522287,28/06/2013 13:00:00,1,Aprilia RSV4 Factory [2013],World Superbikes,
404,Rider,Michel Fabrizio,34.79533277302055,0.6392276147327997,29/06/2013 13:00:00,0,Aprilia RSV4 Factory [2013],World Superbikes,
404,Rider,Michel Fabrizio,34.78076865679199,0.6420599607629135,29/06/2013 13:00:00,1,Aprilia RSV4 Factory [2013],World Superbikes,
404,Rider,Michel Fabrizio,34.7681661394193,0.6449302074230067,18/07/2013 13:00:00,0,Aprilia RSV4 Factory [2013],World Superbikes,
404,Rider,Michel Fabrizio,34.75542806907921,0.6478679248863111,19/07/2013 13:00:00,0,Aprilia RSV4 Factory [2013],World Superbikes,
404,Rider,Michel Fabrizio,34.74339313256763,0.6508722550884881,19/07/2013 13:00:00,1,Aprilia RSV4 Factory [2013],World Superbikes,
404,Rider,Michel Fabrizio,34.73367622862462,0.6539219654856187,02/08/2013 13:00:00,0,Aprilia RSV4 Factory [2013],World Superbikes,
404,Rider,Michel Fabrizio,34.72570168914418,0.6570360874660134,02/08/2013 13:00:00,1,Aprilia RSV4 Factory [2013],World Superbikes,
404,Rider,Michel Fabrizio,34.7188413004399,0.6602191764722051,03/08/2013 13:00:00,0,Aprilia RSV4 Factory [2013],World Superbikes,
404,Rider,Michel Fabrizio,34.713527730354606,0.6634666125914651,30/08/2013 13:00:00,0,Aprilia RSV4 Factory [2013],World Superbikes,
404,Rider,Michel Fabrizio,34.706775132871776,0.6667825001772317,30/08/2013 13:00:00,1,Aprilia RSV4 Factory [2013],World Superbikes,
404,Rider,Michel Fabrizio,34.70075667667045,0.6701729644075415,31/08/2013 13:00:00,0,Aprilia RSV4 Factory [2013],World Superbikes,
404,Rider,Michel Fabrizio,34.69598797767235,0.6736329091158869,12/09/2013 13:00:00,0,Honda CBR1000RR [2013],World Superbikes,
404,Rider,Michel Fabrizio,34.691016834158,0.6771603055643584,13/09/2013 13:00:00,1,Honda CBR1000RR [2013],World Superbikes,
404,Rider,Michel Fabrizio,34.685835301963515,0.6807566807380023,13/09/2013 13:00:00,2,Honda CBR1000RR [2013],World Superbikes,
404,Rider,Michel Fabrizio,34.68227995118229,0.6843918004258479,27/09/2013 13:00:00,0,Honda CBR1000RR [2013],World Superbikes,
404,Rider,Michel Fabrizio,34.67843042928276,0.6881071980929314,27/09/2013 13:00:00,1,Honda CBR1000RR [2013],World Superbikes,
404,Rider,Michel Fabrizio,34.6744366475281,0.6919023652322126,28/09/2013 13:00:00,0,Honda CBR1000RR [2013],World Superbikes,
404,Rider,Michel Fabrizio,34.67060262913385,0.6957723084735891,04/10/2013 13:00:00,0,Honda CBR1000RR [2013],World Superbikes,
404,Rider,Michel Fabrizio,34.665723589011115,0.6997267621576102,04/10/2013 13:00:00,1,Honda CBR1000RR [2013],World Superbikes,
404,Rider,Michel Fabrizio,34.65931606573634,0.703768463148324,05/10/2013 13:00:00,0,Honda CBR1000RR [2013],World Superbikes,
404,Rider,Michel Fabrizio,34.65176712835579,0.7078947465895971,05/10/2013 13:00:00,1,Honda CBR1000RR [2013],World Superbikes,
404,Rider,Michel Fabrizio,34.64268616387093,0.712096357553926,18/10/2013 13:00:00,0,Honda CBR1000RR [2013],World Superbikes,
404,Rider,Michel Fabrizio,34.634491201596575,0.7163805149629369,18/10/2013 13:00:00,1,Honda CBR1000RR [2013],World Superbikes,
404,Rider,Michel Fabrizio,34.6262503842135,0.7207569423039256,19/10/2013 13:00:00,0,Honda CBR1000RR [2013],World Superbikes,
404,Rider,Michel Fabrizio,34.619804527261245,0.7251881564231791,12/04/2014 13:00:00,0,Kawasaki ZX-10R [2014],World Superbikes,
404,Rider,Michel Fabrizio,34.61557044616212,0.7296903618948647,10/05/2014 13:00:00,0,Kawasaki ZX-10R [2014],World Superbikes,
404,Rider,Michel Fabrizio,34.61368458573286,0.7342562306333218,09/05/2015 13:00:00,0,Ducati Panigale R [2015],World Superbikes,
405,Rider,Craig Jones,16.063375690480363,1.4123395215868502,22/02/2006 13:00:00,0,Petronas FP1 [2006],World Superbikes,
405,Rider,Craig Jones,16.06160373714606,1.4102672235007754,02/03/2006 13:00:00,0,Petronas FP1 [2006],World Superbikes,
405,Rider,Craig Jones,16.061204306347626,1.4083565483689329,03/03/2006 13:00:00,0,Petronas FP1 [2006],World Superbikes,
405,Rider,Craig Jones,16.061004634218104,1.4066676318613218,20/04/2006 13:00:00,0,Petronas FP1 [2006],World Superbikes,
405,Rider,Craig Jones,16.061172709292865,1.4052124654550555,21/04/2006 13:00:00,0,Petronas FP1 [2006],World Superbikes,
405,Rider,Craig Jones,16.060406832202727,1.4040009255297052,04/05/2006 13:00:00,0,Petronas FP1 [2006],World Superbikes,
405,Rider,Craig Jones,16.06054529068072,1.4030045800059687,05/05/2006 13:00:00,0,Petronas FP1 [2006],World Superbikes,
405,Rider,Craig Jones,16.06259988513907,1.4021825014159983,26/05/2006 13:00:00,0,Petronas FP1 [2006],World Superbikes,
405,Rider,Craig Jones,16.06412030597413,1.4015977076441726,22/06/2006 13:00:00,0,Petronas FP1 [2006],World Superbikes,
405,Rider,Craig Jones,16.066294650755854,1.401219777637261,23/06/2006 13:00:00,0,Petronas FP1 [2006],World Superbikes,
405,Rider,Craig Jones,16.069233910705233,1.4010466566632602,20/07/2006 13:00:00,0,Petronas FP1 [2006],World Superbikes,
405,Rider,Craig Jones,16.07141095889056,1.4011113954462708,21/07/2006 13:00:00,0,Petronas FP1 [2006],World Superbikes,
405,Rider,Craig Jones,16.074289864763504,1.4013986508668477,04/08/2006 13:00:00,0,Petronas FP1 [2006],World Superbikes,
405,Rider,Craig Jones,16.076125348112505,1.401926366974613,04/08/2006 13:00:00,1,Petronas FP1 [2006],World Superbikes,
405,Rider,Craig Jones,16.077493385083063,1.4026873186074793,31/08/2006 13:00:00,0,Petronas FP1 [2006],World Superbikes,
405,Rider,Craig Jones,16.07928818874084,1.4036579229311306,01/09/2006 13:00:00,0,Petronas FP1 [2006],World Superbikes,
405,Rider,Craig Jones,16.080687805257696,1.404860273278831,07/09/2006 13:00:00,0,Petronas FP1 [2006],World Superbikes,
405,Rider,Craig Jones,16.08067646667662,1.4063071733634553,08/09/2006 13:00:00,0,Petronas FP1 [2006],World Superbikes,
405,Rider,Craig Jones,16.079441039788513,1.4079961668881396,28/09/2006 13:00:00,0,Petronas FP1 [2006],World Superbikes,
405,Rider,Craig Jones,16.07918875965793,1.4098822518721228,29/09/2006 13:00:00,0,Petronas FP1 [2006],World Superbikes,
405,Rider,Craig Jones,16.079498846547178,1.4119831606408204,05/10/2006 13:00:00,0,Petronas FP1 [2006],World Superbikes,
406,Rider,Shinichi Nakatomi,22.971261516871927,0.8162902117244815,22/02/2006 13:00:00,0,Yamaha YZF-R1 [2006],World Superbikes,
406,Rider,Shinichi Nakatomi,22.97136688090697,0.812249693098418,23/02/2006 13:00:00,0,Yamaha YZF-R1 [2006],World Superbikes,
406,Rider,Shinichi Nakatomi,22.972039925989282,0.8083240141504802,02/03/2006 13:00:00,0,Yamaha YZF-R1 [2006],World Superbikes,
406,Rider,Shinichi Nakatomi,22.97322572374032,0.8045120009985686,03/03/2006 13:00:00,0,Yamaha YZF-R1 [2006],World Superbikes,
406,Rider,Shinichi Nakatomi,22.97494406309425,0.8008127386971888,20/04/2006 13:00:00,0,Yamaha YZF-R1 [2006],World Superbikes,
406,Rider,Shinichi Nakatomi,22.9757410052593,0.7972342299978061,21/04/2006 13:00:00,0,Yamaha YZF-R1 [2006],World Superbikes,
406,Rider,Shinichi Nakatomi,22.97503312143789,0.7937765731829711,04/05/2006 13:00:00,0,Yamaha YZF-R1 [2006],World Superbikes,
406,Rider,Shinichi Nakatomi,22.97459818612351,0.7904357825203043,05/05/2006 13:00:00,0,Yamaha YZF-R1 [2006],World Superbikes,
406,Rider,Shinichi Nakatomi,22.973936011090164,0.7872103649839504,26/05/2006 13:00:00,0,Yamaha YZF-R1 [2006],World Superbikes,
406,Rider,Shinichi Nakatomi,22.972836255495608,0.7840997694880726,26/05/2006 13:00:00,1,Yamaha YZF-R1 [2006],World Superbikes,
406,Rider,Shinichi Nakatomi,22.97115095366376,0.7810973478043961,22/06/2006 13:00:00,0,Yamaha YZF-R1 [2006],World Superbikes,
406,Rider,Shinichi Nakatomi,22.968821648612163,0.7782095722091252,23/06/2006 13:00:00,0,Yamaha YZF-R1 [2006],World Superbikes,
406,Rider,Shinichi Nakatomi,22.965376716099836,0.7754359133994357,24/06/2006 13:00:00,0,Yamaha YZF-R1 [2006],World Superbikes,
406,Rider,Shinichi Nakatomi,22.96146448214971,0.7727564430123279,20/07/2006 13:00:00,0,Yamaha YZF-R1 [2006],World Superbikes,
406,Rider,Shinichi Nakatomi,22.957563655370468,0.770185577905165,21/07/2006 13:00:00,0,Yamaha YZF-R1 [2006],World Superbikes,
406,Rider,Shinichi Nakatomi,22.95312443430763,0.7677244977928986,04/08/2006 13:00:00,0,Yamaha YZF-R1 [2006],World Superbikes,
406,Rider,Shinichi Nakatomi,22.950103306952364,0.7653531787246286,04/08/2006 13:00:00,1,Yamaha YZF-R1 [2006],World Superbikes,
406,Rider,Shinichi Nakatomi,22.948151299494985,0.7630808429495105,31/08/2006 13:00:00,0,Yamaha YZF-R1 [2006],World Superbikes,
406,Rider,Shinichi Nakatomi,22.947118335028698,0.7609056296577812,01/09/2006 13:00:00,0,Yamaha YZF-R1 [2006],World Superbikes,
406,Rider,Shinichi Nakatomi,22.944939388694465,0.7588390764522305,02/09/2006 13:00:00,0,Yamaha YZF-R1 [2006],World Superbikes,
406,Rider,Shinichi Nakatomi,22.943741627106718,0.7568230722043372,07/09/2006 13:00:00,0,Yamaha YZF-R1 [2006],World Superbikes,
406,Rider,Shinichi Nakatomi,22.943503349352387,0.754908401532947,08/09/2006 13:00:00,0,Yamaha YZF-R1 [2006],World Superbikes,
406,Rider,Shinichi Nakatomi,22.944082446744403,0.7530957393493466,28/09/2006 13:00:00,0,Yamaha YZF-R1 [2006],World Superbikes,
406,Rider,Shinichi Nakatomi,22.945029030010712,0.7513873618552558,29/09/2006 13:00:00,0,Yamaha YZF-R1 [2006],World Superbikes,
406,Rider,Shinichi Nakatomi,22.94573390257148,0.749784768692957,05/10/2006 13:00:00,0,Yamaha YZF-R1 [2006],World Superbikes,
406,Rider,Shinichi Nakatomi,22.945043768927157,0.7482869119727296,07/10/2006 13:00:00,0,Yamaha YZF-R1 [2006],World Superbikes,
406,Rider,Shinichi Nakatomi,22.943815697939144,0.746881461116043,21/02/2007 13:00:00,0,Yamaha YZF-R1 [2007],World Superbikes,
406,Rider,Shinichi Nakatomi,22.942284337426802,0.7455697018111076,22/02/2007 13:00:00,0,Yamaha YZF-R1 [2007],World Superbikes,
406,Rider,Shinichi Nakatomi,22.94016579249841,0.744352936133617,23/02/2007 13:00:00,0,Yamaha YZF-R1 [2007],World Superbikes,
406,Rider,Shinichi Nakatomi,22.938989710835195,0.7431810091379671,01/03/2007 13:00:00,0,Yamaha YZF-R1 [2007],World Superbikes,
406,Rider,Shinichi Nakatomi,22.938365747898512,0.7420933332572264,02/03/2007 13:00:00,0,Yamaha YZF-R1 [2007],World Superbikes,
406,Rider,Shinichi Nakatomi,22.938241590022415,0.7410899651715749,30/03/2007 13:00:00,0,Yamaha YZF-R1 [2007],World Superbikes,
406,Rider,Shinichi Nakatomi,22.940423858464285,0.7401671166234591,30/03/2007 13:00:00,1,Yamaha YZF-R1 [2007],World Superbikes,
406,Rider,Shinichi Nakatomi,22.944571110474346,0.7393257997774124,12/04/2007 13:00:00,0,Yamaha YZF-R1 [2007],World Superbikes,
406,Rider,Shinichi Nakatomi,22.948850748281753,0.7385761660221776,13/04/2007 13:00:00,0,Yamaha YZF-R1 [2007],World Superbikes,
406,Rider,Shinichi Nakatomi,22.954875913019308,0.737898815183503,26/04/2007 13:00:00,0,Yamaha YZF-R1 [2007],World Superbikes,
406,Rider,Shinichi Nakatomi,22.960069326071796,0.7373170668243549,27/04/2007 13:00:00,0,Yamaha YZF-R1 [2007],World Superbikes,
406,Rider,Shinichi Nakatomi,22.96523855066338,0.7368195704011844,10/05/2007 13:00:00,0,Yamaha YZF-R1 [2007],World Superbikes,
406,Rider,Shinichi Nakatomi,22.970710241980772,0.7364113740548273,11/05/2007 13:00:00,0,Yamaha YZF-R1 [2007],World Superbikes,
406,Rider,Shinichi Nakatomi,22.976544991094798,0.7360924528600624,25/05/2007 13:00:00,0,Yamaha YZF-R1 [2007],World Superbikes,
406,Rider,Shinichi Nakatomi,22.98402446071455,0.7358478522445235,25/05/2007 13:00:00,1,Yamaha YZF-R1 [2007],World Superbikes,
406,Rider,Shinichi Nakatomi,22.99228003322354,0.735686605025817,14/06/2007 13:00:00,0,Yamaha YZF-R1 [2007],World Superbikes,
406,Rider,Shinichi Nakatomi,23.000866636867578,0.7356148632889425,15/06/2007 13:00:00,0,Yamaha YZF-R1 [2007],World Superbikes,
406,Rider,Shinichi Nakatomi,23.009156044215075,0.7356359889740663,16/06/2007 13:00:00,0,Yamaha YZF-R1 [2007],World Superbikes,
406,Rider,Shinichi Nakatomi,23.01724257903128,0.7357421879334728,19/07/2007 13:00:00,0,Yamaha YZF-R1 [2007],World Superbikes,
406,Rider,Shinichi Nakatomi,23.02435476871467,0.7359437535329967,20/07/2007 13:00:00,0,Yamaha YZF-R1 [2007],World Superbikes,
406,Rider,Shinichi Nakatomi,23.030511236985507,0.7362404081290045,21/07/2007 13:00:00,0,Yamaha YZF-R1 [2007],World Superbikes,
406,Rider,Shinichi Nakatomi,23.035799553697043,0.7366291329098734,03/08/2007 13:00:00,0,Yamaha YZF-R1 [2007],World Superbikes,
406,Rider,Shinichi Nakatomi,23.040991358641264,0.7371050072503974,03/08/2007 13:00:00,1,Yamaha YZF-R1 [2007],World Superbikes,
406,Rider,Shinichi Nakatomi,23.046070270493896,0.7376689842476029,04/08/2007 13:00:00,0,Yamaha YZF-R1 [2007],World Superbikes,
406,Rider,Shinichi Nakatomi,23.052073018943904,0.7382774343655726,06/09/2007 13:00:00,0,Yamaha YZF-R1 [2007],World Superbikes,
406,Rider,Shinichi Nakatomi,23.057572119265423,0.7389790161771653,07/09/2007 13:00:00,0,Yamaha YZF-R1 [2007],World Superbikes,
406,Rider,Shinichi Nakatomi,23.064859919579586,0.7397327197773397,08/09/2007 13:00:00,0,Yamaha YZF-R1 [2007],World Superbikes,
406,Rider,Shinichi Nakatomi,23.07307658736809,0.7405309294885511,27/09/2007 13:00:00,0,Yamaha YZF-R1 [2007],World Superbikes,
406,Rider,Shinichi Nakatomi,23.079362336988545,0.7414282011159906,28/09/2007 13:00:00,0,Yamaha YZF-R1 [2007],World Superbikes,
406,Rider,Shinichi Nakatomi,23.08529064861684,0.7424238910634307,29/09/2007 13:00:00,0,Yamaha YZF-R1 [2007],World Superbikes,
406,Rider,Shinichi Nakatomi,23.089949004045568,0.7435144333665566,04/10/2007 13:00:00,0,Yamaha YZF-R1 [2007],World Superbikes,
406,Rider,Shinichi Nakatomi,23.09575605352142,0.7446851317680542,05/10/2007 13:00:00,0,Yamaha YZF-R1 [2007],World Superbikes,
406,Rider,Shinichi Nakatomi,23.10226412250009,0.7459402294572719,20/02/2008 13:00:00,0,Yamaha YZF-R1 [2008],World Superbikes,
406,Rider,Shinichi Nakatomi,23.10924837527098,0.7472940670335871,21/02/2008 13:00:00,0,Yamaha YZF-R1 [2008],World Superbikes,
406,Rider,Shinichi Nakatomi,23.117353003638698,0.7487395238670707,28/02/2008 13:00:00,0,Yamaha YZF-R1 [2008],World Superbikes,
406,Rider,Shinichi Nakatomi,23.12524319319506,0.7502857431732064,29/02/2008 13:00:00,0,Yamaha YZF-R1 [2008],World Superbikes,
406,Rider,Shinichi Nakatomi,23.133531783219688,0.7519274090218239,03/04/2008 13:00:00,0,Yamaha YZF-R1 [2008],World Superbikes,
406,Rider,Shinichi Nakatomi,23.14132173267184,0.7536744405790207,04/04/2008 13:00:00,0,Yamaha YZF-R1 [2008],World Superbikes,
406,Rider,Shinichi Nakatomi,23.148553122416732,0.7555272250885472,24/04/2008 13:00:00,0,Yamaha YZF-R1 [2008],World Superbikes,
406,Rider,Shinichi Nakatomi,23.15435161955655,0.7574874880122741,25/04/2008 13:00:00,0,Yamaha YZF-R1 [2008],World Superbikes,
406,Rider,Shinichi Nakatomi,23.158917820252075,0.759555673102704,08/05/2008 13:00:00,0,Yamaha YZF-R1 [2008],World Superbikes,
406,Rider,Shinichi Nakatomi,23.162821479909006,0.7617292243600751,09/05/2008 13:00:00,0,Yamaha YZF-R1 [2008],World Superbikes,
406,Rider,Shinichi Nakatomi,23.16558078854042,0.7640086338847477,30/05/2008 13:00:00,0,Yamaha YZF-R1 [2008],World Superbikes,
406,Rider,Shinichi Nakatomi,23.167814787799696,0.7663969674472748,30/05/2008 13:00:00,1,Yamaha YZF-R1 [2008],World Superbikes,
406,Rider,Shinichi Nakatomi,23.16949890143311,0.768896886526546,12/06/2008 13:00:00,0,Yamaha YZF-R1 [2008],World Superbikes,
406,Rider,Shinichi Nakatomi,23.17100388479718,0.7715044804607784,13/06/2008 13:00:00,0,Yamaha YZF-R1 [2008],World Superbikes,
406,Rider,Shinichi Nakatomi,23.17180462589086,0.7742215378867503,26/06/2008 13:00:00,0,Yamaha YZF-R1 [2008],World Superbikes,
406,Rider,Shinichi Nakatomi,23.172274635346163,0.7770479483982757,27/06/2008 13:00:00,0,Yamaha YZF-R1 [2008],World Superbikes,
406,Rider,Shinichi Nakatomi,23.172100734795844,0.7799863773914271,17/07/2008 13:00:00,0,Yamaha YZF-R1 [2008],World Superbikes,
406,Rider,Shinichi Nakatomi,23.170676041078796,0.7830389438975809,18/07/2008 13:00:00,0,Yamaha YZF-R1 [2008],World Superbikes,
406,Rider,Shinichi Nakatomi,23.16830719218065,0.786205704969136,01/08/2008 13:00:00,0,Yamaha YZF-R1 [2008],World Superbikes,
406,Rider,Shinichi Nakatomi,23.167109545046994,0.7894741775464471,05/09/2008 13:00:00,0,Yamaha YZF-R1 [2008],World Superbikes,
406,Rider,Shinichi Nakatomi,23.16602113440154,0.7928527166364749,05/09/2008 13:00:00,1,Yamaha YZF-R1 [2008],World Superbikes,
406,Rider,Shinichi Nakatomi,23.166066983289944,0.7963346206070937,18/09/2008 13:00:00,0,Yamaha YZF-R1 [2008],World Superbikes,
406,Rider,Shinichi Nakatomi,23.16716335095885,0.7999212291231305,19/09/2008 13:00:00,0,Yamaha YZF-R1 [2008],World Superbikes,
406,Rider,Shinichi Nakatomi,23.167498870376125,0.8036270141679493,02/10/2008 13:00:00,0,Yamaha YZF-R1 [2008],World Superbikes,
406,Rider,Shinichi Nakatomi,23.167066650004088,0.8074533466635756,03/10/2008 13:00:00,0,Yamaha YZF-R1 [2008],World Superbikes,
406,Rider,Shinichi Nakatomi,23.167401419164896,0.8113798082060275,31/10/2008 13:00:00,0,Yamaha YZF-R1 [2008],World Superbikes,
406,Rider,Shinichi Nakatomi,23.168228150210304,0.8154232901686039,31/10/2008 13:00:00,1,Yamaha YZF-R1 [2008],World Superbikes,
407,Rider,Fabien Foret,25.78817211429705,1.3749228275204282,22/02/2006 13:00:00,0,Suzuki GSX-R1000 K6 [2006],World Superbikes,
407,Rider,Fabien Foret,25.789991457009815,1.3727404974748627,23/02/2006 13:00:00,0,Suzuki GSX-R1000 K6 [2006],World Superbikes,
407,Rider,Fabien Foret,25.7929452321727,1.3707802302615735,02/03/2006 13:00:00,0,Suzuki GSX-R1000 K6 [2006],World Superbikes,
407,Rider,Fabien Foret,25.796359025542007,1.3690503337473703,03/03/2006 13:00:00,0,Suzuki GSX-R1000 K6 [2006],World Superbikes,
407,Rider,Fabien Foret,25.799189190401055,1.367560544759368,20/04/2006 13:00:00,0,Suzuki GSX-R1000 K6 [2006],World Superbikes,
407,Rider,Fabien Foret,25.800196690570132,1.3663114405046934,21/04/2006 13:00:00,0,Suzuki GSX-R1000 K6 [2006],World Superbikes,
407,Rider,Fabien Foret,25.800196217787608,1.3653056554993386,22/04/2006 13:00:00,0,Suzuki GSX-R1000 K6 [2006],World Superbikes,
407,Rider,Fabien Foret,25.79997434388116,1.3645139591567497,04/05/2006 13:00:00,0,Suzuki GSX-R1000 K6 [2006],World Superbikes,
407,Rider,Fabien Foret,25.80090219144902,1.3639545891642937,05/05/2006 13:00:00,0,Suzuki GSX-R1000 K6 [2006],World Superbikes,
407,Rider,Fabien Foret,25.80057775880679,1.3636345860770862,06/05/2006 13:00:00,0,Suzuki GSX-R1000 K6 [2006],World Superbikes,
407,Rider,Fabien Foret,25.799578125602988,1.3635352636369154,26/05/2006 13:00:00,0,Suzuki GSX-R1000 K6 [2006],World Superbikes,
407,Rider,Fabien Foret,25.79947355606794,1.3636647575392076,26/05/2006 13:00:00,1,Suzuki GSX-R1000 K6 [2006],World Superbikes,
407,Rider,Fabien Foret,25.799554972785256,1.364015536963518,22/06/2006 13:00:00,0,Suzuki GSX-R1000 K6 [2006],World Superbikes,
407,Rider,Fabien Foret,25.798692710051213,1.3646066271781576,23/06/2006 13:00:00,0,Suzuki GSX-R1000 K6 [2006],World Superbikes,
407,Rider,Fabien Foret,25.797291660281605,1.3654373541876632,20/07/2006 13:00:00,0,Suzuki GSX-R1000 K6 [2006],World Superbikes,
407,Rider,Fabien Foret,25.795453553827205,1.3665037099859672,21/07/2006 13:00:00,0,Suzuki GSX-R1000 K6 [2006],World Superbikes,
407,Rider,Fabien Foret,25.79236231171063,1.3678095223009106,22/07/2006 13:00:00,0,Suzuki GSX-R1000 K6 [2006],World Superbikes,
407,Rider,Fabien Foret,25.788106089676283,1.369344135962485,21/02/2014 13:00:00,0,Kawasaki ZX-10R [2014],World Superbikes,
407,Rider,Fabien Foret,25.783618713281943,1.3710798556333506,23/05/2014 13:00:00,0,Kawasaki ZX-10R [2014],World Superbikes,
407,Rider,Fabien Foret,25.779950085374058,1.3729919205739909,06/06/2014 13:00:00,0,Kawasaki ZX-10R [2014],World Superbikes,
407,Rider,Fabien Foret,25.777078073286905,1.3750797676471005,21/06/2014 13:00:00,0,Kawasaki ZX-10R [2014],World Superbikes,
407,Rider,Fabien Foret,25.775754717886475,1.377321827095124,04/10/2014 13:00:00,0,Kawasaki ZX-10R [2014],World Superbikes,
408,Rider,David de Gea,29.081596163832444,3.5221664081609934,20/04/2006 13:00:00,0,Honda CBR 1000RR Fireblade [2006],World Superbikes,
408,Rider,David de Gea,29.08259211799284,3.522166351477837,21/04/2006 13:00:00,0,Honda CBR 1000RR Fireblade [2006],World Superbikes,
409,Rider,Javier del Amor,23.90012731682821,4.2854104199923855,20/04/2006 13:00:00,0,Honda CBR 1000RR Fireblade [2006],World Superbikes,
410,Rider,Josep Monge,16.997193638422075,3.6791864487164254,20/04/2006 13:00:00,0,Yamaha YZF-R1 [2006],World Superbikes,
410,Rider,Josep Monge,16.997294202143387,3.679195126955788,21/04/2006 13:00:00,0,Yamaha YZF-R1 [2006],World Superbikes,
411,Rider,Tommy Hill,29.791434103399514,1.367901769042106,26/05/2006 13:00:00,0,Yamaha [2006],World Superbikes,
411,Rider,Tommy Hill,29.792528778172557,1.3657052593753845,27/05/2006 13:00:00,0,Yamaha [2006],World Superbikes,
411,Rider,Tommy Hill,29.791433174442975,1.3636639186803865,04/08/2006 13:00:00,0,Yamaha [2006],World Superbikes,
411,Rider,Tommy Hill,29.790253917246854,1.361822433950421,04/08/2006 13:00:00,1,Yamaha [2006],World Superbikes,
411,Rider,Tommy Hill,29.78869039891216,1.3601790628495336,05/08/2006 13:00:00,0,Yamaha [2006],World Superbikes,
411,Rider,Tommy Hill,29.787757402120917,1.3587301860738807,26/02/2009 13:00:00,0,Honda CBR1000RR [2009],World Superbikes,
411,Rider,Tommy Hill,29.78656049291421,1.3575187479484163,27/02/2009 13:00:00,0,Honda CBR1000RR [2009],World Superbikes,
411,Rider,Tommy Hill,29.783616855562638,1.3565495275448367,27/02/2009 13:00:00,1,Honda CBR1000RR [2009],World Superbikes,
411,Rider,Tommy Hill,29.78197345424,1.355733956088664,11/03/2009 13:00:00,0,Honda CBR1000RR [2009],World Superbikes,
411,Rider,Tommy Hill,29.780316821683083,1.3551546623854882,12/03/2009 13:00:00,0,Honda CBR1000RR [2009],World Superbikes,
411,Rider,Tommy Hill,29.777315331425786,1.3548177707172773,12/03/2009 13:00:00,1,Honda CBR1000RR [2009],World Superbikes,
411,Rider,Tommy Hill,29.775296573688955,1.3546220380687015,03/04/2009 13:00:00,0,Honda CBR1000RR [2009],World Superbikes,
411,Rider,Tommy Hill,29.77443713215549,1.3546472466883135,03/04/2009 13:00:00,1,Honda CBR1000RR [2009],World Superbikes,
411,Rider,Tommy Hill,29.773285729011516,1.3549107709897934,24/04/2009 13:00:00,0,Honda CBR1000RR [2009],World Superbikes,
411,Rider,Tommy Hill,29.771727743007773,1.355409975148738,24/04/2009 13:00:00,1,Honda CBR1000RR [2009],World Superbikes,
411,Rider,Tommy Hill,29.769711336901842,1.3561468144308566,25/04/2009 13:00:00,0,Honda CBR1000RR [2009],World Superbikes,
411,Rider,Tommy Hill,29.767269674454834,1.3571051179593145,08/05/2009 13:00:00,0,Honda CBR1000RR [2009],World Superbikes,
411,Rider,Tommy Hill,29.764712253204355,1.358301379291524,08/05/2009 13:00:00,1,Honda CBR1000RR [2009],World Superbikes,
411,Rider,Tommy Hill,29.76202166175213,1.3597345410178816,15/05/2009 13:00:00,0,Honda CBR1000RR [2009],World Superbikes,
411,Rider,Tommy Hill,29.759910455361585,1.3613910640642126,15/05/2009 13:00:00,1,Honda CBR1000RR [2009],World Superbikes,
411,Rider,Tommy Hill,29.75720607369888,1.3632831512175798,16/05/2009 13:00:00,0,Honda CBR1000RR [2009],World Superbikes,
411,Rider,Tommy Hill,29.756032723723497,1.3653359889045702,29/05/2009 13:00:00,0, [2009],World Superbikes,
411,Rider,Tommy Hill,29.754830649341596,1.3675801029111179,29/05/2009 13:00:00,1, [2009],World Superbikes,
412,Bike,Yamaha [2006],32.06161882320112,2.610635272996994,26/05/2006 13:00:00,0,,World Superbikes,
412,Bike,Yamaha [2006],32.062940516446155,2.610024785277574,27/05/2006 13:00:00,0,,World Superbikes,
412,Bike,Yamaha [2006],32.06207193118854,2.6097528528205878,04/08/2006 13:00:00,0,,World Superbikes,
412,Bike,Yamaha [2006],32.06111969246441,2.6099331872900655,04/08/2006 13:00:00,1,,World Superbikes,
412,Bike,Yamaha [2006],32.05978319260173,2.6105620404822116,05/08/2006 13:00:00,0,,World Superbikes,
413,Rider,Joshua Brookes,28.61818794750029,0.9210532056418147,26/05/2006 13:00:00,0,Kawasaki ZX-10R [2006],World Superbikes,
413,Rider,Joshua Brookes,28.618616336017727,0.9175305732549284,26/05/2006 13:00:00,1,Kawasaki ZX-10R [2006],World Superbikes,
413,Rider,Joshua Brookes,28.617146739579983,0.9141484739016357,22/06/2006 13:00:00,0,Kawasaki ZX-10R [2006],World Superbikes,
413,Rider,Joshua Brookes,28.616836991200522,0.9109078091194325,23/06/2006 13:00:00,0,Kawasaki ZX-10R [2006],World Superbikes,
413,Rider,Joshua Brookes,28.6181165928799,0.9077995413971409,20/07/2006 13:00:00,0,Kawasaki ZX-10R [2006],World Superbikes,
413,Rider,Joshua Brookes,28.620391460078196,0.9048320003455266,21/07/2006 13:00:00,0,Kawasaki ZX-10R [2006],World Superbikes,
413,Rider,Joshua Brookes,28.623915462311437,0.902001154746337,04/08/2006 13:00:00,0,Kawasaki ZX-10R [2006],World Superbikes,
413,Rider,Joshua Brookes,28.627293597459115,0.899313415108552,04/08/2006 13:00:00,1,Kawasaki ZX-10R [2006],World Superbikes,
413,Rider,Joshua Brookes,28.63173965460834,0.8967606416503496,31/08/2006 13:00:00,0,Kawasaki ZX-10R [2006],World Superbikes,
413,Rider,Joshua Brookes,28.636294833426632,0.8943492293043878,01/09/2006 13:00:00,0,Kawasaki ZX-10R [2006],World Superbikes,
413,Rider,Joshua Brookes,28.640764398316005,0.8920789373893346,07/09/2006 13:00:00,0,Kawasaki ZX-10R [2006],World Superbikes,
413,Rider,Joshua Brookes,28.64720511514251,0.8899301277251033,08/09/2006 13:00:00,0,Kawasaki ZX-10R [2006],World Superbikes,
413,Rider,Joshua Brookes,28.655718381614115,0.8879027558806446,28/09/2006 13:00:00,0,Kawasaki ZX-10R [2006],World Superbikes,
413,Rider,Joshua Brookes,28.66472999513348,0.8860152459398128,29/09/2006 13:00:00,0,Kawasaki ZX-10R [2006],World Superbikes,
413,Rider,Joshua Brookes,28.673670344803654,0.8842690382435437,05/10/2006 13:00:00,0,Kawasaki ZX-10R [2006],World Superbikes,
413,Rider,Joshua Brookes,28.68332906875176,0.8826544916332465,21/02/2007 13:00:00,0,Honda CBR 1000RR Fireblade [2007],World Superbikes,
413,Rider,Joshua Brookes,28.693181431330256,0.8811695714156804,22/02/2007 13:00:00,0,Honda CBR 1000RR Fireblade [2007],World Superbikes,
413,Rider,Joshua Brookes,28.704072283199007,0.8798093390591187,23/02/2007 13:00:00,0,Honda CBR 1000RR Fireblade [2007],World Superbikes,
413,Rider,Joshua Brookes,28.715808231932026,0.8785567053436222,01/03/2007 13:00:00,0,Honda CBR 1000RR Fireblade [2007],World Superbikes,
413,Rider,Joshua Brookes,28.72805701914573,0.8774329168008405,02/03/2007 13:00:00,0,Honda CBR 1000RR Fireblade [2007],World Superbikes,
413,Rider,Joshua Brookes,28.740801550831968,0.8764374180337298,02/03/2007 13:00:00,1,Honda CBR 1000RR Fireblade [2007],World Superbikes,
413,Rider,Joshua Brookes,28.753550901413178,0.8755675996564545,30/03/2007 13:00:00,0,Honda CBR 1000RR Fireblade [2007],World Superbikes,
413,Rider,Joshua Brookes,28.766372184903602,0.8748307762000808,30/03/2007 13:00:00,1,Honda CBR 1000RR Fireblade [2007],World Superbikes,
413,Rider,Joshua Brookes,28.778723832346476,0.8742265996751543,31/03/2007 13:00:00,0,Honda CBR 1000RR Fireblade [2007],World Superbikes,
413,Rider,Joshua Brookes,28.791900243557304,0.8737371343096227,12/04/2007 13:00:00,0,Honda CBR 1000RR Fireblade [2007],World Superbikes,
413,Rider,Joshua Brookes,28.80429510573217,0.8733822177012158,13/04/2007 13:00:00,0,Honda CBR 1000RR Fireblade [2007],World Superbikes,
413,Rider,Joshua Brookes,28.813324117950682,0.8731381544095136,14/04/2007 13:00:00,0,Honda CBR 1000RR Fireblade [2007],World Superbikes,
413,Rider,Joshua Brookes,28.819583602442464,0.8730194785317521,26/04/2007 13:00:00,0,Honda CBR 1000RR Fireblade [2007],World Superbikes,
413,Rider,Joshua Brookes,28.82497330734202,0.8730346519444925,27/04/2007 13:00:00,0,Honda CBR 1000RR Fireblade [2007],World Superbikes,
413,Rider,Joshua Brookes,28.831762375407948,0.8731587778008666,28/04/2007 13:00:00,0,Honda CBR 1000RR Fireblade [2007],World Superbikes,
413,Rider,Joshua Brookes,28.838718771216662,0.8734100096875558,10/05/2007 13:00:00,0,Honda CBR 1000RR Fireblade [2007],World Superbikes,
413,Rider,Joshua Brookes,28.8435004187771,0.8737956051174611,11/05/2007 13:00:00,0,Honda CBR 1000RR Fireblade [2007],World Superbikes,
413,Rider,Joshua Brookes,28.849115655924187,0.874308729484807,12/05/2007 13:00:00,0,Honda CBR 1000RR Fireblade [2007],World Superbikes,
413,Rider,Joshua Brookes,28.854101049686296,0.8749533196520081,25/05/2007 13:00:00,0,Honda CBR 1000RR Fireblade [2007],World Superbikes,
413,Rider,Joshua Brookes,28.860294248219894,0.8757243961429996,25/05/2007 13:00:00,1,Honda CBR 1000RR Fireblade [2007],World Superbikes,
413,Rider,Joshua Brookes,28.867250859957192,0.876620307755333,26/05/2007 13:00:00,0,Honda CBR 1000RR Fireblade [2007],World Superbikes,
413,Rider,Joshua Brookes,28.873431845770828,0.8776476368343825,25/02/2010 13:00:00,0,Honda CBR1000RR [2010],World Superbikes,
413,Rider,Joshua Brookes,28.8807094152641,0.8787884831508166,26/02/2010 13:00:00,0,Honda CBR1000RR [2010],World Superbikes,
413,Rider,Joshua Brookes,28.888062296710864,0.8800402004403798,30/07/2010 13:00:00,0,Honda CBR1000RR [2010],World Superbikes,
413,Rider,Joshua Brookes,28.895413550710476,0.8814211292307031,30/07/2010 13:00:00,1,Honda CBR1000RR [2010],World Superbikes,
413,Rider,Joshua Brookes,28.89986833845694,0.8829437356711117,31/07/2010 13:00:00,0,Honda CBR1000RR [2010],World Superbikes,
413,Rider,Joshua Brookes,28.903372231699855,0.8845920152062358,23/02/2012 13:00:00,0,Suzuki GSX-R 1000 K9 [2012],World Superbikes,
413,Rider,Joshua Brookes,28.9071542935139,0.8863780012097846,24/02/2012 13:00:00,0,Suzuki GSX-R 1000 K9 [2012],World Superbikes,
413,Rider,Joshua Brookes,28.91191398042038,0.8882904540368736,26/02/2016 13:00:00,0,BMW S1000 RR [2016],World Superbikes,
413,Rider,Joshua Brookes,28.91603833354795,0.8903188896963086,11/03/2016 13:00:00,0,BMW S1000 RR [2016],World Superbikes,
413,Rider,Joshua Brookes,28.91916798496884,0.8924732053427487,01/04/2016 13:00:00,0,BMW S1000 RR [2016],World Superbikes,
413,Rider,Joshua Brookes,28.922975203251685,0.894754169226495,15/04/2016 13:00:00,0,BMW S1000 RR [2016],World Superbikes,
413,Rider,Joshua Brookes,28.926115828368747,0.8971572511645269,29/04/2016 13:00:00,0,BMW S1000 RR [2016],World Superbikes,
413,Rider,Joshua Brookes,28.92888409708087,0.8996735624715356,13/05/2016 13:00:00,0,BMW S1000 RR [2016],World Superbikes,
413,Rider,Joshua Brookes,28.93099557134087,0.9023087152542386,27/05/2016 13:00:00,0,BMW S1000 RR [2016],World Superbikes,
413,Rider,Joshua Brookes,28.932564356313787,0.9050708541516642,17/06/2016 13:00:00,0,BMW S1000 RR [2016],World Superbikes,
413,Rider,Joshua Brookes,28.934401208029147,0.9079611021388229,09/07/2016 13:00:00,0,BMW S1000 RR [2016],World Superbikes,
413,Rider,Joshua Brookes,28.9361399515596,0.9109766398523758,16/09/2016 13:00:00,0,BMW S1000 RR [2016],World Superbikes,
413,Rider,Joshua Brookes,28.938056449521458,0.9141236849690283,30/09/2016 13:00:00,0,BMW S1000 RR [2016],World Superbikes,
413,Rider,Joshua Brookes,28.938928326905963,0.9173933554727999,14/10/2016 13:00:00,0,BMW S1000 RR [2016],World Superbikes,
413,Rider,Joshua Brookes,28.940071370824697,0.9207938924581305,29/10/2016 13:00:00,0,BMW S1000 RR [2016],World Superbikes,
413,Rider,Joshua Brookes,28.940061101707517,0.9243240534435637,24/02/2017 13:00:00,0,Yamaha YZF-R1 [2017],World Superbikes,
414,Rider,Kurtis Roberts,21.963472189929973,2.1200328409957447,04/08/2006 13:00:00,0,Ducati 999 RS [2006],World Superbikes,
414,Rider,Kurtis Roberts,21.96435524030611,2.1188417050481014,04/08/2006 13:00:00,1,Ducati 999 RS [2006],World Superbikes,
414,Rider,Kurtis Roberts,21.966452497649477,2.1178910146227783,31/08/2006 13:00:00,0,Ducati 999 RS [2006],World Superbikes,
414,Rider,Kurtis Roberts,21.969423976591745,2.1172282080506286,01/09/2006 13:00:00,0,Ducati 999 RS [2006],World Superbikes,
414,Rider,Kurtis Roberts,21.97318991756877,2.1168575406914303,07/09/2006 13:00:00,0,Ducati 999 RS [2006],World Superbikes,
414,Rider,Kurtis Roberts,21.976564368724006,2.1168466395557743,08/09/2006 13:00:00,0,Ducati 999 RS [2006],World Superbikes,
414,Rider,Kurtis Roberts,21.97991378403636,2.117188451019958,28/09/2006 13:00:00,0,Ducati 999 RS [2006],World Superbikes,
414,Rider,Kurtis Roberts,21.982153751860253,2.1178989404873576,29/09/2006 13:00:00,0,Ducati 999 RS [2006],World Superbikes,
414,Rider,Kurtis Roberts,21.982752213107243,2.11898177218765,05/10/2006 13:00:00,0,Ducati 999 RS [2006],World Superbikes,
415,Rider,Harry Van Beek,14.657660692000682,4.189559709852824,31/08/2006 13:00:00,0,Suzuki GSX-R1000 K6 [2006],World Superbikes,
415,Rider,Harry Van Beek,14.657702422256051,4.189564859257059,01/09/2006 13:00:00,0,Suzuki GSX-R1000 K6 [2006],World Superbikes,
416,Rider,Didier Van Keymeulen,24.068786091536566,3.541112043965682,07/09/2006 13:00:00,0,Yamaha YZF-R1 [2006],World Superbikes,
416,Rider,Didier Van Keymeulen,24.0690406042851,3.541113100194947,08/09/2006 13:00:00,0,Yamaha YZF-R1 [2006],World Superbikes,
417,Rider,Ivan Goi,22.255568224063328,2.5108899140281435,28/09/2006 13:00:00,0,Honda CBR 1000RR Fireblade [2006],World Superbikes,
417,Rider,Ivan Goi,22.256076824229257,2.51016127481507,29/09/2006 13:00:00,0,Honda CBR 1000RR Fireblade [2006],World Superbikes,
417,Rider,Ivan Goi,22.258626023453516,2.5097433590668907,05/10/2006 13:00:00,0,Honda CBR 1000RR Fireblade [2006],World Superbikes,
417,Rider,Ivan Goi,22.262578628816527,2.5096917603608953,06/10/2006 13:00:00,0,Honda CBR 1000RR Fireblade [2006],World Superbikes,
417,Rider,Ivan Goi,22.264486978227975,2.5100661541743188,10/05/2014 13:00:00,0,Ducati 1199 Panigale R [2014],World Superbikes,
417,Rider,Ivan Goi,22.264556197557447,2.5108239636161587,21/06/2014 13:00:00,0,Ducati 1199 Panigale R [2014],World Superbikes,
418,Rider,Valter Bartolini,18.354122592264538,3.947874596918995,28/09/2006 13:00:00,0,Ducati 999 RS [2006],World Superbikes,
418,Rider,Valter Bartolini,18.35453504715531,3.947789470179509,29/09/2006 13:00:00,0,Ducati 999 RS [2006],World Superbikes,
419,Bike,Yamaha YZF-R1 [2007],28.05173086575569,1.1000268211683029,21/02/2007 13:00:00,0,,World Superbikes,
419,Bike,Yamaha YZF-R1 [2007],28.05173803487105,1.0971420362644821,22/02/2007 13:00:00,0,,World Superbikes,
419,Bike,Yamaha YZF-R1 [2007],28.051383291088097,1.0944196143026876,23/02/2007 13:00:00,0,,World Superbikes,
419,Bike,Yamaha YZF-R1 [2007],28.05074001936049,1.091828785936683,01/03/2007 13:00:00,0,,World Superbikes,
419,Bike,Yamaha YZF-R1 [2007],28.05086709443922,1.0893953151474214,02/03/2007 13:00:00,0,,World Superbikes,
419,Bike,Yamaha YZF-R1 [2007],28.051306122568235,1.0871203072520907,02/03/2007 13:00:00,1,,World Superbikes,
419,Bike,Yamaha YZF-R1 [2007],28.051498454056137,1.085010345211804,30/03/2007 13:00:00,0,,World Superbikes,
419,Bike,Yamaha YZF-R1 [2007],28.052507008498495,1.0830491436008955,30/03/2007 13:00:00,1,,World Superbikes,
419,Bike,Yamaha YZF-R1 [2007],28.054114793311758,1.0812368187400545,31/03/2007 13:00:00,0,,World Superbikes,
419,Bike,Yamaha YZF-R1 [2007],28.055780238137384,1.079590704920518,12/04/2007 13:00:00,0,,World Superbikes,
419,Bike,Yamaha YZF-R1 [2007],28.05734181664388,1.078110700780973,13/04/2007 13:00:00,0,,World Superbikes,
419,Bike,Yamaha YZF-R1 [2007],28.05931513915976,1.0767904716907393,14/04/2007 13:00:00,0,,World Superbikes,
419,Bike,Yamaha YZF-R1 [2007],28.061890561567633,1.075617484706833,26/04/2007 13:00:00,0,,World Superbikes,
419,Bike,Yamaha YZF-R1 [2007],28.06432543475124,1.0745907910769366,27/04/2007 13:00:00,0,,World Superbikes,
419,Bike,Yamaha YZF-R1 [2007],28.06706155418116,1.0737047478231923,28/04/2007 13:00:00,0,,World Superbikes,
419,Bike,Yamaha YZF-R1 [2007],28.07157157450531,1.0729899909132101,10/05/2007 13:00:00,0,,World Superbikes,
419,Bike,Yamaha YZF-R1 [2007],28.07677732380595,1.0724128249562432,11/05/2007 13:00:00,0,,World Superbikes,
419,Bike,Yamaha YZF-R1 [2007],28.082373471838324,1.0719729954060662,12/05/2007 13:00:00,0,,World Superbikes,
419,Bike,Yamaha YZF-R1 [2007],28.087040828826602,1.0716825165027366,25/05/2007 13:00:00,0,,World Superbikes,
419,Bike,Yamaha YZF-R1 [2007],28.092457729562444,1.0715567549415517,25/05/2007 13:00:00,1,,World Superbikes,
419,Bike,Yamaha YZF-R1 [2007],28.097628734470124,1.0715809845480417,26/05/2007 13:00:00,0,,World Superbikes,
419,Bike,Yamaha YZF-R1 [2007],28.102397896115587,1.0717671878990445,14/06/2007 13:00:00,0,,World Superbikes,
419,Bike,Yamaha YZF-R1 [2007],28.107021220605322,1.072115236484914,15/06/2007 13:00:00,0,,World Superbikes,
419,Bike,Yamaha YZF-R1 [2007],28.111423525138235,1.0726283454818668,16/06/2007 13:00:00,0,,World Superbikes,
419,Bike,Yamaha YZF-R1 [2007],28.114920667046988,1.073286799041246,19/07/2007 13:00:00,0,,World Superbikes,
419,Bike,Yamaha YZF-R1 [2007],28.117331216671836,1.0740983976831688,20/07/2007 13:00:00,0,,World Superbikes,
419,Bike,Yamaha YZF-R1 [2007],28.11860064982625,1.0750650788639624,21/07/2007 13:00:00,0,,World Superbikes,
419,Bike,Yamaha YZF-R1 [2007],28.11911861860895,1.0761909731659713,03/08/2007 13:00:00,0,,World Superbikes,
419,Bike,Yamaha YZF-R1 [2007],28.11973988007844,1.0774735363282009,03/08/2007 13:00:00,1,,World Superbikes,
419,Bike,Yamaha YZF-R1 [2007],28.1202479019872,1.0789112163388348,04/08/2007 13:00:00,0,,World Superbikes,
419,Bike,Yamaha YZF-R1 [2007],28.120829718667853,1.0805033647352245,06/09/2007 13:00:00,0,,World Superbikes,
419,Bike,Yamaha YZF-R1 [2007],28.120958699641406,1.0822477716227181,07/09/2007 13:00:00,0,,World Superbikes,
419,Bike,Yamaha YZF-R1 [2007],28.122072870390678,1.0841393939740878,08/09/2007 13:00:00,0,,World Superbikes,
419,Bike,Yamaha YZF-R1 [2007],28.123835150746316,1.086181709113128,27/09/2007 13:00:00,0,,World Superbikes,
419,Bike,Yamaha YZF-R1 [2007],28.124130997403913,1.0883776238834912,28/09/2007 13:00:00,0,,World Superbikes,
419,Bike,Yamaha YZF-R1 [2007],28.12446958652645,1.0907497187938753,29/09/2007 13:00:00,0,,World Superbikes,
419,Bike,Yamaha YZF-R1 [2007],28.124139723832673,1.0932865621891188,04/10/2007 13:00:00,0,,World Superbikes,
419,Bike,Yamaha YZF-R1 [2007],28.12412229598357,1.095991156789966,05/10/2007 13:00:00,0,,World Superbikes,
419,Bike,Yamaha YZF-R1 [2007],28.12410142315055,1.0988610773782783,06/10/2007 13:00:00,0,,World Superbikes,
420,Bike,Honda CBR 1000RR Fireblade [2007],26.76393151774038,1.0622179957750528,21/02/2007 13:00:00,0,,World Superbikes,
420,Bike,Honda CBR 1000RR Fireblade [2007],26.764014227679628,1.0592288366145979,22/02/2007 13:00:00,0,,World Superbikes,
420,Bike,Honda CBR 1000RR Fireblade [2007],26.764218026036637,1.0564042762127095,23/02/2007 13:00:00,0,,World Superbikes,
420,Bike,Honda CBR 1000RR Fireblade [2007],26.764714732988324,1.0537418623099597,01/03/2007 13:00:00,0,,World Superbikes,
420,Bike,Honda CBR 1000RR Fireblade [2007],26.76512517797498,1.0512450349508833,02/03/2007 13:00:00,0,,World Superbikes,
420,Bike,Honda CBR 1000RR Fireblade [2007],26.76566661085394,1.0489144476881407,02/03/2007 13:00:00,1,,World Superbikes,
420,Bike,Honda CBR 1000RR Fireblade [2007],26.76655524073344,1.0467356970869754,30/03/2007 13:00:00,0,,World Superbikes,
420,Bike,Honda CBR 1000RR Fireblade [2007],26.76717582851462,1.0447295099853533,30/03/2007 13:00:00,1,,World Superbikes,
420,Bike,Honda CBR 1000RR Fireblade [2007],26.767819185093373,1.0428947977231915,31/03/2007 13:00:00,0,,World Superbikes,
420,Bike,Honda CBR 1000RR Fireblade [2007],26.769085452264942,1.0412158941858156,12/04/2007 13:00:00,0,,World Superbikes,
420,Bike,Honda CBR 1000RR Fireblade [2007],26.770835302931257,1.039703268607753,13/04/2007 13:00:00,0,,World Superbikes,
420,Bike,Honda CBR 1000RR Fireblade [2007],26.77162096077228,1.0383586918518763,14/04/2007 13:00:00,0,,World Superbikes,
420,Bike,Honda CBR 1000RR Fireblade [2007],26.771649529594356,1.0371821529420515,26/04/2007 13:00:00,0,,World Superbikes,
420,Bike,Honda CBR 1000RR Fireblade [2007],26.771284792289237,1.0361667285092584,27/04/2007 13:00:00,0,,World Superbikes,
420,Bike,Honda CBR 1000RR Fireblade [2007],26.771302498405156,1.0353123796672388,28/04/2007 13:00:00,0,,World Superbikes,
420,Bike,Honda CBR 1000RR Fireblade [2007],26.771361751693473,1.0346112650633281,10/05/2007 13:00:00,0,,World Superbikes,
420,Bike,Honda CBR 1000RR Fireblade [2007],26.770556036006806,1.0340729695634878,11/05/2007 13:00:00,0,,World Superbikes,
420,Bike,Honda CBR 1000RR Fireblade [2007],26.76961125754472,1.033704409557307,12/05/2007 13:00:00,0,,World Superbikes,
420,Bike,Honda CBR 1000RR Fireblade [2007],26.768210796379464,1.0335033268013398,25/05/2007 13:00:00,0,,World Superbikes,
420,Bike,Honda CBR 1000RR Fireblade [2007],26.76661724590002,1.033466573366729,25/05/2007 13:00:00,1,,World Superbikes,
420,Bike,Honda CBR 1000RR Fireblade [2007],26.765294282585245,1.0335862836218968,26/05/2007 13:00:00,0,,World Superbikes,
420,Bike,Honda CBR 1000RR Fireblade [2007],26.764047742006234,1.0338687548584027,14/06/2007 13:00:00,0,,World Superbikes,
420,Bike,Honda CBR 1000RR Fireblade [2007],26.763185175158874,1.0343089083000916,15/06/2007 13:00:00,0,,World Superbikes,
420,Bike,Honda CBR 1000RR Fireblade [2007],26.76257120090777,1.0349078003510874,16/06/2007 13:00:00,0,,World Superbikes,
420,Bike,Honda CBR 1000RR Fireblade [2007],26.761906319992114,1.0356702081157245,19/07/2007 13:00:00,0,,World Superbikes,
420,Bike,Honda CBR 1000RR Fireblade [2007],26.761247588371667,1.0365951510540794,20/07/2007 13:00:00,0,,World Superbikes,
420,Bike,Honda CBR 1000RR Fireblade [2007],26.760548097746984,1.037683143259795,21/07/2007 13:00:00,0,,World Superbikes,
420,Bike,Honda CBR 1000RR Fireblade [2007],26.759722046306695,1.0389388221376663,03/08/2007 13:00:00,0,,World Superbikes,
420,Bike,Honda CBR 1000RR Fireblade [2007],26.758661239173044,1.0403489002924047,03/08/2007 13:00:00,1,,World Superbikes,
420,Bike,Honda CBR 1000RR Fireblade [2007],26.757579181075194,1.0419171154510563,04/08/2007 13:00:00,0,,World Superbikes,
420,Bike,Honda CBR 1000RR Fireblade [2007],26.756233064262513,1.0436486270237597,06/09/2007 13:00:00,0,,World Superbikes,
420,Bike,Honda CBR 1000RR Fireblade [2007],26.75492675536833,1.0455349228363713,07/09/2007 13:00:00,0,,World Superbikes,
420,Bike,Honda CBR 1000RR Fireblade [2007],26.75307437974658,1.0475708764366647,08/09/2007 13:00:00,0,,World Superbikes,
420,Bike,Honda CBR 1000RR Fireblade [2007],26.751715728815338,1.049761769811122,27/09/2007 13:00:00,0,,World Superbikes,
420,Bike,Honda CBR 1000RR Fireblade [2007],26.750509202767603,1.0521130325650587,28/09/2007 13:00:00,0,,World Superbikes,
420,Bike,Honda CBR 1000RR Fireblade [2007],26.749241739372895,1.054629735813015,29/09/2007 13:00:00,0,,World Superbikes,
420,Bike,Honda CBR 1000RR Fireblade [2007],26.74807754417508,1.0573156648192474,04/10/2007 13:00:00,0,,World Superbikes,
420,Bike,Honda CBR 1000RR Fireblade [2007],26.747013336557373,1.0601625578868537,05/10/2007 13:00:00,0,,World Superbikes,
420,Bike,Honda CBR 1000RR Fireblade [2007],26.746563284544187,1.0631684436406525,06/10/2007 13:00:00,0,,World Superbikes,
421,Rider,Max Biaggi,38.90801055289956,0.7262287200180988,21/02/2007 13:00:00,0,Suzuki GSX-R1000 K7 [2007],World Superbikes,
421,Rider,Max Biaggi,38.90819880845147,0.7216230094629632,22/02/2007 13:00:00,0,Suzuki GSX-R1000 K7 [2007],World Superbikes,
421,Rider,Max Biaggi,38.9078432390371,0.7171075853128852,23/02/2007 13:00:00,0,Suzuki GSX-R1000 K7 [2007],World Superbikes,
421,Rider,Max Biaggi,38.905892897502326,0.7126688095553894,01/03/2007 13:00:00,0,Suzuki GSX-R1000 K7 [2007],World Superbikes,
421,Rider,Max Biaggi,38.903644763796855,0.7083188882857623,02/03/2007 13:00:00,0,Suzuki GSX-R1000 K7 [2007],World Superbikes,
421,Rider,Max Biaggi,38.90061964378896,0.7040510206165115,02/03/2007 13:00:00,1,Suzuki GSX-R1000 K7 [2007],World Superbikes,
421,Rider,Max Biaggi,38.89727976836818,0.699864394504481,30/03/2007 13:00:00,0,Suzuki GSX-R1000 K7 [2007],World Superbikes,
421,Rider,Max Biaggi,38.89443638673948,0.6957645193977897,30/03/2007 13:00:00,1,Suzuki GSX-R1000 K7 [2007],World Superbikes,
421,Rider,Max Biaggi,38.89140128208411,0.6917473948968015,31/03/2007 13:00:00,0,Suzuki GSX-R1000 K7 [2007],World Superbikes,
421,Rider,Max Biaggi,38.88841710913345,0.6878119474654164,12/04/2007 13:00:00,0,Suzuki GSX-R1000 K7 [2007],World Superbikes,
421,Rider,Max Biaggi,38.884873183831324,0.6839556639443107,13/04/2007 13:00:00,0,Suzuki GSX-R1000 K7 [2007],World Superbikes,
421,Rider,Max Biaggi,38.88342522363311,0.6801784246068173,14/04/2007 13:00:00,0,Suzuki GSX-R1000 K7 [2007],World Superbikes,
421,Rider,Max Biaggi,38.883345638194605,0.6764782086889155,26/04/2007 13:00:00,0,Suzuki GSX-R1000 K7 [2007],World Superbikes,
421,Rider,Max Biaggi,38.88465697511228,0.6728565709384309,27/04/2007 13:00:00,0,Suzuki GSX-R1000 K7 [2007],World Superbikes,
421,Rider,Max Biaggi,38.8872540654623,0.6693120849555215,28/04/2007 13:00:00,0,Suzuki GSX-R1000 K7 [2007],World Superbikes,
421,Rider,Max Biaggi,38.889048041693826,0.6658380590246125,10/05/2007 13:00:00,0,Suzuki GSX-R1000 K7 [2007],World Superbikes,
421,Rider,Max Biaggi,38.89158555141083,0.6624411686684609,11/05/2007 13:00:00,0,Suzuki GSX-R1000 K7 [2007],World Superbikes,
421,Rider,Max Biaggi,38.893053637449945,0.6591137734429097,12/05/2007 13:00:00,0,Suzuki GSX-R1000 K7 [2007],World Superbikes,
421,Rider,Max Biaggi,38.89327007733659,0.655849008215048,25/05/2007 13:00:00,0,Suzuki GSX-R1000 K7 [2007],World Superbikes,
421,Rider,Max Biaggi,38.89482688256391,0.652653578180592,25/05/2007 13:00:00,1,Suzuki GSX-R1000 K7 [2007],World Superbikes,
421,Rider,Max Biaggi,38.89709369030301,0.6495276688718001,26/05/2007 13:00:00,0,Suzuki GSX-R1000 K7 [2007],World Superbikes,
421,Rider,Max Biaggi,38.89976711287694,0.646468197341601,14/06/2007 13:00:00,0,Suzuki GSX-R1000 K7 [2007],World Superbikes,
421,Rider,Max Biaggi,38.90355340562561,0.6434752106911411,15/06/2007 13:00:00,0,Suzuki GSX-R1000 K7 [2007],World Superbikes,
421,Rider,Max Biaggi,38.90652652087844,0.6405430514513554,16/06/2007 13:00:00,0,Suzuki GSX-R1000 K7 [2007],World Superbikes,
421,Rider,Max Biaggi,38.90904903173091,0.6376709000441666,19/07/2007 13:00:00,0,Suzuki GSX-R1000 K7 [2007],World Superbikes,
421,Rider,Max Biaggi,38.91044033476707,0.63485478345093,20/07/2007 13:00:00,0,Suzuki GSX-R1000 K7 [2007],World Superbikes,
421,Rider,Max Biaggi,38.91169735301131,0.6320988644867479,21/07/2007 13:00:00,0,Suzuki GSX-R1000 K7 [2007],World Superbikes,
421,Rider,Max Biaggi,38.911331704678375,0.6293927316688929,03/08/2007 13:00:00,0,Suzuki GSX-R1000 K7 [2007],World Superbikes,
421,Rider,Max Biaggi,38.91271280256636,0.6267450791469268,03/08/2007 13:00:00,1,Suzuki GSX-R1000 K7 [2007],World Superbikes,
421,Rider,Max Biaggi,38.91533422076492,0.6241566424666016,04/08/2007 13:00:00,0,Suzuki GSX-R1000 K7 [2007],World Superbikes,
421,Rider,Max Biaggi,38.91769700266937,0.6216242603519541,06/09/2007 13:00:00,0,Suzuki GSX-R1000 K7 [2007],World Superbikes,
421,Rider,Max Biaggi,38.919905692325116,0.6191465683098768,07/09/2007 13:00:00,0,Suzuki GSX-R1000 K7 [2007],World Superbikes,
421,Rider,Max Biaggi,38.921052301452086,0.6167142007178406,08/09/2007 13:00:00,0,Suzuki GSX-R1000 K7 [2007],World Superbikes,
421,Rider,Max Biaggi,38.92173940475308,0.6143341562838257,27/09/2007 13:00:00,0,Suzuki GSX-R1000 K7 [2007],World Superbikes,
421,Rider,Max Biaggi,38.92172567404879,0.6120019045511612,28/09/2007 13:00:00,0,Suzuki GSX-R1000 K7 [2007],World Superbikes,
421,Rider,Max Biaggi,38.92159440312951,0.6097207733726349,29/09/2007 13:00:00,0,Suzuki GSX-R1000 K7 [2007],World Superbikes,
421,Rider,Max Biaggi,38.92079082518,0.6074846279466589,04/10/2007 13:00:00,0,Suzuki GSX-R1000 K7 [2007],World Superbikes,
421,Rider,Max Biaggi,38.922016062631414,0.6052959832822348,05/10/2007 13:00:00,0,Suzuki GSX-R1000 K7 [2007],World Superbikes,
421,Rider,Max Biaggi,38.92412486438214,0.6031569564444849,06/10/2007 13:00:00,0,Suzuki GSX-R1000 K7 [2007],World Superbikes,
421,Rider,Max Biaggi,38.925973129711345,0.6010650135086357,20/02/2008 13:00:00,0,Ducati 1098 RS08 [2008],World Superbikes,
421,Rider,Max Biaggi,38.927984155232934,0.5990241263081405,21/02/2008 13:00:00,0,Ducati 1098 RS08 [2008],World Superbikes,
421,Rider,Max Biaggi,38.929661287584686,0.5970315910028574,22/02/2008 13:00:00,0,Ducati 1098 RS08 [2008],World Superbikes,
421,Rider,Max Biaggi,38.93032306550634,0.5950808760305427,28/02/2008 13:00:00,0,Ducati 1098 RS08 [2008],World Superbikes,
421,Rider,Max Biaggi,38.93076399946325,0.5931759116532105,29/02/2008 13:00:00,0,Ducati 1098 RS08 [2008],World Superbikes,
421,Rider,Max Biaggi,38.93141494337532,0.591317195654609,03/04/2008 13:00:00,0,Ducati 1098 RS08 [2008],World Superbikes,
421,Rider,Max Biaggi,38.935070489316004,0.5895040131953265,04/04/2008 13:00:00,0,Ducati 1098 RS08 [2008],World Superbikes,
421,Rider,Max Biaggi,38.939675428381655,0.5877374885368992,05/04/2008 13:00:00,0,Ducati 1098 RS08 [2008],World Superbikes,
421,Rider,Max Biaggi,38.94474873268105,0.5860135231377273,24/04/2008 13:00:00,0,Ducati 1098 RS08 [2008],World Superbikes,
421,Rider,Max Biaggi,38.950488366052255,0.584335237493532,25/04/2008 13:00:00,0,Ducati 1098 RS08 [2008],World Superbikes,
421,Rider,Max Biaggi,38.95904312362491,0.5826990188955198,08/05/2008 13:00:00,0,Ducati 1098 RS08 [2008],World Superbikes,
421,Rider,Max Biaggi,38.96932577145226,0.5811054714556967,09/05/2008 13:00:00,0,Ducati 1098 RS08 [2008],World Superbikes,
421,Rider,Max Biaggi,38.980848780975954,0.5795530057024383,10/05/2008 13:00:00,0,Ducati 1098 RS08 [2008],World Superbikes,
421,Rider,Max Biaggi,38.99295716160768,0.5780395428458822,30/05/2008 13:00:00,0,Ducati 1098 RS08 [2008],World Superbikes,
421,Rider,Max Biaggi,39.0067349571284,0.5765679143260798,30/05/2008 13:00:00,1,Ducati 1098 RS08 [2008],World Superbikes,
421,Rider,Max Biaggi,39.021598893383505,0.5751370276975705,31/05/2008 13:00:00,0,Ducati 1098 RS08 [2008],World Superbikes,
421,Rider,Max Biaggi,39.037073707027936,0.5737411936741944,12/06/2008 13:00:00,0,Ducati 1098 RS08 [2008],World Superbikes,
421,Rider,Max Biaggi,39.053045283262136,0.572383613109353,13/06/2008 13:00:00,0,Ducati 1098 RS08 [2008],World Superbikes,
421,Rider,Max Biaggi,39.06792917463805,0.5710566326171932,14/06/2008 13:00:00,0,Ducati 1098 RS08 [2008],World Superbikes,
421,Rider,Max Biaggi,39.083155421390536,0.5697637097605377,26/06/2008 13:00:00,0,Ducati 1098 RS08 [2008],World Superbikes,
421,Rider,Max Biaggi,39.09762743395934,0.568502061607129,27/06/2008 13:00:00,0,Ducati 1098 RS08 [2008],World Superbikes,
421,Rider,Max Biaggi,39.11248364545816,0.567275688637202,28/06/2008 13:00:00,0,Ducati 1098 RS08 [2008],World Superbikes,
421,Rider,Max Biaggi,39.12700525694364,0.5660791654858892,17/07/2008 13:00:00,0,Ducati 1098 RS08 [2008],World Superbikes,
421,Rider,Max Biaggi,39.14065951556321,0.5649127279403262,18/07/2008 13:00:00,0,Ducati 1098 RS08 [2008],World Superbikes,
421,Rider,Max Biaggi,39.15208788806168,0.5637560724111063,19/07/2008 13:00:00,0,Ducati 1098 RS08 [2008],World Superbikes,
421,Rider,Max Biaggi,39.16281300199645,0.5626259127501954,01/08/2008 13:00:00,0,Ducati 1098 RS08 [2008],World Superbikes,
421,Rider,Max Biaggi,39.17279767069558,0.561526272042489,01/08/2008 13:00:00,1,Ducati 1098 RS08 [2008],World Superbikes,
421,Rider,Max Biaggi,39.18268262220926,0.5604576425049246,02/08/2008 13:00:00,0,Ducati 1098 RS08 [2008],World Superbikes,
421,Rider,Max Biaggi,39.19257813761205,0.5594169897846969,05/09/2008 13:00:00,0,Ducati 1098 RS08 [2008],World Superbikes,
421,Rider,Max Biaggi,39.20190668661097,0.5584066945872823,05/09/2008 13:00:00,1,Ducati 1098 RS08 [2008],World Superbikes,
421,Rider,Max Biaggi,39.21236623545811,0.5574285187238208,06/09/2008 13:00:00,0,Ducati 1098 RS08 [2008],World Superbikes,
421,Rider,Max Biaggi,39.222384433050756,0.5564773935430609,18/09/2008 13:00:00,0,Ducati 1098 RS08 [2008],World Superbikes,
421,Rider,Max Biaggi,39.23412666697686,0.5555554499339145,19/09/2008 13:00:00,0,Ducati 1098 RS08 [2008],World Superbikes,
421,Rider,Max Biaggi,39.245773823217085,0.5546610414394776,20/09/2008 13:00:00,0,Ducati 1098 RS08 [2008],World Superbikes,
421,Rider,Max Biaggi,39.25676894432576,0.5537880056305146,02/10/2008 13:00:00,0,Ducati 1098 RS08 [2008],World Superbikes,
421,Rider,Max Biaggi,39.26898700207681,0.5529437355465429,03/10/2008 13:00:00,0,Ducati 1098 RS08 [2008],World Superbikes,
421,Rider,Max Biaggi,39.282289939070544,0.5521264336946726,04/10/2008 13:00:00,0,Ducati 1098 RS08 [2008],World Superbikes,
421,Rider,Max Biaggi,39.29617781726324,0.5513338537885987,31/10/2008 13:00:00,0,Ducati 1098 RS08 [2008],World Superbikes,
421,Rider,Max Biaggi,39.31081669312446,0.550568480684691,31/10/2008 13:00:00,1,Ducati 1098 RS08 [2008],World Superbikes,
421,Rider,Max Biaggi,39.326596153095736,0.549829726232703,01/11/2008 13:00:00,0,Ducati 1098 RS08 [2008],World Superbikes,
421,Rider,Max Biaggi,39.3413948347214,0.5491098461353576,26/02/2009 13:00:00,0,Aprilia RSV4 [2009],World Superbikes,
421,Rider,Max Biaggi,39.35653770828003,0.5484169997424108,27/02/2009 13:00:00,0,Aprilia RSV4 [2009],World Superbikes,
421,Rider,Max Biaggi,39.3700067032645,0.5477389414016907,27/02/2009 13:00:00,1,Aprilia RSV4 [2009],World Superbikes,
421,Rider,Max Biaggi,39.383320938989165,0.5470843449613687,27/02/2009 13:00:00,2,Aprilia RSV4 [2009],World Superbikes,
421,Rider,Max Biaggi,39.396023917461946,0.5464507159020953,27/02/2009 13:00:00,3,Aprilia RSV4 [2009],World Superbikes,
421,Rider,Max Biaggi,39.40733273527056,0.545820933751565,11/03/2009 13:00:00,0,Aprilia RSV4 [2009],World Superbikes,
421,Rider,Max Biaggi,39.417655116403346,0.5452112488192868,12/03/2009 13:00:00,0,Aprilia RSV4 [2009],World Superbikes,
421,Rider,Max Biaggi,39.42630757723252,0.5446128275467901,12/03/2009 13:00:00,1,Aprilia RSV4 [2009],World Superbikes,
421,Rider,Max Biaggi,39.43558947758444,0.5440383677353364,12/03/2009 13:00:00,2,Aprilia RSV4 [2009],World Superbikes,
421,Rider,Max Biaggi,39.4429352447151,0.5434618118318619,12/03/2009 13:00:00,3,Aprilia RSV4 [2009],World Superbikes,
421,Rider,Max Biaggi,39.4496617018828,0.5428914309829592,03/04/2009 13:00:00,0,Aprilia RSV4 [2009],World Superbikes,
421,Rider,Max Biaggi,39.45402101578124,0.5423212118949267,03/04/2009 13:00:00,1,Aprilia RSV4 [2009],World Superbikes,
421,Rider,Max Biaggi,39.45944663586621,0.5417744215083989,04/04/2009 13:00:00,0,Aprilia RSV4 [2009],World Superbikes,
421,Rider,Max Biaggi,39.467171305954686,0.5412403649549109,24/04/2009 13:00:00,0,Aprilia RSV4 [2009],World Superbikes,
421,Rider,Max Biaggi,39.476231442535756,0.5407275715344321,24/04/2009 13:00:00,1,Aprilia RSV4 [2009],World Superbikes,
421,Rider,Max Biaggi,39.487489755605026,0.5402347420291657,25/04/2009 13:00:00,0,Aprilia RSV4 [2009],World Superbikes,
421,Rider,Max Biaggi,39.49775819471538,0.5397588004879812,25/04/2009 13:00:00,1,Aprilia RSV4 [2009],World Superbikes,
421,Rider,Max Biaggi,39.50859085215837,0.539300974791552,08/05/2009 13:00:00,0,Aprilia RSV4 [2009],World Superbikes,
421,Rider,Max Biaggi,39.51930005381393,0.5388631560066485,08/05/2009 13:00:00,1,Aprilia RSV4 [2009],World Superbikes,
421,Rider,Max Biaggi,39.52922321213326,0.5384430479969685,09/05/2009 13:00:00,0,Aprilia RSV4 [2009],World Superbikes,
421,Rider,Max Biaggi,39.538997480124756,0.5380414902313357,09/05/2009 13:00:00,1,Aprilia RSV4 [2009],World Superbikes,
421,Rider,Max Biaggi,39.548598592922566,0.5376561303332033,09/05/2009 13:00:00,2,Aprilia RSV4 [2009],World Superbikes,
421,Rider,Max Biaggi,39.55933972935701,0.5372713207767991,15/05/2009 13:00:00,0,Aprilia RSV4 [2009],World Superbikes,
421,Rider,Max Biaggi,39.57037497822903,0.5369045496662188,15/05/2009 13:00:00,1,Aprilia RSV4 [2009],World Superbikes,
421,Rider,Max Biaggi,39.58301919101241,0.5365553119422589,16/05/2009 13:00:00,0,Aprilia RSV4 [2009],World Superbikes,
421,Rider,Max Biaggi,39.59607357159959,0.5362233220945642,16/05/2009 13:00:00,1,Aprilia RSV4 [2009],World Superbikes,
421,Rider,Max Biaggi,39.608313683393455,0.5359033238802783,16/05/2009 13:00:00,2,Aprilia RSV4 [2009],World Superbikes,
421,Rider,Max Biaggi,39.619663694392194,0.5355871652944787,29/05/2009 13:00:00,0,Aprilia RSV4 [2009],World Superbikes,
421,Rider,Max Biaggi,39.62878037653578,0.5352654769748638,29/05/2009 13:00:00,1,Aprilia RSV4 [2009],World Superbikes,
421,Rider,Max Biaggi,39.63796298494005,0.5349607951050398,30/05/2009 13:00:00,0,Aprilia RSV4 [2009],World Superbikes,
421,Rider,Max Biaggi,39.64865504259675,0.534671624663877,30/05/2009 13:00:00,1,Aprilia RSV4 [2009],World Superbikes,
421,Rider,Max Biaggi,39.66219717176581,0.5343803148492255,19/06/2009 13:00:00,0,Aprilia RSV4 [2009],World Superbikes,
421,Rider,Max Biaggi,39.67692318738632,0.534107396202544,19/06/2009 13:00:00,1,Aprilia RSV4 [2009],World Superbikes,
421,Rider,Max Biaggi,39.69311036524578,0.5338531621838151,20/06/2009 13:00:00,0,Aprilia RSV4 [2009],World Superbikes,
421,Rider,Max Biaggi,39.707980682064274,0.5336088115041886,20/06/2009 13:00:00,1,Aprilia RSV4 [2009],World Superbikes,
421,Rider,Max Biaggi,39.72330562370728,0.533378424782662,26/06/2009 13:00:00,0,Aprilia RSV4 [2009],World Superbikes,
421,Rider,Max Biaggi,39.739401740780025,0.5331661761537306,26/06/2009 13:00:00,1,Aprilia RSV4 [2009],World Superbikes,
421,Rider,Max Biaggi,39.75566150890408,0.5329706076121623,27/06/2009 13:00:00,0,Aprilia RSV4 [2009],World Superbikes,
421,Rider,Max Biaggi,39.769697665629245,0.5327678965879525,27/06/2009 13:00:00,1,Aprilia RSV4 [2009],World Superbikes,
421,Rider,Max Biaggi,39.78355374217128,0.532578128760259,27/06/2009 13:00:00,2,Aprilia RSV4 [2009],World Superbikes,
421,Rider,Max Biaggi,39.79632722557885,0.5323832654739639,24/07/2009 13:00:00,0,Aprilia RSV4 [2009],World Superbikes,
421,Rider,Max Biaggi,39.807018116500565,0.5321816236768175,24/07/2009 13:00:00,1,Aprilia RSV4 [2009],World Superbikes,
421,Rider,Max Biaggi,39.81815163459429,0.5319963547111956,25/07/2009 13:00:00,0,Aprilia RSV4 [2009],World Superbikes,
421,Rider,Max Biaggi,39.82907777544186,0.5318251058191917,25/07/2009 13:00:00,1,Aprilia RSV4 [2009],World Superbikes,
421,Rider,Max Biaggi,39.83853503602266,0.5316550683845837,25/07/2009 13:00:00,2,Aprilia RSV4 [2009],World Superbikes,
421,Rider,Max Biaggi,39.84731720545752,0.5314835051283504,04/09/2009 13:00:00,0,Aprilia RSV4 [2009],World Superbikes,
421,Rider,Max Biaggi,39.85726867701535,0.531328034218214,04/09/2009 13:00:00,1,Aprilia RSV4 [2009],World Superbikes,
421,Rider,Max Biaggi,39.86810487995328,0.5311884573232544,05/09/2009 13:00:00,0,Aprilia RSV4 [2009],World Superbikes,
421,Rider,Max Biaggi,39.878597812720336,0.5310618358697813,05/09/2009 13:00:00,1,Aprilia RSV4 [2009],World Superbikes,
421,Rider,Max Biaggi,39.88906875351399,0.5309466941892987,05/09/2009 13:00:00,2,Aprilia RSV4 [2009],World Superbikes,
421,Rider,Max Biaggi,39.90053792079396,0.5308279420025205,25/09/2009 13:00:00,0,Aprilia RSV4 [2009],World Superbikes,
421,Rider,Max Biaggi,39.91318845247286,0.5307246343361393,26/09/2009 13:00:00,0,Aprilia RSV4 [2009],World Superbikes,
421,Rider,Max Biaggi,39.92516231553565,0.5306324972767077,26/09/2009 13:00:00,1,Aprilia RSV4 [2009],World Superbikes,
421,Rider,Max Biaggi,39.93627932506313,0.5305484859707265,26/09/2009 13:00:00,2,Aprilia RSV4 [2009],World Superbikes,
421,Rider,Max Biaggi,39.9479544104781,0.5304626724869816,02/10/2009 13:00:00,0,Aprilia RSV4 [2009],World Superbikes,
421,Rider,Max Biaggi,39.96019528300828,0.5303906093206734,02/10/2009 13:00:00,1,Aprilia RSV4 [2009],World Superbikes,
421,Rider,Max Biaggi,39.97294193695705,0.5303323197632316,03/10/2009 13:00:00,0,Aprilia RSV4 [2009],World Superbikes,
421,Rider,Max Biaggi,39.98473691080616,0.530282824905207,03/10/2009 13:00:00,1,Aprilia RSV4 [2009],World Superbikes,
421,Rider,Max Biaggi,39.9957873380756,0.5302421369196151,03/10/2009 13:00:00,2,Aprilia RSV4 [2009],World Superbikes,
421,Rider,Max Biaggi,40.00653849765073,0.5302012966843328,23/10/2009 13:00:00,0,Aprilia RSV4 [2009],World Superbikes,
421,Rider,Max Biaggi,40.01734177956393,0.5301736531815292,23/10/2009 13:00:00,1,Aprilia RSV4 [2009],World Superbikes,
421,Rider,Max Biaggi,40.026997486967055,0.530153169154365,24/10/2009 13:00:00,0,Aprilia RSV4 [2009],World Superbikes,
421,Rider,Max Biaggi,40.03507628348475,0.5301340201473235,24/10/2009 13:00:00,1,Aprilia RSV4 [2009],World Superbikes,
421,Rider,Max Biaggi,40.042051689219214,0.5301198194017472,24/10/2009 13:00:00,2,Aprilia RSV4 [2009],World Superbikes,
421,Rider,Max Biaggi,40.049688458092156,0.5301047874034807,25/02/2010 13:00:00,0,Aprilia RSV4 [2010],World Superbikes,
421,Rider,Max Biaggi,40.05733466346336,0.5301019005918458,26/02/2010 13:00:00,0,Aprilia RSV4 [2010],World Superbikes,
421,Rider,Max Biaggi,40.06785973162843,0.5301095622850209,26/02/2010 13:00:00,1,Aprilia RSV4 [2010],World Superbikes,
421,Rider,Max Biaggi,40.07866032905854,0.5301296613867555,26/02/2010 13:00:00,2,Aprilia RSV4 [2010],World Superbikes,
421,Rider,Max Biaggi,40.090815951538985,0.5301605284774793,26/03/2010 13:00:00,0,Aprilia RSV4 [2010],World Superbikes,
421,Rider,Max Biaggi,40.10236566363356,0.5302013316464017,26/03/2010 13:00:00,1,Aprilia RSV4 [2010],World Superbikes,
421,Rider,Max Biaggi,40.112686449167136,0.5302464985463426,27/03/2010 13:00:00,0,Aprilia RSV4 [2010],World Superbikes,
421,Rider,Max Biaggi,40.122220999771386,0.5302989856256093,27/03/2010 13:00:00,1,Aprilia RSV4 [2010],World Superbikes,
421,Rider,Max Biaggi,40.13068083941408,0.5303546356940015,27/03/2010 13:00:00,2,Aprilia RSV4 [2010],World Superbikes,
421,Rider,Max Biaggi,40.13815530740512,0.5304060754592668,09/04/2010 13:00:00,0,Aprilia RSV4 [2010],World Superbikes,
421,Rider,Max Biaggi,40.145127759569206,0.5304682888733256,09/04/2010 13:00:00,1,Aprilia RSV4 [2010],World Superbikes,
421,Rider,Max Biaggi,40.1503543240046,0.5305200705268848,10/04/2010 13:00:00,0,Aprilia RSV4 [2010],World Superbikes,
421,Rider,Max Biaggi,40.15538497692835,0.5305836419516056,10/04/2010 13:00:00,1,Aprilia RSV4 [2010],World Superbikes,
421,Rider,Max Biaggi,40.15922575943158,0.530649080229018,10/04/2010 13:00:00,2,Aprilia RSV4 [2010],World Superbikes,
421,Rider,Max Biaggi,40.16266439502165,0.5307137542542054,23/04/2010 13:00:00,0,Aprilia RSV4 [2010],World Superbikes,
421,Rider,Max Biaggi,40.1682854693242,0.5307900469377997,23/04/2010 13:00:00,1,Aprilia RSV4 [2010],World Superbikes,
421,Rider,Max Biaggi,40.175980142073854,0.530878344814957,24/04/2010 13:00:00,0,Aprilia RSV4 [2010],World Superbikes,
421,Rider,Max Biaggi,40.18411687195768,0.5309804912173522,24/04/2010 13:00:00,1,Aprilia RSV4 [2010],World Superbikes,
421,Rider,Max Biaggi,40.19344600647609,0.5310942496112722,07/05/2010 13:00:00,0,Aprilia RSV4 [2010],World Superbikes,
421,Rider,Max Biaggi,40.20308941851753,0.5312215448286438,07/05/2010 13:00:00,1,Aprilia RSV4 [2010],World Superbikes,
421,Rider,Max Biaggi,40.212074045530464,0.5313576915080839,08/05/2010 13:00:00,0,Aprilia RSV4 [2010],World Superbikes,
421,Rider,Max Biaggi,40.2193261787545,0.5314832280793598,08/05/2010 13:00:00,1,Aprilia RSV4 [2010],World Superbikes,
421,Rider,Max Biaggi,40.225992465115304,0.531615520308688,08/05/2010 13:00:00,2,Aprilia RSV4 [2010],World Superbikes,
421,Rider,Max Biaggi,40.23112454242414,0.5317292271534931,14/05/2010 13:00:00,0,Aprilia RSV4 [2010],World Superbikes,
421,Rider,Max Biaggi,40.236724946829504,0.5318563439992207,14/05/2010 13:00:00,1,Aprilia RSV4 [2010],World Superbikes,
421,Rider,Max Biaggi,40.2422631959739,0.5319961560251979,15/05/2010 13:00:00,0,Aprilia RSV4 [2010],World Superbikes,
421,Rider,Max Biaggi,40.24605536337894,0.5321249693920926,15/05/2010 13:00:00,1,Aprilia RSV4 [2010],World Superbikes,
421,Rider,Max Biaggi,40.249077339630446,0.5322607850713951,15/05/2010 13:00:00,2,Aprilia RSV4 [2010],World Superbikes,
421,Rider,Max Biaggi,40.25347652755861,0.5323947022912171,29/05/2010 13:00:00,0,Aprilia RSV4 [2010],World Superbikes,
421,Rider,Max Biaggi,40.25880952552841,0.5325430452778231,29/05/2010 13:00:00,1,Aprilia RSV4 [2010],World Superbikes,
421,Rider,Max Biaggi,40.26235425325231,0.5326821700841256,30/05/2010 13:00:00,0,Aprilia RSV4 [2010],World Superbikes,
421,Rider,Max Biaggi,40.26477173720032,0.5328242872559414,30/05/2010 13:00:00,1,Aprilia RSV4 [2010],World Superbikes,
421,Rider,Max Biaggi,40.26533617760589,0.5329563670017923,30/05/2010 13:00:00,2,Aprilia RSV4 [2010],World Superbikes,
421,Rider,Max Biaggi,40.264963940953294,0.5330855658624436,25/06/2010 13:00:00,0,Aprilia RSV4 [2010],World Superbikes,
421,Rider,Max Biaggi,40.26461595388651,0.533228566997834,25/06/2010 13:00:00,1,Aprilia RSV4 [2010],World Superbikes,
421,Rider,Max Biaggi,40.26420730997156,0.5333865755424958,26/06/2010 13:00:00,0,Aprilia RSV4 [2010],World Superbikes,
421,Rider,Max Biaggi,40.2633173356395,0.5335564851785868,26/06/2010 13:00:00,1,Aprilia RSV4 [2010],World Superbikes,
421,Rider,Max Biaggi,40.26256299315707,0.5337397603016862,26/06/2010 13:00:00,2,Aprilia RSV4 [2010],World Superbikes,
421,Rider,Max Biaggi,40.26099983742688,0.5339230246745529,09/07/2010 13:00:00,0,Aprilia RSV4 [2010],World Superbikes,
421,Rider,Max Biaggi,40.259240046812735,0.5341196864462264,09/07/2010 13:00:00,1,Aprilia RSV4 [2010],World Superbikes,
421,Rider,Max Biaggi,40.25659670331443,0.5343223218531042,10/07/2010 13:00:00,0,Aprilia RSV4 [2010],World Superbikes,
421,Rider,Max Biaggi,40.25329971859263,0.534533731476006,10/07/2010 13:00:00,1,Aprilia RSV4 [2010],World Superbikes,
421,Rider,Max Biaggi,40.24946039147034,0.5347546852039937,10/07/2010 13:00:00,2,Aprilia RSV4 [2010],World Superbikes,
421,Rider,Max Biaggi,40.24495936203579,0.5349715032552814,30/07/2010 13:00:00,0,Aprilia RSV4 [2010],World Superbikes,
421,Rider,Max Biaggi,40.24065887008693,0.5352045920062554,30/07/2010 13:00:00,1,Aprilia RSV4 [2010],World Superbikes,
421,Rider,Max Biaggi,40.2389281268498,0.535453612668229,31/07/2010 13:00:00,0,Aprilia RSV4 [2010],World Superbikes,
421,Rider,Max Biaggi,40.23785198359012,0.5357191088998874,31/07/2010 13:00:00,1,Aprilia RSV4 [2010],World Superbikes,
421,Rider,Max Biaggi,40.23730807112096,0.5360003755053013,31/07/2010 13:00:00,2,Aprilia RSV4 [2010],World Superbikes,
421,Rider,Max Biaggi,40.237705065748465,0.5362861436765037,03/09/2010 13:00:00,0,Aprilia RSV4 [2010],World Superbikes,
421,Rider,Max Biaggi,40.238148931107226,0.5365878761344147,03/09/2010 13:00:00,1,Aprilia RSV4 [2010],World Superbikes,
421,Rider,Max Biaggi,40.24105958544878,0.5369010665216539,04/09/2010 13:00:00,0,Aprilia RSV4 [2010],World Superbikes,
421,Rider,Max Biaggi,40.24533554057155,0.5372306954931011,04/09/2010 13:00:00,1,Aprilia RSV4 [2010],World Superbikes,
421,Rider,Max Biaggi,40.249785274054716,0.5375765879296279,04/09/2010 13:00:00,2,Aprilia RSV4 [2010],World Superbikes,
421,Rider,Max Biaggi,40.25279012982858,0.5379060899120774,24/09/2010 13:00:00,0,Aprilia RSV4 [2010],World Superbikes,
421,Rider,Max Biaggi,40.257673824771466,0.5382518251074182,24/09/2010 13:00:00,1,Aprilia RSV4 [2010],World Superbikes,
421,Rider,Max Biaggi,40.26378916124833,0.5386122325216084,25/09/2010 13:00:00,0,Aprilia RSV4 [2010],World Superbikes,
421,Rider,Max Biaggi,40.27109000986314,0.5389915373373697,25/09/2010 13:00:00,1,Aprilia RSV4 [2010],World Superbikes,
421,Rider,Max Biaggi,40.27903041869556,0.5393897257382906,25/09/2010 13:00:00,2,Aprilia RSV4 [2010],World Superbikes,
421,Rider,Max Biaggi,40.28879917167978,0.5397929419503525,01/10/2010 13:00:00,0,Aprilia RSV4 [2010],World Superbikes,
421,Rider,Max Biaggi,40.297991612314995,0.540211251852762,01/10/2010 13:00:00,1,Aprilia RSV4 [2010],World Superbikes,
421,Rider,Max Biaggi,40.30664885751866,0.5406444885433496,02/10/2010 13:00:00,0,Aprilia RSV4 [2010],World Superbikes,
421,Rider,Max Biaggi,40.3137089056918,0.5410720248373536,02/10/2010 13:00:00,1,Aprilia RSV4 [2010],World Superbikes,
421,Rider,Max Biaggi,40.31899800078727,0.5414947314279926,02/10/2010 13:00:00,2,Aprilia RSV4 [2010],World Superbikes,
421,Rider,Max Biaggi,40.324413264084356,0.5419279063964285,24/02/2011 13:00:00,0,Aprilia RSV4 Factory [2011],World Superbikes,
421,Rider,Max Biaggi,40.32945643496642,0.542377820841505,25/02/2011 13:00:00,0,Aprilia RSV4 Factory [2011],World Superbikes,
421,Rider,Max Biaggi,40.33336336541532,0.5428361447693981,25/02/2011 13:00:00,1,Aprilia RSV4 Factory [2011],World Superbikes,
421,Rider,Max Biaggi,40.336188373801164,0.543302343878754,25/02/2011 13:00:00,2,Aprilia RSV4 Factory [2011],World Superbikes,
421,Rider,Max Biaggi,40.338034476003465,0.5437748725409912,25/02/2011 13:00:00,3,Aprilia RSV4 Factory [2011],World Superbikes,
421,Rider,Max Biaggi,40.33911690479111,0.5442498624118817,25/03/2011 13:00:00,0,Aprilia RSV4 Factory [2011],World Superbikes,
421,Rider,Max Biaggi,40.338459367813016,0.5447204506133269,25/03/2011 13:00:00,1,Aprilia RSV4 Factory [2011],World Superbikes,
421,Rider,Max Biaggi,40.33994977255277,0.5452104023207224,26/03/2011 13:00:00,0,Aprilia RSV4 Factory [2011],World Superbikes,
421,Rider,Max Biaggi,40.342266727573914,0.5457217380437634,26/03/2011 13:00:00,1,Aprilia RSV4 Factory [2011],World Superbikes,
421,Rider,Max Biaggi,40.34559147893779,0.5462511019029612,26/03/2011 13:00:00,2,Aprilia RSV4 Factory [2011],World Superbikes,
421,Rider,Max Biaggi,40.35000125738762,0.5467916953575785,15/04/2011 13:00:00,0,Aprilia RSV4 Factory [2011],World Superbikes,
421,Rider,Max Biaggi,40.35335899513649,0.5473455487772019,15/04/2011 13:00:00,1,Aprilia RSV4 Factory [2011],World Superbikes,
421,Rider,Max Biaggi,40.35767895836142,0.5479239026711457,16/04/2011 13:00:00,0,Aprilia RSV4 Factory [2011],World Superbikes,
421,Rider,Max Biaggi,40.361976336326585,0.5485240735871035,16/04/2011 13:00:00,1,Aprilia RSV4 Factory [2011],World Superbikes,
421,Rider,Max Biaggi,40.36636412671751,0.5491430280329028,16/04/2011 13:00:00,2,Aprilia RSV4 Factory [2011],World Superbikes,
421,Rider,Max Biaggi,40.37166353268249,0.5497754475463029,06/05/2011 13:00:00,0,Aprilia RSV4 Factory [2011],World Superbikes,
421,Rider,Max Biaggi,40.37606927853683,0.5504237708396673,06/05/2011 13:00:00,1,Aprilia RSV4 Factory [2011],World Superbikes,
421,Rider,Max Biaggi,40.38134007740865,0.5510983987116728,07/05/2011 13:00:00,0,Aprilia RSV4 Factory [2011],World Superbikes,
421,Rider,Max Biaggi,40.385050123195526,0.5517717631568194,07/05/2011 13:00:00,1,Aprilia RSV4 Factory [2011],World Superbikes,
421,Rider,Max Biaggi,40.38838744862212,0.5524625781255319,07/05/2011 13:00:00,2,Aprilia RSV4 Factory [2011],World Superbikes,
421,Rider,Max Biaggi,40.390369588098906,0.5531449153092886,28/05/2011 13:00:00,0,Aprilia RSV4 Factory [2011],World Superbikes,
421,Rider,Max Biaggi,40.391647822153054,0.5538487369569585,28/05/2011 13:00:00,1,Aprilia RSV4 Factory [2011],World Superbikes,
421,Rider,Max Biaggi,40.39307964126848,0.554579117463622,29/05/2011 13:00:00,0,Aprilia RSV4 Factory [2011],World Superbikes,
421,Rider,Max Biaggi,40.39284708785,0.5553103828105713,29/05/2011 13:00:00,1,Aprilia RSV4 Factory [2011],World Superbikes,
421,Rider,Max Biaggi,40.39249625835942,0.5560628645033425,29/05/2011 13:00:00,2,Aprilia RSV4 Factory [2011],World Superbikes,
421,Rider,Max Biaggi,40.39383329171319,0.5568244858868057,10/06/2011 13:00:00,0,Aprilia RSV4 Factory [2011],World Superbikes,
421,Rider,Max Biaggi,40.393981803188865,0.5576030105106478,10/06/2011 13:00:00,1,Aprilia RSV4 Factory [2011],World Superbikes,
421,Rider,Max Biaggi,40.3931004828307,0.5583984331795161,11/06/2011 13:00:00,0,Aprilia RSV4 Factory [2011],World Superbikes,
421,Rider,Max Biaggi,40.39250176119442,0.5592229341163776,11/06/2011 13:00:00,1,Aprilia RSV4 Factory [2011],World Superbikes,
421,Rider,Max Biaggi,40.39207097180789,0.5600720668236433,11/06/2011 13:00:00,2,Aprilia RSV4 Factory [2011],World Superbikes,
421,Rider,Max Biaggi,40.39309996376945,0.5609364911619881,17/06/2011 13:00:00,0,Aprilia RSV4 Factory [2011],World Superbikes,
421,Rider,Max Biaggi,40.39445289818921,0.5618305363991919,17/06/2011 13:00:00,1,Aprilia RSV4 Factory [2011],World Superbikes,
421,Rider,Max Biaggi,40.39521548943561,0.5627488348187182,18/06/2011 13:00:00,0,Aprilia RSV4 Factory [2011],World Superbikes,
421,Rider,Max Biaggi,40.39665002342755,0.5636976025716857,18/06/2011 13:00:00,1,Aprilia RSV4 Factory [2011],World Superbikes,
421,Rider,Max Biaggi,40.396504315529015,0.564646577979197,18/06/2011 13:00:00,2,Aprilia RSV4 Factory [2011],World Superbikes,
421,Rider,Max Biaggi,40.39572523527974,0.5656103626985689,08/07/2011 13:00:00,0,Aprilia RSV4 Factory [2011],World Superbikes,
421,Rider,Max Biaggi,40.394882469399214,0.5666046258820056,08/07/2011 13:00:00,1,Aprilia RSV4 Factory [2011],World Superbikes,
421,Rider,Max Biaggi,40.39249211073746,0.5676052277059559,09/07/2011 13:00:00,0,Aprilia RSV4 Factory [2011],World Superbikes,
421,Rider,Max Biaggi,40.389914776839966,0.5686339822714116,09/07/2011 13:00:00,1,Aprilia RSV4 Factory [2011],World Superbikes,
421,Rider,Max Biaggi,40.38726707266556,0.5696894133401676,09/07/2011 13:00:00,2,Aprilia RSV4 Factory [2011],World Superbikes,
421,Rider,Max Biaggi,40.383090748080456,0.5707471410130939,29/07/2011 13:00:00,0,Aprilia RSV4 Factory [2011],World Superbikes,
421,Rider,Max Biaggi,40.3796264321085,0.5718418150534127,29/07/2011 13:00:00,1,Aprilia RSV4 Factory [2011],World Superbikes,
421,Rider,Max Biaggi,40.378265097589136,0.5729728039342304,30/07/2011 13:00:00,0,Aprilia RSV4 Factory [2011],World Superbikes,
421,Rider,Max Biaggi,40.37770825969442,0.5741384342494431,30/07/2011 13:00:00,1,Aprilia RSV4 Factory [2011],World Superbikes,
421,Rider,Max Biaggi,40.37964103349356,0.5753263348778909,14/10/2011 13:00:00,0,Aprilia RSV4 Factory [2011],World Superbikes,
421,Rider,Max Biaggi,40.38141196430458,0.5765506111820353,14/10/2011 13:00:00,1,Aprilia RSV4 Factory [2011],World Superbikes,
421,Rider,Max Biaggi,40.38549507029183,0.5778128929313392,23/02/2012 13:00:00,0,Aprilia RSV4 Factory [2012],World Superbikes,
421,Rider,Max Biaggi,40.38900555697781,0.5791137031276808,24/02/2012 13:00:00,0,Aprilia RSV4 Factory [2012],World Superbikes,
421,Rider,Max Biaggi,40.39089287529996,0.5804425578879892,30/03/2012 13:00:00,0,Aprilia RSV4 Factory [2012],World Superbikes,
421,Rider,Max Biaggi,40.391780580517405,0.5818100123254625,30/03/2012 13:00:00,1,Aprilia RSV4 Factory [2012],World Superbikes,
421,Rider,Max Biaggi,40.39391714187493,0.5832210767439161,31/03/2012 13:00:00,0,Aprilia RSV4 Factory [2012],World Superbikes,
421,Rider,Max Biaggi,40.39552339931067,0.5846706487068207,31/03/2012 13:00:00,1,Aprilia RSV4 Factory [2012],World Superbikes,
421,Rider,Max Biaggi,40.39608257820769,0.5861528974959861,31/03/2012 13:00:00,2,Aprilia RSV4 Factory [2012],World Superbikes,
421,Rider,Max Biaggi,40.39667976046023,0.587666872790645,20/04/2012 13:00:00,0,Aprilia RSV4 Factory [2012],World Superbikes,
421,Rider,Max Biaggi,40.399092811157566,0.5892258924051458,20/04/2012 13:00:00,1,Aprilia RSV4 Factory [2012],World Superbikes,
421,Rider,Max Biaggi,40.40258485901889,0.5908314209273179,04/05/2012 13:00:00,0,Aprilia RSV4 Factory [2012],World Superbikes,
421,Rider,Max Biaggi,40.40587578849153,0.5924838502434974,04/05/2012 13:00:00,1,Aprilia RSV4 Factory [2012],World Superbikes,
421,Rider,Max Biaggi,40.40803453821817,0.5941771992484923,05/05/2012 13:00:00,0,Aprilia RSV4 Factory [2012],World Superbikes,
421,Rider,Max Biaggi,40.41019343213626,0.5959159105002985,05/05/2012 13:00:00,1,Aprilia RSV4 Factory [2012],World Superbikes,
421,Rider,Max Biaggi,40.412798994518035,0.5976887751154739,11/05/2012 13:00:00,0,Aprilia RSV4 Factory [2012],World Superbikes,
421,Rider,Max Biaggi,40.415493427601824,0.599511176581876,11/05/2012 13:00:00,1,Aprilia RSV4 Factory [2012],World Superbikes,
421,Rider,Max Biaggi,40.41865715602518,0.6013842732641362,12/05/2012 13:00:00,0,Aprilia RSV4 Factory [2012],World Superbikes,
421,Rider,Max Biaggi,40.42227540739597,0.60330686297987,12/05/2012 13:00:00,1,Aprilia RSV4 Factory [2012],World Superbikes,
421,Rider,Max Biaggi,40.425540980264785,0.6052761486998749,12/05/2012 13:00:00,2,Aprilia RSV4 Factory [2012],World Superbikes,
421,Rider,Max Biaggi,40.428615657518314,0.6072856301255961,26/05/2012 13:00:00,0,Aprilia RSV4 Factory [2012],World Superbikes,
421,Rider,Max Biaggi,40.430755164166776,0.6093461261264618,26/05/2012 13:00:00,1,Aprilia RSV4 Factory [2012],World Superbikes,
421,Rider,Max Biaggi,40.432896158488646,0.6114622111978593,27/05/2012 13:00:00,0,Aprilia RSV4 Factory [2012],World Superbikes,
421,Rider,Max Biaggi,40.43553883558783,0.6136313796894526,27/05/2012 13:00:00,1,Aprilia RSV4 Factory [2012],World Superbikes,
421,Rider,Max Biaggi,40.43845973015928,0.6158511561753316,27/05/2012 13:00:00,2,Aprilia RSV4 Factory [2012],World Superbikes,
421,Rider,Max Biaggi,40.44236661294165,0.6181095291769806,08/06/2012 13:00:00,0,Aprilia RSV4 Factory [2012],World Superbikes,
421,Rider,Max Biaggi,40.44509918218215,0.6204207019743366,08/06/2012 13:00:00,1,Aprilia RSV4 Factory [2012],World Superbikes,
421,Rider,Max Biaggi,40.44882635932197,0.622793461678889,09/06/2012 13:00:00,0,Aprilia RSV4 Factory [2012],World Superbikes,
421,Rider,Max Biaggi,40.45341111604456,0.6252259200393727,29/06/2012 13:00:00,0,Aprilia RSV4 Factory [2012],World Superbikes,
421,Rider,Max Biaggi,40.456466280274576,0.6277092036322813,29/06/2012 13:00:00,1,Aprilia RSV4 Factory [2012],World Superbikes,
421,Rider,Max Biaggi,40.45914956463505,0.630254111141425,30/06/2012 13:00:00,0,Aprilia RSV4 Factory [2012],World Superbikes,
421,Rider,Max Biaggi,40.460286702493306,0.6328499507562947,30/06/2012 13:00:00,1,Aprilia RSV4 Factory [2012],World Superbikes,
421,Rider,Max Biaggi,40.46004471921404,0.635497884711422,30/06/2012 13:00:00,2,Aprilia RSV4 Factory [2012],World Superbikes,
421,Rider,Max Biaggi,40.45861110442082,0.6381906813341179,20/07/2012 13:00:00,0,Aprilia RSV4 Factory [2012],World Superbikes,
421,Rider,Max Biaggi,40.458448567357934,0.640949398658048,20/07/2012 13:00:00,1,Aprilia RSV4 Factory [2012],World Superbikes,
421,Rider,Max Biaggi,40.458309166658225,0.6437746567710614,21/07/2012 13:00:00,0,Aprilia RSV4 Factory [2012],World Superbikes,
421,Rider,Max Biaggi,40.45983527260818,0.6466619058262517,03/08/2012 13:00:00,0,Aprilia RSV4 Factory [2012],World Superbikes,
421,Rider,Max Biaggi,40.46305201439838,0.6496197741496474,03/08/2012 13:00:00,1,Aprilia RSV4 Factory [2012],World Superbikes,
421,Rider,Max Biaggi,40.46775143252676,0.6526474262049002,04/08/2012 13:00:00,0,Aprilia RSV4 Factory [2012],World Superbikes,
421,Rider,Max Biaggi,40.47339706528116,0.6557449908393372,23/08/2012 13:00:00,0,Aprilia RSV4 Factory [2012],World Superbikes,
421,Rider,Max Biaggi,40.480276175317854,0.658916835343643,24/08/2012 13:00:00,0,Aprilia RSV4 Factory [2012],World Superbikes,
421,Rider,Max Biaggi,40.48612936897276,0.6621531083702409,24/08/2012 13:00:00,1,Aprilia RSV4 Factory [2012],World Superbikes,
421,Rider,Max Biaggi,40.49056724278026,0.6654485482180789,24/08/2012 13:00:00,2,Aprilia RSV4 Factory [2012],World Superbikes,
421,Rider,Max Biaggi,40.49511566526721,0.668813238850768,24/08/2012 13:00:00,3,Aprilia RSV4 Factory [2012],World Superbikes,
421,Rider,Max Biaggi,40.5006653637739,0.6722354207743471,07/09/2012 13:00:00,0,Aprilia RSV4 Factory [2012],World Superbikes,
421,Rider,Max Biaggi,40.50590604835774,0.6757353500843337,07/09/2012 13:00:00,1,Aprilia RSV4 Factory [2012],World Superbikes,
421,Rider,Max Biaggi,40.50998350806683,0.6793090778448602,08/09/2012 13:00:00,0,Aprilia RSV4 Factory [2012],World Superbikes,
421,Rider,Max Biaggi,40.513565929140526,0.6829609629971963,08/09/2012 13:00:00,1,Aprilia RSV4 Factory [2012],World Superbikes,
421,Rider,Max Biaggi,40.517587669663264,0.6866895123300115,08/09/2012 13:00:00,2,Aprilia RSV4 Factory [2012],World Superbikes,
421,Rider,Max Biaggi,40.519728978693735,0.6904652964791782,21/09/2012 13:00:00,0,Aprilia RSV4 Factory [2012],World Superbikes,
421,Rider,Max Biaggi,40.521798103333936,0.6943261495691757,21/09/2012 13:00:00,1,Aprilia RSV4 Factory [2012],World Superbikes,
421,Rider,Max Biaggi,40.52172960233598,0.6982445079844405,22/09/2012 13:00:00,0,Aprilia RSV4 Factory [2012],World Superbikes,
421,Rider,Max Biaggi,40.52090890802758,0.7022460721989532,22/09/2012 13:00:00,1,Aprilia RSV4 Factory [2012],World Superbikes,
421,Rider,Max Biaggi,40.52010203599652,0.7063313234753249,22/09/2012 13:00:00,2,Aprilia RSV4 Factory [2012],World Superbikes,
421,Rider,Max Biaggi,40.519455257112945,0.7104922471448603,05/10/2012 13:00:00,0,Aprilia RSV4 Factory [2012],World Superbikes,
421,Rider,Max Biaggi,40.51886690018904,0.7147435692755865,05/10/2012 13:00:00,1,Aprilia RSV4 Factory [2012],World Superbikes,
421,Rider,Max Biaggi,40.51773692356921,0.7190837449567206,06/10/2012 13:00:00,0,Aprilia RSV4 Factory [2012],World Superbikes,
421,Rider,Max Biaggi,40.51457305526174,0.7234886040377951,06/10/2012 13:00:00,1,Aprilia RSV4 Factory [2012],World Superbikes,
421,Rider,Max Biaggi,40.51285065542878,0.7279762471000798,20/06/2015 13:00:00,1,Aprilia RSV4 RF [2015],World Superbikes,
421,Rider,Max Biaggi,40.511228891209456,0.7325445125616358,31/07/2015 13:00:00,1,Aprilia RSV4 RF [2015],World Superbikes,
422,Bike,Suzuki GSX-R1000 K7 [2007],25.99458712201759,1.0472163102399825,21/02/2007 13:00:00,0,,World Superbikes,
422,Bike,Suzuki GSX-R1000 K7 [2007],25.993826919812697,1.0441775333452452,22/02/2007 13:00:00,0,,World Superbikes,
422,Bike,Suzuki GSX-R1000 K7 [2007],25.992409392228964,1.0413091334575793,23/02/2007 13:00:00,0,,World Superbikes,
422,Bike,Suzuki GSX-R1000 K7 [2007],25.989973317603766,1.0386006541521213,01/03/2007 13:00:00,0,,World Superbikes,
422,Bike,Suzuki GSX-R1000 K7 [2007],25.987122138316185,1.036063063137539,02/03/2007 13:00:00,0,,World Superbikes,
422,Bike,Suzuki GSX-R1000 K7 [2007],25.983493972726166,1.0336866839332806,02/03/2007 13:00:00,1,,World Superbikes,
422,Bike,Suzuki GSX-R1000 K7 [2007],25.979551051723256,1.0314718178739568,30/03/2007 13:00:00,0,,World Superbikes,
422,Bike,Suzuki GSX-R1000 K7 [2007],25.975631433483635,1.0294281985094422,30/03/2007 13:00:00,1,,World Superbikes,
422,Bike,Suzuki GSX-R1000 K7 [2007],25.971520092217336,1.0275515369425394,31/03/2007 13:00:00,0,,World Superbikes,
422,Bike,Suzuki GSX-R1000 K7 [2007],25.96745968265575,1.0258418198050105,12/04/2007 13:00:00,0,,World Superbikes,
422,Bike,Suzuki GSX-R1000 K7 [2007],25.96348059232369,1.0243002980849167,13/04/2007 13:00:00,0,,World Superbikes,
422,Bike,Suzuki GSX-R1000 K7 [2007],25.961522197458624,1.0229229377858466,14/04/2007 13:00:00,0,,World Superbikes,
422,Bike,Suzuki GSX-R1000 K7 [2007],25.96018323472377,1.0217120774950215,26/04/2007 13:00:00,0,,World Superbikes,
422,Bike,Suzuki GSX-R1000 K7 [2007],25.9607286787734,1.0206598987800872,27/04/2007 13:00:00,0,,World Superbikes,
422,Bike,Suzuki GSX-R1000 K7 [2007],25.96275454232225,1.0197718814298864,28/04/2007 13:00:00,0,,World Superbikes,
422,Bike,Suzuki GSX-R1000 K7 [2007],25.964333676588925,1.0190469557392328,10/05/2007 13:00:00,0,,World Superbikes,
422,Bike,Suzuki GSX-R1000 K7 [2007],25.9662337155846,1.0184944598062433,11/05/2007 13:00:00,0,,World Superbikes,
422,Bike,Suzuki GSX-R1000 K7 [2007],25.967746759414535,1.0181083866169347,12/05/2007 13:00:00,0,,World Superbikes,
422,Bike,Suzuki GSX-R1000 K7 [2007],25.96857778160468,1.0178817596717373,25/05/2007 13:00:00,0,,World Superbikes,
422,Bike,Suzuki GSX-R1000 K7 [2007],25.9703697728537,1.0178211598805664,25/05/2007 13:00:00,1,,World Superbikes,
422,Bike,Suzuki GSX-R1000 K7 [2007],25.972884982433648,1.0179274958061464,26/05/2007 13:00:00,0,,World Superbikes,
422,Bike,Suzuki GSX-R1000 K7 [2007],25.975414696194164,1.0181981818368537,14/06/2007 13:00:00,0,,World Superbikes,
422,Bike,Suzuki GSX-R1000 K7 [2007],25.977699003865183,1.018628723067591,15/06/2007 13:00:00,0,,World Superbikes,
422,Bike,Suzuki GSX-R1000 K7 [2007],25.979221421567388,1.0192214239502602,16/06/2007 13:00:00,0,,World Superbikes,
422,Bike,Suzuki GSX-R1000 K7 [2007],25.98050941427455,1.0199760375491267,19/07/2007 13:00:00,0,,World Superbikes,
422,Bike,Suzuki GSX-R1000 K7 [2007],25.98142829038151,1.020892510887427,20/07/2007 13:00:00,0,,World Superbikes,
422,Bike,Suzuki GSX-R1000 K7 [2007],25.981806023092105,1.0219720191785762,21/07/2007 13:00:00,0,,World Superbikes,
422,Bike,Suzuki GSX-R1000 K7 [2007],25.98102133719318,1.023207697305693,03/08/2007 13:00:00,0,,World Superbikes,
422,Bike,Suzuki GSX-R1000 K7 [2007],25.981036611172875,1.0246106538154731,03/08/2007 13:00:00,1,,World Superbikes,
422,Bike,Suzuki GSX-R1000 K7 [2007],25.981691845281333,1.0261830635519917,04/08/2007 13:00:00,0,,World Superbikes,
422,Bike,Suzuki GSX-R1000 K7 [2007],25.981546720466312,1.0279192269391941,06/09/2007 13:00:00,0,,World Superbikes,
422,Bike,Suzuki GSX-R1000 K7 [2007],25.981247503402578,1.0298206975553232,07/09/2007 13:00:00,0,,World Superbikes,
422,Bike,Suzuki GSX-R1000 K7 [2007],25.97988620581008,1.0318735454547951,08/09/2007 13:00:00,0,,World Superbikes,
422,Bike,Suzuki GSX-R1000 K7 [2007],25.978065402391614,1.034091998761035,27/09/2007 13:00:00,0,,World Superbikes,
422,Bike,Suzuki GSX-R1000 K7 [2007],25.976584016882306,1.0364769431454468,28/09/2007 13:00:00,0,,World Superbikes,
422,Bike,Suzuki GSX-R1000 K7 [2007],25.97689947820368,1.0390235812340867,29/09/2007 13:00:00,0,,World Superbikes,
422,Bike,Suzuki GSX-R1000 K7 [2007],25.976542632494823,1.041729658645294,04/10/2007 13:00:00,0,,World Superbikes,
422,Bike,Suzuki GSX-R1000 K7 [2007],25.977843156205324,1.0446034453887327,05/10/2007 13:00:00,0,,World Superbikes,
422,Bike,Suzuki GSX-R1000 K7 [2007],25.978829574025053,1.0476440594850855,06/10/2007 13:00:00,0,,World Superbikes,
423,Bike,Ducati 999 F07 [2007],31.198181120252073,1.0986380765712114,21/02/2007 13:00:00,0,,World Superbikes,
423,Bike,Ducati 999 F07 [2007],31.1991065676232,1.0957717267440463,22/02/2007 13:00:00,0,,World Superbikes,
423,Bike,Ducati 999 F07 [2007],31.200379868112638,1.0930854449250373,23/02/2007 13:00:00,0,,World Superbikes,
423,Bike,Ducati 999 F07 [2007],31.202039479902684,1.0905775105532487,01/03/2007 13:00:00,0,,World Superbikes,
423,Bike,Ducati 999 F07 [2007],31.20322655364361,1.0882372472131796,02/03/2007 13:00:00,0,,World Superbikes,
423,Bike,Ducati 999 F07 [2007],31.20418320190331,1.0860398516441605,02/03/2007 13:00:00,1,,World Superbikes,
423,Bike,Ducati 999 F07 [2007],31.205163309833672,1.0839819112351756,30/03/2007 13:00:00,0,,World Superbikes,
423,Bike,Ducati 999 F07 [2007],31.20676399931367,1.0820642456685199,30/03/2007 13:00:00,1,,World Superbikes,
423,Bike,Ducati 999 F07 [2007],31.207344678092795,1.0802852260754887,31/03/2007 13:00:00,0,,World Superbikes,
423,Bike,Ducati 999 F07 [2007],31.207157451321432,1.0786451258133738,12/04/2007 13:00:00,0,,World Superbikes,
423,Bike,Ducati 999 F07 [2007],31.206422058832494,1.0771466052595358,13/04/2007 13:00:00,0,,World Superbikes,
423,Bike,Ducati 999 F07 [2007],31.206892853752297,1.0758296995735983,14/04/2007 13:00:00,0,,World Superbikes,
423,Bike,Ducati 999 F07 [2007],31.206791056246104,1.0746504500891687,26/04/2007 13:00:00,0,,World Superbikes,
423,Bike,Ducati 999 F07 [2007],31.207422490760486,1.0736465731946403,27/04/2007 13:00:00,0,,World Superbikes,
423,Bike,Ducati 999 F07 [2007],31.207300202134398,1.0727803421047417,28/04/2007 13:00:00,0,,World Superbikes,
423,Bike,Ducati 999 F07 [2007],31.20657582176404,1.072076743172226,10/05/2007 13:00:00,0,,World Superbikes,
423,Bike,Ducati 999 F07 [2007],31.207610910339838,1.0715534842714425,11/05/2007 13:00:00,0,,World Superbikes,
423,Bike,Ducati 999 F07 [2007],31.21012750351356,1.071209403255375,12/05/2007 13:00:00,0,,World Superbikes,
423,Bike,Ducati 999 F07 [2007],31.213244968315745,1.071028876383714,25/05/2007 13:00:00,0,,World Superbikes,
423,Bike,Ducati 999 F07 [2007],31.21498536616887,1.070977671728817,25/05/2007 13:00:00,1,,World Superbikes,
423,Bike,Ducati 999 F07 [2007],31.217077293660815,1.0711025414076618,26/05/2007 13:00:00,0,,World Superbikes,
423,Bike,Ducati 999 F07 [2007],31.218189936216564,1.0713634086031611,14/06/2007 13:00:00,0,,World Superbikes,
423,Bike,Ducati 999 F07 [2007],31.21913983547109,1.0717637129539879,15/06/2007 13:00:00,0,,World Superbikes,
423,Bike,Ducati 999 F07 [2007],31.218864604413845,1.0722973138314136,16/06/2007 13:00:00,0,,World Superbikes,
423,Bike,Ducati 999 F07 [2007],31.218342638274706,1.0729894301059724,19/07/2007 13:00:00,0,,World Superbikes,
423,Bike,Ducati 999 F07 [2007],31.219079174660223,1.0738570070536866,20/07/2007 13:00:00,0,,World Superbikes,
423,Bike,Ducati 999 F07 [2007],31.220273446729305,1.0748891927624615,21/07/2007 13:00:00,0,,World Superbikes,
423,Bike,Ducati 999 F07 [2007],31.221682237737447,1.0760916808753187,03/08/2007 13:00:00,0,,World Superbikes,
423,Bike,Ducati 999 F07 [2007],31.22267813852329,1.0774576916357979,03/08/2007 13:00:00,1,,World Superbikes,
423,Bike,Ducati 999 F07 [2007],31.22266284991459,1.0789615597098314,04/08/2007 13:00:00,0,,World Superbikes,
423,Bike,Ducati 999 F07 [2007],31.222243526251585,1.0806059140958804,06/09/2007 13:00:00,0,,World Superbikes,
423,Bike,Ducati 999 F07 [2007],31.221530041338497,1.082391980281582,07/09/2007 13:00:00,0,,World Superbikes,
423,Bike,Ducati 999 F07 [2007],31.221967999812684,1.0843478449844877,08/09/2007 13:00:00,0,,World Superbikes,
423,Bike,Ducati 999 F07 [2007],31.223294473327098,1.0864762354317805,27/09/2007 13:00:00,0,,World Superbikes,
423,Bike,Ducati 999 F07 [2007],31.225060974016984,1.0887694203203706,28/09/2007 13:00:00,0,,World Superbikes,
423,Bike,Ducati 999 F07 [2007],31.226296308902302,1.0912048900650142,29/09/2007 13:00:00,0,,World Superbikes,
423,Bike,Ducati 999 F07 [2007],31.22694550817616,1.0937787408570399,04/10/2007 13:00:00,0,,World Superbikes,
423,Bike,Ducati 999 F07 [2007],31.22644474600272,1.0965008865173669,05/10/2007 13:00:00,0,,World Superbikes,
423,Bike,Ducati 999 F07 [2007],31.22529861046842,1.0993648010440888,06/10/2007 13:00:00,0,,World Superbikes,
424,Bike,Ducati 999 F06 [2007],27.21757656744268,1.060060867107768,21/02/2007 13:00:00,0,,World Superbikes,
424,Bike,Ducati 999 F06 [2007],27.21794280910156,1.057070690884589,22/02/2007 13:00:00,0,,World Superbikes,
424,Bike,Ducati 999 F06 [2007],27.2196282911637,1.054255691480426,23/02/2007 13:00:00,0,,World Superbikes,
424,Bike,Ducati 999 F06 [2007],27.222302381205104,1.0516137724012646,01/03/2007 13:00:00,0,,World Superbikes,
424,Bike,Ducati 999 F06 [2007],27.225300825796037,1.0491472812415115,02/03/2007 13:00:00,0,,World Superbikes,
424,Bike,Ducati 999 F06 [2007],27.228291264633786,1.0468534322507013,02/03/2007 13:00:00,1,,World Superbikes,
424,Bike,Ducati 999 F06 [2007],27.23174997115376,1.0447300951891088,30/03/2007 13:00:00,0,,World Superbikes,
424,Bike,Ducati 999 F06 [2007],27.234222811814362,1.0427732874787135,30/03/2007 13:00:00,1,,World Superbikes,
424,Bike,Ducati 999 F06 [2007],27.23648353352588,1.0409780253863978,31/03/2007 13:00:00,0,,World Superbikes,
424,Bike,Ducati 999 F06 [2007],27.238548024673797,1.0393508421915392,12/04/2007 13:00:00,0,,World Superbikes,
424,Bike,Ducati 999 F06 [2007],27.23964463398683,1.037885045123863,13/04/2007 13:00:00,0,,World Superbikes,
424,Bike,Ducati 999 F06 [2007],27.240769241070286,1.0365909457296698,14/04/2007 13:00:00,0,,World Superbikes,
424,Bike,Ducati 999 F06 [2007],27.240858769174082,1.0354554832587024,26/04/2007 13:00:00,0,,World Superbikes,
424,Bike,Ducati 999 F06 [2007],27.239678076820738,1.0344799923050443,27/04/2007 13:00:00,0,,World Superbikes,
424,Bike,Ducati 999 F06 [2007],27.23768783809218,1.0336662412482516,28/04/2007 13:00:00,0,,World Superbikes,
424,Bike,Ducati 999 F06 [2007],27.23508493866497,1.0330183481237474,10/05/2007 13:00:00,0,,World Superbikes,
424,Bike,Ducati 999 F06 [2007],27.232087616379726,1.0325429503641776,11/05/2007 13:00:00,0,,World Superbikes,
424,Bike,Ducati 999 F06 [2007],27.229332346974243,1.0322399282047516,12/05/2007 13:00:00,0,,World Superbikes,
424,Bike,Ducati 999 F06 [2007],27.22829041102869,1.0320675763277165,25/05/2007 13:00:00,0,,World Superbikes,
424,Bike,Ducati 999 F06 [2007],27.226257231488347,1.032059152349157,25/05/2007 13:00:00,1,,World Superbikes,
424,Bike,Ducati 999 F06 [2007],27.222957433246943,1.0322118992340659,26/05/2007 13:00:00,0,,World Superbikes,
424,Bike,Ducati 999 F06 [2007],27.21934121868054,1.0325308845444778,14/06/2007 13:00:00,0,,World Superbikes,
424,Bike,Ducati 999 F06 [2007],27.214943778869582,1.033015383064436,15/06/2007 13:00:00,0,,World Superbikes,
424,Bike,Ducati 999 F06 [2007],27.21004908461734,1.0336665514063126,16/06/2007 13:00:00,0,,World Superbikes,
424,Bike,Ducati 999 F06 [2007],27.20515986252652,1.034480222204458,19/07/2007 13:00:00,0,,World Superbikes,
424,Bike,Ducati 999 F06 [2007],27.202419415620597,1.0354616790825506,20/07/2007 13:00:00,0,,World Superbikes,
424,Bike,Ducati 999 F06 [2007],27.202247562376712,1.0366055448393807,21/07/2007 13:00:00,0,,World Superbikes,
424,Bike,Ducati 999 F06 [2007],27.20408954476975,1.037911672037305,03/08/2007 13:00:00,0,,World Superbikes,
424,Bike,Ducati 999 F06 [2007],27.204922139321592,1.0393807185101065,03/08/2007 13:00:00,1,,World Superbikes,
424,Bike,Ducati 999 F06 [2007],27.205687199699554,1.0410221126348993,04/08/2007 13:00:00,0,,World Superbikes,
424,Bike,Ducati 999 F06 [2007],27.20637714044413,1.0428335103191908,06/09/2007 13:00:00,0,,World Superbikes,
424,Bike,Ducati 999 F06 [2007],27.206469975450617,1.0448114407048628,08/09/2007 13:00:00,0,,World Superbikes,
424,Bike,Ducati 999 F06 [2007],27.206274574889584,1.0469591543270462,27/09/2007 13:00:00,0,,World Superbikes,
424,Bike,Ducati 999 F06 [2007],27.20677635762112,1.0492812395710935,28/09/2007 13:00:00,0,,World Superbikes,
424,Bike,Ducati 999 F06 [2007],27.206559202046428,1.0517644124781413,29/09/2007 13:00:00,0,,World Superbikes,
424,Bike,Ducati 999 F06 [2007],27.205493536623845,1.0544096993143834,04/10/2007 13:00:00,0,,World Superbikes,
424,Bike,Ducati 999 F06 [2007],27.20412776610682,1.0572278025892845,05/10/2007 13:00:00,0,,World Superbikes,
424,Bike,Ducati 999 F06 [2007],27.203030667732662,1.0602206594763115,06/10/2007 13:00:00,0,,World Superbikes,
425,Bike,Kawasaki ZX-10R [2007],24.435655039912252,1.0525551091478436,21/02/2007 13:00:00,0,,World Superbikes,
425,Bike,Kawasaki ZX-10R [2007],24.435937702103164,1.0495137305792173,22/02/2007 13:00:00,0,,World Superbikes,
425,Bike,Kawasaki ZX-10R [2007],24.436587646925766,1.0466150116106532,23/02/2007 13:00:00,0,,World Superbikes,
425,Bike,Kawasaki ZX-10R [2007],24.437515211760235,1.0438854219040254,01/03/2007 13:00:00,0,,World Superbikes,
425,Bike,Kawasaki ZX-10R [2007],24.438331879262172,1.0413194473400997,02/03/2007 13:00:00,0,,World Superbikes,
425,Bike,Kawasaki ZX-10R [2007],24.439324713612848,1.0389243459020392,02/03/2007 13:00:00,1,,World Superbikes,
425,Bike,Kawasaki ZX-10R [2007],24.439878440969334,1.036696760665478,30/03/2007 13:00:00,0,,World Superbikes,
425,Bike,Kawasaki ZX-10R [2007],24.440013685882956,1.0346399892389393,30/03/2007 13:00:00,1,,World Superbikes,
425,Bike,Kawasaki ZX-10R [2007],24.439454508659693,1.0327541163513414,31/03/2007 13:00:00,0,,World Superbikes,
425,Bike,Kawasaki ZX-10R [2007],24.437908073182896,1.031031579397725,12/04/2007 13:00:00,0,,World Superbikes,
425,Bike,Kawasaki ZX-10R [2007],24.43681913049791,1.0294797223969063,13/04/2007 13:00:00,0,,World Superbikes,
425,Bike,Kawasaki ZX-10R [2007],24.43743707977533,1.0280890722089504,14/04/2007 13:00:00,0,,World Superbikes,
425,Bike,Kawasaki ZX-10R [2007],24.439420920593967,1.0268511630035635,26/04/2007 13:00:00,0,,World Superbikes,
425,Bike,Kawasaki ZX-10R [2007],24.441846393453474,1.0257780794507987,27/04/2007 13:00:00,0,,World Superbikes,
425,Bike,Kawasaki ZX-10R [2007],24.443902568413648,1.0248746951975036,28/04/2007 13:00:00,0,,World Superbikes,
425,Bike,Kawasaki ZX-10R [2007],24.446415752469004,1.0241379917133175,10/05/2007 13:00:00,0,,World Superbikes,
425,Bike,Kawasaki ZX-10R [2007],24.448201386424074,1.0235701536704,11/05/2007 13:00:00,0,,World Superbikes,
425,Bike,Kawasaki ZX-10R [2007],24.449244862081756,1.0231558136282195,12/05/2007 13:00:00,0,,World Superbikes,
425,Bike,Kawasaki ZX-10R [2007],24.450317628740873,1.0229064809622626,25/05/2007 13:00:00,0,,World Superbikes,
425,Bike,Kawasaki ZX-10R [2007],24.451744299051153,1.0228173427495773,25/05/2007 13:00:00,1,,World Superbikes,
425,Bike,Kawasaki ZX-10R [2007],24.45253718799117,1.022891816112135,26/05/2007 13:00:00,0,,World Superbikes,
425,Bike,Kawasaki ZX-10R [2007],24.454129913721044,1.0231299556450932,14/06/2007 13:00:00,0,,World Superbikes,
425,Bike,Kawasaki ZX-10R [2007],24.455108536710767,1.0235348205425219,15/06/2007 13:00:00,0,,World Superbikes,
425,Bike,Kawasaki ZX-10R [2007],24.45663973117815,1.0241034428353202,16/06/2007 13:00:00,0,,World Superbikes,
425,Bike,Kawasaki ZX-10R [2007],24.459447282642895,1.024826635823373,19/07/2007 13:00:00,0,,World Superbikes,
425,Bike,Kawasaki ZX-10R [2007],24.461496838268697,1.0257177053435582,20/07/2007 13:00:00,0,,World Superbikes,
425,Bike,Kawasaki ZX-10R [2007],24.463632080121695,1.0267718639963486,21/07/2007 13:00:00,0,,World Superbikes,
425,Bike,Kawasaki ZX-10R [2007],24.466917790597922,1.0279839534508806,03/08/2007 13:00:00,0,,World Superbikes,
425,Bike,Kawasaki ZX-10R [2007],24.47008870534329,1.029365027935769,03/08/2007 13:00:00,1,,World Superbikes,
425,Bike,Kawasaki ZX-10R [2007],24.473420371801723,1.0309146661028814,04/08/2007 13:00:00,0,,World Superbikes,
425,Bike,Kawasaki ZX-10R [2007],24.477902852444196,1.0326189182249776,06/09/2007 13:00:00,0,,World Superbikes,
425,Bike,Kawasaki ZX-10R [2007],24.482735625655874,1.0344918710278508,07/09/2007 13:00:00,0,,World Superbikes,
425,Bike,Kawasaki ZX-10R [2007],24.486738918354998,1.0365271667989455,08/09/2007 13:00:00,0,,World Superbikes,
425,Bike,Kawasaki ZX-10R [2007],24.488251130032253,1.0387135439969075,27/09/2007 13:00:00,0,,World Superbikes,
425,Bike,Kawasaki ZX-10R [2007],24.48927064897835,1.041073490267224,28/09/2007 13:00:00,0,,World Superbikes,
425,Bike,Kawasaki ZX-10R [2007],24.490099353531463,1.0436056335306731,29/09/2007 13:00:00,0,,World Superbikes,
425,Bike,Kawasaki ZX-10R [2007],24.49229136192354,1.0462851395662396,04/10/2007 13:00:00,0,,World Superbikes,
425,Bike,Kawasaki ZX-10R [2007],24.493401073332308,1.049134444960743,05/10/2007 13:00:00,0,,World Superbikes,
425,Bike,Kawasaki ZX-10R [2007],24.49382561707851,1.0521538280128446,06/10/2007 13:00:00,0,,World Superbikes,
426,Bike,Suzuki GSX-R1000 K6 [2007],22.469557401710833,1.0718741644072238,21/02/2007 13:00:00,0,,World Superbikes,
426,Bike,Suzuki GSX-R1000 K6 [2007],22.469555562660375,1.0689099883829687,22/02/2007 13:00:00,0,,World Superbikes,
426,Bike,Suzuki GSX-R1000 K6 [2007],22.46898649913351,1.0661139666191708,23/02/2007 13:00:00,0,,World Superbikes,
426,Bike,Suzuki GSX-R1000 K6 [2007],22.467539099945995,1.0634935673880694,01/03/2007 13:00:00,0,,World Superbikes,
426,Bike,Suzuki GSX-R1000 K6 [2007],22.46611160998525,1.0610319306103704,02/03/2007 13:00:00,0,,World Superbikes,
426,Bike,Suzuki GSX-R1000 K6 [2007],22.46380914432411,1.0587270878578594,02/03/2007 13:00:00,1,,World Superbikes,
426,Bike,Suzuki GSX-R1000 K6 [2007],22.46060347408782,1.0565944130685887,30/03/2007 13:00:00,0,,World Superbikes,
426,Bike,Suzuki GSX-R1000 K6 [2007],22.457620226393175,1.054625689089104,30/03/2007 13:00:00,1,,World Superbikes,
426,Bike,Suzuki GSX-R1000 K6 [2007],22.45482450424053,1.0528201528263115,31/03/2007 13:00:00,0,,World Superbikes,
426,Bike,Suzuki GSX-R1000 K6 [2007],22.452027855536866,1.0511854066153614,12/04/2007 13:00:00,0,,World Superbikes,
426,Bike,Suzuki GSX-R1000 K6 [2007],22.448294012866597,1.0497256852422432,13/04/2007 13:00:00,0,,World Superbikes,
426,Bike,Suzuki GSX-R1000 K6 [2007],22.44308771698178,1.0484403414876748,14/04/2007 13:00:00,0,,World Superbikes,
426,Bike,Suzuki GSX-R1000 K6 [2007],22.438348172965277,1.0473223724175955,26/04/2007 13:00:00,0,,World Superbikes,
426,Bike,Suzuki GSX-R1000 K6 [2007],22.43354373959169,1.0463797986743473,27/04/2007 13:00:00,0,,World Superbikes,
426,Bike,Suzuki GSX-R1000 K6 [2007],22.427980130140902,1.0456127907230763,28/04/2007 13:00:00,0,,World Superbikes,
426,Bike,Suzuki GSX-R1000 K6 [2007],22.42133256897895,1.0450166434312105,10/05/2007 13:00:00,0,,World Superbikes,
426,Bike,Suzuki GSX-R1000 K6 [2007],22.414701317202855,1.0445804781004435,11/05/2007 13:00:00,0,,World Superbikes,
426,Bike,Suzuki GSX-R1000 K6 [2007],22.407720592814485,1.0443045042959902,12/05/2007 13:00:00,0,,World Superbikes,
426,Bike,Suzuki GSX-R1000 K6 [2007],22.401552915130054,1.0441924435164085,25/05/2007 13:00:00,0,,World Superbikes,
426,Bike,Suzuki GSX-R1000 K6 [2007],22.39440856690831,1.0442469154369123,25/05/2007 13:00:00,1,,World Superbikes,
426,Bike,Suzuki GSX-R1000 K6 [2007],22.38718492682972,1.0444580381440363,26/05/2007 13:00:00,0,,World Superbikes,
426,Bike,Suzuki GSX-R1000 K6 [2007],22.38182878259035,1.0447998599701,14/06/2007 13:00:00,0,,World Superbikes,
426,Bike,Suzuki GSX-R1000 K6 [2007],22.37773175560968,1.0452915564508183,15/06/2007 13:00:00,0,,World Superbikes,
426,Bike,Suzuki GSX-R1000 K6 [2007],22.3740314611941,1.0459393232974852,16/06/2007 13:00:00,0,,World Superbikes,
426,Bike,Suzuki GSX-R1000 K6 [2007],22.370213774212417,1.0467565680569648,19/07/2007 13:00:00,0,,World Superbikes,
426,Bike,Suzuki GSX-R1000 K6 [2007],22.36700244998539,1.047711832740797,20/07/2007 13:00:00,0,,World Superbikes,
426,Bike,Suzuki GSX-R1000 K6 [2007],22.3643782256868,1.0487963132511364,21/07/2007 13:00:00,0,,World Superbikes,
426,Bike,Suzuki GSX-R1000 K6 [2007],22.36100889807951,1.0500524091312997,03/08/2007 13:00:00,0,,World Superbikes,
426,Bike,Suzuki GSX-R1000 K6 [2007],22.358013980423582,1.0514362698422317,03/08/2007 13:00:00,1,,World Superbikes,
426,Bike,Suzuki GSX-R1000 K6 [2007],22.355650541574818,1.0529471775150638,04/08/2007 13:00:00,0,,World Superbikes,
426,Bike,Suzuki GSX-R1000 K6 [2007],22.35423043771872,1.054619033871456,06/09/2007 13:00:00,0,,World Superbikes,
426,Bike,Suzuki GSX-R1000 K6 [2007],22.35316750296301,1.056458514794801,07/09/2007 13:00:00,0,,World Superbikes,
426,Bike,Suzuki GSX-R1000 K6 [2007],22.35094860244232,1.0584675333204998,08/09/2007 13:00:00,0,,World Superbikes,
426,Bike,Suzuki GSX-R1000 K6 [2007],22.3482696230068,1.0606483226061256,27/09/2007 13:00:00,0,,World Superbikes,
426,Bike,Suzuki GSX-R1000 K6 [2007],22.347272876196072,1.0629946749441637,28/09/2007 13:00:00,0,,World Superbikes,
426,Bike,Suzuki GSX-R1000 K6 [2007],22.346974628131147,1.0655128145658075,29/09/2007 13:00:00,0,,World Superbikes,
426,Bike,Suzuki GSX-R1000 K6 [2007],22.34747302545916,1.068202430140916,04/10/2007 13:00:00,0,,World Superbikes,
426,Bike,Suzuki GSX-R1000 K6 [2007],22.348030664289222,1.0710255392244041,05/10/2007 13:00:00,0,,World Superbikes,
426,Bike,Suzuki GSX-R1000 K6 [2007],22.34873820439547,1.073982783996247,06/10/2007 13:00:00,0,,World Superbikes,
427,Rider,Jakub Smrz,36.05488913695079,0.7318114252164267,21/02/2007 13:00:00,0,Ducati 999 F05 [2007],World Superbikes,
427,Rider,Jakub Smrz,36.056863606659874,0.7272385400849384,22/02/2007 13:00:00,0,Ducati 999 F05 [2007],World Superbikes,
427,Rider,Jakub Smrz,36.0610135070606,0.7227459006114134,01/03/2007 13:00:00,0,Ducati 999 F05 [2007],World Superbikes,
427,Rider,Jakub Smrz,36.064889156261636,0.7183423645317968,02/03/2007 13:00:00,0,Ducati 999 F05 [2007],World Superbikes,
427,Rider,Jakub Smrz,36.06847819949115,0.7140263508415875,02/03/2007 13:00:00,1,Ducati 999 F05 [2007],World Superbikes,
427,Rider,Jakub Smrz,36.07240563795302,0.7097829073273854,30/03/2007 13:00:00,0,Ducati 999 F05 [2007],World Superbikes,
427,Rider,Jakub Smrz,36.07686634328324,0.7056193849058205,30/03/2007 13:00:00,1,Ducati 999 F05 [2007],World Superbikes,
427,Rider,Jakub Smrz,36.081882923713046,0.7015352528081312,12/04/2007 13:00:00,0,Ducati 999 F05 [2007],World Superbikes,
427,Rider,Jakub Smrz,36.08815165448716,0.6975266063704325,13/04/2007 13:00:00,0,Ducati 999 F05 [2007],World Superbikes,
427,Rider,Jakub Smrz,36.093424330790754,0.6936025953475363,26/04/2007 13:00:00,0,Ducati 999 F05 [2007],World Superbikes,
427,Rider,Jakub Smrz,36.09688624145395,0.6897613983577178,27/04/2007 13:00:00,0,Ducati 999 F05 [2007],World Superbikes,
427,Rider,Jakub Smrz,36.09830013180531,0.6860021034407233,28/04/2007 13:00:00,0,Ducati 999 F05 [2007],World Superbikes,
427,Rider,Jakub Smrz,36.098838720778566,0.6823212434189876,10/05/2007 13:00:00,0,Ducati 999 F05 [2007],World Superbikes,
427,Rider,Jakub Smrz,36.100451189934596,0.6787088653484085,11/05/2007 13:00:00,0,Ducati 999 F05 [2007],World Superbikes,
427,Rider,Jakub Smrz,36.101753330411114,0.6751730042960915,25/05/2007 13:00:00,0,Ducati 999 F05 [2007],World Superbikes,
427,Rider,Jakub Smrz,36.10409897854318,0.6717065002707819,25/05/2007 13:00:00,1,Ducati 999 F05 [2007],World Superbikes,
427,Rider,Jakub Smrz,36.10598649134938,0.6683121175307998,26/05/2007 13:00:00,0,Ducati 999 F05 [2007],World Superbikes,
427,Rider,Jakub Smrz,36.10707438541854,0.6649895121976656,14/06/2007 13:00:00,0,Ducati 999 F05 [2007],World Superbikes,
427,Rider,Jakub Smrz,36.1081907945831,0.6617370288817725,15/06/2007 13:00:00,0,Ducati 999 F05 [2007],World Superbikes,
427,Rider,Jakub Smrz,36.109709447283706,0.6585520064628196,16/06/2007 13:00:00,0,Ducati 999 F05 [2007],World Superbikes,
427,Rider,Jakub Smrz,36.11261236225297,0.6554018419524353,19/07/2007 13:00:00,0,Ducati 999 F05 [2007],World Superbikes,
427,Rider,Jakub Smrz,36.116212681983654,0.6523121808961752,20/07/2007 13:00:00,0,Ducati 999 F05 [2007],World Superbikes,
427,Rider,Jakub Smrz,36.11980166371596,0.6492872322365504,21/07/2007 13:00:00,0,Ducati 999 F05 [2007],World Superbikes,
427,Rider,Jakub Smrz,36.12447741159208,0.6462899383215578,03/08/2007 13:00:00,0,Ducati 999 F05 [2007],World Superbikes,
427,Rider,Jakub Smrz,36.13032291463888,0.6433440447471355,03/08/2007 13:00:00,1,Ducati 999 F05 [2007],World Superbikes,
427,Rider,Jakub Smrz,36.13683489233363,0.640452047399317,06/09/2007 13:00:00,0,Ducati 999 F05 [2007],World Superbikes,
427,Rider,Jakub Smrz,36.143874392969366,0.6376182927732197,07/09/2007 13:00:00,0,Ducati 999 F05 [2007],World Superbikes,
427,Rider,Jakub Smrz,36.1504481081724,0.6348396819442071,27/09/2007 13:00:00,0,Ducati 999 F05 [2007],World Superbikes,
427,Rider,Jakub Smrz,36.15754415933106,0.632121591811324,28/09/2007 13:00:00,0,Ducati 999 F05 [2007],World Superbikes,
427,Rider,Jakub Smrz,36.16410517538813,0.6294638797698975,29/09/2007 13:00:00,0,Ducati 999 F05 [2007],World Superbikes,
427,Rider,Jakub Smrz,36.17101678334264,0.6268566172426862,04/10/2007 13:00:00,0,Ducati 999 F05 [2007],World Superbikes,
427,Rider,Jakub Smrz,36.17706744735535,0.6243062294216288,05/10/2007 13:00:00,0,Ducati 999 F05 [2007],World Superbikes,
427,Rider,Jakub Smrz,36.181474307353334,0.6218125281332846,06/10/2007 13:00:00,0,Ducati 999 F05 [2007],World Superbikes,
427,Rider,Jakub Smrz,36.186522124989295,0.6193613221626567,20/02/2008 13:00:00,0,Ducati 1098 RS08 [2008],World Superbikes,
427,Rider,Jakub Smrz,36.19267592419601,0.6169698483414687,21/02/2008 13:00:00,0,Ducati 1098 RS08 [2008],World Superbikes,
427,Rider,Jakub Smrz,36.1994186478309,0.6146370532000652,22/02/2008 13:00:00,0,Ducati 1098 RS08 [2008],World Superbikes,
427,Rider,Jakub Smrz,36.20700230673663,0.6123541083475414,28/02/2008 13:00:00,0,Ducati 1098 RS08 [2008],World Superbikes,
427,Rider,Jakub Smrz,36.21357421912661,0.6101232905118963,29/02/2008 13:00:00,0,Ducati 1098 RS08 [2008],World Superbikes,
427,Rider,Jakub Smrz,36.21937118726489,0.6079450413416602,29/02/2008 13:00:00,1,Ducati 1098 RS08 [2008],World Superbikes,
427,Rider,Jakub Smrz,36.22480932797704,0.6058150068948699,03/04/2008 13:00:00,0,Ducati 1098 RS08 [2008],World Superbikes,
427,Rider,Jakub Smrz,36.2296480155061,0.6037379574811451,04/04/2008 13:00:00,0,Ducati 1098 RS08 [2008],World Superbikes,
427,Rider,Jakub Smrz,36.234542289863064,0.6017140110155926,05/04/2008 13:00:00,0,Ducati 1098 RS08 [2008],World Superbikes,
427,Rider,Jakub Smrz,36.24176367850272,0.5997175197623978,24/04/2008 13:00:00,0,Ducati 1098 RS08 [2008],World Superbikes,
427,Rider,Jakub Smrz,36.24779740777208,0.5977681723387112,25/04/2008 13:00:00,0,Ducati 1098 RS08 [2008],World Superbikes,
427,Rider,Jakub Smrz,36.25133809025465,0.5958480082581934,26/04/2008 13:00:00,0,Ducati 1098 RS08 [2008],World Superbikes,
427,Rider,Jakub Smrz,36.25479216850773,0.5939731478212846,08/05/2008 13:00:00,0,Ducati 1098 RS08 [2008],World Superbikes,
427,Rider,Jakub Smrz,36.25746786382815,0.5921452221291146,09/05/2008 13:00:00,0,Ducati 1098 RS08 [2008],World Superbikes,
427,Rider,Jakub Smrz,36.26006640431651,0.590364878775163,10/05/2008 13:00:00,0,Ducati 1098 RS08 [2008],World Superbikes,
427,Rider,Jakub Smrz,36.2644201679594,0.5886177111118913,30/05/2008 13:00:00,0,Ducati 1098 RS08 [2008],World Superbikes,
427,Rider,Jakub Smrz,36.26752982577845,0.5869105835956332,30/05/2008 13:00:00,1,Ducati 1098 RS08 [2008],World Superbikes,
427,Rider,Jakub Smrz,36.2726420981714,0.5852497765599337,31/05/2008 13:00:00,0,Ducati 1098 RS08 [2008],World Superbikes,
427,Rider,Jakub Smrz,36.2784131158526,0.5836273323888928,12/06/2008 13:00:00,0,Ducati 1098 RS08 [2008],World Superbikes,
427,Rider,Jakub Smrz,36.28552005925439,0.5820480348807194,13/06/2008 13:00:00,0,Ducati 1098 RS08 [2008],World Superbikes,
427,Rider,Jakub Smrz,36.29365446695658,0.580511307336293,14/06/2008 13:00:00,0,Ducati 1098 RS08 [2008],World Superbikes,
427,Rider,Jakub Smrz,36.302301215848026,0.5790130115917674,26/06/2008 13:00:00,0,Ducati 1098 RS08 [2008],World Superbikes,
427,Rider,Jakub Smrz,36.30889032112583,0.5775422097659281,27/06/2008 13:00:00,0,Ducati 1098 RS08 [2008],World Superbikes,
427,Rider,Jakub Smrz,36.3138584339794,0.576103682187379,28/06/2008 13:00:00,0,Ducati 1098 RS08 [2008],World Superbikes,
427,Rider,Jakub Smrz,36.31849903618024,0.5747016902275541,17/07/2008 13:00:00,0,Ducati 1098 RS08 [2008],World Superbikes,
427,Rider,Jakub Smrz,36.32051812349138,0.5733178293678057,18/07/2008 13:00:00,0,Ducati 1098 RS08 [2008],World Superbikes,
427,Rider,Jakub Smrz,36.32201431554309,0.5719716305040184,19/07/2008 13:00:00,0,Ducati 1098 RS08 [2008],World Superbikes,
427,Rider,Jakub Smrz,36.32328936499574,0.5706604982377503,01/08/2008 13:00:00,0,Ducati 1098 RS08 [2008],World Superbikes,
427,Rider,Jakub Smrz,36.3234953196804,0.569385378935996,01/08/2008 13:00:00,1,Ducati 1098 RS08 [2008],World Superbikes,
427,Rider,Jakub Smrz,36.325382141842304,0.568146164084018,02/08/2008 13:00:00,0,Ducati 1098 RS08 [2008],World Superbikes,
427,Rider,Jakub Smrz,36.3260050346639,0.5669371235002195,05/09/2008 13:00:00,0,Ducati 1098 RS08 [2008],World Superbikes,
427,Rider,Jakub Smrz,36.326784677804206,0.5657652182078744,05/09/2008 13:00:00,1,Ducati 1098 RS08 [2008],World Superbikes,
427,Rider,Jakub Smrz,36.327399949170726,0.5646292714361105,06/09/2008 13:00:00,0,Ducati 1098 RS08 [2008],World Superbikes,
427,Rider,Jakub Smrz,36.33005049920658,0.5635007331170151,18/09/2008 13:00:00,0,Ducati 1098 RS08 [2008],World Superbikes,
427,Rider,Jakub Smrz,36.33352092290242,0.5624061082756864,19/09/2008 13:00:00,0,Ducati 1098 RS08 [2008],World Superbikes,
427,Rider,Jakub Smrz,36.33901392982666,0.5613435759790983,02/10/2008 13:00:00,0,Ducati 1098 RS08 [2008],World Superbikes,
427,Rider,Jakub Smrz,36.34772971382421,0.5603074961488783,03/10/2008 13:00:00,0,Ducati 1098 RS08 [2008],World Superbikes,
427,Rider,Jakub Smrz,36.35627548568642,0.5593018175139258,31/10/2008 13:00:00,0,Ducati 1098 RS08 [2008],World Superbikes,
427,Rider,Jakub Smrz,36.36518805349661,0.5583276773513827,31/10/2008 13:00:00,1,Ducati 1098 RS08 [2008],World Superbikes,
427,Rider,Jakub Smrz,36.3734848756191,0.5573845966889808,01/11/2008 13:00:00,0,Ducati 1098 RS08 [2008],World Superbikes,
427,Rider,Jakub Smrz,36.38228108192776,0.5564669838838974,26/02/2009 13:00:00,0,Ducati 1098R [2009],World Superbikes,
427,Rider,Jakub Smrz,36.38911527621117,0.5555557781558849,27/02/2009 13:00:00,0,Ducati 1098R [2009],World Superbikes,
427,Rider,Jakub Smrz,36.39810892521063,0.5546746566001639,27/02/2009 13:00:00,1,Ducati 1098R [2009],World Superbikes,
427,Rider,Jakub Smrz,36.40749228277089,0.5538216515983029,27/02/2009 13:00:00,2,Ducati 1098R [2009],World Superbikes,
427,Rider,Jakub Smrz,36.416662268662975,0.5529940444605209,27/02/2009 13:00:00,3,Ducati 1098R [2009],World Superbikes,
427,Rider,Jakub Smrz,36.42559787398509,0.5521806147487771,11/03/2009 13:00:00,0,Ducati 1098R [2009],World Superbikes,
427,Rider,Jakub Smrz,36.43438539768229,0.5513944003556033,12/03/2009 13:00:00,0,Ducati 1098R [2009],World Superbikes,
427,Rider,Jakub Smrz,36.44239422457549,0.5506316885797102,12/03/2009 13:00:00,1,Ducati 1098R [2009],World Superbikes,
427,Rider,Jakub Smrz,36.451035697768326,0.5498965720450616,12/03/2009 13:00:00,2,Ducati 1098R [2009],World Superbikes,
427,Rider,Jakub Smrz,36.458527027796976,0.5491758256559768,12/03/2009 13:00:00,3,Ducati 1098R [2009],World Superbikes,
427,Rider,Jakub Smrz,36.46496649803943,0.5484581684223048,03/04/2009 13:00:00,0,Ducati 1098R [2009],World Superbikes,
427,Rider,Jakub Smrz,36.47100774697422,0.5477648914019231,03/04/2009 13:00:00,1,Ducati 1098R [2009],World Superbikes,
427,Rider,Jakub Smrz,36.47765699494727,0.5470985080919378,04/04/2009 13:00:00,0,Ducati 1098R [2009],World Superbikes,
427,Rider,Jakub Smrz,36.48589250522533,0.5464550450573445,04/04/2009 13:00:00,1,Ducati 1098R [2009],World Superbikes,
427,Rider,Jakub Smrz,36.49534079665621,0.5458318353289819,24/04/2009 13:00:00,0,Ducati 1098R [2009],World Superbikes,
427,Rider,Jakub Smrz,36.503296175877566,0.5452201699785854,24/04/2009 13:00:00,1,Ducati 1098R [2009],World Superbikes,
427,Rider,Jakub Smrz,36.510194635812546,0.5446273211319441,25/04/2009 13:00:00,0,Ducati 1098R [2009],World Superbikes,
427,Rider,Jakub Smrz,36.51738406140332,0.5440580038779161,25/04/2009 13:00:00,1,Ducati 1098R [2009],World Superbikes,
427,Rider,Jakub Smrz,36.523146836843594,0.5434976892827238,25/04/2009 13:00:00,2,Ducati 1098R [2009],World Superbikes,
427,Rider,Jakub Smrz,36.52784739602556,0.5429382914705332,08/05/2009 13:00:00,0,Ducati 1098R [2009],World Superbikes,
427,Rider,Jakub Smrz,36.53348176246236,0.542401980510238,08/05/2009 13:00:00,1,Ducati 1098R [2009],World Superbikes,
427,Rider,Jakub Smrz,36.53986985246754,0.5418885053801202,09/05/2009 13:00:00,0,Ducati 1098R [2009],World Superbikes,
427,Rider,Jakub Smrz,36.54938120000794,0.5413807793434652,15/05/2009 13:00:00,0,Ducati 1098R [2009],World Superbikes,
427,Rider,Jakub Smrz,36.5589158197072,0.5408928504775266,15/05/2009 13:00:00,1,Ducati 1098R [2009],World Superbikes,
427,Rider,Jakub Smrz,36.56886681222335,0.5404264407421816,16/05/2009 13:00:00,0,Ducati 1098R [2009],World Superbikes,
427,Rider,Jakub Smrz,36.579200755110016,0.5399795239247289,16/05/2009 13:00:00,1,Ducati 1098R [2009],World Superbikes,
427,Rider,Jakub Smrz,36.589180848130745,0.5395481928349043,16/05/2009 13:00:00,2,Ducati 1098R [2009],World Superbikes,
427,Rider,Jakub Smrz,36.5996952796601,0.5391226734885032,29/05/2009 13:00:00,0,Ducati 1098R [2009],World Superbikes,
427,Rider,Jakub Smrz,36.60948583838894,0.5387128032906628,29/05/2009 13:00:00,1,Ducati 1098R [2009],World Superbikes,
427,Rider,Jakub Smrz,36.6177826896019,0.5383113221111122,30/05/2009 13:00:00,0,Ducati 1098R [2009],World Superbikes,
427,Rider,Jakub Smrz,36.62507866074586,0.5379223238360703,30/05/2009 13:00:00,1,Ducati 1098R [2009],World Superbikes,
427,Rider,Jakub Smrz,36.63201785306731,0.5375468552635969,30/05/2009 13:00:00,2,Ducati 1098R [2009],World Superbikes,
427,Rider,Jakub Smrz,36.639672321169854,0.5371757264076641,19/06/2009 13:00:00,0,Ducati 1098R [2009],World Superbikes,
427,Rider,Jakub Smrz,36.648215173948124,0.5368251299031602,19/06/2009 13:00:00,1,Ducati 1098R [2009],World Superbikes,
427,Rider,Jakub Smrz,36.65823081939668,0.5364951021729484,20/06/2009 13:00:00,0,Ducati 1098R [2009],World Superbikes,
427,Rider,Jakub Smrz,36.666703538832124,0.5361721553628472,20/06/2009 13:00:00,1,Ducati 1098R [2009],World Superbikes,
427,Rider,Jakub Smrz,36.6745446110508,0.5358615945009981,20/06/2009 13:00:00,2,Ducati 1098R [2009],World Superbikes,
427,Rider,Jakub Smrz,36.68048575762552,0.5355394493880825,26/06/2009 13:00:00,0,Ducati 1098R [2009],World Superbikes,
427,Rider,Jakub Smrz,36.68638004398682,0.5352355800715024,26/06/2009 13:00:00,1,Ducati 1098R [2009],World Superbikes,
427,Rider,Jakub Smrz,36.69356537414467,0.53495102569747,27/06/2009 13:00:00,0,Ducati 1098R [2009],World Superbikes,
427,Rider,Jakub Smrz,36.70003492589205,0.5346792602480539,27/06/2009 13:00:00,1,Ducati 1098R [2009],World Superbikes,
427,Rider,Jakub Smrz,36.70557845387109,0.5344157999113709,27/06/2009 13:00:00,2,Ducati 1098R [2009],World Superbikes,
427,Rider,Jakub Smrz,36.7130094336148,0.5341415458019092,24/07/2009 13:00:00,0,Ducati 1098R [2009],World Superbikes,
427,Rider,Jakub Smrz,36.721591888928074,0.5338857794388786,24/07/2009 13:00:00,1,Ducati 1098R [2009],World Superbikes,
427,Rider,Jakub Smrz,36.72869492844354,0.5336332686642806,25/07/2009 13:00:00,0,Ducati 1098R [2009],World Superbikes,
427,Rider,Jakub Smrz,36.73443260613597,0.5333835920491216,25/07/2009 13:00:00,1,Ducati 1098R [2009],World Superbikes,
427,Rider,Jakub Smrz,36.74160734751642,0.5331468485771985,04/09/2009 13:00:00,0,Ducati 1098R [2009],World Superbikes,
427,Rider,Jakub Smrz,36.74908509763091,0.5329263430594845,04/09/2009 13:00:00,1,Ducati 1098R [2009],World Superbikes,
427,Rider,Jakub Smrz,36.7578980034597,0.5327228393682317,05/09/2009 13:00:00,0,Ducati 1098R [2009],World Superbikes,
427,Rider,Jakub Smrz,36.767624077274384,0.5325341203555735,05/09/2009 13:00:00,1,Ducati 1098R [2009],World Superbikes,
427,Rider,Jakub Smrz,36.77945153630307,0.532352228782733,25/09/2009 13:00:00,0,Ducati 1098R [2009],World Superbikes,
427,Rider,Jakub Smrz,36.791769056399495,0.5321867026386217,26/09/2009 13:00:00,0,Ducati 1098R [2009],World Superbikes,
427,Rider,Jakub Smrz,36.80427723884773,0.5320352606192817,26/09/2009 13:00:00,1,Ducati 1098R [2009],World Superbikes,
427,Rider,Jakub Smrz,36.81570810187085,0.5318897423707416,26/09/2009 13:00:00,2,Ducati 1098R [2009],World Superbikes,
427,Rider,Jakub Smrz,36.82732802820506,0.5317454100153072,02/10/2009 13:00:00,0,Ducati 1098R [2009],World Superbikes,
427,Rider,Jakub Smrz,36.83923307995585,0.5316152265780686,02/10/2009 13:00:00,1,Ducati 1098R [2009],World Superbikes,
427,Rider,Jakub Smrz,36.85135387083538,0.5314991791307551,03/10/2009 13:00:00,0,Ducati 1098R [2009],World Superbikes,
427,Rider,Jakub Smrz,36.86325596604272,0.5313950295421439,03/10/2009 13:00:00,1,Ducati 1098R [2009],World Superbikes,
427,Rider,Jakub Smrz,36.87602011294074,0.5313030593406424,23/10/2009 13:00:00,0,Ducati 1098R [2009],World Superbikes,
427,Rider,Jakub Smrz,36.8872216740558,0.5312138313610508,23/10/2009 13:00:00,1,Ducati 1098R [2009],World Superbikes,
427,Rider,Jakub Smrz,36.89775288381323,0.5311350488949927,24/10/2009 13:00:00,0,Ducati 1098R [2009],World Superbikes,
427,Rider,Jakub Smrz,36.90965127543097,0.5310692688494859,24/10/2009 13:00:00,1,Ducati 1098R [2009],World Superbikes,
427,Rider,Jakub Smrz,36.92218561709966,0.5310155339927786,25/02/2010 13:00:00,0,Ducati 1098R [2010],World Superbikes,
427,Rider,Jakub Smrz,36.93492296890378,0.5309755244266777,26/02/2010 13:00:00,0,Ducati 1098R [2010],World Superbikes,
427,Rider,Jakub Smrz,36.94811997895593,0.5309499413686977,26/02/2010 13:00:00,1,Ducati 1098R [2010],World Superbikes,
427,Rider,Jakub Smrz,36.95975634584752,0.5309286631768683,26/02/2010 13:00:00,2,Ducati 1098R [2010],World Superbikes,
427,Rider,Jakub Smrz,36.970553511269095,0.5309162509372933,26/02/2010 13:00:00,3,Ducati 1098R [2010],World Superbikes,
427,Rider,Jakub Smrz,36.981865164012206,0.5309045352965315,26/03/2010 13:00:00,0,Ducati 1098R [2010],World Superbikes,
427,Rider,Jakub Smrz,36.99311551352427,0.5309065670925137,26/03/2010 13:00:00,1,Ducati 1098R [2010],World Superbikes,
427,Rider,Jakub Smrz,37.00217427231583,0.5309021005082869,27/03/2010 13:00:00,0,Ducati 1098R [2010],World Superbikes,
427,Rider,Jakub Smrz,37.01148847972614,0.5309121616930564,27/03/2010 13:00:00,1,Ducati 1098R [2010],World Superbikes,
427,Rider,Jakub Smrz,37.02026314326292,0.530932766804331,27/03/2010 13:00:00,2,Ducati 1098R [2010],World Superbikes,
427,Rider,Jakub Smrz,37.029540947459736,0.5309535990157692,09/04/2010 13:00:00,0,Ducati 1098R [2010],World Superbikes,
427,Rider,Jakub Smrz,37.037230017494934,0.5309788639069366,09/04/2010 13:00:00,1,Ducati 1098R [2010],World Superbikes,
427,Rider,Jakub Smrz,37.04340456771548,0.5310091267597482,10/04/2010 13:00:00,0,Ducati 1098R [2010],World Superbikes,
427,Rider,Jakub Smrz,37.05094340188612,0.5310524548589125,10/04/2010 13:00:00,1,Ducati 1098R [2010],World Superbikes,
427,Rider,Jakub Smrz,37.06022465335546,0.5311022773498149,23/04/2010 13:00:00,0,Ducati 1098R [2010],World Superbikes,
427,Rider,Jakub Smrz,37.06739792790258,0.5311453590551279,23/04/2010 13:00:00,1,Ducati 1098R [2010],World Superbikes,
427,Rider,Jakub Smrz,37.07308109195564,0.5311938569368413,24/04/2010 13:00:00,0,Ducati 1098R [2010],World Superbikes,
427,Rider,Jakub Smrz,37.07790268674526,0.5312535557470555,24/04/2010 13:00:00,1,Ducati 1098R [2010],World Superbikes,
427,Rider,Jakub Smrz,37.08192275424849,0.5313240926975908,24/04/2010 13:00:00,2,Ducati 1098R [2010],World Superbikes,
427,Rider,Jakub Smrz,37.08495409393383,0.5313934728296638,07/05/2010 13:00:00,0,Ducati 1098R [2010],World Superbikes,
427,Rider,Jakub Smrz,37.08810574358378,0.5314770336425115,07/05/2010 13:00:00,1,Ducati 1098R [2010],World Superbikes,
427,Rider,Jakub Smrz,37.0907749817059,0.5315734839734712,08/05/2010 13:00:00,0,Ducati 1098R [2010],World Superbikes,
427,Rider,Jakub Smrz,37.09548153849365,0.5316795535405516,14/05/2010 13:00:00,0,Ducati 1098R [2010],World Superbikes,
427,Rider,Jakub Smrz,37.09998621804985,0.5317987202428811,14/05/2010 13:00:00,1,Ducati 1098R [2010],World Superbikes,
427,Rider,Jakub Smrz,37.10234362899909,0.5319119654261458,15/05/2010 13:00:00,0,Ducati 1098R [2010],World Superbikes,
427,Rider,Jakub Smrz,37.10556160232704,0.5320396570888518,15/05/2010 13:00:00,1,Ducati 1098R [2010],World Superbikes,
427,Rider,Jakub Smrz,37.109076678304305,0.5321801771218461,15/05/2010 13:00:00,2,Ducati 1098R [2010],World Superbikes,
427,Rider,Jakub Smrz,37.11305403814353,0.5323232508788928,29/05/2010 13:00:00,0,Ducati 1098R [2010],World Superbikes,
427,Rider,Jakub Smrz,37.11489591254695,0.5324599143564104,29/05/2010 13:00:00,1,Ducati 1098R [2010],World Superbikes,
427,Rider,Jakub Smrz,37.115188149283505,0.5326018301648501,30/05/2010 13:00:00,0,Ducati 1098R [2010],World Superbikes,
427,Rider,Jakub Smrz,37.11473993041355,0.5327551849170983,30/05/2010 13:00:00,1,Ducati 1098R [2010],World Superbikes,
427,Rider,Jakub Smrz,37.11346510139779,0.5329192395948698,30/05/2010 13:00:00,2,Ducati 1098R [2010],World Superbikes,
427,Rider,Jakub Smrz,37.11182409538229,0.5330863076926551,25/06/2010 13:00:00,0,Ducati 1098R [2010],World Superbikes,
427,Rider,Jakub Smrz,37.110833499724315,0.5332690275893213,25/06/2010 13:00:00,1,Ducati 1098R [2010],World Superbikes,
427,Rider,Jakub Smrz,37.109721948284694,0.5334678937179995,26/06/2010 13:00:00,0,Ducati 1098R [2010],World Superbikes,
427,Rider,Jakub Smrz,37.10969887292282,0.5336815207948165,26/06/2010 13:00:00,1,Ducati 1098R [2010],World Superbikes,
427,Rider,Jakub Smrz,37.110326072818815,0.5339094578190768,09/07/2010 13:00:00,0,Aprilia RSV4 [2010],World Superbikes,
427,Rider,Jakub Smrz,37.110639797110615,0.5341525258691733,09/07/2010 13:00:00,1,Aprilia RSV4 [2010],World Superbikes,
427,Rider,Jakub Smrz,37.11055381019865,0.5344113395697687,10/07/2010 13:00:00,0,Aprilia RSV4 [2010],World Superbikes,
427,Rider,Jakub Smrz,37.112699282045625,0.5346766800936122,30/07/2010 13:00:00,0,Aprilia RSV4 [2010],World Superbikes,
427,Rider,Jakub Smrz,37.115862230161206,0.5349578381584721,30/07/2010 13:00:00,1,Aprilia RSV4 [2010],World Superbikes,
427,Rider,Jakub Smrz,37.11926555678961,0.5352567265997614,31/07/2010 13:00:00,0,Aprilia RSV4 [2010],World Superbikes,
427,Rider,Jakub Smrz,37.121861227290886,0.5355699619704819,31/07/2010 13:00:00,1,Aprilia RSV4 [2010],World Superbikes,
427,Rider,Jakub Smrz,37.12274783315822,0.5358894227255246,31/07/2010 13:00:00,2,Aprilia RSV4 [2010],World Superbikes,
427,Rider,Jakub Smrz,37.12319404151787,0.5362150443560624,03/09/2010 13:00:00,0,Aprilia RSV4 [2010],World Superbikes,
427,Rider,Jakub Smrz,37.1237415748753,0.5365573608137136,03/09/2010 13:00:00,1,Aprilia RSV4 [2010],World Superbikes,
427,Rider,Jakub Smrz,37.124923918761795,0.5369164988114874,04/09/2010 13:00:00,0,Aprilia RSV4 [2010],World Superbikes,
427,Rider,Jakub Smrz,37.12567092834623,0.5372919666668418,04/09/2010 13:00:00,1,Aprilia RSV4 [2010],World Superbikes,
427,Rider,Jakub Smrz,37.12763097327345,0.5376806061685734,24/09/2010 13:00:00,0,Aprilia RSV4 [2010],World Superbikes,
427,Rider,Jakub Smrz,37.13146820738319,0.5380819456245965,24/09/2010 13:00:00,1,Aprilia RSV4 [2010],World Superbikes,
427,Rider,Jakub Smrz,37.137329358636435,0.538492352374112,25/09/2010 13:00:00,0,Aprilia RSV4 [2010],World Superbikes,
427,Rider,Jakub Smrz,37.14236697309951,0.5389180894467197,25/09/2010 13:00:00,1,Aprilia RSV4 [2010],World Superbikes,
427,Rider,Jakub Smrz,37.14692422838824,0.5393618895359259,25/09/2010 13:00:00,2,Aprilia RSV4 [2010],World Superbikes,
427,Rider,Jakub Smrz,37.15078174182233,0.5398097796537578,01/10/2010 13:00:00,0,Aprilia RSV4 [2010],World Superbikes,
427,Rider,Jakub Smrz,37.15514116976958,0.5402763926614061,01/10/2010 13:00:00,1,Aprilia RSV4 [2010],World Superbikes,
427,Rider,Jakub Smrz,37.15908572404824,0.540762149757807,02/10/2010 13:00:00,0,Aprilia RSV4 [2010],World Superbikes,
427,Rider,Jakub Smrz,37.16275903849847,0.5412672294159672,02/10/2010 13:00:00,1,Aprilia RSV4 [2010],World Superbikes,
427,Rider,Jakub Smrz,37.16469021093149,0.5417823704468989,02/10/2010 13:00:00,2,Aprilia RSV4 [2010],World Superbikes,
427,Rider,Jakub Smrz,37.165784276963194,0.5423068492016373,24/02/2011 13:00:00,0,Ducati 1098R [2011],World Superbikes,
427,Rider,Jakub Smrz,37.16631094102246,0.5428498451832011,25/02/2011 13:00:00,0,Ducati 1098R [2011],World Superbikes,
427,Rider,Jakub Smrz,37.167371192897825,0.5434142062624127,25/02/2011 13:00:00,1,Ducati 1098R [2011],World Superbikes,
427,Rider,Jakub Smrz,37.16916265188831,0.5439980305998153,25/02/2011 13:00:00,2,Ducati 1098R [2011],World Superbikes,
427,Rider,Jakub Smrz,37.17096832948154,0.5445986612083323,25/02/2011 13:00:00,3,Ducati 1098R [2011],World Superbikes,
427,Rider,Jakub Smrz,37.17334043790272,0.5452091382015938,25/03/2011 13:00:00,0,Ducati 1098R [2011],World Superbikes,
427,Rider,Jakub Smrz,37.175252470799386,0.5458390518039398,25/03/2011 13:00:00,1,Ducati 1098R [2011],World Superbikes,
427,Rider,Jakub Smrz,37.178408188886365,0.5464917997678703,26/03/2011 13:00:00,0,Ducati 1098R [2011],World Superbikes,
427,Rider,Jakub Smrz,37.18173447915836,0.547166773566575,26/03/2011 13:00:00,1,Ducati 1098R [2011],World Superbikes,
427,Rider,Jakub Smrz,37.18372744022277,0.5478517946340702,26/03/2011 13:00:00,2,Ducati 1098R [2011],World Superbikes,
427,Rider,Jakub Smrz,37.18556856870842,0.5485501161252818,15/04/2011 13:00:00,0,Ducati 1098R [2011],World Superbikes,
427,Rider,Jakub Smrz,37.18534583196368,0.5492502894934815,15/04/2011 13:00:00,1,Ducati 1098R [2011],World Superbikes,
427,Rider,Jakub Smrz,37.183780863258,0.5499661349792108,16/04/2011 13:00:00,0,Ducati 1098R [2011],World Superbikes,
427,Rider,Jakub Smrz,37.183368417879755,0.5507040602961948,16/04/2011 13:00:00,1,Ducati 1098R [2011],World Superbikes,
427,Rider,Jakub Smrz,37.18088728747402,0.5514428122735718,16/04/2011 13:00:00,2,Ducati 1098R [2011],World Superbikes,
427,Rider,Jakub Smrz,37.177207197862884,0.5521903386842503,06/05/2011 13:00:00,0,Ducati 1098R [2011],World Superbikes,
427,Rider,Jakub Smrz,37.175549669891176,0.5529602949361335,06/05/2011 13:00:00,1,Ducati 1098R [2011],World Superbikes,
427,Rider,Jakub Smrz,37.17511396259183,0.5537561375929655,07/05/2011 13:00:00,0,Ducati 1098R [2011],World Superbikes,
427,Rider,Jakub Smrz,37.17664530076267,0.5545693515326737,28/05/2011 13:00:00,0,Ducati 1098R [2011],World Superbikes,
427,Rider,Jakub Smrz,37.178054095907314,0.5554099742740457,28/05/2011 13:00:00,1,Ducati 1098R [2011],World Superbikes,
427,Rider,Jakub Smrz,37.17809852409469,0.556270848705362,29/05/2011 13:00:00,0,Ducati 1098R [2011],World Superbikes,
427,Rider,Jakub Smrz,37.17791385827498,0.5571584433717205,29/05/2011 13:00:00,1,Ducati 1098R [2011],World Superbikes,
427,Rider,Jakub Smrz,37.1757055557255,0.5580493365326858,29/05/2011 13:00:00,2,Ducati 1098R [2011],World Superbikes,
427,Rider,Jakub Smrz,37.17234796464867,0.558951078910152,10/06/2011 13:00:00,0,Ducati 1098R [2011],World Superbikes,
427,Rider,Jakub Smrz,37.16881735563414,0.5598827514679666,10/06/2011 13:00:00,1,Ducati 1098R [2011],World Superbikes,
427,Rider,Jakub Smrz,37.16595849787672,0.5608466749595035,11/06/2011 13:00:00,0,Ducati 1098R [2011],World Superbikes,
427,Rider,Jakub Smrz,37.16124695369994,0.5618176425087116,11/06/2011 13:00:00,1,Ducati 1098R [2011],World Superbikes,
427,Rider,Jakub Smrz,37.15556513183078,0.5628113347917449,11/06/2011 13:00:00,2,Ducati 1098R [2011],World Superbikes,
427,Rider,Jakub Smrz,37.14920063453414,0.5638240810744529,17/06/2011 13:00:00,0,Ducati 1098R [2011],World Superbikes,
427,Rider,Jakub Smrz,37.14610892643963,0.5648553134518419,17/06/2011 13:00:00,1,Ducati 1098R [2011],World Superbikes,
427,Rider,Jakub Smrz,37.141533711001586,0.5659070539094125,18/06/2011 13:00:00,0,Ducati 1098R [2011],World Superbikes,
427,Rider,Jakub Smrz,37.13849487261894,0.5669900195773099,08/07/2011 13:00:00,0,Ducati 1098R [2011],World Superbikes,
427,Rider,Jakub Smrz,37.133891601938465,0.568095266584101,08/07/2011 13:00:00,1,Ducati 1098R [2011],World Superbikes,
427,Rider,Jakub Smrz,37.129824541949155,0.5692359061875322,09/07/2011 13:00:00,0,Ducati 1098R [2011],World Superbikes,
427,Rider,Jakub Smrz,37.124749498463345,0.5704031065370389,09/07/2011 13:00:00,1,Ducati 1098R [2011],World Superbikes,
427,Rider,Jakub Smrz,37.11951786645029,0.5715989349740516,09/07/2011 13:00:00,2,Ducati 1098R [2011],World Superbikes,
427,Rider,Jakub Smrz,37.11444872509261,0.5728188988610635,29/07/2011 13:00:00,0,Ducati 1098R [2011],World Superbikes,
427,Rider,Jakub Smrz,37.10926465145057,0.5740763194412914,29/07/2011 13:00:00,1,Ducati 1098R [2011],World Superbikes,
427,Rider,Jakub Smrz,37.10513717924314,0.5753726352543513,30/07/2011 13:00:00,0,Ducati 1098R [2011],World Superbikes,
427,Rider,Jakub Smrz,37.10293454300119,0.5767015638589902,02/09/2011 13:00:00,0,Ducati 1098R [2011],World Superbikes,
427,Rider,Jakub Smrz,37.10158831575749,0.578069396177904,02/09/2011 13:00:00,1,Ducati 1098R [2011],World Superbikes,
427,Rider,Jakub Smrz,37.100952869244104,0.5794766060290348,03/09/2011 13:00:00,0,Ducati 1098R [2011],World Superbikes,
427,Rider,Jakub Smrz,37.10056759291083,0.5809212691407822,03/09/2011 13:00:00,1,Ducati 1098R [2011],World Superbikes,
427,Rider,Jakub Smrz,37.101525269554365,0.5823941664504367,23/09/2011 13:00:00,0,Ducati 1098R [2011],World Superbikes,
427,Rider,Jakub Smrz,37.103304637770805,0.5839096369832999,23/09/2011 13:00:00,1,Ducati 1098R [2011],World Superbikes,
427,Rider,Jakub Smrz,37.105299058069036,0.5854676228255676,24/09/2011 13:00:00,0,Ducati 1098R [2011],World Superbikes,
427,Rider,Jakub Smrz,37.109051694422945,0.5870630508776421,30/09/2011 13:00:00,0,Ducati 1098R [2011],World Superbikes,
427,Rider,Jakub Smrz,37.11236624124863,0.5886991383447469,30/09/2011 13:00:00,1,Ducati 1098R [2011],World Superbikes,
427,Rider,Jakub Smrz,37.114815812067114,0.5903747086014219,01/10/2011 13:00:00,0,Ducati 1098R [2011],World Superbikes,
427,Rider,Jakub Smrz,37.11884104468223,0.5920909504355345,14/10/2011 13:00:00,0,Ducati 1098R [2011],World Superbikes,
427,Rider,Jakub Smrz,37.12337180193876,0.5938544595952088,14/10/2011 13:00:00,1,Ducati 1098R [2011],World Superbikes,
427,Rider,Jakub Smrz,37.12775978208596,0.5956650692435105,15/10/2011 13:00:00,0,Ducati 1098R [2011],World Superbikes,
427,Rider,Jakub Smrz,37.13175357248309,0.5975202362715983,15/10/2011 13:00:00,1,Ducati 1098R [2011],World Superbikes,
427,Rider,Jakub Smrz,37.13553998093982,0.5994184156100514,15/10/2011 13:00:00,2,Ducati 1098R [2011],World Superbikes,
427,Rider,Jakub Smrz,37.140012944141226,0.6013505044703007,23/02/2012 13:00:00,0,Ducati 1098R [2012],World Superbikes,
427,Rider,Jakub Smrz,37.142853760875745,0.6033244749147484,24/02/2012 13:00:00,0,Ducati 1098R [2012],World Superbikes,
427,Rider,Jakub Smrz,37.14469785032634,0.6053464411164842,30/03/2012 13:00:00,0,Ducati 1098R [2012],World Superbikes,
427,Rider,Jakub Smrz,37.14425948237665,0.6074002587265934,30/03/2012 13:00:00,1,Ducati 1098R [2012],World Superbikes,
427,Rider,Jakub Smrz,37.14548303386541,0.6095080171229198,31/03/2012 13:00:00,0,Ducati 1098R [2012],World Superbikes,
427,Rider,Jakub Smrz,37.147810274317315,0.6116666872040231,31/03/2012 13:00:00,1,Ducati 1098R [2012],World Superbikes,
427,Rider,Jakub Smrz,37.15122823017684,0.6138721444270742,20/04/2012 13:00:00,0,Ducati 1098R [2012],World Superbikes,
427,Rider,Jakub Smrz,37.155350019994735,0.6161358941939987,20/04/2012 13:00:00,1,Ducati 1098R [2012],World Superbikes,
427,Rider,Jakub Smrz,37.15728989154323,0.618433968738731,21/04/2012 13:00:00,0,Ducati 1098R [2012],World Superbikes,
427,Rider,Jakub Smrz,37.15947375123916,0.6207882182476231,21/04/2012 13:00:00,1,Ducati 1098R [2012],World Superbikes,
427,Rider,Jakub Smrz,37.16088244845704,0.6231867304155181,04/05/2012 13:00:00,0,Ducati 1098R [2012],World Superbikes,
427,Rider,Jakub Smrz,37.1637259653088,0.6256456127643945,04/05/2012 13:00:00,1,Ducati 1098R [2012],World Superbikes,
427,Rider,Jakub Smrz,37.16635593625189,0.6281663229059786,05/05/2012 13:00:00,0,Ducati 1098R [2012],World Superbikes,
427,Rider,Jakub Smrz,37.167979242740245,0.6307444683903533,05/05/2012 13:00:00,1,Ducati 1098R [2012],World Superbikes,
427,Rider,Jakub Smrz,37.17040417897469,0.6333655199311612,11/05/2012 13:00:00,0,Ducati 1098R [2012],World Superbikes,
427,Rider,Jakub Smrz,37.17060472432612,0.6360277508357121,11/05/2012 13:00:00,1,Ducati 1098R [2012],World Superbikes,
427,Rider,Jakub Smrz,37.16843852214822,0.6387311249786052,12/05/2012 13:00:00,0,Ducati 1098R [2012],World Superbikes,
427,Rider,Jakub Smrz,37.164578278461406,0.6414899749583212,12/05/2012 13:00:00,1,Ducati 1098R [2012],World Superbikes,
427,Rider,Jakub Smrz,37.15920144280034,0.6443041831543612,12/05/2012 13:00:00,2,Ducati 1098R [2012],World Superbikes,
427,Rider,Jakub Smrz,37.1555432288779,0.6471513247067983,26/05/2012 13:00:00,0,Ducati 1098R [2012],World Superbikes,
427,Rider,Jakub Smrz,37.149559782613764,0.6500448629499731,26/05/2012 13:00:00,1,Ducati 1098R [2012],World Superbikes,
427,Rider,Jakub Smrz,37.14127989882331,0.6529853865056451,27/05/2012 13:00:00,0,Ducati 1098R [2012],World Superbikes,
427,Rider,Jakub Smrz,37.131710382382984,0.6559910159884244,27/05/2012 13:00:00,1,Ducati 1098R [2012],World Superbikes,
427,Rider,Jakub Smrz,37.12051915710564,0.6590549505463257,27/05/2012 13:00:00,2,Ducati 1098R [2012],World Superbikes,
427,Rider,Jakub Smrz,37.1072392974104,0.6621613514378433,08/06/2012 13:00:00,0,Ducati 1098R [2012],World Superbikes,
427,Rider,Jakub Smrz,37.09394134061749,0.6653446713678821,08/06/2012 13:00:00,1,Ducati 1098R [2012],World Superbikes,
427,Rider,Jakub Smrz,37.080167004520675,0.6686046428407636,09/06/2012 13:00:00,0,Ducati 1098R [2012],World Superbikes,
427,Rider,Jakub Smrz,37.06615013477153,0.6719408043659236,09/06/2012 13:00:00,1,Ducati 1098R [2012],World Superbikes,
427,Rider,Jakub Smrz,37.05229868353856,0.6753440738757304,29/06/2012 13:00:00,0,Ducati 1098R [2012],World Superbikes,
427,Rider,Jakub Smrz,37.0408038373374,0.6788228762743457,29/06/2012 13:00:00,1,Ducati 1098R [2012],World Superbikes,
427,Rider,Jakub Smrz,37.03030239327253,0.6823841199121119,30/06/2012 13:00:00,0,Ducati 1098R [2012],World Superbikes,
427,Rider,Jakub Smrz,37.02073344887817,0.6860244820920026,30/06/2012 13:00:00,1,Ducati 1098R [2012],World Superbikes,
427,Rider,Jakub Smrz,37.0131099858199,0.6897180368106232,20/07/2012 13:00:00,0,Ducati 1098R [2012],World Superbikes,
427,Rider,Jakub Smrz,37.0049816846688,0.6934951053487418,20/07/2012 13:00:00,1,Ducati 1098R [2012],World Superbikes,
427,Rider,Jakub Smrz,36.996357293228634,0.6973560452854498,21/07/2012 13:00:00,0,Ducati 1098R [2012],World Superbikes,
427,Rider,Jakub Smrz,36.9879183913299,0.7013028771173594,21/07/2012 13:00:00,1,Ducati 1098R [2012],World Superbikes,
427,Rider,Jakub Smrz,36.9811302313735,0.7053163335024646,03/08/2012 13:00:00,0,Ducati 1098R [2012],World Superbikes,
427,Rider,Jakub Smrz,36.97392636664771,0.7094203249299831,03/08/2012 13:00:00,1,Ducati 1098R [2012],World Superbikes,
427,Rider,Jakub Smrz,36.96680822176558,0.713618021004237,04/08/2012 13:00:00,0,Ducati 1098R [2012],World Superbikes,
427,Rider,Jakub Smrz,36.958695691090355,0.7179045740220638,04/08/2012 13:00:00,1,Ducati 1098R [2012],World Superbikes,
427,Rider,Jakub Smrz,36.94882927553999,0.7222508653007396,08/07/2017 13:00:00,0,Yamaha YZF-R1 [2017],World Superbikes,
427,Rider,Jakub Smrz,36.94084414293519,0.7266764145715183,14/09/2018 13:00:00,0,Yamaha YZF-R1 [2018],World Superbikes,
427,Rider,Jakub Smrz,36.93536006350082,0.7311659837233764,28/09/2018 13:00:00,0,Yamaha YZF-R1 [2018],World Superbikes,
427,Rider,Jakub Smrz,36.932271289846014,0.7357269256875372,12/10/2018 13:00:00,0,Yamaha YZF-R1 [2018],World Superbikes,
428,Bike,Ducati 999 F05 [2007],16.8210323690284,1.212486687500414,21/02/2007 13:00:00,0,,World Superbikes,
428,Bike,Ducati 999 F05 [2007],16.820059659348715,1.2099292782076014,22/02/2007 13:00:00,0,,World Superbikes,
428,Bike,Ducati 999 F05 [2007],16.819771778990834,1.2075544119234534,01/03/2007 13:00:00,0,,World Superbikes,
428,Bike,Ducati 999 F05 [2007],16.819410343243405,1.2053555884517768,02/03/2007 13:00:00,0,,World Superbikes,
428,Bike,Ducati 999 F05 [2007],16.819440725562707,1.2033116073613142,02/03/2007 13:00:00,1,,World Superbikes,
428,Bike,Ducati 999 F05 [2007],16.81980950311436,1.2014426159300893,30/03/2007 13:00:00,0,,World Superbikes,
428,Bike,Ducati 999 F05 [2007],16.8195911022738,1.1997571814818944,30/03/2007 13:00:00,1,,World Superbikes,
428,Bike,Ducati 999 F05 [2007],16.819258269825937,1.1982449819337018,12/04/2007 13:00:00,0,,World Superbikes,
428,Bike,Ducati 999 F05 [2007],16.81955646506481,1.1968724520264586,13/04/2007 13:00:00,0,,World Superbikes,
428,Bike,Ducati 999 F05 [2007],16.818285459247004,1.1956836384777219,26/04/2007 13:00:00,0,,World Superbikes,
428,Bike,Ducati 999 F05 [2007],16.81646435513696,1.1946552048095718,27/04/2007 13:00:00,0,,World Superbikes,
428,Bike,Ducati 999 F05 [2007],16.814052354707446,1.1937877151096654,28/04/2007 13:00:00,0,,World Superbikes,
428,Bike,Ducati 999 F05 [2007],16.810765052899832,1.193119645567794,10/05/2007 13:00:00,0,,World Superbikes,
428,Bike,Ducati 999 F05 [2007],16.80764085071412,1.1926200916324765,11/05/2007 13:00:00,0,,World Superbikes,
428,Bike,Ducati 999 F05 [2007],16.80422820802498,1.192295203758129,25/05/2007 13:00:00,0,,World Superbikes,
428,Bike,Ducati 999 F05 [2007],16.801628052405498,1.1921084792809171,25/05/2007 13:00:00,1,,World Superbikes,
428,Bike,Ducati 999 F05 [2007],16.79917350432781,1.1920677113950269,26/05/2007 13:00:00,0,,World Superbikes,
428,Bike,Ducati 999 F05 [2007],16.795919337513112,1.1922249608371898,14/06/2007 13:00:00,0,,World Superbikes,
428,Bike,Ducati 999 F05 [2007],16.793148373755436,1.1925345679526977,15/06/2007 13:00:00,0,,World Superbikes,
428,Bike,Ducati 999 F05 [2007],16.79110903772445,1.192996004202446,16/06/2007 13:00:00,0,,World Superbikes,
428,Bike,Ducati 999 F05 [2007],16.79045396396212,1.1935924024701539,19/07/2007 13:00:00,0,,World Superbikes,
428,Bike,Ducati 999 F05 [2007],16.790239400615683,1.1943639557891843,20/07/2007 13:00:00,0,,World Superbikes,
428,Bike,Ducati 999 F05 [2007],16.79017363469651,1.1953135691776022,21/07/2007 13:00:00,0,,World Superbikes,
428,Bike,Ducati 999 F05 [2007],16.791194634921155,1.1963903357834398,03/08/2007 13:00:00,0,,World Superbikes,
428,Bike,Ducati 999 F05 [2007],16.792402302706755,1.1976343551520086,03/08/2007 13:00:00,1,,World Superbikes,
428,Bike,Ducati 999 F05 [2007],16.793558962638006,1.1990488944715907,06/09/2007 13:00:00,0,,World Superbikes,
428,Bike,Ducati 999 F05 [2007],16.795444264843034,1.2006115328720863,07/09/2007 13:00:00,0,,World Superbikes,
428,Bike,Ducati 999 F05 [2007],16.796863781615354,1.2023634834221972,27/09/2007 13:00:00,0,,World Superbikes,
428,Bike,Ducati 999 F05 [2007],16.79783226771524,1.2042792038055998,28/09/2007 13:00:00,0,,World Superbikes,
428,Bike,Ducati 999 F05 [2007],16.798240539460046,1.206354992864636,29/09/2007 13:00:00,0,,World Superbikes,
428,Bike,Ducati 999 F05 [2007],16.79899940310229,1.208618093172409,04/10/2007 13:00:00,0,,World Superbikes,
428,Bike,Ducati 999 F05 [2007],16.799655351794,1.211027489147459,05/10/2007 13:00:00,0,,World Superbikes,
428,Bike,Ducati 999 F05 [2007],16.79983441071497,1.2135853333760385,06/10/2007 13:00:00,0,,World Superbikes,
429,Rider,Alessandro Polita,22.097006059959007,1.311428657873959,21/02/2007 13:00:00,0,Suzuki GSX-R1000 K6 [2007],World Superbikes,
429,Rider,Alessandro Polita,22.097059417022965,1.3091076729075832,22/02/2007 13:00:00,0,Suzuki GSX-R1000 K6 [2007],World Superbikes,
429,Rider,Alessandro Polita,22.096963506660455,1.3069897230879233,01/03/2007 13:00:00,0,Suzuki GSX-R1000 K6 [2007],World Superbikes,
429,Rider,Alessandro Polita,22.09740784503684,1.3050530123813837,02/03/2007 13:00:00,0,Suzuki GSX-R1000 K6 [2007],World Superbikes,
429,Rider,Alessandro Polita,22.097746685455764,1.3033004394561913,30/03/2007 13:00:00,0,Suzuki GSX-R1000 K6 [2007],World Superbikes,
429,Rider,Alessandro Polita,22.097610733994276,1.30174780620847,30/03/2007 13:00:00,1,Suzuki GSX-R1000 K6 [2007],World Superbikes,
429,Rider,Alessandro Polita,22.096920970155146,1.3003963895988058,10/05/2007 13:00:00,0,Suzuki GSX-R1000 K6 [2007],World Superbikes,
429,Rider,Alessandro Polita,22.096307779251113,1.2992336669412843,11/05/2007 13:00:00,0,Suzuki GSX-R1000 K6 [2007],World Superbikes,
429,Rider,Alessandro Polita,22.09581390309464,1.2982607091567169,25/05/2007 13:00:00,0,Suzuki GSX-R1000 K6 [2007],World Superbikes,
429,Rider,Alessandro Polita,22.09377496563062,1.297498072739544,25/05/2007 13:00:00,1,Suzuki GSX-R1000 K6 [2007],World Superbikes,
429,Rider,Alessandro Polita,22.091816193492278,1.2969202351384488,14/06/2007 13:00:00,0,Suzuki GSX-R1000 K6 [2007],World Superbikes,
429,Rider,Alessandro Polita,22.090911064206487,1.296516961386035,15/06/2007 13:00:00,0,Suzuki GSX-R1000 K6 [2007],World Superbikes,
429,Rider,Alessandro Polita,22.090527551410457,1.2962986150425868,19/07/2007 13:00:00,0,Suzuki GSX-R1000 K6 [2007],World Superbikes,
429,Rider,Alessandro Polita,22.092536784861213,1.296235024133561,19/06/2009 13:00:00,0,Suzuki GSX-R 1000 K9 [2009],World Superbikes,
429,Rider,Alessandro Polita,22.095549230894164,1.296349317828429,19/06/2009 13:00:00,1,Suzuki GSX-R 1000 K9 [2009],World Superbikes,
429,Rider,Alessandro Polita,22.09596578774211,1.296695168293446,26/06/2009 13:00:00,0,Suzuki GSX-R 1000 K9 [2009],World Superbikes,
429,Rider,Alessandro Polita,22.09832820864811,1.2971982437097882,26/06/2009 13:00:00,1,Suzuki GSX-R 1000 K9 [2009],World Superbikes,
429,Rider,Alessandro Polita,22.100663287424542,1.297910949233753,24/07/2009 13:00:00,0,Suzuki GSX-R 1000 K9 [2009],World Superbikes,
429,Rider,Alessandro Polita,22.10369289477481,1.2988040161005452,24/07/2009 13:00:00,1,Suzuki GSX-R 1000 K9 [2009],World Superbikes,
429,Rider,Alessandro Polita,22.106911194985134,1.2998936795612495,10/06/2011 13:00:00,0,Ducati 1098R [2011],World Superbikes,
429,Rider,Alessandro Polita,22.10954308279961,1.3012040885663188,10/06/2011 13:00:00,1,Ducati 1098R [2011],World Superbikes,
429,Rider,Alessandro Polita,22.1119827772104,1.3027272308742677,23/09/2011 13:00:00,0,Ducati 1098R [2011],World Superbikes,
429,Rider,Alessandro Polita,22.112757295609146,1.3044782442483192,23/09/2011 13:00:00,1,Ducati 1098R [2011],World Superbikes,
429,Rider,Alessandro Polita,22.112704885982527,1.306451851178816,24/09/2011 13:00:00,0,Ducati 1098R [2011],World Superbikes,
429,Rider,Alessandro Polita,22.11346569319589,1.3085464607596184,20/07/2012 13:00:00,0,Ducati 1098R [2012],World Superbikes,
429,Rider,Alessandro Polita,22.114353495317946,1.3108446232226054,20/07/2012 13:00:00,1,Ducati 1098R [2012],World Superbikes,
430,Rider,Mashel Al Naimi,17.013765017528584,3.890329003732386,21/02/2007 13:00:00,0,Kawasaki ZX-10R [2007],World Superbikes,
430,Rider,Mashel Al Naimi,17.01319682908407,3.8904048864717637,22/02/2007 13:00:00,0,Kawasaki ZX-10R [2007],World Superbikes,
431,Bike,MV Agusta F4 1000 MT [2007],26.031622490979657,1.8471597690784645,21/02/2007 13:00:00,0,,World Superbikes,
431,Bike,MV Agusta F4 1000 MT [2007],26.03313958984598,1.8456670873454502,22/02/2007 13:00:00,0,,World Superbikes,
431,Bike,MV Agusta F4 1000 MT [2007],26.03334045633081,1.8444640448337504,01/03/2007 13:00:00,0,,World Superbikes,
431,Bike,MV Agusta F4 1000 MT [2007],26.032757525244545,1.8435267446196126,02/03/2007 13:00:00,0,,World Superbikes,
431,Bike,MV Agusta F4 1000 MT [2007],26.032000679193704,1.8428439515420785,30/03/2007 13:00:00,0,,World Superbikes,
431,Bike,MV Agusta F4 1000 MT [2007],26.032424811986854,1.8423619310974226,30/03/2007 13:00:00,1,,World Superbikes,
431,Bike,MV Agusta F4 1000 MT [2007],26.034328480850856,1.842079568579461,12/04/2007 13:00:00,0,,World Superbikes,
431,Bike,MV Agusta F4 1000 MT [2007],26.034744695992224,1.8420898134139927,13/04/2007 13:00:00,0,,World Superbikes,
431,Bike,MV Agusta F4 1000 MT [2007],26.03599534499556,1.8422680696251168,26/04/2007 13:00:00,0,,World Superbikes,
431,Bike,MV Agusta F4 1000 MT [2007],26.036641584530706,1.8426646209998907,27/04/2007 13:00:00,0,,World Superbikes,
431,Bike,MV Agusta F4 1000 MT [2007],26.0367972364735,1.8432961667564955,14/06/2007 13:00:00,0,,World Superbikes,
431,Bike,MV Agusta F4 1000 MT [2007],26.03620694808576,1.8442078045313564,15/06/2007 13:00:00,0,,World Superbikes,
431,Bike,MV Agusta F4 1000 MT [2007],26.036090871015325,1.845361484960902,19/07/2007 13:00:00,0,,World Superbikes,
431,Bike,MV Agusta F4 1000 MT [2007],26.035936747991705,1.8467872670396581,20/07/2007 13:00:00,0,,World Superbikes,
432,Rider,Luca Morelli,19.61420641170524,1.1883354974883074,30/03/2007 13:00:00,0,Ducati 999 F05 [2007],World Superbikes,
432,Rider,Luca Morelli,19.612463042277184,1.1857139193738673,30/03/2007 13:00:00,1,Ducati 999 F05 [2007],World Superbikes,
432,Rider,Luca Morelli,19.61058279137464,1.1832428953632188,12/04/2007 13:00:00,0,Ducati 999 F05 [2007],World Superbikes,
432,Rider,Luca Morelli,19.608307438477638,1.1809021873896055,13/04/2007 13:00:00,0,Ducati 999 F05 [2007],World Superbikes,
432,Rider,Luca Morelli,19.60344984041956,1.1787395961412792,26/04/2007 13:00:00,0,Ducati 999 F05 [2007],World Superbikes,
432,Rider,Luca Morelli,19.598080375577904,1.1767169115963831,27/04/2007 13:00:00,0,Ducati 999 F05 [2007],World Superbikes,
432,Rider,Luca Morelli,19.593012036672405,1.1748266614351306,10/05/2007 13:00:00,0,Ducati 999 F05 [2007],World Superbikes,
432,Rider,Luca Morelli,19.587702449205864,1.1730919042606405,11/05/2007 13:00:00,0,Ducati 999 F05 [2007],World Superbikes,
432,Rider,Luca Morelli,19.582162084433413,1.1715131578103204,25/05/2007 13:00:00,0,Honda CBR 1000RR Fireblade [2007],World Superbikes,
432,Rider,Luca Morelli,19.575767037575794,1.1701215697711387,25/05/2007 13:00:00,1,Honda CBR 1000RR Fireblade [2007],World Superbikes,
432,Rider,Luca Morelli,19.57043612112266,1.1688796809918085,14/06/2007 13:00:00,0,Honda CBR 1000RR Fireblade [2007],World Superbikes,
432,Rider,Luca Morelli,19.565922902167287,1.1678059500726796,15/06/2007 13:00:00,0,Honda CBR 1000RR Fireblade [2007],World Superbikes,
432,Rider,Luca Morelli,19.56174413335646,1.1669051700597728,19/07/2007 13:00:00,0,Honda CBR 1000RR Fireblade [2007],World Superbikes,
432,Rider,Luca Morelli,19.558069520417618,1.1661749407198134,20/07/2007 13:00:00,0,Honda CBR 1000RR Fireblade [2007],World Superbikes,
432,Rider,Luca Morelli,19.554951957872227,1.1656152308595022,03/08/2007 13:00:00,0,Honda CBR 1000RR Fireblade [2007],World Superbikes,
432,Rider,Luca Morelli,19.55301736071759,1.1652027568005352,03/08/2007 13:00:00,1,Honda CBR 1000RR Fireblade [2007],World Superbikes,
432,Rider,Luca Morelli,19.552299456104674,1.1649373953681352,06/09/2007 13:00:00,0,Honda CBR 1000RR Fireblade [2007],World Superbikes,
432,Rider,Luca Morelli,19.552179227817316,1.1648344742898524,07/09/2007 13:00:00,0,Honda CBR 1000RR Fireblade [2007],World Superbikes,
432,Rider,Luca Morelli,19.54910751161619,1.1649205843781516,27/09/2007 13:00:00,0,Honda CBR 1000RR Fireblade [2007],World Superbikes,
432,Rider,Luca Morelli,19.546965643446978,1.165158758206898,28/09/2007 13:00:00,0,Honda CBR 1000RR Fireblade [2007],World Superbikes,
432,Rider,Luca Morelli,19.54482466239429,1.1655834862266248,04/10/2007 13:00:00,0,Honda CBR 1000RR Fireblade [2007],World Superbikes,
432,Rider,Luca Morelli,19.543562606786715,1.1661536397394676,05/10/2007 13:00:00,0,Honda CBR 1000RR Fireblade [2007],World Superbikes,
432,Rider,Luca Morelli,19.543278199615585,1.1668680285177162,20/02/2008 13:00:00,0,Honda CBR1000RR [2008],World Superbikes,
432,Rider,Luca Morelli,19.541734114557208,1.167777945806695,21/02/2008 13:00:00,0,Honda CBR1000RR [2008],World Superbikes,
432,Rider,Luca Morelli,19.539387879886117,1.16887995218935,03/04/2008 13:00:00,0,Honda CBR1000RR [2008],World Superbikes,
432,Rider,Luca Morelli,19.537638914869497,1.170148702683981,04/04/2008 13:00:00,0,Honda CBR1000RR [2008],World Superbikes,
432,Rider,Luca Morelli,19.535988232923117,1.1715995314483303,24/04/2008 13:00:00,0,Honda CBR1000RR [2008],World Superbikes,
432,Rider,Luca Morelli,19.534360553844703,1.1732249681403362,25/04/2008 13:00:00,0,Honda CBR1000RR [2008],World Superbikes,
432,Rider,Luca Morelli,19.5323046816559,1.1750360085880642,08/05/2008 13:00:00,0,Honda CBR1000RR [2008],World Superbikes,
432,Rider,Luca Morelli,19.529554966735258,1.1770387317205524,09/05/2008 13:00:00,0,Honda CBR1000RR [2008],World Superbikes,
432,Rider,Luca Morelli,19.526387766687538,1.179229715549551,01/08/2008 13:00:00,0,Honda CBR1000RR [2008],World Superbikes,
432,Rider,Luca Morelli,19.52353270085213,1.181594438131974,01/08/2008 13:00:00,1,Honda CBR1000RR [2008],World Superbikes,
432,Rider,Luca Morelli,19.52225038698929,1.1840899979628081,05/09/2008 13:00:00,0,Honda CBR1000RR [2008],World Superbikes,
432,Rider,Luca Morelli,19.521240694867977,1.1867630065861332,05/09/2008 13:00:00,1,Honda CBR1000RR [2008],World Superbikes,
433,Rider,Aaron Zanotti,18.40750198574879,3.67361541551316,30/03/2007 13:00:00,0,Yamaha YZF-R1 [2007],World Superbikes,
433,Rider,Aaron Zanotti,18.407907860339648,3.6736131223256727,30/03/2007 13:00:00,1,Yamaha YZF-R1 [2007],World Superbikes,
434,Rider,Carmelo Morales,24.193608387464554,2.8932683275490687,12/04/2007 13:00:00,0,Yamaha YZF-R1 [2007],World Superbikes,
434,Rider,Carmelo Morales,24.192743475061206,2.8928601035620782,14/04/2007 13:00:00,0,Yamaha YZF-R1 [2007],World Superbikes,
434,Rider,Carmelo Morales,24.192858137558225,2.892750244364095,03/04/2008 13:00:00,0,Yamaha YZF-R1 [2008],World Superbikes,
434,Rider,Carmelo Morales,24.192492293065158,2.8931564031366572,04/04/2008 13:00:00,0,Yamaha YZF-R1 [2008],World Superbikes,
435,Rider,Robertino Pietri,12.860899699229916,3.8521719563625707,10/05/2007 13:00:00,0,Yamaha YZF-R1 [2007],World Superbikes,
435,Rider,Robertino Pietri,12.860891590009073,3.8521708262214824,11/05/2007 13:00:00,0,Yamaha YZF-R1 [2007],World Superbikes,
436,Rider,Marty Nutt,21.58066044071347,3.706497739608477,03/08/2007 13:00:00,0,Yamaha YZF-R1 [2007],World Superbikes,
436,Rider,Marty Nutt,21.580397747769542,3.706511225516115,03/08/2007 13:00:00,1,Yamaha YZF-R1 [2007],World Superbikes,
437,Rider,Martin Bauer,25.304418206959998,2.6588581876176107,06/09/2007 13:00:00,0,Honda CBR 1000RR Fireblade [2007],World Superbikes,
437,Rider,Martin Bauer,25.304457073297304,2.658260000045972,07/09/2007 13:00:00,0,Honda CBR 1000RR Fireblade [2007],World Superbikes,
437,Rider,Martin Bauer,25.30491460270793,2.658040752398505,08/09/2007 13:00:00,0,Honda CBR 1000RR Fireblade [2007],World Superbikes,
437,Rider,Martin Bauer,25.305027580775867,2.658233169973623,02/10/2008 13:00:00,0,Honda CBR1000RR [2008],World Superbikes,
437,Rider,Martin Bauer,25.303856685094846,2.658902485459347,03/10/2008 13:00:00,0,Honda CBR1000RR [2008],World Superbikes,
438,Rider,Yoann Tiberio,22.939440465496624,2.44219576787097,06/09/2007 13:00:00,0,Honda CBR 1000RR Fireblade [2007],World Superbikes,
438,Rider,Yoann Tiberio,22.939925858065074,2.441398415517987,27/09/2007 13:00:00,0,Honda CBR 1000RR Fireblade [2007],World Superbikes,
438,Rider,Yoann Tiberio,22.940928284021414,2.4410016480489634,28/09/2007 13:00:00,0,Honda CBR 1000RR Fireblade [2007],World Superbikes,
438,Rider,Yoann Tiberio,22.942027539205167,2.4410194524853956,04/10/2007 13:00:00,0,Honda CBR 1000RR Fireblade [2007],World Superbikes,
438,Rider,Yoann Tiberio,22.942636395874192,2.44143047378071,05/10/2007 13:00:00,0,Honda CBR 1000RR Fireblade [2007],World Superbikes,
438,Rider,Yoann Tiberio,22.943235390830406,2.44222696635544,06/10/2007 13:00:00,0,Honda CBR 1000RR Fireblade [2007],World Superbikes,
439,Rider,Guillaume Dietrich,24.217993221194615,3.722819672648566,04/10/2007 13:00:00,0,Suzuki GSX-R1000 K6 [2007],World Superbikes,
439,Rider,Guillaume Dietrich,24.217709504295083,3.7228354219316944,05/10/2007 13:00:00,0,Suzuki GSX-R1000 K6 [2007],World Superbikes,
440,Bike,Yamaha YZF-R1 [2008],23.464894867048816,1.0370517726037398,20/02/2008 13:00:00,0,,World Superbikes,
440,Bike,Yamaha YZF-R1 [2008],23.46424631094445,1.033959861391117,21/02/2008 13:00:00,0,,World Superbikes,
440,Bike,Yamaha YZF-R1 [2008],23.463542094358807,1.0310134169103438,22/02/2008 13:00:00,0,,World Superbikes,
440,Bike,Yamaha YZF-R1 [2008],23.46198926281482,1.0282095134741136,28/02/2008 13:00:00,0,,World Superbikes,
440,Bike,Yamaha YZF-R1 [2008],23.46062660032267,1.0255491463176507,29/02/2008 13:00:00,0,,World Superbikes,
440,Bike,Yamaha YZF-R1 [2008],23.459464215240846,1.0230363703318184,29/02/2008 13:00:00,1,,World Superbikes,
440,Bike,Yamaha YZF-R1 [2008],23.458680059161328,1.0206616323456443,03/04/2008 13:00:00,0,,World Superbikes,
440,Bike,Yamaha YZF-R1 [2008],23.45777239236207,1.018450748850175,04/04/2008 13:00:00,0,,World Superbikes,
440,Bike,Yamaha YZF-R1 [2008],23.457357410802206,1.0163957017217813,05/04/2008 13:00:00,0,,World Superbikes,
440,Bike,Yamaha YZF-R1 [2008],23.457497374185433,1.0145040502371956,24/04/2008 13:00:00,0,,World Superbikes,
440,Bike,Yamaha YZF-R1 [2008],23.457595935206854,1.012764990982309,25/04/2008 13:00:00,0,,World Superbikes,
440,Bike,Yamaha YZF-R1 [2008],23.457581909494507,1.0111915574543606,26/04/2008 13:00:00,0,,World Superbikes,
440,Bike,Yamaha YZF-R1 [2008],23.457087849043358,1.009770144857853,08/05/2008 13:00:00,0,,World Superbikes,
440,Bike,Yamaha YZF-R1 [2008],23.457310670661908,1.008492641643043,09/05/2008 13:00:00,0,,World Superbikes,
440,Bike,Yamaha YZF-R1 [2008],23.457673089005112,1.0073571504752838,10/05/2008 13:00:00,0,,World Superbikes,
440,Bike,Yamaha YZF-R1 [2008],23.458465469772566,1.0063814789988612,30/05/2008 13:00:00,0,,World Superbikes,
440,Bike,Yamaha YZF-R1 [2008],23.459356932112602,1.0055637682746577,30/05/2008 13:00:00,1,,World Superbikes,
440,Bike,Yamaha YZF-R1 [2008],23.46069574117764,1.0048991375393372,31/05/2008 13:00:00,0,,World Superbikes,
440,Bike,Yamaha YZF-R1 [2008],23.462529150711543,1.0043956658262108,12/06/2008 13:00:00,0,,World Superbikes,
440,Bike,Yamaha YZF-R1 [2008],23.464098036193775,1.00403644801349,13/06/2008 13:00:00,0,,World Superbikes,
440,Bike,Yamaha YZF-R1 [2008],23.465238714927807,1.0038296285174335,14/06/2008 13:00:00,0,,World Superbikes,
440,Bike,Yamaha YZF-R1 [2008],23.466386302358487,1.003779063513698,26/06/2008 13:00:00,0,,World Superbikes,
440,Bike,Yamaha YZF-R1 [2008],23.467905698470787,1.0038851360379164,27/06/2008 13:00:00,0,,World Superbikes,
440,Bike,Yamaha YZF-R1 [2008],23.469684622767076,1.004146463069785,28/06/2008 13:00:00,0,,World Superbikes,
440,Bike,Yamaha YZF-R1 [2008],23.47155314125892,1.0045401921245547,17/07/2008 13:00:00,0,,World Superbikes,
440,Bike,Yamaha YZF-R1 [2008],23.47323445655594,1.0050935717257135,18/07/2008 13:00:00,0,,World Superbikes,
440,Bike,Yamaha YZF-R1 [2008],23.47517347288525,1.005809132423229,19/07/2008 13:00:00,0,,World Superbikes,
440,Bike,Yamaha YZF-R1 [2008],23.477153875300314,1.0066751398196176,01/08/2008 13:00:00,0,,World Superbikes,
440,Bike,Yamaha YZF-R1 [2008],23.479520832197803,1.0076927600701915,01/08/2008 13:00:00,1,,World Superbikes,
440,Bike,Yamaha YZF-R1 [2008],23.48203512564519,1.008857472102391,02/08/2008 13:00:00,0,,World Superbikes,
440,Bike,Yamaha YZF-R1 [2008],23.483810314325325,1.0101768264792532,05/09/2008 13:00:00,0,,World Superbikes,
440,Bike,Yamaha YZF-R1 [2008],23.486047041169247,1.011662447380263,05/09/2008 13:00:00,1,,World Superbikes,
440,Bike,Yamaha YZF-R1 [2008],23.488050350554936,1.0133109337875945,06/09/2008 13:00:00,0,,World Superbikes,
440,Bike,Yamaha YZF-R1 [2008],23.490586396580863,1.0151264960805966,18/09/2008 13:00:00,0,,World Superbikes,
440,Bike,Yamaha YZF-R1 [2008],23.49302274856966,1.0170956468711922,19/09/2008 13:00:00,0,,World Superbikes,
440,Bike,Yamaha YZF-R1 [2008],23.495676357453732,1.0192313511903899,20/09/2008 13:00:00,0,,World Superbikes,
440,Bike,Yamaha YZF-R1 [2008],23.49722090025018,1.021514635251196,02/10/2008 13:00:00,0,,World Superbikes,
440,Bike,Yamaha YZF-R1 [2008],23.497734219348835,1.023961398092723,03/10/2008 13:00:00,0,,World Superbikes,
440,Bike,Yamaha YZF-R1 [2008],23.498275355927777,1.0265567850078006,04/10/2008 13:00:00,0,,World Superbikes,
440,Bike,Yamaha YZF-R1 [2008],23.498397064263155,1.029308971011628,31/10/2008 13:00:00,0,,World Superbikes,
440,Bike,Yamaha YZF-R1 [2008],23.498160873051088,1.0322249519002946,31/10/2008 13:00:00,1,,World Superbikes,
440,Bike,Yamaha YZF-R1 [2008],23.49788927331158,1.0352988796244138,01/11/2008 13:00:00,0,,World Superbikes,
441,Bike,Ducati 1098 F08 [2008],26.64374734320691,1.0477163290955915,20/02/2008 13:00:00,0,,World Superbikes,
441,Bike,Ducati 1098 F08 [2008],26.644147859030923,1.0446758377716043,21/02/2008 13:00:00,0,,World Superbikes,
441,Bike,Ducati 1098 F08 [2008],26.64433471085143,1.0417968658734809,22/02/2008 13:00:00,0,,World Superbikes,
441,Bike,Ducati 1098 F08 [2008],26.645662565236496,1.0390890442931566,28/02/2008 13:00:00,0,,World Superbikes,
441,Bike,Ducati 1098 F08 [2008],26.646241557911214,1.036532971515282,29/02/2008 13:00:00,0,,World Superbikes,
441,Bike,Ducati 1098 F08 [2008],26.645653482307385,1.0341094080505557,29/02/2008 13:00:00,1,,World Superbikes,
441,Bike,Ducati 1098 F08 [2008],26.644074414936266,1.0318113569623666,03/04/2008 13:00:00,0,,World Superbikes,
441,Bike,Ducati 1098 F08 [2008],26.642532928129675,1.0296825570652013,04/04/2008 13:00:00,0,,World Superbikes,
441,Bike,Ducati 1098 F08 [2008],26.641638334683442,1.0277281589395328,05/04/2008 13:00:00,0,,World Superbikes,
441,Bike,Ducati 1098 F08 [2008],26.641476676845368,1.0259372870060592,24/04/2008 13:00:00,0,,World Superbikes,
441,Bike,Ducati 1098 F08 [2008],26.640858209252833,1.0242839500192737,25/04/2008 13:00:00,0,,World Superbikes,
441,Bike,Ducati 1098 F08 [2008],26.639954211069814,1.0227943678248876,26/04/2008 13:00:00,0,,World Superbikes,
441,Bike,Ducati 1098 F08 [2008],26.639326294111576,1.021437158560553,08/05/2008 13:00:00,0,,World Superbikes,
441,Bike,Ducati 1098 F08 [2008],26.63880167384241,1.020239909511662,09/05/2008 13:00:00,0,,World Superbikes,
441,Bike,Ducati 1098 F08 [2008],26.639485948049227,1.01921585650409,10/05/2008 13:00:00,0,,World Superbikes,
441,Bike,Ducati 1098 F08 [2008],26.640479396504297,1.0183227830306891,30/05/2008 13:00:00,0,,World Superbikes,
441,Bike,Ducati 1098 F08 [2008],26.640734917566522,1.017563497586048,30/05/2008 13:00:00,1,,World Superbikes,
441,Bike,Ducati 1098 F08 [2008],26.64207457772236,1.01697580817315,31/05/2008 13:00:00,0,,World Superbikes,
441,Bike,Ducati 1098 F08 [2008],26.64318963205762,1.0165462172991668,12/06/2008 13:00:00,0,,World Superbikes,
441,Bike,Ducati 1098 F08 [2008],26.644219146707066,1.0162735882591105,13/06/2008 13:00:00,0,,World Superbikes,
441,Bike,Ducati 1098 F08 [2008],26.644831708101037,1.0161379388976994,14/06/2008 13:00:00,0,,World Superbikes,
441,Bike,Ducati 1098 F08 [2008],26.645178546794817,1.0161566427956519,26/06/2008 13:00:00,0,,World Superbikes,
441,Bike,Ducati 1098 F08 [2008],26.645714619994216,1.0163129006204727,27/06/2008 13:00:00,0,,World Superbikes,
441,Bike,Ducati 1098 F08 [2008],26.6459408697279,1.0166233834954594,28/06/2008 13:00:00,0,,World Superbikes,
441,Bike,Ducati 1098 F08 [2008],26.645784644296153,1.0170827109415506,17/07/2008 13:00:00,0,,World Superbikes,
441,Bike,Ducati 1098 F08 [2008],26.645409080520476,1.0177090095956431,18/07/2008 13:00:00,0,,World Superbikes,
441,Bike,Ducati 1098 F08 [2008],26.644473851577455,1.0184976332976186,19/07/2008 13:00:00,0,,World Superbikes,
441,Bike,Ducati 1098 F08 [2008],26.642468393379282,1.0194265525627768,01/08/2008 13:00:00,0,,World Superbikes,
441,Bike,Ducati 1098 F08 [2008],26.64179502453625,1.0205304722505648,01/08/2008 13:00:00,1,,World Superbikes,
441,Bike,Ducati 1098 F08 [2008],26.641448854788795,1.0217736985032848,02/08/2008 13:00:00,0,,World Superbikes,
441,Bike,Ducati 1098 F08 [2008],26.6413463295041,1.023147580326693,05/09/2008 13:00:00,0,,World Superbikes,
441,Bike,Ducati 1098 F08 [2008],26.64116255012199,1.0246657202895992,05/09/2008 13:00:00,1,,World Superbikes,
441,Bike,Ducati 1098 F08 [2008],26.641146696395925,1.0263570454815278,06/09/2008 13:00:00,0,,World Superbikes,
441,Bike,Ducati 1098 F08 [2008],26.64086871117855,1.028186198753376,18/09/2008 13:00:00,0,,World Superbikes,
441,Bike,Ducati 1098 F08 [2008],26.641624406953035,1.0301836446582295,19/09/2008 13:00:00,0,,World Superbikes,
441,Bike,Ducati 1098 F08 [2008],26.64134766319533,1.0323151255267562,20/09/2008 13:00:00,0,,World Superbikes,
441,Bike,Ducati 1098 F08 [2008],26.640688430571934,1.0345820891761086,02/10/2008 13:00:00,0,,World Superbikes,
441,Bike,Ducati 1098 F08 [2008],26.64086067819912,1.0370130418799068,03/10/2008 13:00:00,0,,World Superbikes,
441,Bike,Ducati 1098 F08 [2008],26.640723321170405,1.0395755407579577,04/10/2008 13:00:00,0,,World Superbikes,
441,Bike,Ducati 1098 F08 [2008],26.641379141151795,1.0423053480361837,31/10/2008 13:00:00,0,,World Superbikes,
441,Bike,Ducati 1098 F08 [2008],26.642187341784805,1.0452092997799967,31/10/2008 13:00:00,1,,World Superbikes,
441,Bike,Ducati 1098 F08 [2008],26.64292233385688,1.0482701592691825,01/11/2008 13:00:00,0,,World Superbikes,
442,Bike,Suzuki GSX-R1000 K8 [2008],24.786626065259117,1.0164565607146006,20/02/2008 13:00:00,0,,World Superbikes,
442,Bike,Suzuki GSX-R1000 K8 [2008],24.785957547753878,1.013313958406083,21/02/2008 13:00:00,0,,World Superbikes,
442,Bike,Suzuki GSX-R1000 K8 [2008],24.784956783594964,1.010337675204182,22/02/2008 13:00:00,0,,World Superbikes,
442,Bike,Suzuki GSX-R1000 K8 [2008],24.783901432625584,1.0075245116163014,28/02/2008 13:00:00,0,,World Superbikes,
442,Bike,Suzuki GSX-R1000 K8 [2008],24.782352050291376,1.0048758170879708,29/02/2008 13:00:00,0,,World Superbikes,
442,Bike,Suzuki GSX-R1000 K8 [2008],24.7806970624084,1.002394497054451,29/02/2008 13:00:00,1,,World Superbikes,
442,Bike,Suzuki GSX-R1000 K8 [2008],24.77901934186265,1.000071573526088,03/04/2008 13:00:00,0,,World Superbikes,
442,Bike,Suzuki GSX-R1000 K8 [2008],24.77673426122611,0.9979012635678274,04/04/2008 13:00:00,0,,World Superbikes,
442,Bike,Suzuki GSX-R1000 K8 [2008],24.77353919390813,0.9958933723689986,05/04/2008 13:00:00,0,,World Superbikes,
442,Bike,Suzuki GSX-R1000 K8 [2008],24.769462773108046,0.9940279206750646,24/04/2008 13:00:00,0,,World Superbikes,
442,Bike,Suzuki GSX-R1000 K8 [2008],24.76469739911016,0.99232542292381,25/04/2008 13:00:00,0,,World Superbikes,
442,Bike,Suzuki GSX-R1000 K8 [2008],24.759452921442573,0.9907867243451352,26/04/2008 13:00:00,0,,World Superbikes,
442,Bike,Suzuki GSX-R1000 K8 [2008],24.754092474423345,0.9894073958347036,08/05/2008 13:00:00,0,,World Superbikes,
442,Bike,Suzuki GSX-R1000 K8 [2008],24.747711466573293,0.9881753618426664,09/05/2008 13:00:00,0,,World Superbikes,
442,Bike,Suzuki GSX-R1000 K8 [2008],24.740008105091068,0.9870934041070515,10/05/2008 13:00:00,0,,World Superbikes,
442,Bike,Suzuki GSX-R1000 K8 [2008],24.731434680258463,0.9861645849443511,30/05/2008 13:00:00,0,,World Superbikes,
442,Bike,Suzuki GSX-R1000 K8 [2008],24.72329655712131,0.985375910887142,30/05/2008 13:00:00,1,,World Superbikes,
442,Bike,Suzuki GSX-R1000 K8 [2008],24.71518515859729,0.9847248876537095,31/05/2008 13:00:00,0,,World Superbikes,
442,Bike,Suzuki GSX-R1000 K8 [2008],24.707028588619995,0.984224671043706,12/06/2008 13:00:00,0,,World Superbikes,
442,Bike,Suzuki GSX-R1000 K8 [2008],24.69837286076259,0.9838853339702599,13/06/2008 13:00:00,0,,World Superbikes,
442,Bike,Suzuki GSX-R1000 K8 [2008],24.68944004888247,0.983704215913913,14/06/2008 13:00:00,0,,World Superbikes,
442,Bike,Suzuki GSX-R1000 K8 [2008],24.68105716381882,0.9836562050113634,26/06/2008 13:00:00,0,,World Superbikes,
442,Bike,Suzuki GSX-R1000 K8 [2008],24.673579071522784,0.9837740793770378,27/06/2008 13:00:00,0,,World Superbikes,
442,Bike,Suzuki GSX-R1000 K8 [2008],24.666234608579202,0.9840565923826725,28/06/2008 13:00:00,0,,World Superbikes,
442,Bike,Suzuki GSX-R1000 K8 [2008],24.65965000853622,0.9844984022742811,17/07/2008 13:00:00,0,,World Superbikes,
442,Bike,Suzuki GSX-R1000 K8 [2008],24.653249701242977,0.9850856194392592,18/07/2008 13:00:00,0,,World Superbikes,
442,Bike,Suzuki GSX-R1000 K8 [2008],24.646226221975592,0.9858211769831019,19/07/2008 13:00:00,0,,World Superbikes,
442,Bike,Suzuki GSX-R1000 K8 [2008],24.63932202891165,0.9867181426801032,01/08/2008 13:00:00,0,,World Superbikes,
442,Bike,Suzuki GSX-R1000 K8 [2008],24.63210622695793,0.9877801295288782,01/08/2008 13:00:00,1,,World Superbikes,
442,Bike,Suzuki GSX-R1000 K8 [2008],24.62424935468677,0.9890035486342628,02/08/2008 13:00:00,0,,World Superbikes,
442,Bike,Suzuki GSX-R1000 K8 [2008],24.616542187827225,0.9903869908994797,05/09/2008 13:00:00,0,,World Superbikes,
442,Bike,Suzuki GSX-R1000 K8 [2008],24.609987058830267,0.9919407578896554,05/09/2008 13:00:00,1,,World Superbikes,
442,Bike,Suzuki GSX-R1000 K8 [2008],24.60493881063898,0.9936626623304122,06/09/2008 13:00:00,0,,World Superbikes,
442,Bike,Suzuki GSX-R1000 K8 [2008],24.601353301757865,0.9955374045454786,18/09/2008 13:00:00,0,,World Superbikes,
442,Bike,Suzuki GSX-R1000 K8 [2008],24.598826547704792,0.9975804037574346,19/09/2008 13:00:00,0,,World Superbikes,
442,Bike,Suzuki GSX-R1000 K8 [2008],24.595811622881143,0.9997840051449655,20/09/2008 13:00:00,0,,World Superbikes,
442,Bike,Suzuki GSX-R1000 K8 [2008],24.592859625384563,1.0021495628399437,02/10/2008 13:00:00,0,,World Superbikes,
442,Bike,Suzuki GSX-R1000 K8 [2008],24.58971674694537,1.0046826660202226,03/10/2008 13:00:00,0,,World Superbikes,
442,Bike,Suzuki GSX-R1000 K8 [2008],24.58799370675264,1.0073824933738047,04/10/2008 13:00:00,0,,World Superbikes,
442,Bike,Suzuki GSX-R1000 K8 [2008],24.586401999828656,1.0102369347523994,31/10/2008 13:00:00,0,,World Superbikes,
442,Bike,Suzuki GSX-R1000 K8 [2008],24.58520195986042,1.0132468091403513,31/10/2008 13:00:00,1,,World Superbikes,
442,Bike,Suzuki GSX-R1000 K8 [2008],24.5835769160548,1.0164090818479763,01/11/2008 13:00:00,0,,World Superbikes,
443,Bike,Ducati 1098 RS08 [2008],22.81966722635383,1.0067887308614296,20/02/2008 13:00:00,0,,World Superbikes,
443,Bike,Ducati 1098 RS08 [2008],22.819303925513687,1.003615838922273,21/02/2008 13:00:00,0,,World Superbikes,
443,Bike,Ducati 1098 RS08 [2008],22.818599853137282,1.0006105291401033,22/02/2008 13:00:00,0,,World Superbikes,
443,Bike,Ducati 1098 RS08 [2008],22.816998711233868,0.9977605977565596,28/02/2008 13:00:00,0,,World Superbikes,
443,Bike,Ducati 1098 RS08 [2008],22.81532269048562,0.9950745551170632,29/02/2008 13:00:00,0,,World Superbikes,
443,Bike,Ducati 1098 RS08 [2008],22.813493566578867,0.9925526726816305,29/02/2008 13:00:00,1,,World Superbikes,
443,Bike,Ducati 1098 RS08 [2008],22.812126613488918,0.9901875327835751,03/04/2008 13:00:00,0,,World Superbikes,
443,Bike,Ducati 1098 RS08 [2008],22.81132119019989,0.987988396878785,04/04/2008 13:00:00,0,,World Superbikes,
443,Bike,Ducati 1098 RS08 [2008],22.810149436153097,0.9859541648497387,05/04/2008 13:00:00,0,,World Superbikes,
443,Bike,Ducati 1098 RS08 [2008],22.80901431167863,0.9840705096158623,24/04/2008 13:00:00,0,,World Superbikes,
443,Bike,Ducati 1098 RS08 [2008],22.80788057806042,0.9823392080634724,25/04/2008 13:00:00,0,,World Superbikes,
443,Bike,Ducati 1098 RS08 [2008],22.807355171921397,0.9807421241309209,26/04/2008 13:00:00,0,,World Superbikes,
443,Bike,Ducati 1098 RS08 [2008],22.806975951120865,0.979286419764816,08/05/2008 13:00:00,0,,World Superbikes,
443,Bike,Ducati 1098 RS08 [2008],22.80736951181165,0.9779936415040584,09/05/2008 13:00:00,0,,World Superbikes,
443,Bike,Ducati 1098 RS08 [2008],22.80859940434399,0.9768629841166041,10/05/2008 13:00:00,0,,World Superbikes,
443,Bike,Ducati 1098 RS08 [2008],22.810459415002924,0.9758855067322626,30/05/2008 13:00:00,0,,World Superbikes,
443,Bike,Ducati 1098 RS08 [2008],22.812656088673194,0.9750699501577826,30/05/2008 13:00:00,1,,World Superbikes,
443,Bike,Ducati 1098 RS08 [2008],22.81558179518528,0.9744191560013996,31/05/2008 13:00:00,0,,World Superbikes,
443,Bike,Ducati 1098 RS08 [2008],22.819086087054238,0.9739182897779062,12/06/2008 13:00:00,0,,World Superbikes,
443,Bike,Ducati 1098 RS08 [2008],22.82308657004304,0.9735806378266564,13/06/2008 13:00:00,0,,World Superbikes,
443,Bike,Ducati 1098 RS08 [2008],22.826662938675153,0.9734029270848239,14/06/2008 13:00:00,0,,World Superbikes,
443,Bike,Ducati 1098 RS08 [2008],22.83026952849719,0.9733830641404873,26/06/2008 13:00:00,0,,World Superbikes,
443,Bike,Ducati 1098 RS08 [2008],22.832822402387386,0.973518179689207,27/06/2008 13:00:00,0,,World Superbikes,
443,Bike,Ducati 1098 RS08 [2008],22.835000242305686,0.9738129888495688,28/06/2008 13:00:00,0,,World Superbikes,
443,Bike,Ducati 1098 RS08 [2008],22.836325944560265,0.9742613588077785,17/07/2008 13:00:00,0,,World Superbikes,
443,Bike,Ducati 1098 RS08 [2008],22.836318323329955,0.9748615278730105,18/07/2008 13:00:00,0,,World Superbikes,
443,Bike,Ducati 1098 RS08 [2008],22.83565465836216,0.9756146469813547,19/07/2008 13:00:00,0,,World Superbikes,
443,Bike,Ducati 1098 RS08 [2008],22.835065897087826,0.9765216081978174,01/08/2008 13:00:00,0,,World Superbikes,
443,Bike,Ducati 1098 RS08 [2008],22.83389876497162,0.9775910923267526,01/08/2008 13:00:00,1,,World Superbikes,
443,Bike,Ducati 1098 RS08 [2008],22.832859828945985,0.9788239755016157,02/08/2008 13:00:00,0,,World Superbikes,
443,Bike,Ducati 1098 RS08 [2008],22.831715917073915,0.9802063067409583,05/09/2008 13:00:00,0,,World Superbikes,
443,Bike,Ducati 1098 RS08 [2008],22.83055986713417,0.9817541642833902,05/09/2008 13:00:00,1,,World Superbikes,
443,Bike,Ducati 1098 RS08 [2008],22.829512276192716,0.9834701636194342,06/09/2008 13:00:00,0,,World Superbikes,
443,Bike,Ducati 1098 RS08 [2008],22.828570084567673,0.9853318781032927,18/09/2008 13:00:00,0,,World Superbikes,
443,Bike,Ducati 1098 RS08 [2008],22.82776107004578,0.9873557374924818,19/09/2008 13:00:00,0,,World Superbikes,
443,Bike,Ducati 1098 RS08 [2008],22.827244385500947,0.9895446661875411,20/09/2008 13:00:00,0,,World Superbikes,
443,Bike,Ducati 1098 RS08 [2008],22.826564189812895,0.9918915818501242,02/10/2008 13:00:00,0,,World Superbikes,
443,Bike,Ducati 1098 RS08 [2008],22.826687000633612,0.9944039467665412,03/10/2008 13:00:00,0,,World Superbikes,
443,Bike,Ducati 1098 RS08 [2008],22.826875652200542,0.9970813283352191,04/10/2008 13:00:00,0,,World Superbikes,
443,Bike,Ducati 1098 RS08 [2008],22.827406188482655,0.9999230203848298,31/10/2008 13:00:00,0,,World Superbikes,
443,Bike,Ducati 1098 RS08 [2008],22.827822457745214,1.0029336637500135,31/10/2008 13:00:00,1,,World Superbikes,
443,Bike,Ducati 1098 RS08 [2008],22.828307492629417,1.0061161247579267,01/11/2008 13:00:00,0,,World Superbikes,
444,Bike,Honda CBR1000RR [2008],20.280863760891986,1.0253885210440712,20/02/2008 13:00:00,0,,World Superbikes,
444,Bike,Honda CBR1000RR [2008],20.28081444156656,1.0222781831033472,21/02/2008 13:00:00,0,,World Superbikes,
444,Bike,Honda CBR1000RR [2008],20.280972521878994,1.0193336979476424,22/02/2008 13:00:00,0,,World Superbikes,
444,Bike,Honda CBR1000RR [2008],20.281536183316977,1.0165404475971906,28/02/2008 13:00:00,0,,World Superbikes,
444,Bike,Honda CBR1000RR [2008],20.282037649018516,1.013914145743264,29/02/2008 13:00:00,0,,World Superbikes,
444,Bike,Honda CBR1000RR [2008],20.282552915913676,1.0114518736488933,29/02/2008 13:00:00,1,,World Superbikes,
444,Bike,Honda CBR1000RR [2008],20.283033623694436,1.0091417301323848,03/04/2008 13:00:00,0,,World Superbikes,
444,Bike,Honda CBR1000RR [2008],20.283685589071688,1.0069847030932062,04/04/2008 13:00:00,0,,World Superbikes,
444,Bike,Honda CBR1000RR [2008],20.284178759504982,1.0049825185009902,05/04/2008 13:00:00,0,,World Superbikes,
444,Bike,Honda CBR1000RR [2008],20.28416902724838,1.003144752809292,24/04/2008 13:00:00,0,,World Superbikes,
444,Bike,Honda CBR1000RR [2008],20.284667351362163,1.0014651061519204,25/04/2008 13:00:00,0,,World Superbikes,
444,Bike,Honda CBR1000RR [2008],20.285225716203765,0.9999485624160686,26/04/2008 13:00:00,0,,World Superbikes,
444,Bike,Honda CBR1000RR [2008],20.286423187114725,0.9985858314451781,08/05/2008 13:00:00,0,,World Superbikes,
444,Bike,Honda CBR1000RR [2008],20.287573893821857,0.9973843918937655,09/05/2008 13:00:00,0,,World Superbikes,
444,Bike,Honda CBR1000RR [2008],20.28882001670638,0.9963423787720032,10/05/2008 13:00:00,0,,World Superbikes,
444,Bike,Honda CBR1000RR [2008],20.28998236799686,0.9954495488982379,30/05/2008 13:00:00,0,,World Superbikes,
444,Bike,Honda CBR1000RR [2008],20.291214460635445,0.9947150038700046,30/05/2008 13:00:00,1,,World Superbikes,
444,Bike,Honda CBR1000RR [2008],20.292092399789354,0.9941401677305739,31/05/2008 13:00:00,0,,World Superbikes,
444,Bike,Honda CBR1000RR [2008],20.291918877168822,0.993705336588978,12/06/2008 13:00:00,0,,World Superbikes,
444,Bike,Honda CBR1000RR [2008],20.291903062811024,0.9934259789854898,13/06/2008 13:00:00,0,,World Superbikes,
444,Bike,Honda CBR1000RR [2008],20.292512981987745,0.993300992767684,14/06/2008 13:00:00,0,,World Superbikes,
444,Bike,Honda CBR1000RR [2008],20.29257723933771,0.99333378404207,26/06/2008 13:00:00,0,,World Superbikes,
444,Bike,Honda CBR1000RR [2008],20.292959811324348,0.9935212431874677,27/06/2008 13:00:00,0,,World Superbikes,
444,Bike,Honda CBR1000RR [2008],20.293830433927404,0.9938599793457217,28/06/2008 13:00:00,0,,World Superbikes,
444,Bike,Honda CBR1000RR [2008],20.295689300478504,0.994349233863805,17/07/2008 13:00:00,0,,World Superbikes,
444,Bike,Honda CBR1000RR [2008],20.297971820139836,0.9949951732051768,18/07/2008 13:00:00,0,,World Superbikes,
444,Bike,Honda CBR1000RR [2008],20.30071516537166,0.9957944998478042,19/07/2008 13:00:00,0,,World Superbikes,
444,Bike,Honda CBR1000RR [2008],20.303855313554774,0.9967448676877587,01/08/2008 13:00:00,0,,World Superbikes,
444,Bike,Honda CBR1000RR [2008],20.306593090656662,0.9978503128270213,01/08/2008 13:00:00,1,,World Superbikes,
444,Bike,Honda CBR1000RR [2008],20.30909440252747,0.999110587075629,02/08/2008 13:00:00,0,,World Superbikes,
444,Bike,Honda CBR1000RR [2008],20.31180170291567,1.0005134999179774,05/09/2008 13:00:00,0,,World Superbikes,
444,Bike,Honda CBR1000RR [2008],20.313964513384345,1.0020721565668624,05/09/2008 13:00:00,1,,World Superbikes,
444,Bike,Honda CBR1000RR [2008],20.31559909476429,1.0037827438654132,06/09/2008 13:00:00,0,,World Superbikes,
444,Bike,Honda CBR1000RR [2008],20.316961039208564,1.005649046851647,18/09/2008 13:00:00,0,,World Superbikes,
444,Bike,Honda CBR1000RR [2008],20.317812202730344,1.0076662657464355,19/09/2008 13:00:00,0,,World Superbikes,
444,Bike,Honda CBR1000RR [2008],20.318701983092158,1.0098353805250035,20/09/2008 13:00:00,0,,World Superbikes,
444,Bike,Honda CBR1000RR [2008],20.319956250646047,1.0121534251842084,02/10/2008 13:00:00,0,,World Superbikes,
444,Bike,Honda CBR1000RR [2008],20.321228277731148,1.0146287335673176,03/10/2008 13:00:00,0,,World Superbikes,
444,Bike,Honda CBR1000RR [2008],20.32216631596602,1.0172569990690148,04/10/2008 13:00:00,0,,World Superbikes,
444,Bike,Honda CBR1000RR [2008],20.322772280451453,1.020035154006387,31/10/2008 13:00:00,0,,World Superbikes,
444,Bike,Honda CBR1000RR [2008],20.323300607045315,1.0229822250664555,31/10/2008 13:00:00,1,,World Superbikes,
444,Bike,Honda CBR1000RR [2008],20.32426814174023,1.0260990702179795,01/11/2008 13:00:00,0,,World Superbikes,
445,Rider,Carlos Checa,40.86102813053236,0.7251916431672488,20/02/2008 13:00:00,0,Honda CBR1000RR [2008],World Superbikes,
445,Rider,Carlos Checa,40.86358279886435,0.7205898183021014,21/02/2008 13:00:00,0,Honda CBR1000RR [2008],World Superbikes,
445,Rider,Carlos Checa,40.86612599892551,0.7160827479901251,22/02/2008 13:00:00,0,Honda CBR1000RR [2008],World Superbikes,
445,Rider,Carlos Checa,40.869050244237016,0.7116657934184615,28/02/2008 13:00:00,0,Honda CBR1000RR [2008],World Superbikes,
445,Rider,Carlos Checa,40.87253920232404,0.7073414380993528,29/02/2008 13:00:00,0,Honda CBR1000RR [2008],World Superbikes,
445,Rider,Carlos Checa,40.87510625542668,0.7031014229083019,29/02/2008 13:00:00,1,Honda CBR1000RR [2008],World Superbikes,
445,Rider,Carlos Checa,40.87703823174569,0.6989405874388483,03/04/2008 13:00:00,0,Honda CBR1000RR [2008],World Superbikes,
445,Rider,Carlos Checa,40.87774013522482,0.6948613043692633,04/04/2008 13:00:00,0,Honda CBR1000RR [2008],World Superbikes,
445,Rider,Carlos Checa,40.87634248555052,0.6908428568684499,05/04/2008 13:00:00,0,Honda CBR1000RR [2008],World Superbikes,
445,Rider,Carlos Checa,40.874857070934794,0.6869077056126641,24/04/2008 13:00:00,0,Honda CBR1000RR [2008],World Superbikes,
445,Rider,Carlos Checa,40.8742576259136,0.6830590816918776,25/04/2008 13:00:00,0,Honda CBR1000RR [2008],World Superbikes,
445,Rider,Carlos Checa,40.87389040103611,0.679293293730732,26/04/2008 13:00:00,0,Honda CBR1000RR [2008],World Superbikes,
445,Rider,Carlos Checa,40.87330724507954,0.6756045571561546,08/05/2008 13:00:00,0,Honda CBR1000RR [2008],World Superbikes,
445,Rider,Carlos Checa,40.87374413296442,0.6719984112374361,09/05/2008 13:00:00,0,Honda CBR1000RR [2008],World Superbikes,
445,Rider,Carlos Checa,40.87504408925166,0.6684715990300902,10/05/2008 13:00:00,0,Honda CBR1000RR [2008],World Superbikes,
445,Rider,Carlos Checa,40.875562099237996,0.6650165688924795,30/05/2008 13:00:00,0,Honda CBR1000RR [2008],World Superbikes,
445,Rider,Carlos Checa,40.87485937138666,0.6616281562528522,30/05/2008 13:00:00,1,Honda CBR1000RR [2008],World Superbikes,
445,Rider,Carlos Checa,40.8731715292335,0.6583090656065129,31/05/2008 13:00:00,0,Honda CBR1000RR [2008],World Superbikes,
445,Rider,Carlos Checa,40.86928343151472,0.6550376069046917,12/06/2008 13:00:00,0,Honda CBR1000RR [2008],World Superbikes,
445,Rider,Carlos Checa,40.86403973993001,0.6518301109269464,13/06/2008 13:00:00,0,Honda CBR1000RR [2008],World Superbikes,
445,Rider,Carlos Checa,40.85948795910561,0.6486958402870544,14/06/2008 13:00:00,0,Honda CBR1000RR [2008],World Superbikes,
445,Rider,Carlos Checa,40.85369111007976,0.6456229095539109,26/06/2008 13:00:00,0,Honda CBR1000RR [2008],World Superbikes,
445,Rider,Carlos Checa,40.84917906736424,0.6426212812343814,27/06/2008 13:00:00,0,Honda CBR1000RR [2008],World Superbikes,
445,Rider,Carlos Checa,40.84428937902262,0.6396864371080299,28/06/2008 13:00:00,0,Honda CBR1000RR [2008],World Superbikes,
445,Rider,Carlos Checa,40.84039433364908,0.6368157687542949,17/07/2008 13:00:00,0,Honda CBR1000RR [2008],World Superbikes,
445,Rider,Carlos Checa,40.83770194030745,0.6340127049141046,18/07/2008 13:00:00,0,Honda CBR1000RR [2008],World Superbikes,
445,Rider,Carlos Checa,40.83509179808947,0.6312749672005491,19/07/2008 13:00:00,0,Honda CBR1000RR [2008],World Superbikes,
445,Rider,Carlos Checa,40.83385414838578,0.6285948054244144,01/08/2008 13:00:00,0,Honda CBR1000RR [2008],World Superbikes,
445,Rider,Carlos Checa,40.83363207825856,0.6259785837167953,01/08/2008 13:00:00,1,Honda CBR1000RR [2008],World Superbikes,
445,Rider,Carlos Checa,40.833537147974496,0.6234247308892249,02/08/2008 13:00:00,0,Honda CBR1000RR [2008],World Superbikes,
445,Rider,Carlos Checa,40.83430095293853,0.6209265179234649,05/09/2008 13:00:00,0,Honda CBR1000RR [2008],World Superbikes,
445,Rider,Carlos Checa,40.834690599584114,0.6184894428242034,05/09/2008 13:00:00,1,Honda CBR1000RR [2008],World Superbikes,
445,Rider,Carlos Checa,40.83441995879675,0.616111567695792,06/09/2008 13:00:00,0,Honda CBR1000RR [2008],World Superbikes,
445,Rider,Carlos Checa,40.83281560509145,0.6137848226006598,18/09/2008 13:00:00,0,Honda CBR1000RR [2008],World Superbikes,
445,Rider,Carlos Checa,40.83113293019679,0.6115147034624384,19/09/2008 13:00:00,0,Honda CBR1000RR [2008],World Superbikes,
445,Rider,Carlos Checa,40.828967534615884,0.6092988463525931,20/09/2008 13:00:00,0,Honda CBR1000RR [2008],World Superbikes,
445,Rider,Carlos Checa,40.82813905485114,0.6071320322932621,02/10/2008 13:00:00,0,Honda CBR1000RR [2008],World Superbikes,
445,Rider,Carlos Checa,40.82617940911495,0.6050110924796709,04/10/2008 13:00:00,0,Honda CBR1000RR [2008],World Superbikes,
445,Rider,Carlos Checa,40.82364218961294,0.6029373419134861,31/10/2008 13:00:00,0,Honda CBR1000RR [2008],World Superbikes,
445,Rider,Carlos Checa,40.82066644126609,0.600916357114317,31/10/2008 13:00:00,1,Honda CBR1000RR [2008],World Superbikes,
445,Rider,Carlos Checa,40.81777532395232,0.5989479741793383,01/11/2008 13:00:00,0,Honda CBR1000RR [2008],World Superbikes,
445,Rider,Carlos Checa,40.81549792520026,0.5970263942811447,26/02/2009 13:00:00,0,Honda CBR1000RR [2009],World Superbikes,
445,Rider,Carlos Checa,40.813790906238744,0.5951568881121231,27/02/2009 13:00:00,0,Honda CBR1000RR [2009],World Superbikes,
445,Rider,Carlos Checa,40.81264788681857,0.5933386532664203,27/02/2009 13:00:00,1,Honda CBR1000RR [2009],World Superbikes,
445,Rider,Carlos Checa,40.81300413824819,0.5915653532737886,27/02/2009 13:00:00,2,Honda CBR1000RR [2009],World Superbikes,
445,Rider,Carlos Checa,40.81321025046824,0.5898370718348451,27/02/2009 13:00:00,3,Honda CBR1000RR [2009],World Superbikes,
445,Rider,Carlos Checa,40.81422110156793,0.588134731760023,11/03/2009 13:00:00,0,Honda CBR1000RR [2009],World Superbikes,
445,Rider,Carlos Checa,40.813657179209756,0.5864714558460344,12/03/2009 13:00:00,0,Honda CBR1000RR [2009],World Superbikes,
445,Rider,Carlos Checa,40.81469533137911,0.5848545434007462,12/03/2009 13:00:00,1,Honda CBR1000RR [2009],World Superbikes,
445,Rider,Carlos Checa,40.815360140293215,0.583282444394129,12/03/2009 13:00:00,2,Honda CBR1000RR [2009],World Superbikes,
445,Rider,Carlos Checa,40.815668097844856,0.5817509509041957,12/03/2009 13:00:00,3,Honda CBR1000RR [2009],World Superbikes,
445,Rider,Carlos Checa,40.817040950096626,0.5802426490089493,03/04/2009 13:00:00,0,Honda CBR1000RR [2009],World Superbikes,
445,Rider,Carlos Checa,40.819194725193434,0.5787783547404185,03/04/2009 13:00:00,1,Honda CBR1000RR [2009],World Superbikes,
445,Rider,Carlos Checa,40.82181842290357,0.5773578094783538,04/04/2009 13:00:00,0,Honda CBR1000RR [2009],World Superbikes,
445,Rider,Carlos Checa,40.822392761853706,0.5759557364434177,04/04/2009 13:00:00,1,Honda CBR1000RR [2009],World Superbikes,
445,Rider,Carlos Checa,40.823026404072266,0.57459085249855,04/04/2009 13:00:00,2,Honda CBR1000RR [2009],World Superbikes,
445,Rider,Carlos Checa,40.82520180871899,0.5732323022197335,24/04/2009 13:00:00,0,Honda CBR1000RR [2009],World Superbikes,
445,Rider,Carlos Checa,40.82619263965475,0.571909545714309,24/04/2009 13:00:00,1,Honda CBR1000RR [2009],World Superbikes,
445,Rider,Carlos Checa,40.82678731600513,0.5706252010449263,25/04/2009 13:00:00,0,Honda CBR1000RR [2009],World Superbikes,
445,Rider,Carlos Checa,40.82840366548095,0.5693755362951154,25/04/2009 13:00:00,1,Honda CBR1000RR [2009],World Superbikes,
445,Rider,Carlos Checa,40.829219296948004,0.5681592328846258,25/04/2009 13:00:00,2,Honda CBR1000RR [2009],World Superbikes,
445,Rider,Carlos Checa,40.830943215863655,0.5669600037894187,08/05/2009 13:00:00,0,Honda CBR1000RR [2009],World Superbikes,
445,Rider,Carlos Checa,40.83244724687484,0.5657968722120752,08/05/2009 13:00:00,1,Honda CBR1000RR [2009],World Superbikes,
445,Rider,Carlos Checa,40.83463018143367,0.5646698481922873,09/05/2009 13:00:00,0,Honda CBR1000RR [2009],World Superbikes,
445,Rider,Carlos Checa,40.83777750461872,0.5635763438316572,09/05/2009 13:00:00,1,Honda CBR1000RR [2009],World Superbikes,
445,Rider,Carlos Checa,40.84114660059065,0.5625139670505551,15/05/2009 13:00:00,0,Honda CBR1000RR [2009],World Superbikes,
445,Rider,Carlos Checa,40.844967011422966,0.5614846937847693,15/05/2009 13:00:00,1,Honda CBR1000RR [2009],World Superbikes,
445,Rider,Carlos Checa,40.84861034552176,0.5604885362401294,16/05/2009 13:00:00,0,Honda CBR1000RR [2009],World Superbikes,
445,Rider,Carlos Checa,40.85301783265166,0.5595233332475159,16/05/2009 13:00:00,1,Honda CBR1000RR [2009],World Superbikes,
445,Rider,Carlos Checa,40.85600781887996,0.5585808953123128,16/05/2009 13:00:00,2,Honda CBR1000RR [2009],World Superbikes,
445,Rider,Carlos Checa,40.859668645063955,0.5576493921154191,29/05/2009 13:00:00,0,Honda CBR1000RR [2009],World Superbikes,
445,Rider,Carlos Checa,40.8618446949881,0.5567414771830793,29/05/2009 13:00:00,1,Honda CBR1000RR [2009],World Superbikes,
445,Rider,Carlos Checa,40.8631061685029,0.5558609629991638,30/05/2009 13:00:00,0,Honda CBR1000RR [2009],World Superbikes,
445,Rider,Carlos Checa,40.863518498263005,0.5550065700766983,30/05/2009 13:00:00,1,Honda CBR1000RR [2009],World Superbikes,
445,Rider,Carlos Checa,40.86344813739434,0.5541774098124823,30/05/2009 13:00:00,2,Honda CBR1000RR [2009],World Superbikes,
445,Rider,Carlos Checa,40.8621739836787,0.5533540293241578,19/06/2009 13:00:00,0,Honda CBR1000RR [2009],World Superbikes,
445,Rider,Carlos Checa,40.86042664224747,0.5525595187086734,19/06/2009 13:00:00,1,Honda CBR1000RR [2009],World Superbikes,
445,Rider,Carlos Checa,40.858781805984805,0.5517943486100504,20/06/2009 13:00:00,0,Honda CBR1000RR [2009],World Superbikes,
445,Rider,Carlos Checa,40.85684085001221,0.5510552764802651,20/06/2009 13:00:00,1,Honda CBR1000RR [2009],World Superbikes,
445,Rider,Carlos Checa,40.85343152078388,0.5503341794394093,20/06/2009 13:00:00,2,Honda CBR1000RR [2009],World Superbikes,
445,Rider,Carlos Checa,40.85087780735822,0.5496177860585169,26/06/2009 13:00:00,0,Honda CBR1000RR [2009],World Superbikes,
445,Rider,Carlos Checa,40.84816655326494,0.5489288297334479,26/06/2009 13:00:00,1,Honda CBR1000RR [2009],World Superbikes,
445,Rider,Carlos Checa,40.84765424532584,0.548265393015876,27/06/2009 13:00:00,0,Honda CBR1000RR [2009],World Superbikes,
445,Rider,Carlos Checa,40.84564500912854,0.5476201325739366,27/06/2009 13:00:00,1,Honda CBR1000RR [2009],World Superbikes,
445,Rider,Carlos Checa,40.84362548484174,0.546997404436153,27/06/2009 13:00:00,2,Honda CBR1000RR [2009],World Superbikes,
445,Rider,Carlos Checa,40.842413727969785,0.5463829927262152,24/07/2009 13:00:00,0,Honda CBR1000RR [2009],World Superbikes,
445,Rider,Carlos Checa,40.839800049543555,0.5457866877583516,24/07/2009 13:00:00,1,Honda CBR1000RR [2009],World Superbikes,
445,Rider,Carlos Checa,40.836338992669056,0.5452120722910971,25/07/2009 13:00:00,0,Honda CBR1000RR [2009],World Superbikes,
445,Rider,Carlos Checa,40.832945410722964,0.5446609272546474,25/07/2009 13:00:00,1,Honda CBR1000RR [2009],World Superbikes,
445,Rider,Carlos Checa,40.83007629070176,0.5441305073206006,04/09/2009 13:00:00,0,Honda CBR1000RR [2009],World Superbikes,
445,Rider,Carlos Checa,40.82771964743409,0.5436240541211,04/09/2009 13:00:00,1,Honda CBR1000RR [2009],World Superbikes,
445,Rider,Carlos Checa,40.82496635272359,0.5431391338214597,05/09/2009 13:00:00,0,Honda CBR1000RR [2009],World Superbikes,
445,Rider,Carlos Checa,40.82198197846238,0.5426751236673666,05/09/2009 13:00:00,1,Honda CBR1000RR [2009],World Superbikes,
445,Rider,Carlos Checa,40.81890816404264,0.5422298927884794,05/09/2009 13:00:00,2,Honda CBR1000RR [2009],World Superbikes,
445,Rider,Carlos Checa,40.81724803896848,0.5417717560456355,25/09/2009 13:00:00,0,Honda CBR1000RR [2009],World Superbikes,
445,Rider,Carlos Checa,40.81543286309249,0.5413355277989297,26/09/2009 13:00:00,0,Honda CBR1000RR [2009],World Superbikes,
445,Rider,Carlos Checa,40.81415008675832,0.5409193755385983,26/09/2009 13:00:00,1,Honda CBR1000RR [2009],World Superbikes,
445,Rider,Carlos Checa,40.81400441903933,0.5405187773452353,02/10/2009 13:00:00,0,Honda CBR1000RR [2009],World Superbikes,
445,Rider,Carlos Checa,40.81292744989304,0.5401351317138356,02/10/2009 13:00:00,1,Honda CBR1000RR [2009],World Superbikes,
445,Rider,Carlos Checa,40.813035012394955,0.5397709600532331,03/10/2009 13:00:00,0,Honda CBR1000RR [2009],World Superbikes,
445,Rider,Carlos Checa,40.813602664221285,0.5394256934580147,03/10/2009 13:00:00,1,Honda CBR1000RR [2009],World Superbikes,
445,Rider,Carlos Checa,40.81505452426387,0.539096238328041,23/10/2009 13:00:00,0,Honda CBR1000RR [2009],World Superbikes,
445,Rider,Carlos Checa,40.81522953568949,0.5387817441471102,23/10/2009 13:00:00,1,Honda CBR1000RR [2009],World Superbikes,
445,Rider,Carlos Checa,40.81593477291713,0.5384870540763512,24/10/2009 13:00:00,0,Honda CBR1000RR [2009],World Superbikes,
445,Rider,Carlos Checa,40.81647398929508,0.5382106543609096,24/10/2009 13:00:00,1,Honda CBR1000RR [2009],World Superbikes,
445,Rider,Carlos Checa,40.81794657493642,0.5379484299136162,25/02/2010 13:00:00,0,Ducati 1098R [2010],World Superbikes,
445,Rider,Carlos Checa,40.81785386835829,0.5376768979799886,26/02/2010 13:00:00,0,Ducati 1098R [2010],World Superbikes,
445,Rider,Carlos Checa,40.81626875338025,0.5373937969117968,26/02/2010 13:00:00,1,Ducati 1098R [2010],World Superbikes,
445,Rider,Carlos Checa,40.81454075798454,0.5371248332583806,26/02/2010 13:00:00,2,Ducati 1098R [2010],World Superbikes,
445,Rider,Carlos Checa,40.81235452306696,0.5368657325880728,26/02/2010 13:00:00,3,Ducati 1098R [2010],World Superbikes,
445,Rider,Carlos Checa,40.810532553181346,0.536612299512104,26/03/2010 13:00:00,0,Ducati 1098R [2010],World Superbikes,
445,Rider,Carlos Checa,40.80813658253098,0.5363705527728111,26/03/2010 13:00:00,1,Ducati 1098R [2010],World Superbikes,
445,Rider,Carlos Checa,40.805988309776794,0.5361451196721495,27/03/2010 13:00:00,0,Ducati 1098R [2010],World Superbikes,
445,Rider,Carlos Checa,40.80518885536903,0.535937609035504,27/03/2010 13:00:00,1,Ducati 1098R [2010],World Superbikes,
445,Rider,Carlos Checa,40.804838050041866,0.5357442456132343,27/03/2010 13:00:00,2,Ducati 1098R [2010],World Superbikes,
445,Rider,Carlos Checa,40.80435359365202,0.5355540048272032,09/04/2010 13:00:00,0,Ducati 1098R [2010],World Superbikes,
445,Rider,Carlos Checa,40.80231218923579,0.5353538202406404,09/04/2010 13:00:00,1,Ducati 1098R [2010],World Superbikes,
445,Rider,Carlos Checa,40.80080242773768,0.5351702082228005,10/04/2010 13:00:00,0,Ducati 1098R [2010],World Superbikes,
445,Rider,Carlos Checa,40.7991603933977,0.5350000690284324,10/04/2010 13:00:00,1,Ducati 1098R [2010],World Superbikes,
445,Rider,Carlos Checa,40.79595214778217,0.5348183391950427,10/04/2010 13:00:00,2,Ducati 1098R [2010],World Superbikes,
445,Rider,Carlos Checa,40.79211148526904,0.53463355779393,23/04/2010 13:00:00,0,Ducati 1098R [2010],World Superbikes,
445,Rider,Carlos Checa,40.7885830664381,0.5344634595748097,23/04/2010 13:00:00,1,Ducati 1098R [2010],World Superbikes,
445,Rider,Carlos Checa,40.78493182258126,0.5343065894298328,24/04/2010 13:00:00,0,Ducati 1098R [2010],World Superbikes,
445,Rider,Carlos Checa,40.78280632191179,0.5341656645337362,24/04/2010 13:00:00,1,Ducati 1098R [2010],World Superbikes,
445,Rider,Carlos Checa,40.78107405031457,0.5340391095883064,24/04/2010 13:00:00,2,Ducati 1098R [2010],World Superbikes,
445,Rider,Carlos Checa,40.780664597064586,0.5339171432316225,07/05/2010 13:00:00,0,Ducati 1098R [2010],World Superbikes,
445,Rider,Carlos Checa,40.782866797970065,0.5338089056606405,07/05/2010 13:00:00,1,Ducati 1098R [2010],World Superbikes,
445,Rider,Carlos Checa,40.78836365695921,0.5337099114358622,08/05/2010 13:00:00,0,Ducati 1098R [2010],World Superbikes,
445,Rider,Carlos Checa,40.79606319334681,0.5336258375415379,08/05/2010 13:00:00,1,Ducati 1098R [2010],World Superbikes,
445,Rider,Carlos Checa,40.80547118521449,0.5335564300915264,14/05/2010 13:00:00,0,Ducati 1098R [2010],World Superbikes,
445,Rider,Carlos Checa,40.81515741502456,0.5335007898335483,14/05/2010 13:00:00,1,Ducati 1098R [2010],World Superbikes,
445,Rider,Carlos Checa,40.82484828305074,0.5334583011436134,15/05/2010 13:00:00,0,Ducati 1098R [2010],World Superbikes,
445,Rider,Carlos Checa,40.83517915649658,0.5334312706648708,15/05/2010 13:00:00,1,Ducati 1098R [2010],World Superbikes,
445,Rider,Carlos Checa,40.84394055472818,0.5333916349245514,15/05/2010 13:00:00,2,Ducati 1098R [2010],World Superbikes,
445,Rider,Carlos Checa,40.85269639693627,0.5333556153039132,29/05/2010 13:00:00,0,Ducati 1098R [2010],World Superbikes,
445,Rider,Carlos Checa,40.86156798647035,0.533332444419316,29/05/2010 13:00:00,1,Ducati 1098R [2010],World Superbikes,
445,Rider,Carlos Checa,40.870293276751866,0.5333212148258516,30/05/2010 13:00:00,0,Ducati 1098R [2010],World Superbikes,
445,Rider,Carlos Checa,40.87749878822108,0.5332967966218187,30/05/2010 13:00:00,1,Ducati 1098R [2010],World Superbikes,
445,Rider,Carlos Checa,40.88383042087136,0.533275771801045,30/05/2010 13:00:00,2,Ducati 1098R [2010],World Superbikes,
445,Rider,Carlos Checa,40.88876525239916,0.5332364465560656,25/06/2010 13:00:00,0,Ducati 1098R [2010],World Superbikes,
445,Rider,Carlos Checa,40.89377861977408,0.5332101096506724,25/06/2010 13:00:00,1,Ducati 1098R [2010],World Superbikes,
445,Rider,Carlos Checa,40.89974177248682,0.5332002209661131,26/06/2010 13:00:00,0,Ducati 1098R [2010],World Superbikes,
445,Rider,Carlos Checa,40.90607309322112,0.5332043691999983,26/06/2010 13:00:00,1,Ducati 1098R [2010],World Superbikes,
445,Rider,Carlos Checa,40.911543406827015,0.5332109738809938,26/06/2010 13:00:00,2,Ducati 1098R [2010],World Superbikes,
445,Rider,Carlos Checa,40.91781611775755,0.5332208967713825,09/07/2010 13:00:00,0,Ducati 1098R [2010],World Superbikes,
445,Rider,Carlos Checa,40.92392737730185,0.533242417144714,09/07/2010 13:00:00,1,Ducati 1098R [2010],World Superbikes,
445,Rider,Carlos Checa,40.93149439739607,0.5332793047725465,10/07/2010 13:00:00,0,Ducati 1098R [2010],World Superbikes,
445,Rider,Carlos Checa,40.93938070279008,0.5333284220043596,10/07/2010 13:00:00,1,Ducati 1098R [2010],World Superbikes,
445,Rider,Carlos Checa,40.947671057248336,0.5333896507967253,10/07/2010 13:00:00,2,Ducati 1098R [2010],World Superbikes,
445,Rider,Carlos Checa,40.958433964293,0.5334443358680664,30/07/2010 13:00:00,0,Ducati 1098R [2010],World Superbikes,
445,Rider,Carlos Checa,40.97014810428727,0.5335147817473856,30/07/2010 13:00:00,1,Ducati 1098R [2010],World Superbikes,
445,Rider,Carlos Checa,40.982648010088944,0.5336014159944222,31/07/2010 13:00:00,0,Ducati 1098R [2010],World Superbikes,
445,Rider,Carlos Checa,40.99503049602559,0.5336998120390366,31/07/2010 13:00:00,1,Ducati 1098R [2010],World Superbikes,
445,Rider,Carlos Checa,41.00874479419381,0.5338124602832713,03/09/2010 13:00:00,0,Ducati 1098R [2010],World Superbikes,
445,Rider,Carlos Checa,41.02095970112926,0.53391296036544,03/09/2010 13:00:00,1,Ducati 1098R [2010],World Superbikes,
445,Rider,Carlos Checa,41.03386717681728,0.5340283078738949,04/09/2010 13:00:00,0,Ducati 1098R [2010],World Superbikes,
445,Rider,Carlos Checa,41.04830203346545,0.534158944764374,04/09/2010 13:00:00,1,Ducati 1098R [2010],World Superbikes,
445,Rider,Carlos Checa,41.062158596694466,0.5342960171563795,04/09/2010 13:00:00,2,Ducati 1098R [2010],World Superbikes,
445,Rider,Carlos Checa,41.07574096204791,0.5344292409135958,24/09/2010 13:00:00,0,Ducati 1098R [2010],World Superbikes,
445,Rider,Carlos Checa,41.087843030606564,0.534549980725881,24/09/2010 13:00:00,1,Ducati 1098R [2010],World Superbikes,
445,Rider,Carlos Checa,41.100733901735815,0.5346838499854929,25/09/2010 13:00:00,0,Ducati 1098R [2010],World Superbikes,
445,Rider,Carlos Checa,41.11554515838907,0.534833349073415,25/09/2010 13:00:00,1,Ducati 1098R [2010],World Superbikes,
445,Rider,Carlos Checa,41.131551728020725,0.5349991312617141,01/10/2010 13:00:00,0,Ducati 1098R [2010],World Superbikes,
445,Rider,Carlos Checa,41.1484241164655,0.5351810927035144,01/10/2010 13:00:00,1,Ducati 1098R [2010],World Superbikes,
445,Rider,Carlos Checa,41.16739894814908,0.5353775839115605,02/10/2010 13:00:00,0,Ducati 1098R [2010],World Superbikes,
445,Rider,Carlos Checa,41.18789835149072,0.5355903273838089,02/10/2010 13:00:00,1,Ducati 1098R [2010],World Superbikes,
445,Rider,Carlos Checa,41.209091261102095,0.5358180740756401,02/10/2010 13:00:00,2,Ducati 1098R [2010],World Superbikes,
445,Rider,Carlos Checa,41.23196625005029,0.536047858478193,24/02/2011 13:00:00,0,Ducati 1098R [2011],World Superbikes,
445,Rider,Carlos Checa,41.2533527875748,0.5362663454777712,25/02/2011 13:00:00,0,Ducati 1098R [2011],World Superbikes,
445,Rider,Carlos Checa,41.27322332712319,0.536473044427463,25/02/2011 13:00:00,1,Ducati 1098R [2011],World Superbikes,
445,Rider,Carlos Checa,41.29162980025527,0.5366669486116625,25/02/2011 13:00:00,2,Ducati 1098R [2011],World Superbikes,
445,Rider,Carlos Checa,41.30864371663405,0.5368461852501721,25/02/2011 13:00:00,3,Ducati 1098R [2011],World Superbikes,
445,Rider,Carlos Checa,41.32441792734442,0.5370064483899282,25/03/2011 13:00:00,0,Ducati 1098R [2011],World Superbikes,
445,Rider,Carlos Checa,41.33988007164221,0.5371769493152488,25/03/2011 13:00:00,1,Ducati 1098R [2011],World Superbikes,
445,Rider,Carlos Checa,41.35690569479418,0.5373661811351721,26/03/2011 13:00:00,0,Ducati 1098R [2011],World Superbikes,
445,Rider,Carlos Checa,41.37374216559351,0.5375677358135014,26/03/2011 13:00:00,1,Ducati 1098R [2011],World Superbikes,
445,Rider,Carlos Checa,41.38926650228058,0.5377548589758975,26/03/2011 13:00:00,2,Ducati 1098R [2011],World Superbikes,
445,Rider,Carlos Checa,41.40369109787674,0.5379223753351439,15/04/2011 13:00:00,0,Ducati 1098R [2011],World Superbikes,
445,Rider,Carlos Checa,41.419629258927586,0.5381077981318018,15/04/2011 13:00:00,1,Ducati 1098R [2011],World Superbikes,
445,Rider,Carlos Checa,41.43615898665872,0.5383110727316934,16/04/2011 13:00:00,0,Ducati 1098R [2011],World Superbikes,
445,Rider,Carlos Checa,41.454162214286264,0.5385311846759445,16/04/2011 13:00:00,1,Ducati 1098R [2011],World Superbikes,
445,Rider,Carlos Checa,41.47150979459138,0.5387567374553043,16/04/2011 13:00:00,2,Ducati 1098R [2011],World Superbikes,
445,Rider,Carlos Checa,41.48764931223319,0.5389649820763751,06/05/2011 13:00:00,0,Ducati 1098R [2011],World Superbikes,
445,Rider,Carlos Checa,41.50584376290638,0.5391919053280156,06/05/2011 13:00:00,1,Ducati 1098R [2011],World Superbikes,
445,Rider,Carlos Checa,41.524604258205144,0.5394379684170947,07/05/2011 13:00:00,0,Ducati 1098R [2011],World Superbikes,
445,Rider,Carlos Checa,41.54526111303021,0.5397014068578331,07/05/2011 13:00:00,1,Ducati 1098R [2011],World Superbikes,
445,Rider,Carlos Checa,41.56836037110297,0.539975266768538,28/05/2011 13:00:00,0,Ducati 1098R [2011],World Superbikes,
445,Rider,Carlos Checa,41.59006237210745,0.540239501568044,28/05/2011 13:00:00,1,Ducati 1098R [2011],World Superbikes,
445,Rider,Carlos Checa,41.611852143719574,0.5405204917266228,29/05/2011 13:00:00,0,Ducati 1098R [2011],World Superbikes,
445,Rider,Carlos Checa,41.63472618958781,0.540819620321043,29/05/2011 13:00:00,1,Ducati 1098R [2011],World Superbikes,
445,Rider,Carlos Checa,41.65703732684124,0.5411247836046073,29/05/2011 13:00:00,2,Ducati 1098R [2011],World Superbikes,
445,Rider,Carlos Checa,41.67819812561932,0.5414122589382079,10/06/2011 13:00:00,0,Ducati 1098R [2011],World Superbikes,
445,Rider,Carlos Checa,41.6978639270075,0.5416908548287659,10/06/2011 13:00:00,1,Ducati 1098R [2011],World Superbikes,
445,Rider,Carlos Checa,41.71615230040918,0.5419588933129973,11/06/2011 13:00:00,0,Ducati 1098R [2011],World Superbikes,
445,Rider,Carlos Checa,41.73551298499808,0.5422468888299933,11/06/2011 13:00:00,1,Ducati 1098R [2011],World Superbikes,
445,Rider,Carlos Checa,41.75354645593874,0.5425229080734993,11/06/2011 13:00:00,2,Ducati 1098R [2011],World Superbikes,
445,Rider,Carlos Checa,41.771257061824315,0.5428020822009901,17/06/2011 13:00:00,0,Ducati 1098R [2011],World Superbikes,
445,Rider,Carlos Checa,41.788439793888884,0.5430895521843196,17/06/2011 13:00:00,1,Ducati 1098R [2011],World Superbikes,
445,Rider,Carlos Checa,41.80426695208051,0.5433668149089497,18/06/2011 13:00:00,0,Ducati 1098R [2011],World Superbikes,
445,Rider,Carlos Checa,41.819625871232695,0.5436522837101003,18/06/2011 13:00:00,1,Ducati 1098R [2011],World Superbikes,
445,Rider,Carlos Checa,41.83459677550773,0.5439420716249741,18/06/2011 13:00:00,2,Ducati 1098R [2011],World Superbikes,
445,Rider,Carlos Checa,41.85032581952423,0.544241315996245,08/07/2011 13:00:00,0,Ducati 1098R [2011],World Superbikes,
445,Rider,Carlos Checa,41.864650989371526,0.5445320467904645,08/07/2011 13:00:00,1,Ducati 1098R [2011],World Superbikes,
445,Rider,Carlos Checa,41.87998213151836,0.5448442459034655,09/07/2011 13:00:00,0,Ducati 1098R [2011],World Superbikes,
445,Rider,Carlos Checa,41.894754296841874,0.5451645180525927,09/07/2011 13:00:00,1,Ducati 1098R [2011],World Superbikes,
445,Rider,Carlos Checa,41.908263116411625,0.5454725641359638,09/07/2011 13:00:00,2,Ducati 1098R [2011],World Superbikes,
445,Rider,Carlos Checa,41.92193297699865,0.5457893557207304,29/07/2011 13:00:00,0,Ducati 1098R [2011],World Superbikes,
445,Rider,Carlos Checa,41.934526939583755,0.5460946604428869,29/07/2011 13:00:00,1,Ducati 1098R [2011],World Superbikes,
445,Rider,Carlos Checa,41.94684874474268,0.5464138063271771,30/07/2011 13:00:00,0,Ducati 1098R [2011],World Superbikes,
445,Rider,Carlos Checa,41.9592993254559,0.5467485938547472,30/07/2011 13:00:00,1,Ducati 1098R [2011],World Superbikes,
445,Rider,Carlos Checa,41.97070902679988,0.5470685842536023,30/07/2011 13:00:00,2,Ducati 1098R [2011],World Superbikes,
445,Rider,Carlos Checa,41.98301274931748,0.5474026430300691,02/09/2011 13:00:00,0,Ducati 1098R [2011],World Superbikes,
445,Rider,Carlos Checa,41.99399209786299,0.547728364995751,02/09/2011 13:00:00,1,Ducati 1098R [2011],World Superbikes,
445,Rider,Carlos Checa,42.003645478220434,0.5480460108243621,03/09/2011 13:00:00,0,Ducati 1098R [2011],World Superbikes,
445,Rider,Carlos Checa,42.01201697830449,0.5483542871276376,03/09/2011 13:00:00,1,Ducati 1098R [2011],World Superbikes,
445,Rider,Carlos Checa,42.01917647786427,0.5486510114138536,03/09/2011 13:00:00,2,Ducati 1098R [2011],World Superbikes,
445,Rider,Carlos Checa,42.025287178170665,0.548930986600323,23/09/2011 13:00:00,0,Ducati 1098R [2011],World Superbikes,
445,Rider,Carlos Checa,42.03091583593143,0.5492227744803025,23/09/2011 13:00:00,1,Ducati 1098R [2011],World Superbikes,
445,Rider,Carlos Checa,42.036764112059835,0.5495357071531078,24/09/2011 13:00:00,0,Ducati 1098R [2011],World Superbikes,
445,Rider,Carlos Checa,42.0426041801277,0.5498663293146855,24/09/2011 13:00:00,1,Ducati 1098R [2011],World Superbikes,
445,Rider,Carlos Checa,42.04851175674812,0.5502130787087381,24/09/2011 13:00:00,2,Ducati 1098R [2011],World Superbikes,
445,Rider,Carlos Checa,42.053392896920606,0.5505438065130549,30/09/2011 13:00:00,0,Ducati 1098R [2011],World Superbikes,
445,Rider,Carlos Checa,42.056934220429916,0.5508676947088705,30/09/2011 13:00:00,1,Ducati 1098R [2011],World Superbikes,
445,Rider,Carlos Checa,42.06301836117989,0.5512137793458447,01/10/2011 13:00:00,0,Ducati 1098R [2011],World Superbikes,
445,Rider,Carlos Checa,42.06781093223337,0.5515525302864146,01/10/2011 13:00:00,1,Ducati 1098R [2011],World Superbikes,
445,Rider,Carlos Checa,42.07414704029372,0.551911884671701,01/10/2011 13:00:00,2,Ducati 1098R [2011],World Superbikes,
445,Rider,Carlos Checa,42.080749116018744,0.5522846146721071,14/10/2011 13:00:00,0,Ducati 1098R [2011],World Superbikes,
445,Rider,Carlos Checa,42.08594732048314,0.5526532242532342,14/10/2011 13:00:00,1,Ducati 1098R [2011],World Superbikes,
445,Rider,Carlos Checa,42.09047965301965,0.5530367566424275,15/10/2011 13:00:00,0,Ducati 1098R [2011],World Superbikes,
445,Rider,Carlos Checa,42.09444628820997,0.5534334564874858,15/10/2011 13:00:00,1,Ducati 1098R [2011],World Superbikes,
445,Rider,Carlos Checa,42.09796059016765,0.5538420865196,15/10/2011 13:00:00,2,Ducati 1098R [2011],World Superbikes,
445,Rider,Carlos Checa,42.10120209476465,0.5542590882398052,23/02/2012 13:00:00,0,Ducati 1098R [2012],World Superbikes,
445,Rider,Carlos Checa,42.1043958007565,0.5547008160869629,24/02/2012 13:00:00,0,Ducati 1098R [2012],World Superbikes,
445,Rider,Carlos Checa,42.107195881771375,0.555163230534889,30/03/2012 13:00:00,0,Ducati 1098R [2012],World Superbikes,
445,Rider,Carlos Checa,42.11048038941589,0.555653517287256,30/03/2012 13:00:00,1,Ducati 1098R [2012],World Superbikes,
445,Rider,Carlos Checa,42.11363011765993,0.5561683596505628,31/03/2012 13:00:00,0,Ducati 1098R [2012],World Superbikes,
445,Rider,Carlos Checa,42.11526127123007,0.556682138999279,31/03/2012 13:00:00,1,Ducati 1098R [2012],World Superbikes,
445,Rider,Carlos Checa,42.1161182609204,0.5572078504097888,31/03/2012 13:00:00,2,Ducati 1098R [2012],World Superbikes,
445,Rider,Carlos Checa,42.11693399698125,0.5577489042642506,20/04/2012 13:00:00,0,Ducati 1098R [2012],World Superbikes,
445,Rider,Carlos Checa,42.117763102474,0.5583159898355442,20/04/2012 13:00:00,1,Ducati 1098R [2012],World Superbikes,
445,Rider,Carlos Checa,42.11906430575182,0.5589122509923379,21/04/2012 13:00:00,0,Ducati 1098R [2012],World Superbikes,
445,Rider,Carlos Checa,42.12028617359654,0.5595326272075803,21/04/2012 13:00:00,1,Ducati 1098R [2012],World Superbikes,
445,Rider,Carlos Checa,42.122518297106176,0.560170832974017,04/05/2012 13:00:00,0,Ducati 1098R [2012],World Superbikes,
445,Rider,Carlos Checa,42.12575539034027,0.5608407687244342,04/05/2012 13:00:00,1,Ducati 1098R [2012],World Superbikes,
445,Rider,Carlos Checa,42.13051150222222,0.5615428406868865,05/05/2012 13:00:00,0,Ducati 1098R [2012],World Superbikes,
445,Rider,Carlos Checa,42.135501676341306,0.5622727672263117,05/05/2012 13:00:00,1,Ducati 1098R [2012],World Superbikes,
445,Rider,Carlos Checa,42.14085675679585,0.5630229380433474,11/05/2012 13:00:00,0,Ducati 1098R [2012],World Superbikes,
445,Rider,Carlos Checa,42.14585234707688,0.5637998665698873,11/05/2012 13:00:00,1,Ducati 1098R [2012],World Superbikes,
445,Rider,Carlos Checa,42.15039083603307,0.564602469346741,12/05/2012 13:00:00,0,Ducati 1098R [2012],World Superbikes,
445,Rider,Carlos Checa,42.155160942024715,0.5654347661797364,12/05/2012 13:00:00,1,Ducati 1098R [2012],World Superbikes,
445,Rider,Carlos Checa,42.1615488680377,0.5662942862447335,26/05/2012 13:00:00,0,Ducati 1098R [2012],World Superbikes,
445,Rider,Carlos Checa,42.16711751818975,0.5671779714510549,26/05/2012 13:00:00,1,Ducati 1098R [2012],World Superbikes,
445,Rider,Carlos Checa,42.17190328881651,0.5680860459395879,27/05/2012 13:00:00,0,Ducati 1098R [2012],World Superbikes,
445,Rider,Carlos Checa,42.17524277794626,0.5689986843506535,27/05/2012 13:00:00,1,Ducati 1098R [2012],World Superbikes,
445,Rider,Carlos Checa,42.1771829828531,0.5699144359499734,27/05/2012 13:00:00,2,Ducati 1098R [2012],World Superbikes,
445,Rider,Carlos Checa,42.17860072835267,0.570848873737227,08/06/2012 13:00:00,0,Ducati 1098R [2012],World Superbikes,
445,Rider,Carlos Checa,42.17849873562261,0.571790605108647,08/06/2012 13:00:00,1,Ducati 1098R [2012],World Superbikes,
445,Rider,Carlos Checa,42.177508210504634,0.5727547404639993,09/06/2012 13:00:00,0,Ducati 1098R [2012],World Superbikes,
445,Rider,Carlos Checa,42.17983102499183,0.5737407449474646,29/06/2012 13:00:00,0,Ducati 1098R [2012],World Superbikes,
445,Rider,Carlos Checa,42.18338730874462,0.5747662501241732,29/06/2012 13:00:00,1,Ducati 1098R [2012],World Superbikes,
445,Rider,Carlos Checa,42.18645148230372,0.5758230350823477,30/06/2012 13:00:00,0,Ducati 1098R [2012],World Superbikes,
445,Rider,Carlos Checa,42.188040660561796,0.5768882502366651,30/06/2012 13:00:00,1,Ducati 1098R [2012],World Superbikes,
445,Rider,Carlos Checa,42.19031522457864,0.5779886578041097,30/06/2012 13:00:00,2,Ducati 1098R [2012],World Superbikes,
445,Rider,Carlos Checa,42.19432501364295,0.5791123235617084,20/07/2012 13:00:00,0,Ducati 1098R [2012],World Superbikes,
445,Rider,Carlos Checa,42.19855976912949,0.5802738388911998,20/07/2012 13:00:00,1,Ducati 1098R [2012],World Superbikes,
445,Rider,Carlos Checa,42.20207519283549,0.5814594578599421,21/07/2012 13:00:00,0,Ducati 1098R [2012],World Superbikes,
445,Rider,Carlos Checa,42.205412912237676,0.5826797362181909,21/07/2012 13:00:00,1,Ducati 1098R [2012],World Superbikes,
445,Rider,Carlos Checa,42.20807642293578,0.5839226972737507,03/08/2012 13:00:00,0,Ducati 1098R [2012],World Superbikes,
445,Rider,Carlos Checa,42.20992473076494,0.585192859404689,03/08/2012 13:00:00,1,Ducati 1098R [2012],World Superbikes,
445,Rider,Carlos Checa,42.21304052312478,0.5865080162422805,04/08/2012 13:00:00,0,Ducati 1098R [2012],World Superbikes,
445,Rider,Carlos Checa,42.21473334541147,0.5878358598135133,04/08/2012 13:00:00,1,Ducati 1098R [2012],World Superbikes,
445,Rider,Carlos Checa,42.217969514557815,0.5891965111718485,23/08/2012 13:00:00,0,Ducati 1098R [2012],World Superbikes,
445,Rider,Carlos Checa,42.22055266970077,0.5905909746083498,24/08/2012 13:00:00,0,Ducati 1098R [2012],World Superbikes,
445,Rider,Carlos Checa,42.22160024370652,0.5919979032239125,24/08/2012 13:00:00,1,Ducati 1098R [2012],World Superbikes,
445,Rider,Carlos Checa,42.22310446769163,0.5934469525432318,24/08/2012 13:00:00,2,Ducati 1098R [2012],World Superbikes,
445,Rider,Carlos Checa,42.22321313306492,0.594908861167445,24/08/2012 13:00:00,3,Ducati 1098R [2012],World Superbikes,
445,Rider,Carlos Checa,42.2219194521037,0.5963803419428402,07/09/2012 13:00:00,0,Ducati 1098R [2012],World Superbikes,
445,Rider,Carlos Checa,42.2190929245709,0.5978700393470237,07/09/2012 13:00:00,1,Ducati 1098R [2012],World Superbikes,
445,Rider,Carlos Checa,42.216149844346475,0.5994049633934125,08/09/2012 13:00:00,0,Ducati 1098R [2012],World Superbikes,
445,Rider,Carlos Checa,42.21390552042656,0.6009881941535827,08/09/2012 13:00:00,1,Ducati 1098R [2012],World Superbikes,
445,Rider,Carlos Checa,42.21189598322383,0.602614416523914,08/09/2012 13:00:00,2,Ducati 1098R [2012],World Superbikes,
445,Rider,Carlos Checa,42.21125875025759,0.6042772036159709,21/09/2012 13:00:00,0,Ducati 1098R [2012],World Superbikes,
445,Rider,Carlos Checa,42.21153360238335,0.6059921956723271,21/09/2012 13:00:00,1,Ducati 1098R [2012],World Superbikes,
445,Rider,Carlos Checa,42.21314584279025,0.6077605195504705,22/09/2012 13:00:00,0,Ducati 1098R [2012],World Superbikes,
445,Rider,Carlos Checa,42.21574842548393,0.6095803673306862,22/09/2012 13:00:00,1,Ducati 1098R [2012],World Superbikes,
445,Rider,Carlos Checa,42.21758247452662,0.6114360633959298,22/09/2012 13:00:00,2,Ducati 1098R [2012],World Superbikes,
445,Rider,Carlos Checa,42.21880899732883,0.613323854161178,05/10/2012 13:00:00,0,Ducati 1098R [2012],World Superbikes,
445,Rider,Carlos Checa,42.21913024645639,0.6152512840360008,05/10/2012 13:00:00,1,Ducati 1098R [2012],World Superbikes,
445,Rider,Carlos Checa,42.21855088823203,0.6172225894512664,06/10/2012 13:00:00,0,Ducati 1098R [2012],World Superbikes,
445,Rider,Carlos Checa,42.21767360818099,0.6192439843175361,06/10/2012 13:00:00,1,Ducati 1098R [2012],World Superbikes,
445,Rider,Carlos Checa,42.21602953536752,0.6213044651506823,06/10/2012 13:00:00,2,Ducati 1098R [2012],World Superbikes,
445,Rider,Carlos Checa,42.21378747955206,0.6234006549662543,21/02/2013 13:00:00,0,Ducati Desmosedici GP5 [2013],World Superbikes,
445,Rider,Carlos Checa,42.21244958533824,0.6255529177436023,22/02/2013 13:00:00,0,Ducati Desmosedici GP5 [2013],World Superbikes,
445,Rider,Carlos Checa,42.210845537508284,0.627763515205637,22/02/2013 13:00:00,1,Ducati Desmosedici GP5 [2013],World Superbikes,
445,Rider,Carlos Checa,42.2080174538901,0.6300291584597721,22/02/2013 13:00:00,2,Ducati Desmosedici GP5 [2013],World Superbikes,
445,Rider,Carlos Checa,42.20398894357695,0.6323494026066675,22/02/2013 13:00:00,3,Ducati Desmosedici GP5 [2013],World Superbikes,
445,Rider,Carlos Checa,42.19766481648846,0.6347067122579009,12/04/2013 13:00:00,0,Ducati Desmosedici GP5 [2013],World Superbikes,
445,Rider,Carlos Checa,42.191998169400925,0.6371240028614596,12/04/2013 13:00:00,1,Ducati Desmosedici GP5 [2013],World Superbikes,
445,Rider,Carlos Checa,42.18718141757761,0.6396000693871254,13/04/2013 13:00:00,0,Ducati Desmosedici GP5 [2013],World Superbikes,
445,Rider,Carlos Checa,42.183471570299986,0.6421344522177542,13/04/2013 13:00:00,1,Ducati Desmosedici GP5 [2013],World Superbikes,
445,Rider,Carlos Checa,42.180553847061454,0.6447230300922389,26/04/2013 13:00:00,0,Ducati Desmosedici GP5 [2013],World Superbikes,
445,Rider,Carlos Checa,42.177710378076,0.6473767779835563,26/04/2013 13:00:00,1,Ducati Desmosedici GP5 [2013],World Superbikes,
445,Rider,Carlos Checa,42.174391898583664,0.6500944703055457,27/04/2013 13:00:00,0,Ducati Desmosedici GP5 [2013],World Superbikes,
445,Rider,Carlos Checa,42.17103872366052,0.6528762554743418,27/04/2013 13:00:00,1,Ducati Desmosedici GP5 [2013],World Superbikes,
445,Rider,Carlos Checa,42.1663379823939,0.6557167827743904,27/04/2013 13:00:00,2,Ducati Desmosedici GP5 [2013],World Superbikes,
445,Rider,Carlos Checa,42.1622870700666,0.658607908058729,24/05/2013 13:00:00,0,Ducati Desmosedici GP5 [2013],World Superbikes,
445,Rider,Carlos Checa,42.15970746487619,0.6615638038732488,24/05/2013 13:00:00,1,Ducati Desmosedici GP5 [2013],World Superbikes,
445,Rider,Carlos Checa,42.157569958646256,0.6645905280495003,25/05/2013 13:00:00,0,Ducati Desmosedici GP5 [2013],World Superbikes,
445,Rider,Carlos Checa,42.156389594931134,0.6676835935091863,25/05/2013 13:00:00,1,Ducati Desmosedici GP5 [2013],World Superbikes,
445,Rider,Carlos Checa,42.155899894874636,0.6708422905508341,07/06/2013 13:00:00,0,Ducati Desmosedici GP5 [2013],World Superbikes,
445,Rider,Carlos Checa,42.15526413307049,0.674074919376319,07/06/2013 13:00:00,1,Ducati Desmosedici GP5 [2013],World Superbikes,
445,Rider,Carlos Checa,42.155448934377574,0.6773827018272672,08/06/2013 13:00:00,0,Ducati Desmosedici GP5 [2013],World Superbikes,
445,Rider,Carlos Checa,42.1541322582598,0.6807653291720935,08/06/2013 13:00:00,1,Ducati Desmosedici GP5 [2013],World Superbikes,
445,Rider,Carlos Checa,42.15274055202601,0.684222402636303,28/06/2013 13:00:00,0,Ducati Desmosedici GP5 [2013],World Superbikes,
445,Rider,Carlos Checa,42.152031776857385,0.6877586347210786,28/06/2013 13:00:00,1,Ducati Desmosedici GP5 [2013],World Superbikes,
445,Rider,Carlos Checa,42.151776186861376,0.6913759326623283,29/06/2013 13:00:00,0,Ducati Desmosedici GP5 [2013],World Superbikes,
445,Rider,Carlos Checa,42.152734570814346,0.6950686707671024,18/07/2013 13:00:00,0,Ducati Desmosedici GP5 [2013],World Superbikes,
445,Rider,Carlos Checa,42.15238770777228,0.6988417937370017,19/07/2013 13:00:00,0,Ducati Desmosedici GP5 [2013],World Superbikes,
445,Rider,Carlos Checa,42.15235016284249,0.7026989549426442,19/07/2013 13:00:00,1,Ducati Desmosedici GP5 [2013],World Superbikes,
445,Rider,Carlos Checa,42.15077369375786,0.7066358160317171,19/07/2013 13:00:00,2,Ducati Desmosedici GP5 [2013],World Superbikes,
445,Rider,Carlos Checa,42.14776916459182,0.7106527942871628,19/07/2013 13:00:00,3,Ducati Desmosedici GP5 [2013],World Superbikes,
445,Rider,Carlos Checa,42.1445869504825,0.7147509871613004,02/08/2013 13:00:00,0,Ducati Desmosedici GP5 [2013],World Superbikes,
445,Rider,Carlos Checa,42.1427183343883,0.7189358529070808,02/08/2013 13:00:00,1,Ducati Desmosedici GP5 [2013],World Superbikes,
445,Rider,Carlos Checa,42.140809065792524,0.7232120192996009,03/08/2013 13:00:00,0,Ducati Desmosedici GP5 [2013],World Superbikes,
445,Rider,Carlos Checa,42.13847175115254,0.7275809948450577,03/08/2013 13:00:00,1,Ducati Desmosedici GP5 [2013],World Superbikes,
445,Rider,Carlos Checa,42.13596435226251,0.7320385850772236,03/08/2013 13:00:00,2,Ducati Desmosedici GP5 [2013],World Superbikes,
445,Rider,Carlos Checa,42.13177156359701,0.7365766889007722,30/08/2013 13:00:00,1,Ducati Desmosedici GP5 [2013],World Superbikes,
446,Rider,Ayrton Badovini,33.80631331566576,0.7347587085824067,20/02/2008 13:00:00,0,Kawasaki ZX-10R [2008],World Superbikes,
446,Rider,Ayrton Badovini,33.8064702531684,0.730222261072056,21/02/2008 13:00:00,0,Kawasaki ZX-10R [2008],World Superbikes,
446,Rider,Ayrton Badovini,33.80556718017356,0.7257845868225098,22/02/2008 13:00:00,0,Kawasaki ZX-10R [2008],World Superbikes,
446,Rider,Ayrton Badovini,33.806209046003666,0.7214014326917522,28/02/2008 13:00:00,0,Kawasaki ZX-10R [2008],World Superbikes,
446,Rider,Ayrton Badovini,33.8089842872242,0.717092997803538,29/02/2008 13:00:00,0,Kawasaki ZX-10R [2008],World Superbikes,
446,Rider,Ayrton Badovini,33.81394088489521,0.7128579068771285,03/04/2008 13:00:00,0,Kawasaki ZX-10R [2008],World Superbikes,
446,Rider,Ayrton Badovini,33.82046244792453,0.7087095397444789,04/04/2008 13:00:00,0,Kawasaki ZX-10R [2008],World Superbikes,
446,Rider,Ayrton Badovini,33.82865587181335,0.7046481719303161,24/04/2008 13:00:00,0,Kawasaki ZX-10R [2008],World Superbikes,
446,Rider,Ayrton Badovini,33.83670447973676,0.7006777889669716,25/04/2008 13:00:00,0,Kawasaki ZX-10R [2008],World Superbikes,
446,Rider,Ayrton Badovini,33.84462624391086,0.6967976452899445,08/05/2008 13:00:00,0,Kawasaki ZX-10R [2008],World Superbikes,
446,Rider,Ayrton Badovini,33.8524995446414,0.6930043567058382,09/05/2008 13:00:00,0,Kawasaki ZX-10R [2008],World Superbikes,
446,Rider,Ayrton Badovini,33.86062247949296,0.6892956046280794,30/05/2008 13:00:00,0,Kawasaki ZX-10R [2008],World Superbikes,
446,Rider,Ayrton Badovini,33.86725176571308,0.6856726424469798,30/05/2008 13:00:00,1,Kawasaki ZX-10R [2008],World Superbikes,
446,Rider,Ayrton Badovini,33.87349602107473,0.6821358888421605,31/05/2008 13:00:00,0,Kawasaki ZX-10R [2008],World Superbikes,
446,Rider,Ayrton Badovini,33.88127010289188,0.6786432193879225,12/06/2008 13:00:00,0,Kawasaki ZX-10R [2008],World Superbikes,
446,Rider,Ayrton Badovini,33.89057949504145,0.6752262245412274,13/06/2008 13:00:00,0,Kawasaki ZX-10R [2008],World Superbikes,
446,Rider,Ayrton Badovini,33.90083890515396,0.6718866260458721,26/06/2008 13:00:00,0,Kawasaki ZX-10R [2008],World Superbikes,
446,Rider,Ayrton Badovini,33.91017175248557,0.6686280736889666,27/06/2008 13:00:00,0,Kawasaki ZX-10R [2008],World Superbikes,
446,Rider,Ayrton Badovini,33.91885349062139,0.6654485717546694,28/06/2008 13:00:00,0,Kawasaki ZX-10R [2008],World Superbikes,
446,Rider,Ayrton Badovini,33.928797449604794,0.6623044275550473,17/07/2008 13:00:00,0,Kawasaki ZX-10R [2008],World Superbikes,
446,Rider,Ayrton Badovini,33.9397101523898,0.6592328117513335,18/07/2008 13:00:00,0,Kawasaki ZX-10R [2008],World Superbikes,
446,Rider,Ayrton Badovini,33.95003640112822,0.6562366132590025,19/07/2008 13:00:00,0,Kawasaki ZX-10R [2008],World Superbikes,
446,Rider,Ayrton Badovini,33.96164268322247,0.653272357200687,01/08/2008 13:00:00,0,Kawasaki ZX-10R [2008],World Superbikes,
446,Rider,Ayrton Badovini,33.97370772301007,0.6503786315319285,01/08/2008 13:00:00,1,Kawasaki ZX-10R [2008],World Superbikes,
446,Rider,Ayrton Badovini,33.98581932137086,0.6475568965719608,05/09/2008 13:00:00,0,Kawasaki ZX-10R [2008],World Superbikes,
446,Rider,Ayrton Badovini,33.99779061942999,0.6448074152430846,05/09/2008 13:00:00,1,Kawasaki ZX-10R [2008],World Superbikes,
446,Rider,Ayrton Badovini,34.009535827647944,0.6421290754903854,18/09/2008 13:00:00,0,Kawasaki ZX-10R [2008],World Superbikes,
446,Rider,Ayrton Badovini,34.02119815676015,0.6395181833486953,19/09/2008 13:00:00,0,Kawasaki ZX-10R [2008],World Superbikes,
446,Rider,Ayrton Badovini,34.03287456754928,0.6369754111889007,02/10/2008 13:00:00,0,Kawasaki ZX-10R [2008],World Superbikes,
446,Rider,Ayrton Badovini,34.044955848964634,0.6344995761409356,31/10/2008 13:00:00,0,Kawasaki ZX-10R [2008],World Superbikes,
446,Rider,Ayrton Badovini,34.056150248562965,0.6320900372756788,31/10/2008 13:00:00,1,Kawasaki ZX-10R [2008],World Superbikes,
446,Rider,Ayrton Badovini,34.066255590043674,0.6297460843702218,01/11/2008 13:00:00,0,Kawasaki ZX-10R [2008],World Superbikes,
446,Rider,Ayrton Badovini,34.07601884844646,0.6274566550177282,26/02/2009 13:00:00,0,Kawasaki ZX 10R [2009],World Superbikes,
446,Rider,Ayrton Badovini,34.08882005735413,0.6252103610035572,27/02/2009 13:00:00,0,Kawasaki ZX 10R [2009],World Superbikes,
446,Rider,Ayrton Badovini,34.10288849262905,0.6230251931557009,11/03/2009 13:00:00,0,Kawasaki ZX 10R [2009],World Superbikes,
446,Rider,Ayrton Badovini,34.119491141349954,0.6208913534532361,12/03/2009 13:00:00,0,Kawasaki ZX 10R [2009],World Superbikes,
446,Rider,Ayrton Badovini,34.13790747560103,0.6188131877541462,03/04/2009 13:00:00,0,Kawasaki ZX 10R [2009],World Superbikes,
446,Rider,Ayrton Badovini,34.15780846002705,0.6167932142900078,03/04/2009 13:00:00,1,Kawasaki ZX 10R [2009],World Superbikes,
446,Rider,Ayrton Badovini,34.180679076495686,0.6148178492956663,24/02/2011 13:00:00,0,BMW S1000 RR [2011],World Superbikes,
446,Rider,Ayrton Badovini,34.204859100474714,0.612890486495517,25/02/2011 13:00:00,0,BMW S1000 RR [2011],World Superbikes,
446,Rider,Ayrton Badovini,34.230243631400924,0.6110107975683662,25/03/2011 13:00:00,0,BMW S1000 RR [2011],World Superbikes,
446,Rider,Ayrton Badovini,34.255643810056995,0.609184153621068,25/03/2011 13:00:00,1,BMW S1000 RR [2011],World Superbikes,
446,Rider,Ayrton Badovini,34.28028336304335,0.607413384358537,15/04/2011 13:00:00,0,BMW S1000 RR [2011],World Superbikes,
446,Rider,Ayrton Badovini,34.3049296498514,0.6056946793325351,15/04/2011 13:00:00,1,BMW S1000 RR [2011],World Superbikes,
446,Rider,Ayrton Badovini,34.32922365184039,0.6040289649665149,16/04/2011 13:00:00,0,BMW S1000 RR [2011],World Superbikes,
446,Rider,Ayrton Badovini,34.35483597899345,0.6023808331116226,06/05/2011 13:00:00,0,BMW S1000 RR [2011],World Superbikes,
446,Rider,Ayrton Badovini,34.378149125798075,0.6007825571392172,06/05/2011 13:00:00,1,BMW S1000 RR [2011],World Superbikes,
446,Rider,Ayrton Badovini,34.39896502115523,0.5992330435422198,07/05/2011 13:00:00,0,BMW S1000 RR [2011],World Superbikes,
446,Rider,Ayrton Badovini,34.41875796552846,0.5977331438058884,07/05/2011 13:00:00,1,BMW S1000 RR [2011],World Superbikes,
446,Rider,Ayrton Badovini,34.4379021426886,0.5962773210252862,28/05/2011 13:00:00,0,BMW S1000 RR [2011],World Superbikes,
446,Rider,Ayrton Badovini,34.45593080870006,0.5948709473444614,28/05/2011 13:00:00,1,BMW S1000 RR [2011],World Superbikes,
446,Rider,Ayrton Badovini,34.47251514415579,0.5935132785442218,29/05/2011 13:00:00,0,BMW S1000 RR [2011],World Superbikes,
446,Rider,Ayrton Badovini,34.48819302801639,0.5922012612446945,29/05/2011 13:00:00,1,BMW S1000 RR [2011],World Superbikes,
446,Rider,Ayrton Badovini,34.50263572762215,0.5909314977179828,29/05/2011 13:00:00,2,BMW S1000 RR [2011],World Superbikes,
446,Rider,Ayrton Badovini,34.51781026614188,0.5896566324066009,10/06/2011 13:00:00,0,BMW S1000 RR [2011],World Superbikes,
446,Rider,Ayrton Badovini,34.53273981067763,0.5884270700919199,10/06/2011 13:00:00,1,BMW S1000 RR [2011],World Superbikes,
446,Rider,Ayrton Badovini,34.5462187464707,0.5872438997278379,11/06/2011 13:00:00,0,BMW S1000 RR [2011],World Superbikes,
446,Rider,Ayrton Badovini,34.557244448281395,0.5861014698380271,11/06/2011 13:00:00,1,BMW S1000 RR [2011],World Superbikes,
446,Rider,Ayrton Badovini,34.567642463195305,0.5849961358188681,17/06/2011 13:00:00,0,BMW S1000 RR [2011],World Superbikes,
446,Rider,Ayrton Badovini,34.576806230787405,0.5839341153352582,17/06/2011 13:00:00,1,BMW S1000 RR [2011],World Superbikes,
446,Rider,Ayrton Badovini,34.5847118740726,0.5829153725700951,18/06/2011 13:00:00,0,BMW S1000 RR [2011],World Superbikes,
446,Rider,Ayrton Badovini,34.59152263001515,0.5819378850788717,18/06/2011 13:00:00,1,BMW S1000 RR [2011],World Superbikes,
446,Rider,Ayrton Badovini,34.596392391212156,0.5809953112058432,18/06/2011 13:00:00,2,BMW S1000 RR [2011],World Superbikes,
446,Rider,Ayrton Badovini,34.60222814516396,0.5800470265013741,08/07/2011 13:00:00,0,BMW S1000 RR [2011],World Superbikes,
446,Rider,Ayrton Badovini,34.607200030848,0.5791393880536128,08/07/2011 13:00:00,1,BMW S1000 RR [2011],World Superbikes,
446,Rider,Ayrton Badovini,34.61089361678818,0.5782724740004234,09/07/2011 13:00:00,0,BMW S1000 RR [2011],World Superbikes,
446,Rider,Ayrton Badovini,34.6141030656116,0.5774435525845097,09/07/2011 13:00:00,1,BMW S1000 RR [2011],World Superbikes,
446,Rider,Ayrton Badovini,34.61707374373329,0.5766441272625149,29/07/2011 13:00:00,0,BMW S1000 RR [2011],World Superbikes,
446,Rider,Ayrton Badovini,34.61952248759718,0.575884366038039,29/07/2011 13:00:00,1,BMW S1000 RR [2011],World Superbikes,
446,Rider,Ayrton Badovini,34.621820478160366,0.575163638140628,30/07/2011 13:00:00,0,BMW S1000 RR [2011],World Superbikes,
446,Rider,Ayrton Badovini,34.62414086146899,0.5744772857808662,30/07/2011 13:00:00,1,BMW S1000 RR [2011],World Superbikes,
446,Rider,Ayrton Badovini,34.62647664062203,0.5738186933304703,02/09/2011 13:00:00,0,BMW S1000 RR [2011],World Superbikes,
446,Rider,Ayrton Badovini,34.629963516609195,0.5731874252260226,02/09/2011 13:00:00,1,BMW S1000 RR [2011],World Superbikes,
446,Rider,Ayrton Badovini,34.633820703479735,0.572590624772088,03/09/2011 13:00:00,0,BMW S1000 RR [2011],World Superbikes,
446,Rider,Ayrton Badovini,34.638532823073426,0.572017565374548,23/09/2011 13:00:00,0,BMW S1000 RR [2011],World Superbikes,
446,Rider,Ayrton Badovini,34.64327866491377,0.5714825586120887,23/09/2011 13:00:00,1,BMW S1000 RR [2011],World Superbikes,
446,Rider,Ayrton Badovini,34.64827756542924,0.5709832437149741,24/09/2011 13:00:00,0,BMW S1000 RR [2011],World Superbikes,
446,Rider,Ayrton Badovini,34.65262722009315,0.570517959736327,24/09/2011 13:00:00,1,BMW S1000 RR [2011],World Superbikes,
446,Rider,Ayrton Badovini,34.65612064235198,0.5700829156902733,24/09/2011 13:00:00,2,BMW S1000 RR [2011],World Superbikes,
446,Rider,Ayrton Badovini,34.65946502334011,0.5696639266819878,30/09/2011 13:00:00,0,BMW S1000 RR [2011],World Superbikes,
446,Rider,Ayrton Badovini,34.662784086457876,0.569279003349566,30/09/2011 13:00:00,1,BMW S1000 RR [2011],World Superbikes,
446,Rider,Ayrton Badovini,34.66395608586254,0.5689270889317661,01/10/2011 13:00:00,0,BMW S1000 RR [2011],World Superbikes,
446,Rider,Ayrton Badovini,34.666878718272095,0.568578525353669,14/10/2011 13:00:00,0,BMW S1000 RR [2011],World Superbikes,
446,Rider,Ayrton Badovini,34.668940517775894,0.5682656993113987,14/10/2011 13:00:00,1,BMW S1000 RR [2011],World Superbikes,
446,Rider,Ayrton Badovini,34.67050966381359,0.5679886572034787,15/10/2011 13:00:00,0,BMW S1000 RR [2011],World Superbikes,
446,Rider,Ayrton Badovini,34.67182110302074,0.5677425160222459,15/10/2011 13:00:00,1,BMW S1000 RR [2011],World Superbikes,
446,Rider,Ayrton Badovini,34.672560542182026,0.5675247610688627,23/02/2012 13:00:00,0,BMW S1000 RR [2012],World Superbikes,
446,Rider,Ayrton Badovini,34.674197259586826,0.5673421539617474,24/02/2012 13:00:00,0,BMW S1000 RR [2012],World Superbikes,
446,Rider,Ayrton Badovini,34.67694386664661,0.5671931512400402,30/03/2012 13:00:00,0,BMW S1000 RR [2012],World Superbikes,
446,Rider,Ayrton Badovini,34.679321027575554,0.5670797189668046,30/03/2012 13:00:00,1,BMW S1000 RR [2012],World Superbikes,
446,Rider,Ayrton Badovini,34.68154381684594,0.5670025884073662,31/03/2012 13:00:00,0,BMW S1000 RR [2012],World Superbikes,
446,Rider,Ayrton Badovini,34.68562202414189,0.5669340317792975,20/04/2012 13:00:00,0,BMW S1000 RR [2012],World Superbikes,
446,Rider,Ayrton Badovini,34.68857985085107,0.566900133650114,20/04/2012 13:00:00,1,BMW S1000 RR [2012],World Superbikes,
446,Rider,Ayrton Badovini,34.690342233213755,0.5669007004203019,21/04/2012 13:00:00,0,BMW S1000 RR [2012],World Superbikes,
446,Rider,Ayrton Badovini,34.69414014864072,0.5669111439313224,04/05/2012 13:00:00,0,BMW S1000 RR [2012],World Superbikes,
446,Rider,Ayrton Badovini,34.69626923461324,0.5669555088915711,04/05/2012 13:00:00,1,BMW S1000 RR [2012],World Superbikes,
446,Rider,Ayrton Badovini,34.696812962664126,0.5670328323848836,05/05/2012 13:00:00,0,BMW S1000 RR [2012],World Superbikes,
446,Rider,Ayrton Badovini,34.69782254075461,0.56713974698861,11/05/2012 13:00:00,0,BMW S1000 RR [2012],World Superbikes,
446,Rider,Ayrton Badovini,34.698227649504275,0.5672814592492259,11/05/2012 13:00:00,1,BMW S1000 RR [2012],World Superbikes,
446,Rider,Ayrton Badovini,34.69862913410261,0.5674572588308565,12/05/2012 13:00:00,0,BMW S1000 RR [2012],World Superbikes,
446,Rider,Ayrton Badovini,34.699124768581946,0.5676641193697178,12/05/2012 13:00:00,1,BMW S1000 RR [2012],World Superbikes,
446,Rider,Ayrton Badovini,34.69973741610696,0.5678963658221744,26/05/2012 13:00:00,0,BMW S1000 RR [2012],World Superbikes,
446,Rider,Ayrton Badovini,34.700483961127595,0.5681637097353204,26/05/2012 13:00:00,1,BMW S1000 RR [2012],World Superbikes,
446,Rider,Ayrton Badovini,34.701894715643945,0.5684661629474369,08/06/2012 13:00:00,0,BMW S1000 RR [2012],World Superbikes,
446,Rider,Ayrton Badovini,34.703003005438624,0.5688047630500497,08/06/2012 13:00:00,1,BMW S1000 RR [2012],World Superbikes,
446,Rider,Ayrton Badovini,34.70416699817471,0.5691804153307946,09/06/2012 13:00:00,0,BMW S1000 RR [2012],World Superbikes,
446,Rider,Ayrton Badovini,34.703954893337425,0.5695890128516815,09/06/2012 13:00:00,1,BMW S1000 RR [2012],World Superbikes,
446,Rider,Ayrton Badovini,34.70225716438391,0.5700206014540601,29/06/2012 13:00:00,0,BMW S1000 RR [2012],World Superbikes,
446,Rider,Ayrton Badovini,34.69914647401534,0.5704882145071787,29/06/2012 13:00:00,1,BMW S1000 RR [2012],World Superbikes,
446,Rider,Ayrton Badovini,34.69498348148012,0.5709926900123006,30/06/2012 13:00:00,0,BMW S1000 RR [2012],World Superbikes,
446,Rider,Ayrton Badovini,34.6903547581704,0.5715317824313877,30/06/2012 13:00:00,1,BMW S1000 RR [2012],World Superbikes,
446,Rider,Ayrton Badovini,34.68574998565138,0.5720987914347468,03/08/2012 13:00:00,0,BMW S1000 RR [2012],World Superbikes,
446,Rider,Ayrton Badovini,34.68075219171387,0.5727050202486929,03/08/2012 13:00:00,1,BMW S1000 RR [2012],World Superbikes,
446,Rider,Ayrton Badovini,34.67673977711769,0.573342968623156,23/08/2012 13:00:00,0,BMW S1000 RR [2012],World Superbikes,
446,Rider,Ayrton Badovini,34.67321422260351,0.5740181473262338,24/08/2012 13:00:00,0,BMW S1000 RR [2012],World Superbikes,
446,Rider,Ayrton Badovini,34.67141599616941,0.5747201093328673,07/09/2012 13:00:00,0,BMW S1000 RR [2012],World Superbikes,
446,Rider,Ayrton Badovini,34.669883621889596,0.5754599925037207,07/09/2012 13:00:00,1,BMW S1000 RR [2012],World Superbikes,
446,Rider,Ayrton Badovini,34.66896516901958,0.5762368519775664,21/09/2012 13:00:00,0,BMW S1000 RR [2012],World Superbikes,
446,Rider,Ayrton Badovini,34.66767899204115,0.5770530948558077,21/09/2012 13:00:00,1,BMW S1000 RR [2012],World Superbikes,
446,Rider,Ayrton Badovini,34.6676958024333,0.577906915809523,22/09/2012 13:00:00,0,BMW S1000 RR [2012],World Superbikes,
446,Rider,Ayrton Badovini,34.66875859812583,0.5787907943819932,05/10/2012 13:00:00,0,BMW S1000 RR [2012],World Superbikes,
446,Rider,Ayrton Badovini,34.669878249244675,0.5797132728211264,05/10/2012 13:00:00,1,BMW S1000 RR [2012],World Superbikes,
446,Rider,Ayrton Badovini,34.67257941146867,0.5806665244564932,12/04/2013 13:00:00,0,Ducati 1199 Panigale R [2013],World Superbikes,
446,Rider,Ayrton Badovini,34.67548765963024,0.5816545307171426,12/04/2013 13:00:00,1,Ducati 1199 Panigale R [2013],World Superbikes,
446,Rider,Ayrton Badovini,34.67847477859288,0.5826767804088173,13/04/2013 13:00:00,0,Ducati 1199 Panigale R [2013],World Superbikes,
446,Rider,Ayrton Badovini,34.6817978241946,0.5837299919825424,26/04/2013 13:00:00,0,Ducati 1199 Panigale R [2013],World Superbikes,
446,Rider,Ayrton Badovini,34.683263227277294,0.58482116776099,26/04/2013 13:00:00,1,Ducati 1199 Panigale R [2013],World Superbikes,
446,Rider,Ayrton Badovini,34.6848027783436,0.5859470987608992,27/04/2013 13:00:00,0,Ducati 1199 Panigale R [2013],World Superbikes,
446,Rider,Ayrton Badovini,34.68582418982391,0.587110778943931,27/04/2013 13:00:00,1,Ducati 1199 Panigale R [2013],World Superbikes,
446,Rider,Ayrton Badovini,34.68728212816461,0.5882976702845926,10/05/2013 13:00:00,0,Ducati 1199 Panigale R [2013],World Superbikes,
446,Rider,Ayrton Badovini,34.68848956950867,0.5895230842335301,10/05/2013 13:00:00,1,Ducati 1199 Panigale R [2013],World Superbikes,
446,Rider,Ayrton Badovini,34.689837865981566,0.5907853867539014,11/05/2013 13:00:00,0,Ducati 1199 Panigale R [2013],World Superbikes,
446,Rider,Ayrton Badovini,34.69147284905897,0.5920816607567629,11/05/2013 13:00:00,1,Ducati 1199 Panigale R [2013],World Superbikes,
446,Rider,Ayrton Badovini,34.69416997078182,0.5933828135298541,24/05/2013 13:00:00,0,Ducati 1199 Panigale R [2013],World Superbikes,
446,Rider,Ayrton Badovini,34.69768048794474,0.5947182804310494,24/05/2013 13:00:00,1,Ducati 1199 Panigale R [2013],World Superbikes,
446,Rider,Ayrton Badovini,34.70155042848216,0.5960923317488819,25/05/2013 13:00:00,0,Ducati 1199 Panigale R [2013],World Superbikes,
446,Rider,Ayrton Badovini,34.70571190474192,0.5975002133886257,07/06/2013 13:00:00,0,Ducati 1199 Panigale R [2013],World Superbikes,
446,Rider,Ayrton Badovini,34.709507277315275,0.5989525653126023,07/06/2013 13:00:00,1,Ducati 1199 Panigale R [2013],World Superbikes,
446,Rider,Ayrton Badovini,34.71272283934218,0.600451699906589,08/06/2013 13:00:00,0,Ducati 1199 Panigale R [2013],World Superbikes,
446,Rider,Ayrton Badovini,34.71560730483369,0.6019953630080169,08/06/2013 13:00:00,1,Ducati 1199 Panigale R [2013],World Superbikes,
446,Rider,Ayrton Badovini,34.71826842952188,0.6035808779366134,28/06/2013 13:00:00,0,Ducati 1199 Panigale R [2013],World Superbikes,
446,Rider,Ayrton Badovini,34.718603325928534,0.6052146694290969,28/06/2013 13:00:00,1,Ducati 1199 Panigale R [2013],World Superbikes,
446,Rider,Ayrton Badovini,34.71682830370687,0.606897944620917,29/06/2013 13:00:00,0,Ducati 1199 Panigale R [2013],World Superbikes,
446,Rider,Ayrton Badovini,34.712469092318734,0.6086281270399104,29/06/2013 13:00:00,1,Ducati 1199 Panigale R [2013],World Superbikes,
446,Rider,Ayrton Badovini,34.70519744448167,0.6104003533934124,29/06/2013 13:00:00,2,Ducati 1199 Panigale R [2013],World Superbikes,
446,Rider,Ayrton Badovini,34.697819103372275,0.6122036956431682,18/07/2013 13:00:00,0,Ducati 1199 Panigale R [2013],World Superbikes,
446,Rider,Ayrton Badovini,34.69039019691564,0.6140587170776381,19/07/2013 13:00:00,0,Ducati 1199 Panigale R [2013],World Superbikes,
446,Rider,Ayrton Badovini,34.68280217851485,0.6159648848983468,19/07/2013 13:00:00,1,Ducati 1199 Panigale R [2013],World Superbikes,
446,Rider,Ayrton Badovini,34.67574555285727,0.617914684608512,02/08/2013 13:00:00,0,Ducati 1199 Panigale R [2013],World Superbikes,
446,Rider,Ayrton Badovini,34.66807925454916,0.6199204976879883,02/08/2013 13:00:00,1,Ducati 1199 Panigale R [2013],World Superbikes,
446,Rider,Ayrton Badovini,34.66069862764846,0.6219779895947306,03/08/2013 13:00:00,0,Ducati 1199 Panigale R [2013],World Superbikes,
446,Rider,Ayrton Badovini,34.653298530036345,0.6240883259123096,30/08/2013 13:00:00,0,Ducati 1199 Panigale R [2013],World Superbikes,
446,Rider,Ayrton Badovini,34.646141881563764,0.6262519961750185,30/08/2013 13:00:00,1,Ducati 1199 Panigale R [2013],World Superbikes,
446,Rider,Ayrton Badovini,34.63798204656361,0.6284743470341763,31/08/2013 13:00:00,0,Ducati 1199 Panigale R [2013],World Superbikes,
446,Rider,Ayrton Badovini,34.626497178599514,0.6307396550662826,31/08/2013 13:00:00,1,Ducati 1199 Panigale R [2013],World Superbikes,
446,Rider,Ayrton Badovini,34.61208649084754,0.6330446119232725,27/09/2013 13:00:00,0,Ducati 1199 Panigale R [2013],World Superbikes,
446,Rider,Ayrton Badovini,34.59740020264421,0.6354114902545009,27/09/2013 13:00:00,1,Ducati 1199 Panigale R [2013],World Superbikes,
446,Rider,Ayrton Badovini,34.582261702607724,0.6378401520778216,28/09/2013 13:00:00,0,Ducati 1199 Panigale R [2013],World Superbikes,
446,Rider,Ayrton Badovini,34.56712422394714,0.6403284016081252,28/09/2013 13:00:00,1,Ducati 1199 Panigale R [2013],World Superbikes,
446,Rider,Ayrton Badovini,34.551761519868855,0.6428725301223613,28/09/2013 13:00:00,2,Ducati 1199 Panigale R [2013],World Superbikes,
446,Rider,Ayrton Badovini,34.53738759550541,0.6454350342867535,04/10/2013 13:00:00,0,Ducati 1199 Panigale R [2013],World Superbikes,
446,Rider,Ayrton Badovini,34.52350071820114,0.6480634909600753,04/10/2013 13:00:00,1,Ducati 1199 Panigale R [2013],World Superbikes,
446,Rider,Ayrton Badovini,34.50787617662569,0.6507562923603591,05/10/2013 13:00:00,0,Ducati 1199 Panigale R [2013],World Superbikes,
446,Rider,Ayrton Badovini,34.490351095691835,0.6535117909021543,05/10/2013 13:00:00,1,Ducati 1199 Panigale R [2013],World Superbikes,
446,Rider,Ayrton Badovini,34.47225712198936,0.6563253877525412,18/10/2013 13:00:00,0,Ducati 1199 Panigale R [2013],World Superbikes,
446,Rider,Ayrton Badovini,34.45416070198966,0.6592096048102074,18/10/2013 13:00:00,1,Ducati 1199 Panigale R [2013],World Superbikes,
446,Rider,Ayrton Badovini,34.436149456312265,0.662166810553397,19/10/2013 13:00:00,0,Ducati 1199 Panigale R [2013],World Superbikes,
446,Rider,Ayrton Badovini,34.4191913393112,0.6651841326003417,12/04/2014 13:00:00,0,Bimota BB3 [2014],World Superbikes,
446,Rider,Ayrton Badovini,34.402417971416675,0.6682515884078258,10/05/2014 13:00:00,0,Bimota BB3 [2014],World Superbikes,
446,Rider,Ayrton Badovini,34.38612152128969,0.6713705881104624,12/07/2014 13:00:00,0,Bimota BB3 [2014],World Superbikes,
446,Rider,Ayrton Badovini,34.370184524465714,0.6745410442027123,11/04/2015 13:00:00,0,BMW S1000 RR [2015],World Superbikes,
446,Rider,Ayrton Badovini,34.3528246166395,0.6777447025807178,11/04/2015 13:00:00,1,BMW S1000 RR [2015],World Superbikes,
446,Rider,Ayrton Badovini,34.33468186850219,0.6810100169240616,18/04/2015 13:00:00,0,BMW S1000 RR [2015],World Superbikes,
446,Rider,Ayrton Badovini,34.316857625519184,0.6843343904076239,09/05/2015 13:00:00,1,BMW S1000 RR [2015],World Superbikes,
446,Rider,Ayrton Badovini,34.29880404808884,0.6877251284559885,22/05/2015 13:00:00,1,BMW S1000 RR [2015],World Superbikes,
446,Rider,Ayrton Badovini,34.28185776843438,0.6911764129243542,06/06/2015 13:00:00,1,BMW S1000 RR [2015],World Superbikes,
446,Rider,Ayrton Badovini,34.26526403195322,0.6946905634678121,20/06/2015 13:00:00,0,BMW S1000 RR [2015],World Superbikes,
446,Rider,Ayrton Badovini,34.24718338956448,0.698260510830437,20/06/2015 13:00:00,1,BMW S1000 RR [2015],World Superbikes,
446,Rider,Ayrton Badovini,34.22836510552643,0.7019035703475761,18/07/2015 13:00:00,0,BMW S1000 RR [2015],World Superbikes,
446,Rider,Ayrton Badovini,34.20807473560712,0.7055896646672689,18/07/2015 13:00:00,1,BMW S1000 RR [2015],World Superbikes,
446,Rider,Ayrton Badovini,34.18959254609203,0.7093215206427196,19/09/2015 13:00:00,0,BMW S1000 RR [2015],World Superbikes,
446,Rider,Ayrton Badovini,34.17282109035078,0.713122416864388,03/10/2015 13:00:00,1,BMW S1000 RR [2015],World Superbikes,
446,Rider,Ayrton Badovini,34.15561240348475,0.7170025424552887,17/10/2015 13:00:00,0,BMW S1000 RR [2015],World Superbikes,
446,Rider,Ayrton Badovini,34.13879262129943,0.7209542661859256,24/02/2017 13:00:00,0,Kawasaki ZX-10R [2017],World Superbikes,
446,Rider,Ayrton Badovini,34.12470225384558,0.7249688067668212,10/03/2017 13:00:00,0,Kawasaki ZX-10R [2017],World Superbikes,
446,Rider,Ayrton Badovini,34.113181979357115,0.729046955276744,31/03/2017 13:00:00,0,Kawasaki ZX-10R [2017],World Superbikes,
446,Rider,Ayrton Badovini,34.10418899026859,0.7331876401974945,16/06/2017 13:00:00,0,Kawasaki ZX-10R [2017],World Superbikes,
446,Rider,Ayrton Badovini,34.0973458604043,0.7374012680393167,08/07/2017 13:00:00,0,Kawasaki ZX-10R [2017],World Superbikes,
446,Rider,Ayrton Badovini,34.09238017245918,0.7416908462174615,18/08/2017 13:00:00,0,Kawasaki ZX-10R [2017],World Superbikes,
446,Rider,Ayrton Badovini,34.08766946089412,0.7460657537097128,15/09/2017 13:00:00,0,Kawasaki ZX-10R [2017],World Superbikes,
446,Rider,Ayrton Badovini,34.084552526476756,0.7505240429268774,20/10/2017 13:00:00,0,Kawasaki ZX-10R [2017],World Superbikes,
447,Bike,Kawasaki ZX-10R [2008],17.593943577617424,1.0516174685252835,20/02/2008 13:00:00,0,,World Superbikes,
447,Bike,Kawasaki ZX-10R [2008],17.593507285291928,1.0485983008597601,21/02/2008 13:00:00,0,,World Superbikes,
447,Bike,Kawasaki ZX-10R [2008],17.593384623031383,1.045753518944812,22/02/2008 13:00:00,0,,World Superbikes,
447,Bike,Kawasaki ZX-10R [2008],17.59480689959577,1.04302343495654,28/02/2008 13:00:00,0,,World Superbikes,
447,Bike,Kawasaki ZX-10R [2008],17.596943127196877,1.040457133811632,29/02/2008 13:00:00,0,,World Superbikes,
447,Bike,Kawasaki ZX-10R [2008],17.59969458355723,1.0380561664800128,29/02/2008 13:00:00,1,,World Superbikes,
447,Bike,Kawasaki ZX-10R [2008],17.602587255709143,1.0358223011206829,03/04/2008 13:00:00,0,,World Superbikes,
447,Bike,Kawasaki ZX-10R [2008],17.605233314228965,1.0337616716658213,04/04/2008 13:00:00,0,,World Superbikes,
447,Bike,Kawasaki ZX-10R [2008],17.60852958468201,1.031874014869737,05/04/2008 13:00:00,0,,World Superbikes,
447,Bike,Kawasaki ZX-10R [2008],17.61201217588066,1.0301450616648646,24/04/2008 13:00:00,0,,World Superbikes,
447,Bike,Kawasaki ZX-10R [2008],17.615044577632123,1.028590165488925,25/04/2008 13:00:00,0,,World Superbikes,
447,Bike,Kawasaki ZX-10R [2008],17.61777760893233,1.02721100046504,26/04/2008 13:00:00,0,,World Superbikes,
447,Bike,Kawasaki ZX-10R [2008],17.619950628031642,1.0259990247566426,08/05/2008 13:00:00,0,,World Superbikes,
447,Bike,Kawasaki ZX-10R [2008],17.621142646433483,1.0249584902550681,09/05/2008 13:00:00,0,,World Superbikes,
447,Bike,Kawasaki ZX-10R [2008],17.621448668542186,1.0240853336877964,10/05/2008 13:00:00,0,,World Superbikes,
447,Bike,Kawasaki ZX-10R [2008],17.621543015002132,1.0233751265231377,30/05/2008 13:00:00,0,,World Superbikes,
447,Bike,Kawasaki ZX-10R [2008],17.62092882005956,1.0228374140036245,30/05/2008 13:00:00,1,,World Superbikes,
447,Bike,Kawasaki ZX-10R [2008],17.619142623368212,1.022470511886829,31/05/2008 13:00:00,0,,World Superbikes,
447,Bike,Kawasaki ZX-10R [2008],17.617574211156466,1.0222432136999882,12/06/2008 13:00:00,0,,World Superbikes,
447,Bike,Kawasaki ZX-10R [2008],17.61596868856418,1.0221803916318402,13/06/2008 13:00:00,0,,World Superbikes,
447,Bike,Kawasaki ZX-10R [2008],17.614437979643032,1.0222860158801215,14/06/2008 13:00:00,0,,World Superbikes,
447,Bike,Kawasaki ZX-10R [2008],17.613284310303445,1.0225553792555029,26/06/2008 13:00:00,0,,World Superbikes,
447,Bike,Kawasaki ZX-10R [2008],17.611216802771377,1.0229925296560662,27/06/2008 13:00:00,0,,World Superbikes,
447,Bike,Kawasaki ZX-10R [2008],17.60827850746691,1.0235897856388918,28/06/2008 13:00:00,0,,World Superbikes,
447,Bike,Kawasaki ZX-10R [2008],17.605252957494706,1.0243340682216038,17/07/2008 13:00:00,0,,World Superbikes,
447,Bike,Kawasaki ZX-10R [2008],17.602868527309813,1.0252434105748167,18/07/2008 13:00:00,0,,World Superbikes,
447,Bike,Kawasaki ZX-10R [2008],17.600759652630153,1.026322545818481,19/07/2008 13:00:00,0,,World Superbikes,
447,Bike,Kawasaki ZX-10R [2008],17.599930811306333,1.027508436706437,01/08/2008 13:00:00,0,,World Superbikes,
447,Bike,Kawasaki ZX-10R [2008],17.599419181032367,1.0288626131946255,01/08/2008 13:00:00,1,,World Superbikes,
447,Bike,Kawasaki ZX-10R [2008],17.599515127187033,1.030383193030688,05/09/2008 13:00:00,0,,World Superbikes,
447,Bike,Kawasaki ZX-10R [2008],17.59991128615513,1.0320743067245486,05/09/2008 13:00:00,1,,World Superbikes,
447,Bike,Kawasaki ZX-10R [2008],17.600591021441847,1.0339368401329683,18/09/2008 13:00:00,0,,World Superbikes,
447,Bike,Kawasaki ZX-10R [2008],17.60107704261016,1.0359678869347926,19/09/2008 13:00:00,0,,World Superbikes,
447,Bike,Kawasaki ZX-10R [2008],17.601730654202406,1.0381729628885283,20/09/2008 13:00:00,0,,World Superbikes,
447,Bike,Kawasaki ZX-10R [2008],17.603846691189435,1.0405283660255435,02/10/2008 13:00:00,0,,World Superbikes,
447,Bike,Kawasaki ZX-10R [2008],17.60639401885081,1.0430590071541141,03/10/2008 13:00:00,0,,World Superbikes,
447,Bike,Kawasaki ZX-10R [2008],17.608121849954195,1.045748219418218,31/10/2008 13:00:00,0,,World Superbikes,
447,Bike,Kawasaki ZX-10R [2008],17.610119960824704,1.0485936096099762,31/10/2008 13:00:00,1,,World Superbikes,
447,Bike,Kawasaki ZX-10R [2008],17.611479647069352,1.051615803039204,01/11/2008 13:00:00,0,,World Superbikes,
448,Rider,Ryuichi Kiyonari,37.598541698215804,0.7784556387611666,20/02/2008 13:00:00,0,Honda CBR1000RR [2008],World Superbikes,
448,Rider,Ryuichi Kiyonari,37.6017790602301,0.7741967139805221,21/02/2008 13:00:00,0,Honda CBR1000RR [2008],World Superbikes,
448,Rider,Ryuichi Kiyonari,37.606747153677055,0.7700484811020656,28/02/2008 13:00:00,0,Honda CBR1000RR [2008],World Superbikes,
448,Rider,Ryuichi Kiyonari,37.612589898998564,0.7660106003487063,29/02/2008 13:00:00,0,Honda CBR1000RR [2008],World Superbikes,
448,Rider,Ryuichi Kiyonari,37.620115613469906,0.7620800687144085,03/04/2008 13:00:00,0,Honda CBR1000RR [2008],World Superbikes,
448,Rider,Ryuichi Kiyonari,37.62757456063853,0.7582588297154648,04/04/2008 13:00:00,0,Honda CBR1000RR [2008],World Superbikes,
448,Rider,Ryuichi Kiyonari,37.63468006226224,0.7545450888311649,05/04/2008 13:00:00,0,Honda CBR1000RR [2008],World Superbikes,
448,Rider,Ryuichi Kiyonari,37.6408675234476,0.7509337556449887,24/04/2008 13:00:00,0,Honda CBR1000RR [2008],World Superbikes,
448,Rider,Ryuichi Kiyonari,37.646669553777954,0.7474286368386824,25/04/2008 13:00:00,0,Honda CBR1000RR [2008],World Superbikes,
448,Rider,Ryuichi Kiyonari,37.65230740328601,0.7440272454728584,26/04/2008 13:00:00,0,Honda CBR1000RR [2008],World Superbikes,
448,Rider,Ryuichi Kiyonari,37.65897028616062,0.7407208905721681,08/05/2008 13:00:00,0,Honda CBR1000RR [2008],World Superbikes,
448,Rider,Ryuichi Kiyonari,37.66637993032412,0.7375172816061485,09/05/2008 13:00:00,0,Honda CBR1000RR [2008],World Superbikes,
448,Rider,Ryuichi Kiyonari,37.67258350927038,0.7344132404012329,10/05/2008 13:00:00,0,Honda CBR1000RR [2008],World Superbikes,
448,Rider,Ryuichi Kiyonari,37.67839648417766,0.7314064869347721,30/05/2008 13:00:00,0,Honda CBR1000RR [2008],World Superbikes,
448,Rider,Ryuichi Kiyonari,37.686500833275794,0.7284967198972503,30/05/2008 13:00:00,1,Honda CBR1000RR [2008],World Superbikes,
448,Rider,Ryuichi Kiyonari,37.695811294767594,0.7256875703688701,12/06/2008 13:00:00,0,Honda CBR1000RR [2008],World Superbikes,
448,Rider,Ryuichi Kiyonari,37.705456250985364,0.7229762992905127,13/06/2008 13:00:00,0,Honda CBR1000RR [2008],World Superbikes,
448,Rider,Ryuichi Kiyonari,37.715740788402755,0.7203621700236715,14/06/2008 13:00:00,0,Honda CBR1000RR [2008],World Superbikes,
448,Rider,Ryuichi Kiyonari,37.72656008290542,0.7178388506635192,26/06/2008 13:00:00,0,Honda CBR1000RR [2008],World Superbikes,
448,Rider,Ryuichi Kiyonari,37.73861222492391,0.7154109793721736,27/06/2008 13:00:00,0,Honda CBR1000RR [2008],World Superbikes,
448,Rider,Ryuichi Kiyonari,37.7526145048932,0.7130755433361414,17/07/2008 13:00:00,0,Honda CBR1000RR [2008],World Superbikes,
448,Rider,Ryuichi Kiyonari,37.76776814569632,0.7108342758015894,18/07/2008 13:00:00,0,Honda CBR1000RR [2008],World Superbikes,
448,Rider,Ryuichi Kiyonari,37.78379310759627,0.708686292011409,19/07/2008 13:00:00,0,Honda CBR1000RR [2008],World Superbikes,
448,Rider,Ryuichi Kiyonari,37.798697663022736,0.7066249873637811,01/08/2008 13:00:00,0,Honda CBR1000RR [2008],World Superbikes,
448,Rider,Ryuichi Kiyonari,37.81105543966069,0.7046328873240492,01/08/2008 13:00:00,1,Honda CBR1000RR [2008],World Superbikes,
448,Rider,Ryuichi Kiyonari,37.82115750218177,0.7027175101393732,02/08/2008 13:00:00,0,Honda CBR1000RR [2008],World Superbikes,
448,Rider,Ryuichi Kiyonari,37.829514274067705,0.7008832160387826,05/09/2008 13:00:00,0,Honda CBR1000RR [2008],World Superbikes,
448,Rider,Ryuichi Kiyonari,37.83542048005276,0.6991261304070746,05/09/2008 13:00:00,1,Honda CBR1000RR [2008],World Superbikes,
448,Rider,Ryuichi Kiyonari,37.83889578674862,0.697448489597043,06/09/2008 13:00:00,0,Honda CBR1000RR [2008],World Superbikes,
448,Rider,Ryuichi Kiyonari,37.84008297209412,0.69584568795451,18/09/2008 13:00:00,0,Honda CBR1000RR [2008],World Superbikes,
448,Rider,Ryuichi Kiyonari,37.84013252995761,0.694327481294343,19/09/2008 13:00:00,0,Honda CBR1000RR [2008],World Superbikes,
448,Rider,Ryuichi Kiyonari,37.838650324093145,0.6928918399844473,20/09/2008 13:00:00,0,Honda CBR1000RR [2008],World Superbikes,
448,Rider,Ryuichi Kiyonari,37.83608746629068,0.6915370187385008,31/10/2008 13:00:00,0,Honda CBR1000RR [2008],World Superbikes,
448,Rider,Ryuichi Kiyonari,37.83426439668111,0.6902690624320137,31/10/2008 13:00:00,1,Honda CBR1000RR [2008],World Superbikes,
448,Rider,Ryuichi Kiyonari,37.83340233415846,0.6890876738252053,26/02/2009 13:00:00,0,Honda CBR1000RR [2009],World Superbikes,
448,Rider,Ryuichi Kiyonari,37.83189973842064,0.6879946724441395,27/02/2009 13:00:00,0,Honda CBR1000RR [2009],World Superbikes,
448,Rider,Ryuichi Kiyonari,37.829865132598094,0.6869890834108073,27/02/2009 13:00:00,1,Honda CBR1000RR [2009],World Superbikes,
448,Rider,Ryuichi Kiyonari,37.82611673419287,0.6860634629572206,27/02/2009 13:00:00,2,Honda CBR1000RR [2009],World Superbikes,
448,Rider,Ryuichi Kiyonari,37.822129964046844,0.6852201006289104,11/03/2009 13:00:00,0,Honda CBR1000RR [2009],World Superbikes,
448,Rider,Ryuichi Kiyonari,37.81657883119552,0.6844599205821721,12/03/2009 13:00:00,0,Honda CBR1000RR [2009],World Superbikes,
448,Rider,Ryuichi Kiyonari,37.80996267081972,0.6837851502122773,12/03/2009 13:00:00,1,Honda CBR1000RR [2009],World Superbikes,
448,Rider,Ryuichi Kiyonari,37.80253975521322,0.6831960486513486,12/03/2009 13:00:00,2,Honda CBR1000RR [2009],World Superbikes,
448,Rider,Ryuichi Kiyonari,37.79566422878736,0.6826862153582365,03/04/2009 13:00:00,0,Honda CBR1000RR [2009],World Superbikes,
448,Rider,Ryuichi Kiyonari,37.78815325076088,0.6822623065684793,03/04/2009 13:00:00,1,Honda CBR1000RR [2009],World Superbikes,
448,Rider,Ryuichi Kiyonari,37.779503389284066,0.6819230787113343,04/04/2009 13:00:00,0,Honda CBR1000RR [2009],World Superbikes,
448,Rider,Ryuichi Kiyonari,37.77164493337837,0.6816647978738837,04/04/2009 13:00:00,1,Honda CBR1000RR [2009],World Superbikes,
448,Rider,Ryuichi Kiyonari,37.76349212686262,0.6814870809925316,24/04/2009 13:00:00,0,Honda CBR1000RR [2009],World Superbikes,
448,Rider,Ryuichi Kiyonari,37.75455489181456,0.6813943592773785,24/04/2009 13:00:00,1,Honda CBR1000RR [2009],World Superbikes,
448,Rider,Ryuichi Kiyonari,37.744059471361275,0.6813842270598164,25/04/2009 13:00:00,0,Honda CBR1000RR [2009],World Superbikes,
448,Rider,Ryuichi Kiyonari,37.73214841317093,0.6814572161171941,25/04/2009 13:00:00,1,Honda CBR1000RR [2009],World Superbikes,
448,Rider,Ryuichi Kiyonari,37.722032590664504,0.681581959444335,08/05/2009 13:00:00,0,Honda CBR1000RR [2009],World Superbikes,
448,Rider,Ryuichi Kiyonari,37.71145879097732,0.68179202865725,08/05/2009 13:00:00,1,Honda CBR1000RR [2009],World Superbikes,
448,Rider,Ryuichi Kiyonari,37.70007158206203,0.6820870219826412,09/05/2009 13:00:00,0,Honda CBR1000RR [2009],World Superbikes,
448,Rider,Ryuichi Kiyonari,37.686991305544915,0.6824620692688449,09/05/2009 13:00:00,1,Honda CBR1000RR [2009],World Superbikes,
448,Rider,Ryuichi Kiyonari,37.6725878226401,0.6829171115770469,09/05/2009 13:00:00,2,Honda CBR1000RR [2009],World Superbikes,
448,Rider,Ryuichi Kiyonari,37.656785607385494,0.6834392635073712,15/05/2009 13:00:00,0,Honda CBR1000RR [2009],World Superbikes,
448,Rider,Ryuichi Kiyonari,37.64180286936322,0.6840451776925244,15/05/2009 13:00:00,1,Honda CBR1000RR [2009],World Superbikes,
448,Rider,Ryuichi Kiyonari,37.625855732626704,0.6847363691335291,16/05/2009 13:00:00,0,Honda CBR1000RR [2009],World Superbikes,
448,Rider,Ryuichi Kiyonari,37.609012830987275,0.6855110172567509,16/05/2009 13:00:00,1,Honda CBR1000RR [2009],World Superbikes,
448,Rider,Ryuichi Kiyonari,37.59264661011186,0.6863660723409295,29/05/2009 13:00:00,0,Honda CBR1000RR [2009],World Superbikes,
448,Rider,Ryuichi Kiyonari,37.57561932089468,0.6873074740362993,29/05/2009 13:00:00,1,Honda CBR1000RR [2009],World Superbikes,
448,Rider,Ryuichi Kiyonari,37.55677016980473,0.6883299745594809,30/05/2009 13:00:00,0,Honda CBR1000RR [2009],World Superbikes,
448,Rider,Ryuichi Kiyonari,37.53716555446485,0.6894369637648334,30/05/2009 13:00:00,1,Honda CBR1000RR [2009],World Superbikes,
448,Rider,Ryuichi Kiyonari,37.51578030986311,0.6906202258746329,30/05/2009 13:00:00,2,Honda CBR1000RR [2009],World Superbikes,
448,Rider,Ryuichi Kiyonari,37.49313064567559,0.6918712650358415,19/06/2009 13:00:00,0,Honda CBR1000RR [2009],World Superbikes,
448,Rider,Ryuichi Kiyonari,37.46917722630287,0.6932102471076514,19/06/2009 13:00:00,1,Honda CBR1000RR [2009],World Superbikes,
448,Rider,Ryuichi Kiyonari,37.444820975798564,0.6946397873275092,20/06/2009 13:00:00,0,Honda CBR1000RR [2009],World Superbikes,
448,Rider,Ryuichi Kiyonari,37.421180689185505,0.6961546828567724,20/06/2009 13:00:00,1,Honda CBR1000RR [2009],World Superbikes,
448,Rider,Ryuichi Kiyonari,37.3960727219511,0.6977538630706169,20/06/2009 13:00:00,2,Honda CBR1000RR [2009],World Superbikes,
448,Rider,Ryuichi Kiyonari,37.37205617058488,0.6993902648837416,26/06/2009 13:00:00,0,Honda CBR1000RR [2009],World Superbikes,
448,Rider,Ryuichi Kiyonari,37.34952709662061,0.7011162984959214,26/06/2009 13:00:00,1,Honda CBR1000RR [2009],World Superbikes,
448,Rider,Ryuichi Kiyonari,37.327315254600805,0.702935569508319,27/06/2009 13:00:00,0,Honda CBR1000RR [2009],World Superbikes,
448,Rider,Ryuichi Kiyonari,37.30726262173077,0.7048193725776076,24/07/2009 13:00:00,0,Honda CBR1000RR [2009],World Superbikes,
448,Rider,Ryuichi Kiyonari,37.2881187264455,0.7067947308609528,24/07/2009 13:00:00,1,Honda CBR1000RR [2009],World Superbikes,
448,Rider,Ryuichi Kiyonari,37.26890560980612,0.7088644045495355,25/07/2009 13:00:00,0,Honda CBR1000RR [2009],World Superbikes,
448,Rider,Ryuichi Kiyonari,37.25101681632902,0.7110180664415933,04/09/2009 13:00:00,0,Honda CBR1000RR [2009],World Superbikes,
448,Rider,Ryuichi Kiyonari,37.232454814317165,0.7132664909994506,04/09/2009 13:00:00,1,Honda CBR1000RR [2009],World Superbikes,
448,Rider,Ryuichi Kiyonari,37.21460332398794,0.7156103542005603,05/09/2009 13:00:00,0,Honda CBR1000RR [2009],World Superbikes,
448,Rider,Ryuichi Kiyonari,37.19835300731919,0.7180371925756143,25/09/2009 13:00:00,0,Honda CBR1000RR [2009],World Superbikes,
448,Rider,Ryuichi Kiyonari,37.181071358557126,0.7205605260245408,26/09/2009 13:00:00,0,Honda CBR1000RR [2009],World Superbikes,
448,Rider,Ryuichi Kiyonari,37.16428129103042,0.7231778327691096,26/09/2009 13:00:00,1,Honda CBR1000RR [2009],World Superbikes,
448,Rider,Ryuichi Kiyonari,37.148266173238575,0.7258823182889191,02/10/2009 13:00:00,0, [2009],World Superbikes,
448,Rider,Ryuichi Kiyonari,37.13214675217717,0.7286704869559976,02/10/2009 13:00:00,1, [2009],World Superbikes,
448,Rider,Ryuichi Kiyonari,37.11608941172141,0.7315414623382251,03/10/2009 13:00:00,0, [2009],World Superbikes,
448,Rider,Ryuichi Kiyonari,37.10040115407081,0.7344907715492903,23/10/2009 13:00:00,0, [2009],World Superbikes,
448,Rider,Ryuichi Kiyonari,37.08605633403737,0.7375176860011976,30/07/2010 13:00:00,0,Honda CBR1000RR [2010],World Superbikes,
448,Rider,Ryuichi Kiyonari,37.07360106479081,0.7406363577605267,30/07/2010 13:00:00,1,Honda CBR1000RR [2010],World Superbikes,
448,Rider,Ryuichi Kiyonari,37.06082390994134,0.743858617012582,22/02/2019 13:00:00,0,Honda CBR1000RR SP2 [2019],World Superbikes,
448,Rider,Ryuichi Kiyonari,37.04916319181105,0.7471560737971584,15/03/2019 13:00:00,0,Honda CBR1000RR SP2 [2019],World Superbikes,
448,Rider,Ryuichi Kiyonari,37.038591358189905,0.7505308857089351,05/04/2019 13:00:00,0,Honda CBR1000RR SP2 [2019],World Superbikes,
448,Rider,Ryuichi Kiyonari,37.02912614332306,0.753978250956858,12/04/2019 13:00:00,0,Honda CBR1000RR SP2 [2019],World Superbikes,
448,Rider,Ryuichi Kiyonari,37.019911527049516,0.7575144959148528,10/05/2019 13:00:00,0,Honda CBR1000RR SP2 [2019],World Superbikes,
448,Rider,Ryuichi Kiyonari,37.01131381574911,0.7611402957032215,07/06/2019 13:00:00,0,Honda CBR1000RR SP2 [2019],World Superbikes,
448,Rider,Ryuichi Kiyonari,37.00509340175591,0.7648321668855371,21/06/2019 13:00:00,0,Honda CBR1000RR SP2 [2019],World Superbikes,
448,Rider,Ryuichi Kiyonari,37.00101266729373,0.7686035234278358,05/07/2019 13:00:00,0,Honda CBR1000RR SP2 [2019],World Superbikes,
448,Rider,Ryuichi Kiyonari,36.996887323448476,0.7724686577663015,13/07/2019 13:00:00,0,Honda CBR1000RR SP2 [2019],World Superbikes,
448,Rider,Ryuichi Kiyonari,36.99471534366557,0.7763993447933536,06/09/2019 13:00:00,0,Honda CBR1000RR SP2 [2019],World Superbikes,
448,Rider,Ryuichi Kiyonari,36.99397756529731,0.780417188375368,27/09/2019 13:00:00,0,Honda CBR1000RR SP2 [2019],World Superbikes,
448,Rider,Ryuichi Kiyonari,36.99196617934556,0.784538030484022,11/10/2019 13:00:00,0,Honda CBR1000RR SP2 [2019],World Superbikes,
448,Rider,Ryuichi Kiyonari,36.98974629421851,0.7887606122263954,25/10/2019 13:00:00,0,Honda CBR1000RR SP2 [2019],World Superbikes,
449,Rider,Russell Holland,26.99368517877438,1.5978490298692098,20/02/2008 13:00:00,0,Honda CBR1000RR [2008],World Superbikes,
449,Rider,Russell Holland,26.99429102739252,1.5961108797069428,21/02/2008 13:00:00,0,Honda CBR1000RR [2008],World Superbikes,
449,Rider,Russell Holland,26.99504966564066,1.5946482681127196,28/02/2008 13:00:00,0,Honda CBR1000RR [2008],World Superbikes,
449,Rider,Russell Holland,26.993899776447243,1.593466125112863,29/02/2008 13:00:00,0,Honda CBR1000RR [2008],World Superbikes,
449,Rider,Russell Holland,26.991061195066607,1.5925639109597347,29/02/2008 13:00:00,1,Honda CBR1000RR [2008],World Superbikes,
449,Rider,Russell Holland,26.986513026133988,1.5919274377470798,03/04/2008 13:00:00,0,Honda CBR1000RR [2008],World Superbikes,
449,Rider,Russell Holland,26.981784045460248,1.5915704803393154,04/04/2008 13:00:00,0,Honda CBR1000RR [2008],World Superbikes,
449,Rider,Russell Holland,26.976411883473883,1.591493997334282,24/04/2008 13:00:00,0,Honda CBR1000RR [2008],World Superbikes,
449,Rider,Russell Holland,26.972953898524608,1.5916476526548484,25/04/2008 13:00:00,0,Honda CBR1000RR [2008],World Superbikes,
449,Rider,Russell Holland,26.969799593768997,1.5920715427840022,08/05/2008 13:00:00,0,Honda CBR1000RR [2008],World Superbikes,
449,Rider,Russell Holland,26.96832833941821,1.592743248683325,09/05/2008 13:00:00,0,Honda CBR1000RR [2008],World Superbikes,
449,Rider,Russell Holland,26.96729383352545,1.5936862495559367,30/05/2008 13:00:00,0,Honda CBR1000RR [2008],World Superbikes,
449,Rider,Russell Holland,26.966050892628097,1.5949089232774887,30/05/2008 13:00:00,1,Honda CBR1000RR [2008],World Superbikes,
449,Rider,Russell Holland,26.963447775429547,1.5964161492161308,12/06/2008 13:00:00,0,Honda CBR1000RR [2008],World Superbikes,
449,Rider,Russell Holland,26.96281812023544,1.5981575892715782,13/06/2008 13:00:00,0,Honda CBR1000RR [2008],World Superbikes,
450,Rider,Kenan Sofuoglu,29.69981392689564,1.1986182466337463,20/02/2008 13:00:00,0,Honda CBR1000RR [2008],World Superbikes,
450,Rider,Kenan Sofuoglu,29.70170541309181,1.196040225702585,21/02/2008 13:00:00,0,Honda CBR1000RR [2008],World Superbikes,
450,Rider,Kenan Sofuoglu,29.702656451351466,1.1936684568773697,22/02/2008 13:00:00,0,Honda CBR1000RR [2008],World Superbikes,
450,Rider,Kenan Sofuoglu,29.703632448010044,1.1914740868779612,28/02/2008 13:00:00,0,Honda CBR1000RR [2008],World Superbikes,
450,Rider,Kenan Sofuoglu,29.704582066525624,1.1894820571989477,29/02/2008 13:00:00,0,Honda CBR1000RR [2008],World Superbikes,
450,Rider,Kenan Sofuoglu,29.706235657838608,1.187684930021331,03/04/2008 13:00:00,0,Honda CBR1000RR [2008],World Superbikes,
450,Rider,Kenan Sofuoglu,29.708411609667618,1.1860904214603618,04/04/2008 13:00:00,0,Honda CBR1000RR [2008],World Superbikes,
450,Rider,Kenan Sofuoglu,29.71123830521641,1.1846972031492413,24/04/2008 13:00:00,0,Honda CBR1000RR [2008],World Superbikes,
450,Rider,Kenan Sofuoglu,29.714886098325653,1.1834972053786563,25/04/2008 13:00:00,0,Honda CBR1000RR [2008],World Superbikes,
450,Rider,Kenan Sofuoglu,29.718305310133154,1.1825015964578895,08/05/2008 13:00:00,0,Honda CBR1000RR [2008],World Superbikes,
450,Rider,Kenan Sofuoglu,29.719722195673295,1.181711021544742,30/05/2008 13:00:00,0,Honda CBR1000RR [2008],World Superbikes,
450,Rider,Kenan Sofuoglu,29.72069763913227,1.1811255958422733,30/05/2008 13:00:00,1,Honda CBR1000RR [2008],World Superbikes,
450,Rider,Kenan Sofuoglu,29.72262436284393,1.1807385216515232,12/06/2008 13:00:00,0,Honda CBR1000RR [2008],World Superbikes,
450,Rider,Kenan Sofuoglu,29.725260520045055,1.1805491243379038,13/06/2008 13:00:00,0,Honda CBR1000RR [2008],World Superbikes,
450,Rider,Kenan Sofuoglu,29.728099310716193,1.1805594187488742,26/06/2008 13:00:00,0,Honda CBR1000RR [2008],World Superbikes,
450,Rider,Kenan Sofuoglu,29.73213654200928,1.180757269250817,27/06/2008 13:00:00,0,Honda CBR1000RR [2008],World Superbikes,
450,Rider,Kenan Sofuoglu,29.73751639085981,1.1811351069776748,17/07/2008 13:00:00,0,Honda CBR1000RR [2008],World Superbikes,
450,Rider,Kenan Sofuoglu,29.742877966082713,1.1817151506356802,18/07/2008 13:00:00,0,Honda CBR1000RR [2008],World Superbikes,
450,Rider,Kenan Sofuoglu,29.750035082036042,1.1824807466720175,01/08/2008 13:00:00,0,Honda CBR1000RR [2008],World Superbikes,
450,Rider,Kenan Sofuoglu,29.756882488653137,1.1834480548702122,01/08/2008 13:00:00,1,Honda CBR1000RR [2008],World Superbikes,
450,Rider,Kenan Sofuoglu,29.7624569191853,1.1846208423200963,05/09/2008 13:00:00,0,Honda CBR1000RR [2008],World Superbikes,
450,Rider,Kenan Sofuoglu,29.766274059834558,1.186001837825874,05/09/2008 13:00:00,1,Honda CBR1000RR [2008],World Superbikes,
450,Rider,Kenan Sofuoglu,29.7693886595792,1.1875899109371144,18/09/2008 13:00:00,0,Honda CBR1000RR [2008],World Superbikes,
450,Rider,Kenan Sofuoglu,29.771118194819696,1.1893846327551387,19/09/2008 13:00:00,0,Honda CBR1000RR [2008],World Superbikes,
450,Rider,Kenan Sofuoglu,29.77166932422215,1.1913850676246458,20/09/2008 13:00:00,0,Honda CBR1000RR [2008],World Superbikes,
450,Rider,Kenan Sofuoglu,29.772184510530902,1.1935686499190916,02/10/2008 13:00:00,0,Honda CBR1000RR [2008],World Superbikes,
450,Rider,Kenan Sofuoglu,29.77174418212093,1.1959599610813467,03/10/2008 13:00:00,0,Honda CBR1000RR [2008],World Superbikes,
450,Rider,Kenan Sofuoglu,29.7714689662069,1.1985454401353524,04/10/2008 13:00:00,0,Honda CBR1000RR [2008],World Superbikes,
451,Rider,Shuhei Aoyama,24.228700844783926,1.2101281675874898,20/02/2008 13:00:00,0,Honda CBR1000RR [2008],World Superbikes,
451,Rider,Shuhei Aoyama,24.229319244542342,1.2075743337380427,21/02/2008 13:00:00,0,Honda CBR1000RR [2008],World Superbikes,
451,Rider,Shuhei Aoyama,24.231216048247383,1.205189513216251,28/02/2008 13:00:00,0,Honda CBR1000RR [2008],World Superbikes,
451,Rider,Shuhei Aoyama,24.233432958614536,1.2029907539857136,29/02/2008 13:00:00,0,Honda CBR1000RR [2008],World Superbikes,
451,Rider,Shuhei Aoyama,24.236031890192887,1.2009764828198393,03/04/2008 13:00:00,0,Honda CBR1000RR [2008],World Superbikes,
451,Rider,Shuhei Aoyama,24.240712822299464,1.1991107013085591,04/04/2008 13:00:00,0,Honda CBR1000RR [2008],World Superbikes,
451,Rider,Shuhei Aoyama,24.24602749554399,1.1974385330098327,24/04/2008 13:00:00,0,Honda CBR1000RR [2008],World Superbikes,
451,Rider,Shuhei Aoyama,24.251849753282297,1.1959524145250917,25/04/2008 13:00:00,0,Honda CBR1000RR [2008],World Superbikes,
451,Rider,Shuhei Aoyama,24.25779634000373,1.194660309109663,08/05/2008 13:00:00,0,Honda CBR1000RR [2008],World Superbikes,
451,Rider,Shuhei Aoyama,24.26318381022874,1.1935684388667407,09/05/2008 13:00:00,0,Honda CBR1000RR [2008],World Superbikes,
451,Rider,Shuhei Aoyama,24.268262176223082,1.1926760190985148,30/05/2008 13:00:00,0,Honda CBR1000RR [2008],World Superbikes,
451,Rider,Shuhei Aoyama,24.27091264393236,1.1919909197226863,30/05/2008 13:00:00,1,Honda CBR1000RR [2008],World Superbikes,
451,Rider,Shuhei Aoyama,24.270584563278252,1.1915108975810256,31/05/2008 13:00:00,0,Honda CBR1000RR [2008],World Superbikes,
451,Rider,Shuhei Aoyama,24.26928534577627,1.1912085273083006,12/06/2008 13:00:00,0,Honda CBR1000RR [2008],World Superbikes,
451,Rider,Shuhei Aoyama,24.267192844856925,1.1911079791255308,13/06/2008 13:00:00,0,Honda CBR1000RR [2008],World Superbikes,
451,Rider,Shuhei Aoyama,24.26608539398734,1.1911854943857125,26/06/2008 13:00:00,0,Honda CBR1000RR [2008],World Superbikes,
451,Rider,Shuhei Aoyama,24.263807529757717,1.1914673020224729,27/06/2008 13:00:00,0,Honda CBR1000RR [2008],World Superbikes,
451,Rider,Shuhei Aoyama,24.2611153397963,1.1919476389699124,17/07/2008 13:00:00,0,Honda CBR1000RR [2008],World Superbikes,
451,Rider,Shuhei Aoyama,24.25878625337798,1.1926157647604492,18/07/2008 13:00:00,0,Honda CBR1000RR [2008],World Superbikes,
451,Rider,Shuhei Aoyama,24.256201399638858,1.193482930787501,01/08/2008 13:00:00,0,Honda CBR1000RR [2008],World Superbikes,
451,Rider,Shuhei Aoyama,24.253630274204234,1.1945426000434753,01/08/2008 13:00:00,1,Honda CBR1000RR [2008],World Superbikes,
451,Rider,Shuhei Aoyama,24.25071434586407,1.1957982254083512,05/09/2008 13:00:00,0,Honda CBR1000RR [2008],World Superbikes,
451,Rider,Shuhei Aoyama,24.249989683657258,1.1972014771762487,05/09/2008 13:00:00,1,Honda CBR1000RR [2008],World Superbikes,
451,Rider,Shuhei Aoyama,24.24961693974106,1.1987953632871198,18/09/2008 13:00:00,0,Honda CBR1000RR [2008],World Superbikes,
451,Rider,Shuhei Aoyama,24.250681898052516,1.2005611218643484,19/09/2008 13:00:00,0,Honda CBR1000RR [2008],World Superbikes,
451,Rider,Shuhei Aoyama,24.251651542207117,1.2025275173448053,02/10/2008 13:00:00,0,Honda CBR1000RR [2008],World Superbikes,
451,Rider,Shuhei Aoyama,24.25339565935385,1.2046774798813897,03/10/2008 13:00:00,0,Honda CBR1000RR [2008],World Superbikes,
451,Rider,Shuhei Aoyama,24.255049031603395,1.2070120349129754,31/10/2008 13:00:00,0,Honda CBR1000RR [2008],World Superbikes,
451,Rider,Shuhei Aoyama,24.255732572821994,1.2095524973638103,31/10/2008 13:00:00,1,Honda CBR1000RR [2008],World Superbikes,
452,Rider,Loic Napoleone,12.853930234726636,1.9188488955364043,20/02/2008 13:00:00,0,Yamaha YZF-R1 [2008],World Superbikes,
452,Rider,Loic Napoleone,12.853391411196547,1.9174022796858876,21/02/2008 13:00:00,0,Yamaha YZF-R1 [2008],World Superbikes,
452,Rider,Loic Napoleone,12.853639676341073,1.916132402820361,28/02/2008 13:00:00,0,Yamaha YZF-R1 [2008],World Superbikes,
452,Rider,Loic Napoleone,12.854425431417583,1.915010950462039,29/02/2008 13:00:00,0,Yamaha YZF-R1 [2008],World Superbikes,
452,Rider,Loic Napoleone,12.85577186970516,1.9140410385209774,03/04/2008 13:00:00,0,Yamaha YZF-R1 [2008],World Superbikes,
452,Rider,Loic Napoleone,12.856209286996295,1.9133792377134662,04/04/2008 13:00:00,0,Yamaha YZF-R1 [2008],World Superbikes,
452,Rider,Loic Napoleone,12.856479944798643,1.9130125859615605,24/04/2008 13:00:00,0,Yamaha YZF-R1 [2008],World Superbikes,
452,Rider,Loic Napoleone,12.857589725051572,1.9128276476823263,25/04/2008 13:00:00,0,Yamaha YZF-R1 [2008],World Superbikes,
452,Rider,Loic Napoleone,12.857922729947166,1.9129488089129127,08/05/2008 13:00:00,0,Yamaha YZF-R1 [2008],World Superbikes,
452,Rider,Loic Napoleone,12.858536622613741,1.9133267196046562,09/05/2008 13:00:00,0,Yamaha YZF-R1 [2008],World Superbikes,
452,Rider,Loic Napoleone,12.859432417138905,1.9139610424890694,30/05/2008 13:00:00,0,Yamaha YZF-R1 [2008],World Superbikes,
452,Rider,Loic Napoleone,12.859680008811242,1.9149015564310563,30/05/2008 13:00:00,1,Yamaha YZF-R1 [2008],World Superbikes,
452,Rider,Loic Napoleone,12.859018078046248,1.9161455200237443,12/06/2008 13:00:00,0,Yamaha YZF-R1 [2008],World Superbikes,
452,Rider,Loic Napoleone,12.859231942613361,1.91757650931163,13/06/2008 13:00:00,0,Yamaha YZF-R1 [2008],World Superbikes,
453,Rider,Diego Lozano,22.579217809259443,3.6130527180928693,03/04/2008 13:00:00,0,Honda CBR1000RR [2008],World Superbikes,
453,Rider,Diego Lozano,22.579713047038073,3.6130268036369833,04/04/2008 13:00:00,0,Honda CBR1000RR [2008],World Superbikes,
454,Rider,Arie Vos,20.70658467385217,3.6389620612827214,24/04/2008 13:00:00,0,Ducati 1098 RS08 [2008],World Superbikes,
454,Rider,Arie Vos,20.70607844184121,3.638976136137245,25/04/2008 13:00:00,0,Ducati 1098 RS08 [2008],World Superbikes,
455,Bike,Ducati 999 RS [2008],25.22722816724772,3.739022731362013,08/05/2008 13:00:00,0,,World Superbikes,
455,Bike,Ducati 999 RS [2008],25.227058441419725,3.739029737662198,09/05/2008 13:00:00,0,,World Superbikes,
456,Rider,Michael Beck,12.96245447078773,4.140541636546144,08/05/2008 13:00:00,0,Yamaha YZF-R1 [2008],World Superbikes,
456,Rider,Michael Beck,12.962454124175284,4.140541771254669,09/05/2008 13:00:00,0,Yamaha YZF-R1 [2008],World Superbikes,
457,Rider,Jason Pridmore,18.613601138231346,2.072005628710171,30/05/2008 13:00:00,0,Honda CBR1000RR [2008],World Superbikes,
457,Rider,Jason Pridmore,18.611886316926004,2.070892230889584,30/05/2008 13:00:00,1,Honda CBR1000RR [2008],World Superbikes,
457,Rider,Jason Pridmore,18.607535888424096,2.0701521197265498,12/06/2008 13:00:00,0,Honda CBR1000RR [2008],World Superbikes,
457,Rider,Jason Pridmore,18.602711461853264,2.06974788822375,13/06/2008 13:00:00,0,Honda CBR1000RR [2008],World Superbikes,
457,Rider,Jason Pridmore,18.59844636031894,2.069626962135357,26/06/2008 13:00:00,0,Honda CBR1000RR [2008],World Superbikes,
457,Rider,Jason Pridmore,18.595179080985275,2.0697161525467234,27/06/2008 13:00:00,0,Honda CBR1000RR [2008],World Superbikes,
457,Rider,Jason Pridmore,18.59286608779917,2.0700024874818483,17/07/2008 13:00:00,0,Honda CBR1000RR [2008],World Superbikes,
457,Rider,Jason Pridmore,18.591233951476195,2.0706015398603808,18/07/2008 13:00:00,0,Honda CBR1000RR [2008],World Superbikes,
457,Rider,Jason Pridmore,18.59144365248911,2.071448940902757,01/08/2008 13:00:00,0,Honda CBR1000RR [2008],World Superbikes,
457,Rider,Jason Pridmore,18.59234226922977,2.0725906361290014,01/08/2008 13:00:00,1,Honda CBR1000RR [2008],World Superbikes,
458,Rider,Scott Jensen,14.276058216802348,4.111978288620667,30/05/2008 13:00:00,0,Suzuki GSX-R1000 K8 [2008],World Superbikes,
458,Rider,Scott Jensen,14.276136214080308,4.111993865069234,30/05/2008 13:00:00,1,Suzuki GSX-R1000 K8 [2008],World Superbikes,
459,Rider,Niccolò Canepa,30.577137883016935,0.8737844723515773,17/07/2008 13:00:00,0,Ducati 1098 F08 [2008],World Superbikes,
459,Rider,Niccolò Canepa,30.57685232337941,0.870044322049825,18/07/2008 13:00:00,0,Ducati 1098 F08 [2008],World Superbikes,
459,Rider,Niccolò Canepa,30.57546959462641,0.8664390178197582,19/07/2008 13:00:00,0,Ducati 1098 F08 [2008],World Superbikes,
459,Rider,Niccolò Canepa,30.5730233639857,0.8629642470463472,23/02/2012 13:00:00,0,Ducati 1098R [2012],World Superbikes,
459,Rider,Niccolò Canepa,30.56877073367123,0.8596230661444031,24/02/2012 13:00:00,0,Ducati 1098R [2012],World Superbikes,
459,Rider,Niccolò Canepa,30.563012528615616,0.8564161140269633,30/03/2012 13:00:00,0,Ducati 1098R [2012],World Superbikes,
459,Rider,Niccolò Canepa,30.55749326778927,0.8533419167060862,30/03/2012 13:00:00,1,Ducati 1098R [2012],World Superbikes,
459,Rider,Niccolò Canepa,30.551148870896338,0.8504021960431987,31/03/2012 13:00:00,0,Ducati 1098R [2012],World Superbikes,
459,Rider,Niccolò Canepa,30.545281513632133,0.8475822972891381,20/04/2012 13:00:00,0,Ducati 1098R [2012],World Superbikes,
459,Rider,Niccolò Canepa,30.53998152773577,0.844892096729753,20/04/2012 13:00:00,1,Ducati 1098R [2012],World Superbikes,
459,Rider,Niccolò Canepa,30.532446693050648,0.8423280198367465,04/05/2012 13:00:00,0,Ducati 1098R [2012],World Superbikes,
459,Rider,Niccolò Canepa,30.525574652958433,0.8398895840950779,04/05/2012 13:00:00,1,Ducati 1098R [2012],World Superbikes,
459,Rider,Niccolò Canepa,30.518538506269294,0.8375807342481258,11/05/2012 13:00:00,0,Ducati 1098R [2012],World Superbikes,
459,Rider,Niccolò Canepa,30.512418953253597,0.8353920274488267,11/05/2012 13:00:00,1,Ducati 1098R [2012],World Superbikes,
459,Rider,Niccolò Canepa,30.506435631600784,0.8333278720716836,12/05/2012 13:00:00,0,Ducati 1098R [2012],World Superbikes,
459,Rider,Niccolò Canepa,30.500858792884035,0.8313787365318344,26/05/2012 13:00:00,0,Ducati 1098R [2012],World Superbikes,
459,Rider,Niccolò Canepa,30.49591870131599,0.8295539447845051,26/05/2012 13:00:00,1,Ducati 1098R [2012],World Superbikes,
459,Rider,Niccolò Canepa,30.490873554108216,0.8278564060039403,27/05/2012 13:00:00,0,Ducati 1098R [2012],World Superbikes,
459,Rider,Niccolò Canepa,30.486783028856713,0.8262647875130265,08/06/2012 13:00:00,0,Ducati 1098R [2012],World Superbikes,
459,Rider,Niccolò Canepa,30.482629430427437,0.8247992598280816,08/06/2012 13:00:00,1,Ducati 1098R [2012],World Superbikes,
459,Rider,Niccolò Canepa,30.47916078420953,0.8234570045489564,29/06/2012 13:00:00,0,Ducati 1098R [2012],World Superbikes,
459,Rider,Niccolò Canepa,30.4751755076188,0.8222413228244059,29/06/2012 13:00:00,1,Ducati 1098R [2012],World Superbikes,
459,Rider,Niccolò Canepa,30.47210508477214,0.8211458993254601,03/08/2012 13:00:00,0,Ducati 1098R [2012],World Superbikes,
459,Rider,Niccolò Canepa,30.468693087158865,0.8201770033582916,03/08/2012 13:00:00,1,Ducati 1098R [2012],World Superbikes,
459,Rider,Niccolò Canepa,30.465544028652094,0.8193270063590137,23/08/2012 13:00:00,0,Ducati 1098R [2012],World Superbikes,
459,Rider,Niccolò Canepa,30.461709363787072,0.8186018008663747,24/08/2012 13:00:00,0,Ducati 1098R [2012],World Superbikes,
459,Rider,Niccolò Canepa,30.458472062172653,0.8179965841447243,24/08/2012 13:00:00,1,Ducati 1098R [2012],World Superbikes,
459,Rider,Niccolò Canepa,30.45431001600689,0.8175108911091882,24/08/2012 13:00:00,2,Ducati 1098R [2012],World Superbikes,
459,Rider,Niccolò Canepa,30.450385738438648,0.8171269866434713,24/05/2013 13:00:00,0,Ducati 1098 F08 [2013],World Superbikes,
459,Rider,Niccolò Canepa,30.447337256976525,0.8168492042403457,24/05/2013 13:00:00,1,Ducati 1098 F08 [2013],World Superbikes,
459,Rider,Niccolò Canepa,30.44545858392042,0.8166752210222713,25/05/2013 13:00:00,0,Ducati 1098 F08 [2013],World Superbikes,
459,Rider,Niccolò Canepa,30.44344830338458,0.8166088986717961,25/05/2013 13:00:00,1,Ducati 1098 F08 [2013],World Superbikes,
459,Rider,Niccolò Canepa,30.441230405457382,0.8166474312530234,25/05/2013 13:00:00,2,Ducati 1098 F08 [2013],World Superbikes,
459,Rider,Niccolò Canepa,30.440495155814148,0.8167553339828086,27/09/2013 13:00:00,0,Ducati 1098 F08 [2013],World Superbikes,
459,Rider,Niccolò Canepa,30.437960281797928,0.8169592505422179,27/09/2013 13:00:00,1,Ducati 1098 F08 [2013],World Superbikes,
459,Rider,Niccolò Canepa,30.433656087367932,0.8172595220483218,28/09/2013 13:00:00,0,Ducati 1098 F08 [2013],World Superbikes,
459,Rider,Niccolò Canepa,30.42871545525322,0.8176641326118861,28/09/2013 13:00:00,1,Ducati 1098 F08 [2013],World Superbikes,
459,Rider,Niccolò Canepa,30.423580154882814,0.8181707920415378,28/09/2013 13:00:00,2,Ducati 1098 F08 [2013],World Superbikes,
459,Rider,Niccolò Canepa,30.41775470679194,0.818774040604648,21/02/2014 13:00:00,1,Ducati 1199 Panigale R [2014],World Superbikes,
459,Rider,Niccolò Canepa,30.412245288805973,0.8194808791019178,12/04/2014 13:00:00,0,Ducati 1199 Panigale R [2014],World Superbikes,
459,Rider,Niccolò Canepa,30.406304328572503,0.82028705034798,26/04/2014 13:00:00,1,Ducati 1199 Panigale R [2014],World Superbikes,
459,Rider,Niccolò Canepa,30.39971499957792,0.8212026826467907,10/05/2014 13:00:00,0,Ducati 1199 Panigale R [2014],World Superbikes,
459,Rider,Niccolò Canepa,30.391564845113265,0.8221910705207593,10/05/2014 13:00:00,1,Ducati 1199 Panigale R [2014],World Superbikes,
459,Rider,Niccolò Canepa,30.383365332421025,0.8232863413027225,23/05/2014 13:00:00,0,Ducati 1199 Panigale R [2014],World Superbikes,
459,Rider,Niccolò Canepa,30.37632676313901,0.8244822567042875,06/06/2014 13:00:00,0,Ducati 1199 Panigale R [2014],World Superbikes,
459,Rider,Niccolò Canepa,30.369191084113318,0.8257778507712178,21/06/2014 13:00:00,0,Ducati 1199 Panigale R [2014],World Superbikes,
459,Rider,Niccolò Canepa,30.36151825731495,0.8271627844312254,21/06/2014 13:00:00,1,Ducati 1199 Panigale R [2014],World Superbikes,
459,Rider,Niccolò Canepa,30.35415780948252,0.8286529985229487,05/07/2014 13:00:00,0,Ducati 1199 Panigale R [2014],World Superbikes,
459,Rider,Niccolò Canepa,30.34710444799872,0.8302435106808286,12/07/2014 13:00:00,0,Ducati 1199 Panigale R [2014],World Superbikes,
459,Rider,Niccolò Canepa,30.339282339936325,0.8319255363058975,12/07/2014 13:00:00,1,Ducati 1199 Panigale R [2014],World Superbikes,
459,Rider,Niccolò Canepa,30.33287472493126,0.8336832857547111,06/09/2014 13:00:00,0,Ducati 1199 Panigale R [2014],World Superbikes,
459,Rider,Niccolò Canepa,30.326995298544507,0.8355472907363519,04/10/2014 13:00:00,0,Ducati 1199 Panigale R [2014],World Superbikes,
459,Rider,Niccolò Canepa,30.32178949700056,0.8375146255107663,01/11/2014 13:00:00,0,Ducati 1199 Panigale R [2014],World Superbikes,
459,Rider,Niccolò Canepa,30.317154914981717,0.8395821466400398,20/02/2015 13:00:00,0,EBR 1190RX [2015],World Superbikes,
459,Rider,Niccolò Canepa,30.31256464406615,0.8417291709668578,20/03/2015 13:00:00,0,EBR 1190RX [2015],World Superbikes,
459,Rider,Niccolò Canepa,30.30891188360117,0.8439557741608956,11/04/2015 13:00:00,0,EBR 1190RX [2015],World Superbikes,
459,Rider,Niccolò Canepa,30.30495636186846,0.84626357468071,18/04/2015 13:00:00,0,EBR 1190RX [2015],World Superbikes,
459,Rider,Niccolò Canepa,30.301386313564535,0.8486548352814087,22/05/2015 13:00:00,0,Kawasaki ZX-10R [2015],World Superbikes,
459,Rider,Niccolò Canepa,30.29962753218985,0.8511380429484497,06/06/2015 13:00:00,0,Kawasaki ZX-10R [2015],World Superbikes,
459,Rider,Niccolò Canepa,30.30044637256108,0.8537038803468961,20/06/2015 13:00:00,0,Ducati Panigale R [2015],World Superbikes,
459,Rider,Niccolò Canepa,30.301481367000825,0.8563792344853528,18/07/2015 13:00:00,1,Ducati Panigale R [2015],World Superbikes,
459,Rider,Niccolò Canepa,30.302281724768132,0.8591698545983502,31/07/2015 13:00:00,1,Ducati Panigale R [2015],World Superbikes,
459,Rider,Niccolò Canepa,30.303807812146495,0.8620637501530379,19/09/2015 13:00:00,1,Ducati Panigale R [2015],World Superbikes,
459,Rider,Niccolò Canepa,30.304008924464135,0.8650711459828031,03/10/2015 13:00:00,1,Ducati Panigale R [2015],World Superbikes,
459,Rider,Niccolò Canepa,30.30282679542828,0.8681918208711263,17/10/2015 13:00:00,0,Ducati Panigale R [2015],World Superbikes,
459,Rider,Niccolò Canepa,30.30229850554527,0.8714252681321328,17/06/2016 13:00:00,0,Yamaha YZF-R1 [2016],World Superbikes,
459,Rider,Niccolò Canepa,30.301582844561473,0.8747777040953323,09/07/2016 13:00:00,1,Yamaha YZF-R1 [2016],World Superbikes,
459,Rider,Niccolò Canepa,30.300079349620592,0.878251692868238,25/05/2018 13:00:00,0,Yamaha YZF-R1 [2018],World Superbikes,
459,Rider,Niccolò Canepa,30.2999970281614,0.8818297443217382,06/07/2018 13:00:00,0,Yamaha YZF-R1 [2018],World Superbikes,
459,Rider,Niccolò Canepa,30.29937469588723,0.8855305943730185,20/09/2024 13:00:00,0,Yamaha YZF-R1 [2024],World Superbikes,
460,Rider,Tom Sykes,42.77056080175102,0.7274064652308877,01/08/2008 13:00:00,0,Suzuki [2008],World Superbikes,
460,Rider,Tom Sykes,42.77277915803441,0.7228047983150694,01/08/2008 13:00:00,1,Suzuki [2008],World Superbikes,
460,Rider,Tom Sykes,42.774932066104284,0.7182827573114451,02/08/2008 13:00:00,0,Suzuki [2008],World Superbikes,
460,Rider,Tom Sykes,42.7771177520181,0.7138371398843535,05/09/2008 13:00:00,0,Suzuki [2008],World Superbikes,
460,Rider,Tom Sykes,42.77850492448774,0.7094671454921535,05/09/2008 13:00:00,1,Suzuki [2008],World Superbikes,
460,Rider,Tom Sykes,42.78115997489899,0.7051762957202217,06/09/2008 13:00:00,0,Suzuki [2008],World Superbikes,
460,Rider,Tom Sykes,42.78382118468623,0.700959314742755,26/02/2009 13:00:00,0,Yamaha YZF-R1 [2009],World Superbikes,
460,Rider,Tom Sykes,42.78626297492659,0.6968342361983679,27/02/2009 13:00:00,0,Yamaha YZF-R1 [2009],World Superbikes,
460,Rider,Tom Sykes,42.78836102081659,0.692798167850994,27/02/2009 13:00:00,1,Yamaha YZF-R1 [2009],World Superbikes,
460,Rider,Tom Sykes,42.790821763502144,0.6888489785483253,27/02/2009 13:00:00,2,Yamaha YZF-R1 [2009],World Superbikes,
460,Rider,Tom Sykes,42.794105090648365,0.6849814844795954,11/03/2009 13:00:00,0,Yamaha YZF-R1 [2009],World Superbikes,
460,Rider,Tom Sykes,42.797697241579755,0.6812005266664527,12/03/2009 13:00:00,0,Yamaha YZF-R1 [2009],World Superbikes,
460,Rider,Tom Sykes,42.79976235998613,0.6774959437287867,12/03/2009 13:00:00,1,Yamaha YZF-R1 [2009],World Superbikes,
460,Rider,Tom Sykes,42.80029844252791,0.673858466037168,12/03/2009 13:00:00,2,Yamaha YZF-R1 [2009],World Superbikes,
460,Rider,Tom Sykes,42.799670024475525,0.6702935404415041,12/03/2009 13:00:00,3,Yamaha YZF-R1 [2009],World Superbikes,
460,Rider,Tom Sykes,42.79910461627504,0.6667914313255963,03/04/2009 13:00:00,0,Yamaha YZF-R1 [2009],World Superbikes,
460,Rider,Tom Sykes,42.79747630362413,0.6633656026708552,03/04/2009 13:00:00,1,Yamaha YZF-R1 [2009],World Superbikes,
460,Rider,Tom Sykes,42.79750189099429,0.6600179623420951,04/04/2009 13:00:00,0,Yamaha YZF-R1 [2009],World Superbikes,
460,Rider,Tom Sykes,42.79918430564025,0.656741200719946,24/04/2009 13:00:00,0,Yamaha YZF-R1 [2009],World Superbikes,
460,Rider,Tom Sykes,42.8017195364763,0.6535402079049625,24/04/2009 13:00:00,1,Yamaha YZF-R1 [2009],World Superbikes,
460,Rider,Tom Sykes,42.80403091173985,0.6504136492363832,25/04/2009 13:00:00,0,Yamaha YZF-R1 [2009],World Superbikes,
460,Rider,Tom Sykes,42.80689333334674,0.6473592668289095,25/04/2009 13:00:00,1,Yamaha YZF-R1 [2009],World Superbikes,
460,Rider,Tom Sykes,42.809601721277716,0.6443742262205387,25/04/2009 13:00:00,2,Yamaha YZF-R1 [2009],World Superbikes,
460,Rider,Tom Sykes,42.813911925182836,0.6414214134876592,08/05/2009 13:00:00,0,Yamaha YZF-R1 [2009],World Superbikes,
460,Rider,Tom Sykes,42.81634117842825,0.6385274664636635,08/05/2009 13:00:00,1,Yamaha YZF-R1 [2009],World Superbikes,
460,Rider,Tom Sykes,42.818357829459494,0.6357016837305537,09/05/2009 13:00:00,0,Yamaha YZF-R1 [2009],World Superbikes,
460,Rider,Tom Sykes,42.82013099871548,0.6329423269672727,09/05/2009 13:00:00,1,Yamaha YZF-R1 [2009],World Superbikes,
460,Rider,Tom Sykes,42.8223688662797,0.6302453991135242,15/05/2009 13:00:00,0,Yamaha YZF-R1 [2009],World Superbikes,
460,Rider,Tom Sykes,42.82440320860055,0.6276121675098318,15/05/2009 13:00:00,1,Yamaha YZF-R1 [2009],World Superbikes,
460,Rider,Tom Sykes,42.82517228205554,0.6250370361677724,16/05/2009 13:00:00,0,Yamaha YZF-R1 [2009],World Superbikes,
460,Rider,Tom Sykes,42.82450451932098,0.6225150398974548,16/05/2009 13:00:00,1,Yamaha YZF-R1 [2009],World Superbikes,
460,Rider,Tom Sykes,42.82355489248073,0.6200504050237955,16/05/2009 13:00:00,2,Yamaha YZF-R1 [2009],World Superbikes,
460,Rider,Tom Sykes,42.82401229536026,0.6176061930809162,29/05/2009 13:00:00,0,Yamaha YZF-R1 [2009],World Superbikes,
460,Rider,Tom Sykes,42.826156095155056,0.6152215571449035,29/05/2009 13:00:00,1,Yamaha YZF-R1 [2009],World Superbikes,
460,Rider,Tom Sykes,42.83060929318759,0.6128920945522138,19/06/2009 13:00:00,0,Yamaha YZF-R1 [2009],World Superbikes,
460,Rider,Tom Sykes,42.83647391369477,0.6106205995063121,19/06/2009 13:00:00,1,Yamaha YZF-R1 [2009],World Superbikes,
460,Rider,Tom Sykes,42.841718368661006,0.6084051225233081,20/06/2009 13:00:00,0,Yamaha YZF-R1 [2009],World Superbikes,
460,Rider,Tom Sykes,42.846869253778785,0.6062441801770063,20/06/2009 13:00:00,1,Yamaha YZF-R1 [2009],World Superbikes,
460,Rider,Tom Sykes,42.85344625795982,0.6041308029909425,26/06/2009 13:00:00,0,Yamaha YZF-R1 [2009],World Superbikes,
460,Rider,Tom Sykes,42.860140353263446,0.6020729670250541,26/06/2009 13:00:00,1,Yamaha YZF-R1 [2009],World Superbikes,
460,Rider,Tom Sykes,42.86604669408365,0.6000662756434324,27/06/2009 13:00:00,0,Yamaha YZF-R1 [2009],World Superbikes,
460,Rider,Tom Sykes,42.87128478353464,0.5981091322775128,27/06/2009 13:00:00,1,Yamaha YZF-R1 [2009],World Superbikes,
460,Rider,Tom Sykes,42.87694901385138,0.5961999451736354,24/07/2009 13:00:00,0,Yamaha YZF-R1 [2009],World Superbikes,
460,Rider,Tom Sykes,42.88360480102459,0.5943420675510227,24/07/2009 13:00:00,1,Yamaha YZF-R1 [2009],World Superbikes,
460,Rider,Tom Sykes,42.889629957402754,0.5925323019800937,25/07/2009 13:00:00,0,Yamaha YZF-R1 [2009],World Superbikes,
460,Rider,Tom Sykes,42.89585084042302,0.5907708916281793,25/07/2009 13:00:00,1,Yamaha YZF-R1 [2009],World Superbikes,
460,Rider,Tom Sykes,42.90131912682006,0.5890523050248276,25/07/2009 13:00:00,2,Yamaha YZF-R1 [2009],World Superbikes,
460,Rider,Tom Sykes,42.90864708900751,0.587345358085591,04/09/2009 13:00:00,0,Yamaha YZF-R1 [2009],World Superbikes,
460,Rider,Tom Sykes,42.914224852597606,0.5856728700705114,04/09/2009 13:00:00,1,Yamaha YZF-R1 [2009],World Superbikes,
460,Rider,Tom Sykes,42.91886427595307,0.5840416701975832,05/09/2009 13:00:00,0,Yamaha YZF-R1 [2009],World Superbikes,
460,Rider,Tom Sykes,42.922618489738994,0.5824518829342571,05/09/2009 13:00:00,1,Yamaha YZF-R1 [2009],World Superbikes,
460,Rider,Tom Sykes,42.92651953129765,0.5809019766723207,25/09/2009 13:00:00,0,Yamaha YZF-R1 [2009],World Superbikes,
460,Rider,Tom Sykes,42.931443256582405,0.5793953115860097,26/09/2009 13:00:00,0,Yamaha YZF-R1 [2009],World Superbikes,
460,Rider,Tom Sykes,42.9371079322981,0.5779290383578056,26/09/2009 13:00:00,1,Yamaha YZF-R1 [2009],World Superbikes,
460,Rider,Tom Sykes,42.94520552967435,0.5764800709141007,02/10/2009 13:00:00,0,Yamaha YZF-R1 [2009],World Superbikes,
460,Rider,Tom Sykes,42.95453404280197,0.5750710902030486,02/10/2009 13:00:00,1,Yamaha YZF-R1 [2009],World Superbikes,
460,Rider,Tom Sykes,42.96460589554776,0.5737012488708491,03/10/2009 13:00:00,0,Yamaha YZF-R1 [2009],World Superbikes,
460,Rider,Tom Sykes,42.97629468409539,0.5723659824998917,03/10/2009 13:00:00,1,Yamaha YZF-R1 [2009],World Superbikes,
460,Rider,Tom Sykes,42.989469582659304,0.5710606718690161,23/10/2009 13:00:00,0,Yamaha YZF-R1 [2009],World Superbikes,
460,Rider,Tom Sykes,43.00431123253461,0.569792500300645,23/10/2009 13:00:00,1,Yamaha YZF-R1 [2009],World Superbikes,
460,Rider,Tom Sykes,43.02161614363664,0.5685560111445797,25/02/2010 13:00:00,0,Kawasaki ZX 10R [2010],World Superbikes,
460,Rider,Tom Sykes,43.03920621838253,0.5673531251104843,26/02/2010 13:00:00,0,Kawasaki ZX 10R [2010],World Superbikes,
460,Rider,Tom Sykes,43.05676082861374,0.5661850464924343,26/02/2010 13:00:00,1,Kawasaki ZX 10R [2010],World Superbikes,
460,Rider,Tom Sykes,43.07460178257132,0.5650484010098858,26/02/2010 13:00:00,2,Kawasaki ZX 10R [2010],World Superbikes,
460,Rider,Tom Sykes,43.09240376221798,0.5639409654234435,26/03/2010 13:00:00,0,Kawasaki ZX 10R [2010],World Superbikes,
460,Rider,Tom Sykes,43.11037451932977,0.5628653148076461,26/03/2010 13:00:00,1,Kawasaki ZX 10R [2010],World Superbikes,
460,Rider,Tom Sykes,43.12727941944801,0.5618220537157278,27/03/2010 13:00:00,0,Kawasaki ZX 10R [2010],World Superbikes,
460,Rider,Tom Sykes,43.14452451974483,0.5608091076876169,27/03/2010 13:00:00,1,Kawasaki ZX 10R [2010],World Superbikes,
460,Rider,Tom Sykes,43.161918599718184,0.5598226859784431,09/04/2010 13:00:00,0,Kawasaki ZX 10R [2010],World Superbikes,
460,Rider,Tom Sykes,43.18086183604199,0.5588569698596673,09/04/2010 13:00:00,1,Kawasaki ZX 10R [2010],World Superbikes,
460,Rider,Tom Sykes,43.20045929827136,0.5579178411142558,10/04/2010 13:00:00,0,Kawasaki ZX 10R [2010],World Superbikes,
460,Rider,Tom Sykes,43.221175998760245,0.5569992073213401,23/04/2010 13:00:00,0,Kawasaki ZX 10R [2010],World Superbikes,
460,Rider,Tom Sykes,43.24160139293695,0.5561091440521955,23/04/2010 13:00:00,1,Kawasaki ZX 10R [2010],World Superbikes,
460,Rider,Tom Sykes,43.26319158424767,0.5552390608992538,24/04/2010 13:00:00,0,Kawasaki ZX 10R [2010],World Superbikes,
460,Rider,Tom Sykes,43.285418845016736,0.5543925615835745,24/04/2010 13:00:00,1,Kawasaki ZX 10R [2010],World Superbikes,
460,Rider,Tom Sykes,43.30818045461649,0.5535653160921794,07/05/2010 13:00:00,0,Kawasaki ZX 10R [2010],World Superbikes,
460,Rider,Tom Sykes,43.33046535730486,0.5527655561489232,07/05/2010 13:00:00,1,Kawasaki ZX 10R [2010],World Superbikes,
460,Rider,Tom Sykes,43.35321844470744,0.5519908626411809,08/05/2010 13:00:00,0,Kawasaki ZX 10R [2010],World Superbikes,
460,Rider,Tom Sykes,43.37512931355204,0.5512424102296416,08/05/2010 13:00:00,1,Kawasaki ZX 10R [2010],World Superbikes,
460,Rider,Tom Sykes,43.39622816733602,0.5505185122977077,08/05/2010 13:00:00,2,Kawasaki ZX 10R [2010],World Superbikes,
460,Rider,Tom Sykes,43.41849138907111,0.5497806382523847,14/05/2010 13:00:00,0,Kawasaki ZX 10R [2010],World Superbikes,
460,Rider,Tom Sykes,43.44032473560727,0.5490669918108151,14/05/2010 13:00:00,1,Kawasaki ZX 10R [2010],World Superbikes,
460,Rider,Tom Sykes,43.46268628090874,0.5483755705247872,15/05/2010 13:00:00,0,Kawasaki ZX 10R [2010],World Superbikes,
460,Rider,Tom Sykes,43.48284381928296,0.5477034073709325,15/05/2010 13:00:00,1,Kawasaki ZX 10R [2010],World Superbikes,
460,Rider,Tom Sykes,43.50307249573861,0.5470517350167116,29/05/2010 13:00:00,0,Kawasaki ZX 10R [2010],World Superbikes,
460,Rider,Tom Sykes,43.5236233289162,0.5464203089034878,29/05/2010 13:00:00,1,Kawasaki ZX 10R [2010],World Superbikes,
460,Rider,Tom Sykes,43.5444597922469,0.5458091623579225,30/05/2010 13:00:00,0,Kawasaki ZX 10R [2010],World Superbikes,
460,Rider,Tom Sykes,43.56701100920369,0.5452065030828248,25/06/2010 13:00:00,0,Kawasaki ZX 10R [2010],World Superbikes,
460,Rider,Tom Sykes,43.589663710615454,0.5446253046526116,25/06/2010 13:00:00,1,Kawasaki ZX 10R [2010],World Superbikes,
460,Rider,Tom Sykes,43.612825702657595,0.5440633751211218,26/06/2010 13:00:00,0,Kawasaki ZX 10R [2010],World Superbikes,
460,Rider,Tom Sykes,43.63766984545996,0.5435089473339876,09/07/2010 13:00:00,0,Kawasaki ZX 10R [2010],World Superbikes,
460,Rider,Tom Sykes,43.663784064224515,0.542968149997304,09/07/2010 13:00:00,1,Kawasaki ZX 10R [2010],World Superbikes,
460,Rider,Tom Sykes,43.69082587990249,0.5424426321522565,10/07/2010 13:00:00,0,Kawasaki ZX 10R [2010],World Superbikes,
460,Rider,Tom Sykes,43.718241255449975,0.5419359942181117,10/07/2010 13:00:00,1,Kawasaki ZX 10R [2010],World Superbikes,
460,Rider,Tom Sykes,43.74585455552094,0.5414474871821411,30/07/2010 13:00:00,0,Kawasaki ZX 10R [2010],World Superbikes,
460,Rider,Tom Sykes,43.77277100632206,0.5409791211392544,30/07/2010 13:00:00,1,Kawasaki ZX 10R [2010],World Superbikes,
460,Rider,Tom Sykes,43.80035997880974,0.540531154158188,31/07/2010 13:00:00,0,Kawasaki ZX 10R [2010],World Superbikes,
460,Rider,Tom Sykes,43.82800445663342,0.5401008143485742,31/07/2010 13:00:00,1,Kawasaki ZX 10R [2010],World Superbikes,
460,Rider,Tom Sykes,43.85591818083141,0.5396853417656174,03/09/2010 13:00:00,0,Kawasaki ZX 10R [2010],World Superbikes,
460,Rider,Tom Sykes,43.883279960807876,0.5392882066615347,03/09/2010 13:00:00,1,Kawasaki ZX 10R [2010],World Superbikes,
460,Rider,Tom Sykes,43.91129842579151,0.5389060114467289,04/09/2010 13:00:00,0,Kawasaki ZX 10R [2010],World Superbikes,
460,Rider,Tom Sykes,43.93862941107291,0.5385418442169144,04/09/2010 13:00:00,1,Kawasaki ZX 10R [2010],World Superbikes,
460,Rider,Tom Sykes,43.96389391736631,0.5381910548680878,04/09/2010 13:00:00,2,Kawasaki ZX 10R [2010],World Superbikes,
460,Rider,Tom Sykes,43.99031701839005,0.5378208457972758,24/09/2010 13:00:00,0,Kawasaki ZX 10R [2010],World Superbikes,
460,Rider,Tom Sykes,44.01608828286279,0.5374677540469011,25/09/2010 13:00:00,0,Kawasaki ZX 10R [2010],World Superbikes,
460,Rider,Tom Sykes,44.04124000336293,0.5371324319976634,25/09/2010 13:00:00,1,Kawasaki ZX 10R [2010],World Superbikes,
460,Rider,Tom Sykes,44.06460107188185,0.5368111191579852,25/09/2010 13:00:00,2,Kawasaki ZX 10R [2010],World Superbikes,
460,Rider,Tom Sykes,44.08581263275557,0.5364819964520159,01/10/2010 13:00:00,0,Kawasaki ZX 10R [2010],World Superbikes,
460,Rider,Tom Sykes,44.10629538094226,0.5361694340105838,01/10/2010 13:00:00,1,Kawasaki ZX 10R [2010],World Superbikes,
460,Rider,Tom Sykes,44.12665487221665,0.5358730388913331,02/10/2010 13:00:00,0,Kawasaki ZX 10R [2010],World Superbikes,
460,Rider,Tom Sykes,44.14468287460717,0.5355850675669543,02/10/2010 13:00:00,1,Kawasaki ZX 10R [2010],World Superbikes,
460,Rider,Tom Sykes,44.16285098095313,0.535309620532921,24/02/2011 13:00:00,0,Kawasaki ZX 10R [2011],World Superbikes,
460,Rider,Tom Sykes,44.182042274774545,0.5350508001665939,25/02/2011 13:00:00,0,Kawasaki ZX 10R [2011],World Superbikes,
460,Rider,Tom Sykes,44.20008365482134,0.5348017006748308,25/02/2011 13:00:00,1,Kawasaki ZX 10R [2011],World Superbikes,
460,Rider,Tom Sykes,44.21842416113572,0.5345668779441103,25/02/2011 13:00:00,2,Kawasaki ZX 10R [2011],World Superbikes,
460,Rider,Tom Sykes,44.23808307908591,0.5343388365906454,25/03/2011 13:00:00,0,Kawasaki ZX 10R [2011],World Superbikes,
460,Rider,Tom Sykes,44.258975849457414,0.5341261273262818,25/03/2011 13:00:00,1,Kawasaki ZX 10R [2011],World Superbikes,
460,Rider,Tom Sykes,44.278719712329476,0.533920000361254,26/03/2011 13:00:00,0,Kawasaki ZX 10R [2011],World Superbikes,
460,Rider,Tom Sykes,44.29647972403124,0.5337075932453655,26/03/2011 13:00:00,1,Kawasaki ZX 10R [2011],World Superbikes,
460,Rider,Tom Sykes,44.31430282690094,0.5335064418220304,26/03/2011 13:00:00,2,Kawasaki ZX 10R [2011],World Superbikes,
460,Rider,Tom Sykes,44.33159487693197,0.5333085529640306,15/04/2011 13:00:00,0,Kawasaki ZX 10R [2011],World Superbikes,
460,Rider,Tom Sykes,44.34837539665642,0.5331241923131663,15/04/2011 13:00:00,1,Kawasaki ZX 10R [2011],World Superbikes,
460,Rider,Tom Sykes,44.36626932683998,0.5329550724636464,16/04/2011 13:00:00,0,Kawasaki ZX 10R [2011],World Superbikes,
460,Rider,Tom Sykes,44.384156573424036,0.5327996872045001,16/04/2011 13:00:00,1,Kawasaki ZX 10R [2011],World Superbikes,
460,Rider,Tom Sykes,44.40201920693908,0.5326540481217397,16/04/2011 13:00:00,2,Kawasaki ZX 10R [2011],World Superbikes,
460,Rider,Tom Sykes,44.42082814397262,0.5325081513285589,06/05/2011 13:00:00,0,Kawasaki ZX 10R [2011],World Superbikes,
460,Rider,Tom Sykes,44.440504763304105,0.5323777430911597,06/05/2011 13:00:00,1,Kawasaki ZX 10R [2011],World Superbikes,
460,Rider,Tom Sykes,44.46044482589512,0.5322627497212653,07/05/2011 13:00:00,0,Kawasaki ZX 10R [2011],World Superbikes,
460,Rider,Tom Sykes,44.482010661313666,0.5321573715505922,28/05/2011 13:00:00,0,Kawasaki ZX 10R [2011],World Superbikes,
460,Rider,Tom Sykes,44.5028076098839,0.5320633411942767,28/05/2011 13:00:00,1,Kawasaki ZX 10R [2011],World Superbikes,
460,Rider,Tom Sykes,44.523612792257865,0.5319834273211239,29/05/2011 13:00:00,0,Kawasaki ZX 10R [2011],World Superbikes,
460,Rider,Tom Sykes,44.545451906882406,0.5319155095630342,29/05/2011 13:00:00,1,Kawasaki ZX 10R [2011],World Superbikes,
460,Rider,Tom Sykes,44.56860817814255,0.5318546383802093,10/06/2011 13:00:00,0,Kawasaki ZX 10R [2011],World Superbikes,
460,Rider,Tom Sykes,44.592283791233804,0.5318082268493751,10/06/2011 13:00:00,1,Kawasaki ZX 10R [2011],World Superbikes,
460,Rider,Tom Sykes,44.616018259168584,0.5317764776650488,11/06/2011 13:00:00,0,Kawasaki ZX 10R [2011],World Superbikes,
460,Rider,Tom Sykes,44.6385799022059,0.5317499898508082,11/06/2011 13:00:00,1,Kawasaki ZX 10R [2011],World Superbikes,
460,Rider,Tom Sykes,44.659830799459456,0.5317239632140095,11/06/2011 13:00:00,2,Kawasaki ZX 10R [2011],World Superbikes,
460,Rider,Tom Sykes,44.679276020748254,0.5316831237063506,17/06/2011 13:00:00,0,Kawasaki ZX 10R [2011],World Superbikes,
460,Rider,Tom Sykes,44.69845092391571,0.5316539400629275,17/06/2011 13:00:00,1,Kawasaki ZX 10R [2011],World Superbikes,
460,Rider,Tom Sykes,44.71706193418407,0.5316346079248204,18/06/2011 13:00:00,0,Kawasaki ZX 10R [2011],World Superbikes,
460,Rider,Tom Sykes,44.735742306565236,0.5316271436489187,18/06/2011 13:00:00,1,Kawasaki ZX 10R [2011],World Superbikes,
460,Rider,Tom Sykes,44.754539155735834,0.5316282828431953,18/06/2011 13:00:00,2,Kawasaki ZX 10R [2011],World Superbikes,
460,Rider,Tom Sykes,44.773748747976924,0.5316306181333892,08/07/2011 13:00:00,0,Kawasaki ZX 10R [2011],World Superbikes,
460,Rider,Tom Sykes,44.792845435846104,0.5316447976904751,08/07/2011 13:00:00,1,Kawasaki ZX 10R [2011],World Superbikes,
460,Rider,Tom Sykes,44.811443535553344,0.531670065807747,09/07/2011 13:00:00,0,Kawasaki ZX 10R [2011],World Superbikes,
460,Rider,Tom Sykes,44.83017706038771,0.531705558246555,09/07/2011 13:00:00,1,Kawasaki ZX 10R [2011],World Superbikes,
460,Rider,Tom Sykes,44.847655303957715,0.5317400213248429,09/07/2011 13:00:00,2,Kawasaki ZX 10R [2011],World Superbikes,
460,Rider,Tom Sykes,44.86706222235991,0.5317609068925859,02/09/2011 13:00:00,0,Kawasaki ZX 10R [2011],World Superbikes,
460,Rider,Tom Sykes,44.886878553977986,0.531795394089166,02/09/2011 13:00:00,1,Kawasaki ZX 10R [2011],World Superbikes,
460,Rider,Tom Sykes,44.90611961143992,0.5318400184466001,03/09/2011 13:00:00,0,Kawasaki ZX 10R [2011],World Superbikes,
460,Rider,Tom Sykes,44.925506830318845,0.5318952632328194,03/09/2011 13:00:00,1,Kawasaki ZX 10R [2011],World Superbikes,
460,Rider,Tom Sykes,44.94525923492787,0.5319581347555357,03/09/2011 13:00:00,2,Kawasaki ZX 10R [2011],World Superbikes,
460,Rider,Tom Sykes,44.965623801042646,0.5320208478251258,23/09/2011 13:00:00,0,Kawasaki ZX 10R [2011],World Superbikes,
460,Rider,Tom Sykes,44.98605380549451,0.532096160701717,23/09/2011 13:00:00,1,Kawasaki ZX 10R [2011],World Superbikes,
460,Rider,Tom Sykes,45.00463556486021,0.5321622531096515,24/09/2011 13:00:00,0,Kawasaki ZX 10R [2011],World Superbikes,
460,Rider,Tom Sykes,45.02359068907111,0.5322404741014956,24/09/2011 13:00:00,1,Kawasaki ZX 10R [2011],World Superbikes,
460,Rider,Tom Sykes,45.04142740705513,0.5323212830193401,24/09/2011 13:00:00,2,Kawasaki ZX 10R [2011],World Superbikes,
460,Rider,Tom Sykes,45.05939431439579,0.5324045206605018,30/09/2011 13:00:00,0,Kawasaki ZX 10R [2011],World Superbikes,
460,Rider,Tom Sykes,45.076832252797,0.5324972833656866,30/09/2011 13:00:00,1,Kawasaki ZX 10R [2011],World Superbikes,
460,Rider,Tom Sykes,45.094943315274406,0.5326044018010356,01/10/2011 13:00:00,0,Kawasaki ZX 10R [2011],World Superbikes,
460,Rider,Tom Sykes,45.112257740364214,0.5327187940678484,01/10/2011 13:00:00,1,Kawasaki ZX 10R [2011],World Superbikes,
460,Rider,Tom Sykes,45.127865547177464,0.5328215150131047,01/10/2011 13:00:00,2,Kawasaki ZX 10R [2011],World Superbikes,
460,Rider,Tom Sykes,45.1442246496291,0.5329272771256321,14/10/2011 13:00:00,0,Kawasaki ZX 10R [2011],World Superbikes,
460,Rider,Tom Sykes,45.16064149275318,0.533047270743041,14/10/2011 13:00:00,1,Kawasaki ZX 10R [2011],World Superbikes,
460,Rider,Tom Sykes,45.17734226318351,0.533181900036843,15/10/2011 13:00:00,0,Kawasaki ZX 10R [2011],World Superbikes,
460,Rider,Tom Sykes,45.19531436660859,0.5333288555688435,15/10/2011 13:00:00,1,Kawasaki ZX 10R [2011],World Superbikes,
460,Rider,Tom Sykes,45.21482548958509,0.5334833862600019,23/02/2012 13:00:00,0,Kawasaki ZX-10R [2012],World Superbikes,
460,Rider,Tom Sykes,45.235204236030675,0.5336529852072383,24/02/2012 13:00:00,0,Kawasaki ZX-10R [2012],World Superbikes,
460,Rider,Tom Sykes,45.25422962673224,0.5338073316680744,30/03/2012 13:00:00,0,Kawasaki ZX-10R [2012],World Superbikes,
460,Rider,Tom Sykes,45.273015353086016,0.5339724454047824,30/03/2012 13:00:00,1,Kawasaki ZX-10R [2012],World Superbikes,
460,Rider,Tom Sykes,45.29043583151683,0.5341232669529201,31/03/2012 13:00:00,0,Kawasaki ZX-10R [2012],World Superbikes,
460,Rider,Tom Sykes,45.30770697740366,0.5342817409771689,31/03/2012 13:00:00,1,Kawasaki ZX-10R [2012],World Superbikes,
460,Rider,Tom Sykes,45.323641959871345,0.5344224756127571,31/03/2012 13:00:00,2,Kawasaki ZX-10R [2012],World Superbikes,
460,Rider,Tom Sykes,45.33844242807203,0.5345418530400036,20/04/2012 13:00:00,0,Kawasaki ZX-10R [2012],World Superbikes,
460,Rider,Tom Sykes,45.3527600639049,0.5346660038440596,20/04/2012 13:00:00,1,Kawasaki ZX-10R [2012],World Superbikes,
460,Rider,Tom Sykes,45.36702821567994,0.5348007894113407,21/04/2012 13:00:00,0,Kawasaki ZX-10R [2012],World Superbikes,
460,Rider,Tom Sykes,45.38250811758765,0.5349493255526966,21/04/2012 13:00:00,1,Kawasaki ZX-10R [2012],World Superbikes,
460,Rider,Tom Sykes,45.39694429073686,0.5350745436671711,04/05/2012 13:00:00,0,Kawasaki ZX-10R [2012],World Superbikes,
460,Rider,Tom Sykes,45.41207833245441,0.5352159206257836,04/05/2012 13:00:00,1,Kawasaki ZX-10R [2012],World Superbikes,
460,Rider,Tom Sykes,45.42673559508216,0.5353626842361383,05/05/2012 13:00:00,0,Kawasaki ZX-10R [2012],World Superbikes,
460,Rider,Tom Sykes,45.440853347068106,0.5355137775104243,05/05/2012 13:00:00,1,Kawasaki ZX-10R [2012],World Superbikes,
460,Rider,Tom Sykes,45.45468411435445,0.5356646341383869,11/05/2012 13:00:00,0,Kawasaki ZX-10R [2012],World Superbikes,
460,Rider,Tom Sykes,45.46924812199454,0.5358309983385756,11/05/2012 13:00:00,1,Kawasaki ZX-10R [2012],World Superbikes,
460,Rider,Tom Sykes,45.48322656498461,0.5360027684209975,12/05/2012 13:00:00,0,Kawasaki ZX-10R [2012],World Superbikes,
460,Rider,Tom Sykes,45.497094638034575,0.536184714834922,12/05/2012 13:00:00,1,Kawasaki ZX-10R [2012],World Superbikes,
460,Rider,Tom Sykes,45.5113659584819,0.5363776952702626,12/05/2012 13:00:00,2,Kawasaki ZX-10R [2012],World Superbikes,
460,Rider,Tom Sykes,45.52460727156278,0.5365480677124681,26/05/2012 13:00:00,0,Kawasaki ZX-10R [2012],World Superbikes,
460,Rider,Tom Sykes,45.53908161043583,0.5367358698052955,26/05/2012 13:00:00,1,Kawasaki ZX-10R [2012],World Superbikes,
460,Rider,Tom Sykes,45.555023325651156,0.5369417420368365,27/05/2012 13:00:00,0,Kawasaki ZX-10R [2012],World Superbikes,
460,Rider,Tom Sykes,45.57150956480113,0.5371615370241372,27/05/2012 13:00:00,1,Kawasaki ZX-10R [2012],World Superbikes,
460,Rider,Tom Sykes,45.58839827411654,0.5373920655329889,27/05/2012 13:00:00,2,Kawasaki ZX-10R [2012],World Superbikes,
460,Rider,Tom Sykes,45.60553727915822,0.5376271858231711,08/06/2012 13:00:00,0,Kawasaki ZX-10R [2012],World Superbikes,
460,Rider,Tom Sykes,45.62414161799361,0.5378808277147594,08/06/2012 13:00:00,1,Kawasaki ZX-10R [2012],World Superbikes,
460,Rider,Tom Sykes,45.64139268371102,0.5381204847597537,09/06/2012 13:00:00,0,Kawasaki ZX-10R [2012],World Superbikes,
460,Rider,Tom Sykes,45.657480535247046,0.5383435632898496,09/06/2012 13:00:00,1,Kawasaki ZX-10R [2012],World Superbikes,
460,Rider,Tom Sykes,45.67265872196416,0.5385421247785224,29/06/2012 13:00:00,0,Kawasaki ZX-10R [2012],World Superbikes,
460,Rider,Tom Sykes,45.68779203993152,0.538753306266624,29/06/2012 13:00:00,1,Kawasaki ZX-10R [2012],World Superbikes,
460,Rider,Tom Sykes,45.702313005310934,0.5389713951829284,30/06/2012 13:00:00,0,Kawasaki ZX-10R [2012],World Superbikes,
460,Rider,Tom Sykes,45.717387375058436,0.5392052121462936,30/06/2012 13:00:00,1,Kawasaki ZX-10R [2012],World Superbikes,
460,Rider,Tom Sykes,45.73288359599608,0.539452260257141,30/06/2012 13:00:00,2,Kawasaki ZX-10R [2012],World Superbikes,
460,Rider,Tom Sykes,45.7473376594919,0.5396789296307162,20/07/2012 13:00:00,0,Kawasaki ZX-10R [2012],World Superbikes,
460,Rider,Tom Sykes,45.762073525498,0.5399207577318699,20/07/2012 13:00:00,1,Kawasaki ZX-10R [2012],World Superbikes,
460,Rider,Tom Sykes,45.77557359833176,0.5401467397049069,21/07/2012 13:00:00,0,Kawasaki ZX-10R [2012],World Superbikes,
460,Rider,Tom Sykes,45.789822730253476,0.5403886657182907,21/07/2012 13:00:00,1,Kawasaki ZX-10R [2012],World Superbikes,
460,Rider,Tom Sykes,45.802866684464846,0.5406132789528143,03/08/2012 13:00:00,0,Kawasaki ZX-10R [2012],World Superbikes,
460,Rider,Tom Sykes,45.81462175250547,0.5408239404995571,03/08/2012 13:00:00,1,Kawasaki ZX-10R [2012],World Superbikes,
460,Rider,Tom Sykes,45.82532713294899,0.5410196411440124,04/08/2012 13:00:00,0,Kawasaki ZX-10R [2012],World Superbikes,
460,Rider,Tom Sykes,45.837118568878125,0.541233739079293,04/08/2012 13:00:00,1,Kawasaki ZX-10R [2012],World Superbikes,
460,Rider,Tom Sykes,45.85135075208589,0.541447111976078,23/08/2012 13:00:00,0,Kawasaki ZX-10R [2012],World Superbikes,
460,Rider,Tom Sykes,45.86656804257537,0.5416793530611584,24/08/2012 13:00:00,0,Kawasaki ZX-10R [2012],World Superbikes,
460,Rider,Tom Sykes,45.881322806949505,0.5419159085113177,24/08/2012 13:00:00,1,Kawasaki ZX-10R [2012],World Superbikes,
460,Rider,Tom Sykes,45.89492083917938,0.5421375388798143,24/08/2012 13:00:00,2,Kawasaki ZX-10R [2012],World Superbikes,
460,Rider,Tom Sykes,45.90867390825975,0.5423692854832902,24/08/2012 13:00:00,3,Kawasaki ZX-10R [2012],World Superbikes,
460,Rider,Tom Sykes,45.9221441235597,0.5426011420008946,07/09/2012 13:00:00,0,Kawasaki ZX-10R [2012],World Superbikes,
460,Rider,Tom Sykes,45.935537592848206,0.5428468491697201,07/09/2012 13:00:00,1,Kawasaki ZX-10R [2012],World Superbikes,
460,Rider,Tom Sykes,45.94943993917509,0.5431103839031045,08/09/2012 13:00:00,0,Kawasaki ZX-10R [2012],World Superbikes,
460,Rider,Tom Sykes,45.964598075944764,0.5433930754419087,08/09/2012 13:00:00,1,Kawasaki ZX-10R [2012],World Superbikes,
460,Rider,Tom Sykes,45.978625483511735,0.5436604778214248,08/09/2012 13:00:00,2,Kawasaki ZX-10R [2012],World Superbikes,
460,Rider,Tom Sykes,45.992554163689675,0.5439306523739117,21/09/2012 13:00:00,0,Kawasaki ZX-10R [2012],World Superbikes,
460,Rider,Tom Sykes,46.00646555557192,0.5442162827421491,21/09/2012 13:00:00,1,Kawasaki ZX-10R [2012],World Superbikes,
460,Rider,Tom Sykes,46.01992212000515,0.5445114471303061,22/09/2012 13:00:00,0,Kawasaki ZX-10R [2012],World Superbikes,
460,Rider,Tom Sykes,46.03308021770957,0.5448176395236716,22/09/2012 13:00:00,1,Kawasaki ZX-10R [2012],World Superbikes,
460,Rider,Tom Sykes,46.04500945028058,0.5451099485938273,22/09/2012 13:00:00,2,Kawasaki ZX-10R [2012],World Superbikes,
460,Rider,Tom Sykes,46.05581402488894,0.545384780654407,05/10/2012 13:00:00,0,Kawasaki ZX-10R [2012],World Superbikes,
460,Rider,Tom Sykes,46.06531901590788,0.545648201805833,05/10/2012 13:00:00,1,Kawasaki ZX-10R [2012],World Superbikes,
460,Rider,Tom Sykes,46.0747085470605,0.5459260698687181,06/10/2012 13:00:00,0,Kawasaki ZX-10R [2012],World Superbikes,
460,Rider,Tom Sykes,46.08478610328668,0.5462225091281616,06/10/2012 13:00:00,1,Kawasaki ZX-10R [2012],World Superbikes,
460,Rider,Tom Sykes,46.093654280916574,0.546505186971783,06/10/2012 13:00:00,2,Kawasaki ZX-10R [2012],World Superbikes,
460,Rider,Tom Sykes,46.10140580138121,0.5467708591846789,21/02/2013 13:00:00,0,Kawasaki ZX-10R [2013],World Superbikes,
460,Rider,Tom Sykes,46.11053962974665,0.5470577955481271,22/02/2013 13:00:00,0,Kawasaki ZX-10R [2013],World Superbikes,
460,Rider,Tom Sykes,46.1198184052292,0.5473609077021334,22/02/2013 13:00:00,1,Kawasaki ZX-10R [2013],World Superbikes,
460,Rider,Tom Sykes,46.127985709609135,0.5476506893574311,22/02/2013 13:00:00,2,Kawasaki ZX-10R [2013],World Superbikes,
460,Rider,Tom Sykes,46.13588170865229,0.5479479300759466,22/02/2013 13:00:00,3,Kawasaki ZX-10R [2013],World Superbikes,
460,Rider,Tom Sykes,46.14464364816233,0.5482602730649461,12/04/2013 13:00:00,0,Kawasaki ZX-10R [2013],World Superbikes,
460,Rider,Tom Sykes,46.15330339548239,0.5485831674653736,12/04/2013 13:00:00,1,Kawasaki ZX-10R [2013],World Superbikes,
460,Rider,Tom Sykes,46.16093366663177,0.5488910729882961,13/04/2013 13:00:00,0,Kawasaki ZX-10R [2013],World Superbikes,
460,Rider,Tom Sykes,46.167706847932315,0.5491816179068881,13/04/2013 13:00:00,1,Kawasaki ZX-10R [2013],World Superbikes,
460,Rider,Tom Sykes,46.17500067203812,0.549487954755643,13/04/2013 13:00:00,2,Kawasaki ZX-10R [2013],World Superbikes,
460,Rider,Tom Sykes,46.18151917190626,0.5497724833821633,26/04/2013 13:00:00,0,Kawasaki ZX-10R [2013],World Superbikes,
460,Rider,Tom Sykes,46.18697866126776,0.5500430565858108,26/04/2013 13:00:00,1,Kawasaki ZX-10R [2013],World Superbikes,
460,Rider,Tom Sykes,46.19231599457427,0.5503234188943017,27/04/2013 13:00:00,0,Kawasaki ZX-10R [2013],World Superbikes,
460,Rider,Tom Sykes,46.19661772580822,0.5505897262957876,27/04/2013 13:00:00,1,Kawasaki ZX-10R [2013],World Superbikes,
460,Rider,Tom Sykes,46.19993160136255,0.5508403765579776,27/04/2013 13:00:00,2,Kawasaki ZX-10R [2013],World Superbikes,
460,Rider,Tom Sykes,46.202266586203294,0.5510741194664072,10/05/2013 13:00:00,0,Kawasaki ZX-10R [2013],World Superbikes,
460,Rider,Tom Sykes,46.20511693217053,0.5513272786411139,10/05/2013 13:00:00,1,Kawasaki ZX-10R [2013],World Superbikes,
460,Rider,Tom Sykes,46.20963053341084,0.5516029465063865,11/05/2013 13:00:00,0,Kawasaki ZX-10R [2013],World Superbikes,
460,Rider,Tom Sykes,46.214324034463154,0.551895174155203,11/05/2013 13:00:00,1,Kawasaki ZX-10R [2013],World Superbikes,
460,Rider,Tom Sykes,46.218048047941615,0.552174482160264,11/05/2013 13:00:00,2,Kawasaki ZX-10R [2013],World Superbikes,
460,Rider,Tom Sykes,46.22070863440209,0.5524400319642856,24/05/2013 13:00:00,0,Kawasaki ZX-10R [2013],World Superbikes,
460,Rider,Tom Sykes,46.22219267710255,0.552696565459764,24/05/2013 13:00:00,1,Kawasaki ZX-10R [2013],World Superbikes,
460,Rider,Tom Sykes,46.222525905921906,0.5529436796279285,25/05/2013 13:00:00,0,Kawasaki ZX-10R [2013],World Superbikes,
460,Rider,Tom Sykes,46.22182970782178,0.5531799789924339,25/05/2013 13:00:00,1,Kawasaki ZX-10R [2013],World Superbikes,
460,Rider,Tom Sykes,46.22002532830775,0.5534053066315215,25/05/2013 13:00:00,2,Kawasaki ZX-10R [2013],World Superbikes,
460,Rider,Tom Sykes,46.217148835794795,0.5536179657487433,07/06/2013 13:00:00,0,Kawasaki ZX-10R [2013],World Superbikes,
460,Rider,Tom Sykes,46.2143771669041,0.5538487937276851,07/06/2013 13:00:00,1,Kawasaki ZX-10R [2013],World Superbikes,
460,Rider,Tom Sykes,46.21232551476168,0.5541028650791775,08/06/2013 13:00:00,0,Kawasaki ZX-10R [2013],World Superbikes,
460,Rider,Tom Sykes,46.21090445463661,0.5543810948504665,08/06/2013 13:00:00,1,Kawasaki ZX-10R [2013],World Superbikes,
460,Rider,Tom Sykes,46.20838291448337,0.5546482629370661,28/06/2013 13:00:00,0,Kawasaki ZX-10R [2013],World Superbikes,
460,Rider,Tom Sykes,46.20477326246269,0.554905795433119,28/06/2013 13:00:00,1,Kawasaki ZX-10R [2013],World Superbikes,
460,Rider,Tom Sykes,46.20134051654046,0.5551833566393591,29/06/2013 13:00:00,0,Kawasaki ZX-10R [2013],World Superbikes,
460,Rider,Tom Sykes,46.1968743592597,0.5554507502132148,29/06/2013 13:00:00,1,Kawasaki ZX-10R [2013],World Superbikes,
460,Rider,Tom Sykes,46.19151739900881,0.555705725746165,29/06/2013 13:00:00,2,Kawasaki ZX-10R [2013],World Superbikes,
460,Rider,Tom Sykes,46.1851374997102,0.5559479079058439,18/07/2013 13:00:00,0,Kawasaki ZX-10R [2013],World Superbikes,
460,Rider,Tom Sykes,46.17763753134201,0.5561819151019527,19/07/2013 13:00:00,0,Kawasaki ZX-10R [2013],World Superbikes,
460,Rider,Tom Sykes,46.17176396444387,0.5564429786342567,19/07/2013 13:00:00,1,Kawasaki ZX-10R [2013],World Superbikes,
460,Rider,Tom Sykes,46.16483579564676,0.5566947906681904,19/07/2013 13:00:00,2,Kawasaki ZX-10R [2013],World Superbikes,
460,Rider,Tom Sykes,46.15695174294997,0.5569354107110156,19/07/2013 13:00:00,3,Kawasaki ZX-10R [2013],World Superbikes,
460,Rider,Tom Sykes,46.151895224914284,0.5571857200257382,02/08/2013 13:00:00,0,Kawasaki ZX-10R [2013],World Superbikes,
460,Rider,Tom Sykes,46.14573282655973,0.5574282583572089,02/08/2013 13:00:00,1,Kawasaki ZX-10R [2013],World Superbikes,
460,Rider,Tom Sykes,46.14057096092089,0.5576972212732497,03/08/2013 13:00:00,0,Kawasaki ZX-10R [2013],World Superbikes,
460,Rider,Tom Sykes,46.13603347160571,0.5579916346922771,03/08/2013 13:00:00,1,Kawasaki ZX-10R [2013],World Superbikes,
460,Rider,Tom Sykes,46.13133389464542,0.5583019255263402,03/08/2013 13:00:00,2,Kawasaki ZX-10R [2013],World Superbikes,
460,Rider,Tom Sykes,46.127845511009525,0.5586343354293458,30/08/2013 13:00:00,0,Kawasaki ZX-10R [2013],World Superbikes,
460,Rider,Tom Sykes,46.12421167759359,0.5589843885613623,30/08/2013 13:00:00,1,Kawasaki ZX-10R [2013],World Superbikes,
460,Rider,Tom Sykes,46.12135030694897,0.5593606187265587,31/08/2013 13:00:00,0,Kawasaki ZX-10R [2013],World Superbikes,
460,Rider,Tom Sykes,46.11855040951542,0.5597558187616948,31/08/2013 13:00:00,1,Kawasaki ZX-10R [2013],World Superbikes,
460,Rider,Tom Sykes,46.11665155234486,0.5601693713603139,12/09/2013 13:00:00,0,Kawasaki ZX-10R [2013],World Superbikes,
460,Rider,Tom Sykes,46.115641015153706,0.5606041803624993,13/09/2013 13:00:00,1,Kawasaki ZX-10R [2013],World Superbikes,
460,Rider,Tom Sykes,46.11365674328527,0.5610277618650532,13/09/2013 13:00:00,2,Kawasaki ZX-10R [2013],World Superbikes,
460,Rider,Tom Sykes,46.11212928894792,0.5614700299357303,13/09/2013 13:00:00,3,Kawasaki ZX-10R [2013],World Superbikes,
460,Rider,Tom Sykes,46.10963232690934,0.5619000991149927,27/09/2013 13:00:00,0,Kawasaki ZX-10R [2013],World Superbikes,
460,Rider,Tom Sykes,46.10748103220359,0.5623529469607833,27/09/2013 13:00:00,1,Kawasaki ZX-10R [2013],World Superbikes,
460,Rider,Tom Sykes,46.10568933618173,0.5628287455408921,28/09/2013 13:00:00,0,Kawasaki ZX-10R [2013],World Superbikes,
460,Rider,Tom Sykes,46.104292413106464,0.5633273313195454,28/09/2013 13:00:00,1,Kawasaki ZX-10R [2013],World Superbikes,
460,Rider,Tom Sykes,46.10328472477634,0.5638476315048245,28/09/2013 13:00:00,2,Kawasaki ZX-10R [2013],World Superbikes,
460,Rider,Tom Sykes,46.10220668545211,0.5643797585794019,04/10/2013 13:00:00,0,Kawasaki ZX-10R [2013],World Superbikes,
460,Rider,Tom Sykes,46.10108499947234,0.5649261317921063,04/10/2013 13:00:00,1,Kawasaki ZX-10R [2013],World Superbikes,
460,Rider,Tom Sykes,46.10236397642254,0.5655047261991332,05/10/2013 13:00:00,0,Kawasaki ZX-10R [2013],World Superbikes,
460,Rider,Tom Sykes,46.1026897880474,0.5660734153040531,05/10/2013 13:00:00,1,Kawasaki ZX-10R [2013],World Superbikes,
460,Rider,Tom Sykes,46.10212681615591,0.56662882559123,18/10/2013 13:00:00,0,Kawasaki ZX-10R [2013],World Superbikes,
460,Rider,Tom Sykes,46.103149768113994,0.5672153324567761,18/10/2013 13:00:00,1,Kawasaki ZX-10R [2013],World Superbikes,
460,Rider,Tom Sykes,46.10521641635867,0.5678311306222236,19/10/2013 13:00:00,0,Kawasaki ZX-10R [2013],World Superbikes,
460,Rider,Tom Sykes,46.10854250895482,0.5684773965780533,19/10/2013 13:00:00,1,Kawasaki ZX-10R [2013],World Superbikes,
460,Rider,Tom Sykes,46.11269842797153,0.5691501152571448,19/10/2013 13:00:00,2,Kawasaki ZX-10R [2013],World Superbikes,
460,Rider,Tom Sykes,46.11681118068002,0.5698376721218686,21/02/2014 13:00:00,1,Kawasaki ZX-10R [2014],World Superbikes,
460,Rider,Tom Sykes,46.12294755816146,0.5705520603362373,12/04/2014 13:00:00,1,Kawasaki ZX-10R [2014],World Superbikes,
460,Rider,Tom Sykes,46.12804816869116,0.571261535661676,26/04/2014 13:00:00,1,Kawasaki ZX-10R [2014],World Superbikes,
460,Rider,Tom Sykes,46.13339401592421,0.5719944675517921,10/05/2014 13:00:00,1,Kawasaki ZX-10R [2014],World Superbikes,
460,Rider,Tom Sykes,46.140045914998915,0.5727543153714014,23/05/2014 13:00:00,1,Kawasaki ZX-10R [2014],World Superbikes,
460,Rider,Tom Sykes,46.14839113116337,0.5735425229498993,06/06/2014 13:00:00,1,Kawasaki ZX-10R [2014],World Superbikes,
460,Rider,Tom Sykes,46.15659714830161,0.5743472975887656,21/06/2014 13:00:00,1,Kawasaki ZX-10R [2014],World Superbikes,
460,Rider,Tom Sykes,46.163739484684186,0.5751479125065377,05/07/2014 13:00:00,1,Kawasaki ZX-10R [2014],World Superbikes,
460,Rider,Tom Sykes,46.169864506459874,0.5759433189381682,12/07/2014 13:00:00,1,Kawasaki ZX-10R [2014],World Superbikes,
460,Rider,Tom Sykes,46.174937479250296,0.5767346213633632,06/09/2014 13:00:00,1,Kawasaki ZX-10R [2014],World Superbikes,
460,Rider,Tom Sykes,46.18031407529536,0.5775520546049197,04/10/2014 13:00:00,1,Kawasaki ZX-10R [2014],World Superbikes,
460,Rider,Tom Sykes,46.184590739924495,0.5783676243842647,01/11/2014 13:00:00,1,Kawasaki ZX-10R [2014],World Superbikes,
460,Rider,Tom Sykes,46.18925307773682,0.5792103195573349,20/02/2015 13:00:00,1,Kawasaki ZX-10R [2015],World Superbikes,
460,Rider,Tom Sykes,46.195766341767346,0.5800821986757274,20/03/2015 13:00:00,1,Kawasaki ZX-10R [2015],World Superbikes,
460,Rider,Tom Sykes,46.202348741336415,0.5809838817523926,11/04/2015 13:00:00,1,Kawasaki ZX-10R [2015],World Superbikes,
460,Rider,Tom Sykes,46.208802438613496,0.5819092659416648,18/04/2015 13:00:00,1,Kawasaki ZX-10R [2015],World Superbikes,
460,Rider,Tom Sykes,46.213734332478076,0.5828399462634373,09/05/2015 13:00:00,1,Kawasaki ZX-10R [2015],World Superbikes,
460,Rider,Tom Sykes,46.21781864084902,0.583791720470977,22/05/2015 13:00:00,1,Kawasaki ZX-10R [2015],World Superbikes,
460,Rider,Tom Sykes,46.220356929846666,0.5847496369191065,06/06/2015 13:00:00,1,Kawasaki ZX-10R [2015],World Superbikes,
460,Rider,Tom Sykes,46.2222215772419,0.5857295398407828,20/06/2015 13:00:00,0,Kawasaki ZX-10R [2015],World Superbikes,
460,Rider,Tom Sykes,46.22349382056355,0.5866955670233922,20/06/2015 13:00:00,1,Kawasaki ZX-10R [2015],World Superbikes,
460,Rider,Tom Sykes,46.223179150082295,0.5876715917880632,18/07/2015 13:00:00,1,Kawasaki ZX-10R [2015],World Superbikes,
460,Rider,Tom Sykes,46.22295076005093,0.5886802986564905,31/07/2015 13:00:00,1,Kawasaki ZX-10R [2015],World Superbikes,
460,Rider,Tom Sykes,46.22149248437799,0.5896958790813742,19/09/2015 13:00:00,1,Kawasaki ZX-10R [2015],World Superbikes,
460,Rider,Tom Sykes,46.21869368135301,0.5907171194293983,03/10/2015 13:00:00,1,Kawasaki ZX-10R [2015],World Superbikes,
460,Rider,Tom Sykes,46.21790148329936,0.5917747577761344,17/10/2015 13:00:00,1,Kawasaki ZX-10R [2015],World Superbikes,
460,Rider,Tom Sykes,46.21568993641277,0.5928395754675565,26/02/2016 13:00:00,1,Kawasaki ZX-10R [2016],World Superbikes,
460,Rider,Tom Sykes,46.212279039864804,0.5939107710458399,11/03/2016 13:00:00,1,Kawasaki ZX-10R [2016],World Superbikes,
460,Rider,Tom Sykes,46.20856099799016,0.595010322103111,01/04/2016 13:00:00,1,Kawasaki ZX-10R [2016],World Superbikes,
460,Rider,Tom Sykes,46.20378979594165,0.5961157909887238,15/04/2016 13:00:00,1,Kawasaki ZX-10R [2016],World Superbikes,
460,Rider,Tom Sykes,46.19793679652146,0.5972277491015183,29/04/2016 13:00:00,1,Kawasaki ZX-10R [2016],World Superbikes,
460,Rider,Tom Sykes,46.19279433367899,0.5983738739673311,13/05/2016 13:00:00,0,Kawasaki ZX-10R [2016],World Superbikes,
460,Rider,Tom Sykes,46.18731578398841,0.5994970189051834,13/05/2016 13:00:00,1,Kawasaki ZX-10R [2016],World Superbikes,
460,Rider,Tom Sykes,46.1807104930165,0.6006275753460875,27/05/2016 13:00:00,1,Kawasaki ZX-10R [2016],World Superbikes,
460,Rider,Tom Sykes,46.173114403656584,0.601762867212807,17/06/2016 13:00:00,1,Kawasaki ZX-10R [2016],World Superbikes,
460,Rider,Tom Sykes,46.164281874608456,0.6029058481409088,09/07/2016 13:00:00,1,Kawasaki ZX-10R [2016],World Superbikes,
460,Rider,Tom Sykes,46.15417350995842,0.604057265476308,16/09/2016 13:00:00,1,Kawasaki ZX-10R [2016],World Superbikes,
460,Rider,Tom Sykes,46.14393483671171,0.6052418037525656,30/09/2016 13:00:00,1,Kawasaki ZX-10R [2016],World Superbikes,
460,Rider,Tom Sykes,46.13328439776391,0.6064520921107983,14/10/2016 13:00:00,1,Kawasaki ZX-10R [2016],World Superbikes,
460,Rider,Tom Sykes,46.121321698678905,0.6076730827551018,29/10/2016 13:00:00,1,Kawasaki ZX-10R [2016],World Superbikes,
460,Rider,Tom Sykes,46.11024081476839,0.6089383773045373,24/02/2017 13:00:00,1,Kawasaki ZX-10R [2017],World Superbikes,
460,Rider,Tom Sykes,46.09857390871481,0.6102312732526081,10/03/2017 13:00:00,1,Kawasaki ZX-10R [2017],World Superbikes,
460,Rider,Tom Sykes,46.08626209681198,0.6115535700173739,31/03/2017 13:00:00,1,Kawasaki ZX-10R [2017],World Superbikes,
460,Rider,Tom Sykes,46.074020659411865,0.6129125358717907,16/06/2017 13:00:00,1,Kawasaki ZX-10R [2017],World Superbikes,
460,Rider,Tom Sykes,46.06044780414611,0.614283873884628,08/07/2017 13:00:00,1,Kawasaki ZX-10R [2017],World Superbikes,
460,Rider,Tom Sykes,46.045526979174944,0.615668800542704,18/08/2017 13:00:00,1,Kawasaki ZX-10R [2017],World Superbikes,
460,Rider,Tom Sykes,46.02927107889112,0.6170680494958684,29/09/2017 13:00:00,1,Kawasaki ZX-10R [2017],World Superbikes,
460,Rider,Tom Sykes,46.01328187444909,0.6185106231271466,20/10/2017 13:00:00,1,Kawasaki ZX-10R [2017],World Superbikes,
460,Rider,Tom Sykes,45.99768900346467,0.6199970405970049,03/11/2017 13:00:00,1,Kawasaki ZX-10R [2017],World Superbikes,
460,Rider,Tom Sykes,45.98211214529681,0.6215257728740684,23/02/2018 13:00:00,1,Kawasaki ZX-10RR [2018],World Superbikes,
460,Rider,Tom Sykes,45.96529883190244,0.6230724220859563,23/03/2018 13:00:00,1,Kawasaki ZX-10RR [2018],World Superbikes,
460,Rider,Tom Sykes,45.948057690459116,0.62465316525576,13/04/2018 13:00:00,1,Kawasaki ZX-10RR [2018],World Superbikes,
460,Rider,Tom Sykes,45.930979182559376,0.6262760995985526,20/04/2018 13:00:00,1,Kawasaki ZX-10RR [2018],World Superbikes,
460,Rider,Tom Sykes,45.91506244436092,0.6279523335770923,11/05/2018 13:00:00,1,Kawasaki ZX-10RR [2018],World Superbikes,
460,Rider,Tom Sykes,45.89860386880578,0.6296652928546086,25/05/2018 13:00:00,1,Kawasaki ZX-10RR [2018],World Superbikes,
460,Rider,Tom Sykes,45.88082390387211,0.6313980902494903,08/06/2018 13:00:00,1,Kawasaki ZX-10RR [2018],World Superbikes,
460,Rider,Tom Sykes,45.86165968243809,0.6331520025844871,23/06/2018 13:00:00,1,Kawasaki ZX-10RR [2018],World Superbikes,
460,Rider,Tom Sykes,45.84199372033384,0.6349506133121776,06/07/2018 13:00:00,1,Kawasaki ZX-10RR [2018],World Superbikes,
460,Rider,Tom Sykes,45.820945652915434,0.6367713258239885,14/09/2018 13:00:00,1,Kawasaki ZX-10RR [2018],World Superbikes,
460,Rider,Tom Sykes,45.801042383509696,0.6386488655401499,28/09/2018 13:00:00,1,Kawasaki ZX-10RR [2018],World Superbikes,
460,Rider,Tom Sykes,45.77983802183537,0.6405481571749655,12/10/2018 13:00:00,0,Kawasaki ZX-10RR [2018],World Superbikes,
460,Rider,Tom Sykes,45.75818302107314,0.6424437958248677,12/10/2018 13:00:00,1,Kawasaki ZX-10RR [2018],World Superbikes,
460,Rider,Tom Sykes,45.736846985438,0.6443940375319325,26/10/2018 13:00:00,1,Kawasaki ZX-10RR [2018],World Superbikes,
460,Rider,Tom Sykes,45.71413127940546,0.6463698160941236,22/02/2019 13:00:00,0,BMW S1000 RR [2019],World Superbikes,
460,Rider,Tom Sykes,45.69174285070847,0.6484012043430165,15/03/2019 13:00:00,0,BMW S1000 RR [2019],World Superbikes,
460,Rider,Tom Sykes,45.670232737985245,0.6504926755137566,05/04/2019 13:00:00,0,BMW S1000 RR [2019],World Superbikes,
460,Rider,Tom Sykes,45.64882712949808,0.6526406003996172,12/04/2019 13:00:00,0,BMW S1000 RR [2019],World Superbikes,
460,Rider,Tom Sykes,45.62825967705785,0.6548516776596831,10/05/2019 13:00:00,0,BMW S1000 RR [2019],World Superbikes,
460,Rider,Tom Sykes,45.60859386736112,0.6571249795076884,07/06/2019 13:00:00,0,BMW S1000 RR [2019],World Superbikes,
460,Rider,Tom Sykes,45.58988640813383,0.6594614091496181,21/06/2019 13:00:00,0,BMW S1000 RR [2019],World Superbikes,
460,Rider,Tom Sykes,45.57114960657462,0.6618549690635934,05/07/2019 13:00:00,0,BMW S1000 RR [2019],World Superbikes,
460,Rider,Tom Sykes,45.551046822416446,0.6642784175672077,13/07/2019 13:00:00,0,BMW S1000 RR [2019],World Superbikes,
460,Rider,Tom Sykes,45.531245377494166,0.6667651658514943,06/09/2019 13:00:00,0,BMW S1000 RR [2019],World Superbikes,
460,Rider,Tom Sykes,45.51080464542427,0.6693028035302749,27/09/2019 13:00:00,0,BMW S1000 RR [2019],World Superbikes,
460,Rider,Tom Sykes,45.49144677674469,0.6719096065653862,11/10/2019 13:00:00,0,BMW S1000 RR [2019],World Superbikes,
460,Rider,Tom Sykes,45.474550845208014,0.6745883604761309,25/10/2019 13:00:00,0,BMW S1000 RR [2019],World Superbikes,
460,Rider,Tom Sykes,45.457941362431846,0.6773339372245728,28/02/2020 13:00:00,0,BMW S1000 RR [2020],World Superbikes,
460,Rider,Tom Sykes,45.43976383010805,0.6801178024259374,31/07/2020 13:00:00,0,BMW S1000 RR [2020],World Superbikes,
460,Rider,Tom Sykes,45.420978175366436,0.6829627986011413,07/08/2020 13:00:00,0,BMW S1000 RR [2020],World Superbikes,
460,Rider,Tom Sykes,45.401913220857175,0.6858719674443124,28/08/2020 13:00:00,0,BMW S1000 RR [2020],World Superbikes,
460,Rider,Tom Sykes,45.385062123824476,0.688851972884978,04/09/2020 13:00:00,0,BMW S1000 RR [2020],World Superbikes,
460,Rider,Tom Sykes,45.36818067554416,0.6919001406493189,18/09/2020 13:00:00,0,BMW S1000 RR [2020],World Superbikes,
460,Rider,Tom Sykes,45.35117338792047,0.6950149057484009,02/10/2020 13:00:00,0,BMW S1000 RR [2020],World Superbikes,
460,Rider,Tom Sykes,45.33325021709956,0.6981929831053273,16/10/2020 13:00:00,0,BMW S1000 RR [2020],World Superbikes,
460,Rider,Tom Sykes,45.3167807034253,0.7014464831166767,21/05/2021 13:00:00,0,BMW S1000 RR [2021],World Superbikes,
460,Rider,Tom Sykes,45.30015947080816,0.7047274856253974,28/05/2021 13:00:00,0,BMW M 1000 RR [2021],World Superbikes,
460,Rider,Tom Sykes,45.28358207494351,0.7080857744878094,11/06/2021 13:00:00,0,BMW M 1000 RR [2021],World Superbikes,
460,Rider,Tom Sykes,45.26704304132648,0.7115219906515644,02/07/2021 13:00:00,0,BMW M 1000 RR [2021],World Superbikes,
460,Rider,Tom Sykes,45.24988625732004,0.7150345223406325,23/07/2021 13:00:00,0,BMW M 1000 RR [2021],World Superbikes,
460,Rider,Tom Sykes,45.23643460418892,0.7186245913014645,06/08/2021 13:00:00,0,BMW M 1000 RR [2021],World Superbikes,
460,Rider,Tom Sykes,45.222713085456064,0.7222925325954642,20/08/2021 13:00:00,0,BMW M 1000 RR [2021],World Superbikes,
460,Rider,Tom Sykes,45.20822038205301,0.7260369872929819,03/09/2021 13:00:00,0,BMW M 1000 RR [2021],World Superbikes,
460,Rider,Tom Sykes,45.19290460467741,0.7298578425383243,17/09/2021 13:00:00,0,BMW M 1000 RR [2021],World Superbikes,
460,Rider,Tom Sykes,45.17567254039648,0.7337364747204157,19/11/2021 13:00:00,0,BMW M 1000 RR [2021],World Superbikes,
460,Rider,Tom Sykes,45.15900712768018,0.7376980221005375,24/02/2023 13:00:00,0,Kawasaki ZX-10RR [2023],World Superbikes,
460,Rider,Tom Sykes,45.14501067358339,0.7417398911221501,03/03/2023 13:00:00,0,Kawasaki ZX-10RR [2023],World Superbikes,
460,Rider,Tom Sykes,45.13337324083392,0.7458654114808085,21/04/2023 13:00:00,0,Kawasaki ZX-10RR [2023],World Superbikes,
460,Rider,Tom Sykes,45.12444289053675,0.750076746144539,05/05/2023 13:00:00,0,Kawasaki ZX-10RR [2023],World Superbikes,
460,Rider,Tom Sykes,45.119196819102086,0.7543733077999318,02/06/2023 13:00:00,0,BMW M 1000 RR [2023],World Superbikes,
460,Rider,Tom Sykes,45.116660187788845,0.7587632278721702,30/06/2023 13:00:00,0,BMW M 1000 RR [2023],World Superbikes,
461,Bike,Suzuki [2008],20.579479648366455,2.3419434425968473,01/08/2008 13:00:00,0,,World Superbikes,
461,Bike,Suzuki [2008],20.579478896534475,2.3411209749164024,01/08/2008 13:00:00,1,,World Superbikes,
461,Bike,Suzuki [2008],20.579412696489015,2.3407128102062127,02/08/2008 13:00:00,0,,World Superbikes,
461,Bike,Suzuki [2008],20.57937927428749,2.340710560345529,05/09/2008 13:00:00,0,,World Superbikes,
461,Bike,Suzuki [2008],20.57854733864175,2.341116439318272,05/09/2008 13:00:00,1,,World Superbikes,
461,Bike,Suzuki [2008],20.57898328093764,2.3419522271334055,06/09/2008 13:00:00,0,,World Superbikes,
462,Rider,Tristan Palmer,19.897459707600643,4.422069631581872,01/08/2008 13:00:00,1,Yamaha YZF-R1 [2008],World Superbikes,
463,Rider,Cal Crutchlow,44.9258534415968,0.8843243545660281,05/09/2008 13:00:00,0,Honda CBR1000RR [2008],World Superbikes,
463,Rider,Cal Crutchlow,44.92712450301244,0.8806260087041424,05/09/2008 13:00:00,1,Honda CBR1000RR [2008],World Superbikes,
463,Rider,Cal Crutchlow,44.926686291102136,0.8770277743684471,06/09/2008 13:00:00,0,Honda CBR1000RR [2008],World Superbikes,
463,Rider,Cal Crutchlow,44.927014969557895,0.8735641347142418,31/10/2008 13:00:00,0,Honda CBR1000RR [2008],World Superbikes,
463,Rider,Cal Crutchlow,44.92713792104944,0.8702357262202431,31/10/2008 13:00:00,1,Honda CBR1000RR [2008],World Superbikes,
463,Rider,Cal Crutchlow,44.927105725545815,0.8670418084925553,01/11/2008 13:00:00,0,Honda CBR1000RR [2008],World Superbikes,
463,Rider,Cal Crutchlow,44.92584131564362,0.8639598425681828,25/02/2010 13:00:00,0,Yamaha YZF-R1 [2010],World Superbikes,
463,Rider,Cal Crutchlow,44.92580133978548,0.8610124173847057,26/02/2010 13:00:00,0,Yamaha YZF-R1 [2010],World Superbikes,
463,Rider,Cal Crutchlow,44.92543556025334,0.8581867657670812,26/02/2010 13:00:00,1,Yamaha YZF-R1 [2010],World Superbikes,
463,Rider,Cal Crutchlow,44.926702632317024,0.8554944419861786,26/02/2010 13:00:00,2,Yamaha YZF-R1 [2010],World Superbikes,
463,Rider,Cal Crutchlow,44.92708805448278,0.8529151091565466,26/02/2010 13:00:00,3,Yamaha YZF-R1 [2010],World Superbikes,
463,Rider,Cal Crutchlow,44.92744040013712,0.8504472990958153,26/03/2010 13:00:00,0,Yamaha YZF-R1 [2010],World Superbikes,
463,Rider,Cal Crutchlow,44.9280546161997,0.8481091767004935,26/03/2010 13:00:00,1,Yamaha YZF-R1 [2010],World Superbikes,
463,Rider,Cal Crutchlow,44.9305261490901,0.845901960242032,27/03/2010 13:00:00,0,Yamaha YZF-R1 [2010],World Superbikes,
463,Rider,Cal Crutchlow,44.932120392105915,0.8438074180958836,27/03/2010 13:00:00,1,Yamaha YZF-R1 [2010],World Superbikes,
463,Rider,Cal Crutchlow,44.93369055421339,0.8418359268121107,27/03/2010 13:00:00,2,Yamaha YZF-R1 [2010],World Superbikes,
463,Rider,Cal Crutchlow,44.93385094323758,0.8399412045478654,09/04/2010 13:00:00,0,Yamaha YZF-R1 [2010],World Superbikes,
463,Rider,Cal Crutchlow,44.93495498789176,0.8381758392770059,09/04/2010 13:00:00,1,Yamaha YZF-R1 [2010],World Superbikes,
463,Rider,Cal Crutchlow,44.93820166423409,0.8365382764173876,10/04/2010 13:00:00,0,Yamaha YZF-R1 [2010],World Superbikes,
463,Rider,Cal Crutchlow,44.94283246249228,0.8350298912402714,10/04/2010 13:00:00,1,Yamaha YZF-R1 [2010],World Superbikes,
463,Rider,Cal Crutchlow,44.94789074451278,0.8336456619637173,10/04/2010 13:00:00,2,Yamaha YZF-R1 [2010],World Superbikes,
463,Rider,Cal Crutchlow,44.95154281275767,0.8323352483674261,23/04/2010 13:00:00,0,Yamaha YZF-R1 [2010],World Superbikes,
463,Rider,Cal Crutchlow,44.95529616070401,0.8311483533465938,23/04/2010 13:00:00,1,Yamaha YZF-R1 [2010],World Superbikes,
463,Rider,Cal Crutchlow,44.959879265678644,0.8300884290366378,24/04/2010 13:00:00,0,Yamaha YZF-R1 [2010],World Superbikes,
463,Rider,Cal Crutchlow,44.96458694372958,0.829152266457341,24/04/2010 13:00:00,1,Yamaha YZF-R1 [2010],World Superbikes,
463,Rider,Cal Crutchlow,44.97036621048063,0.8283403974295435,07/05/2010 13:00:00,0,Yamaha YZF-R1 [2010],World Superbikes,
463,Rider,Cal Crutchlow,44.97461564390036,0.8276116452167067,07/05/2010 13:00:00,1,Yamaha YZF-R1 [2010],World Superbikes,
463,Rider,Cal Crutchlow,44.980657844752294,0.8270098977039332,08/05/2010 13:00:00,0,Yamaha YZF-R1 [2010],World Superbikes,
463,Rider,Cal Crutchlow,44.9871586759107,0.8265324597797453,08/05/2010 13:00:00,1,Yamaha YZF-R1 [2010],World Superbikes,
463,Rider,Cal Crutchlow,44.992204024251535,0.8261344511087373,08/05/2010 13:00:00,2,Yamaha YZF-R1 [2010],World Superbikes,
463,Rider,Cal Crutchlow,44.99682531091586,0.8258317779406803,14/05/2010 13:00:00,0,Yamaha YZF-R1 [2010],World Superbikes,
463,Rider,Cal Crutchlow,45.00055852522905,0.8256382121545175,14/05/2010 13:00:00,1,Yamaha YZF-R1 [2010],World Superbikes,
463,Rider,Cal Crutchlow,45.00484809785859,0.8255678258157528,15/05/2010 13:00:00,0,Yamaha YZF-R1 [2010],World Superbikes,
463,Rider,Cal Crutchlow,45.008396761960014,0.8256054845248979,15/05/2010 13:00:00,1,Yamaha YZF-R1 [2010],World Superbikes,
463,Rider,Cal Crutchlow,45.01186828907905,0.8257600531485324,15/05/2010 13:00:00,2,Yamaha YZF-R1 [2010],World Superbikes,
463,Rider,Cal Crutchlow,45.01409275978129,0.8259870112644031,29/05/2010 13:00:00,0,Yamaha YZF-R1 [2010],World Superbikes,
463,Rider,Cal Crutchlow,45.01587424886382,0.8263301028461557,29/05/2010 13:00:00,1,Yamaha YZF-R1 [2010],World Superbikes,
463,Rider,Cal Crutchlow,45.01830107501135,0.8267972295909406,30/05/2010 13:00:00,0,Yamaha YZF-R1 [2010],World Superbikes,
463,Rider,Cal Crutchlow,45.02347149123025,0.8273834259035332,30/05/2010 13:00:00,1,Yamaha YZF-R1 [2010],World Superbikes,
463,Rider,Cal Crutchlow,45.02912247437646,0.828091817069725,30/05/2010 13:00:00,2,Yamaha YZF-R1 [2010],World Superbikes,
463,Rider,Cal Crutchlow,45.034698331519486,0.8289046669756933,25/06/2010 13:00:00,0,Yamaha YZF-R1 [2010],World Superbikes,
463,Rider,Cal Crutchlow,45.03870705327731,0.8298018740419032,25/06/2010 13:00:00,1,Yamaha YZF-R1 [2010],World Superbikes,
463,Rider,Cal Crutchlow,45.04488079880782,0.830824219199745,26/06/2010 13:00:00,0,Yamaha YZF-R1 [2010],World Superbikes,
463,Rider,Cal Crutchlow,45.04950876135367,0.8319304773787554,26/06/2010 13:00:00,1,Yamaha YZF-R1 [2010],World Superbikes,
463,Rider,Cal Crutchlow,45.05258741983597,0.8331188102552614,26/06/2010 13:00:00,2,Yamaha YZF-R1 [2010],World Superbikes,
463,Rider,Cal Crutchlow,45.05608205681624,0.8344168725097806,09/07/2010 13:00:00,0,Yamaha YZF-R1 [2010],World Superbikes,
463,Rider,Cal Crutchlow,45.0587666709489,0.8358271763222327,09/07/2010 13:00:00,1,Yamaha YZF-R1 [2010],World Superbikes,
463,Rider,Cal Crutchlow,45.06239073918382,0.8373658873786372,10/07/2010 13:00:00,0,Yamaha YZF-R1 [2010],World Superbikes,
463,Rider,Cal Crutchlow,45.06454714075122,0.8389871073988492,10/07/2010 13:00:00,1,Yamaha YZF-R1 [2010],World Superbikes,
463,Rider,Cal Crutchlow,45.065375242295644,0.8406894524084484,10/07/2010 13:00:00,2,Yamaha YZF-R1 [2010],World Superbikes,
463,Rider,Cal Crutchlow,45.06503615100806,0.8424608825310148,30/07/2010 13:00:00,0,Yamaha YZF-R1 [2010],World Superbikes,
463,Rider,Cal Crutchlow,45.06317870377755,0.8443185722667749,30/07/2010 13:00:00,1,Yamaha YZF-R1 [2010],World Superbikes,
463,Rider,Cal Crutchlow,45.063068534629046,0.8463091379654276,31/07/2010 13:00:00,0,Yamaha YZF-R1 [2010],World Superbikes,
463,Rider,Cal Crutchlow,45.0614087430517,0.8483866635166055,31/07/2010 13:00:00,1,Yamaha YZF-R1 [2010],World Superbikes,
463,Rider,Cal Crutchlow,45.05828035380336,0.8505501615038464,31/07/2010 13:00:00,2,Yamaha YZF-R1 [2010],World Superbikes,
463,Rider,Cal Crutchlow,45.053920112991044,0.8527886573864664,03/09/2010 13:00:00,0,Yamaha YZF-R1 [2010],World Superbikes,
463,Rider,Cal Crutchlow,45.05021709379163,0.8551579039045509,03/09/2010 13:00:00,1,Yamaha YZF-R1 [2010],World Superbikes,
463,Rider,Cal Crutchlow,45.04701211547136,0.8576577902013075,04/09/2010 13:00:00,0,Yamaha YZF-R1 [2010],World Superbikes,
463,Rider,Cal Crutchlow,45.04305775927447,0.8602726137029268,04/09/2010 13:00:00,1,Yamaha YZF-R1 [2010],World Superbikes,
463,Rider,Cal Crutchlow,45.040496990207075,0.8630189843459852,24/09/2010 13:00:00,0,Yamaha YZF-R1 [2010],World Superbikes,
463,Rider,Cal Crutchlow,45.03865817435893,0.8658983090599196,24/09/2010 13:00:00,1,Yamaha YZF-R1 [2010],World Superbikes,
463,Rider,Cal Crutchlow,45.03558404091173,0.8688610480558556,25/09/2010 13:00:00,0,Yamaha YZF-R1 [2010],World Superbikes,
463,Rider,Cal Crutchlow,45.03118309628145,0.8719108128942351,25/09/2010 13:00:00,1,Yamaha YZF-R1 [2010],World Superbikes,
463,Rider,Cal Crutchlow,45.02861827254602,0.8750951217732463,01/10/2010 13:00:00,0,Yamaha YZF-R1 [2010],World Superbikes,
463,Rider,Cal Crutchlow,45.0263345932921,0.8784147370992635,01/10/2010 13:00:00,1,Yamaha YZF-R1 [2010],World Superbikes,
463,Rider,Cal Crutchlow,45.025355275086596,0.8818730363362992,02/10/2010 13:00:00,0,Yamaha YZF-R1 [2010],World Superbikes,
463,Rider,Cal Crutchlow,45.02488458124877,0.8854687815211174,02/10/2010 13:00:00,1,Yamaha YZF-R1 [2010],World Superbikes,
463,Rider,Cal Crutchlow,45.02405947389935,0.8891942143860881,02/10/2010 13:00:00,2,Yamaha YZF-R1 [2010],World Superbikes,
464,Bike,Honda [2008],27.632022786909094,3.1358394783817722,05/09/2008 13:00:00,0,,World Superbikes,
464,Bike,Honda [2008],27.632403248307362,3.135583400495856,05/09/2008 13:00:00,1,,World Superbikes,
464,Bike,Honda [2008],27.63283045058148,3.1358628584293307,06/09/2008 13:00:00,0,,World Superbikes,
465,Rider,Matt Lynn,18.524853780970613,3.0139746822014697,05/09/2008 13:00:00,0,Honda CBR1000RR [2008],World Superbikes,
465,Rider,Matt Lynn,18.52473381752229,3.0135740276319267,05/09/2008 13:00:00,1,Honda CBR1000RR [2008],World Superbikes,
465,Rider,Matt Lynn,18.525263283236043,3.013606752006015,18/09/2008 13:00:00,0,Honda CBR1000RR [2008],World Superbikes,
465,Rider,Matt Lynn,18.524646030188983,3.014133683946799,19/09/2008 13:00:00,0,Honda CBR1000RR [2008],World Superbikes,
466,Rider,Matej Smrz,20.781013486823976,2.962588786742435,18/09/2008 13:00:00,0,Honda CBR1000RR [2008],World Superbikes,
466,Rider,Matej Smrz,20.782098719396657,2.9620660610491973,19/09/2008 13:00:00,0,Honda CBR1000RR [2008],World Superbikes,
466,Rider,Matej Smrz,20.784040460387317,2.9619621617664644,30/08/2013 13:00:00,0,Yamaha YZF-R1 [2013],World Superbikes,
466,Rider,Matej Smrz,20.785722348584084,2.9622457437368106,30/08/2013 13:00:00,1,Yamaha YZF-R1 [2013],World Superbikes,
466,Rider,Matej Smrz,20.78583016219824,2.9629676867634176,31/08/2013 13:00:00,0,Yamaha YZF-R1 [2013],World Superbikes,
467,Rider,Jonathan Rea,45.74636875818321,0.7304055698558907,31/10/2008 13:00:00,0,Honda CBR1000RR [2008],World Superbikes,
467,Rider,Jonathan Rea,45.74878069872829,0.7258392310339425,31/10/2008 13:00:00,1,Honda CBR1000RR [2008],World Superbikes,
467,Rider,Jonathan Rea,45.751756171300045,0.7213712800452537,01/11/2008 13:00:00,0,Honda CBR1000RR [2008],World Superbikes,
467,Rider,Jonathan Rea,45.75412239764007,0.7169869780528441,26/02/2009 13:00:00,0,Honda CBR1000RR [2009],World Superbikes,
467,Rider,Jonathan Rea,45.75850353148888,0.7126998800271324,27/02/2009 13:00:00,0,Honda CBR1000RR [2009],World Superbikes,
467,Rider,Jonathan Rea,45.761244102051066,0.7084721120578475,27/02/2009 13:00:00,1,Honda CBR1000RR [2009],World Superbikes,
467,Rider,Jonathan Rea,45.762238356270274,0.7042994121898014,27/02/2009 13:00:00,2,Honda CBR1000RR [2009],World Superbikes,
467,Rider,Jonathan Rea,45.76308057533367,0.7002127687623794,27/02/2009 13:00:00,3,Honda CBR1000RR [2009],World Superbikes,
467,Rider,Jonathan Rea,45.763777953899506,0.6961968244124991,11/03/2009 13:00:00,0,Honda CBR1000RR [2009],World Superbikes,
467,Rider,Jonathan Rea,45.76336875882725,0.6922519921318677,12/03/2009 13:00:00,0,Honda CBR1000RR [2009],World Superbikes,
467,Rider,Jonathan Rea,45.76409561705982,0.6883969295595584,12/03/2009 13:00:00,1,Honda CBR1000RR [2009],World Superbikes,
467,Rider,Jonathan Rea,45.76721117896899,0.6846254499345625,03/04/2009 13:00:00,0,Honda CBR1000RR [2009],World Superbikes,
467,Rider,Jonathan Rea,45.77107108203722,0.680940174934051,03/04/2009 13:00:00,1,Honda CBR1000RR [2009],World Superbikes,
467,Rider,Jonathan Rea,45.77622579049085,0.677341361209973,04/04/2009 13:00:00,0,Honda CBR1000RR [2009],World Superbikes,
467,Rider,Jonathan Rea,45.78235484066655,0.6738252970619426,04/04/2009 13:00:00,1,Honda CBR1000RR [2009],World Superbikes,
467,Rider,Jonathan Rea,45.788999872787144,0.6703863631835235,04/04/2009 13:00:00,2,Honda CBR1000RR [2009],World Superbikes,
467,Rider,Jonathan Rea,45.79744158359178,0.6670081658306574,24/04/2009 13:00:00,0,Honda CBR1000RR [2009],World Superbikes,
467,Rider,Jonathan Rea,45.80649062735241,0.663709426004859,24/04/2009 13:00:00,1,Honda CBR1000RR [2009],World Superbikes,
467,Rider,Jonathan Rea,45.81665695689302,0.6604893580775216,25/04/2009 13:00:00,0,Honda CBR1000RR [2009],World Superbikes,
467,Rider,Jonathan Rea,45.82815365989462,0.6573460145122448,25/04/2009 13:00:00,1,Honda CBR1000RR [2009],World Superbikes,
467,Rider,Jonathan Rea,45.84113806021833,0.6542751872417878,08/05/2009 13:00:00,0,Honda CBR1000RR [2009],World Superbikes,
467,Rider,Jonathan Rea,45.85385287874128,0.6512751649222562,08/05/2009 13:00:00,1,Honda CBR1000RR [2009],World Superbikes,
467,Rider,Jonathan Rea,45.86598613844605,0.6483424864437052,09/05/2009 13:00:00,0,Honda CBR1000RR [2009],World Superbikes,
467,Rider,Jonathan Rea,45.87907747124571,0.6454815716116449,09/05/2009 13:00:00,1,Honda CBR1000RR [2009],World Superbikes,
467,Rider,Jonathan Rea,45.89314002370348,0.6426888022628326,09/05/2009 13:00:00,2,Honda CBR1000RR [2009],World Superbikes,
467,Rider,Jonathan Rea,45.908514619578085,0.6399508054544784,15/05/2009 13:00:00,0,Honda CBR1000RR [2009],World Superbikes,
467,Rider,Jonathan Rea,45.92288498397992,0.6372662987411757,15/05/2009 13:00:00,1,Honda CBR1000RR [2009],World Superbikes,
467,Rider,Jonathan Rea,45.93891812547682,0.634650004198687,16/05/2009 13:00:00,0,Honda CBR1000RR [2009],World Superbikes,
467,Rider,Jonathan Rea,45.954010985028646,0.6320815271581041,16/05/2009 13:00:00,1,Honda CBR1000RR [2009],World Superbikes,
467,Rider,Jonathan Rea,45.96957375867527,0.6295739517965988,16/05/2009 13:00:00,2,Honda CBR1000RR [2009],World Superbikes,
467,Rider,Jonathan Rea,45.985798951036045,0.6271167273269032,29/05/2009 13:00:00,0,Honda CBR1000RR [2009],World Superbikes,
467,Rider,Jonathan Rea,46.003179967023115,0.6247238089192,29/05/2009 13:00:00,1,Honda CBR1000RR [2009],World Superbikes,
467,Rider,Jonathan Rea,46.02088264166963,0.6223915647038623,30/05/2009 13:00:00,0,Honda CBR1000RR [2009],World Superbikes,
467,Rider,Jonathan Rea,46.03923098256614,0.6201186187498382,30/05/2009 13:00:00,1,Honda CBR1000RR [2009],World Superbikes,
467,Rider,Jonathan Rea,46.059378273259206,0.6179037938453579,19/06/2009 13:00:00,0,Honda CBR1000RR [2009],World Superbikes,
467,Rider,Jonathan Rea,46.07941540807565,0.6157452858067327,19/06/2009 13:00:00,1,Honda CBR1000RR [2009],World Superbikes,
467,Rider,Jonathan Rea,46.09967261035098,0.6136440696338394,20/06/2009 13:00:00,0,Honda CBR1000RR [2009],World Superbikes,
467,Rider,Jonathan Rea,46.11828043862997,0.6115699397158271,20/06/2009 13:00:00,1,Honda CBR1000RR [2009],World Superbikes,
467,Rider,Jonathan Rea,46.13521273644491,0.609518757162004,20/06/2009 13:00:00,2,Honda CBR1000RR [2009],World Superbikes,
467,Rider,Jonathan Rea,46.151466064889505,0.6075028183417626,26/06/2009 13:00:00,0,Honda CBR1000RR [2009],World Superbikes,
467,Rider,Jonathan Rea,46.169515002127824,0.6055443239425271,26/06/2009 13:00:00,1,Honda CBR1000RR [2009],World Superbikes,
467,Rider,Jonathan Rea,46.187272144194246,0.6036349924596255,27/06/2009 13:00:00,0,Honda CBR1000RR [2009],World Superbikes,
467,Rider,Jonathan Rea,46.20664017821707,0.6017786379456572,27/06/2009 13:00:00,1,Honda CBR1000RR [2009],World Superbikes,
467,Rider,Jonathan Rea,46.227987516757594,0.5999707122624192,24/07/2009 13:00:00,0,Honda CBR1000RR [2009],World Superbikes,
467,Rider,Jonathan Rea,46.250934908078726,0.5982166599390591,24/07/2009 13:00:00,1,Honda CBR1000RR [2009],World Superbikes,
467,Rider,Jonathan Rea,46.274881678131436,0.5965144386931788,25/07/2009 13:00:00,0,Honda CBR1000RR [2009],World Superbikes,
467,Rider,Jonathan Rea,46.30046980527956,0.5948624891689587,25/07/2009 13:00:00,1,Honda CBR1000RR [2009],World Superbikes,
467,Rider,Jonathan Rea,46.32668267417767,0.5932562325217432,25/07/2009 13:00:00,2,Honda CBR1000RR [2009],World Superbikes,
467,Rider,Jonathan Rea,46.353476463957996,0.5916816429029081,04/09/2009 13:00:00,0,Honda CBR1000RR [2009],World Superbikes,
467,Rider,Jonathan Rea,46.37885529401111,0.5901225534888511,04/09/2009 13:00:00,1,Honda CBR1000RR [2009],World Superbikes,
467,Rider,Jonathan Rea,46.404068568476674,0.5886047029945979,05/09/2009 13:00:00,0,Honda CBR1000RR [2009],World Superbikes,
467,Rider,Jonathan Rea,46.42853474154791,0.5871208779607953,05/09/2009 13:00:00,1,Honda CBR1000RR [2009],World Superbikes,
467,Rider,Jonathan Rea,46.452897716733226,0.5856765846429581,05/09/2009 13:00:00,2,Honda CBR1000RR [2009],World Superbikes,
467,Rider,Jonathan Rea,46.476774869172594,0.5842587834450108,25/09/2009 13:00:00,0,Honda CBR1000RR [2009],World Superbikes,
467,Rider,Jonathan Rea,46.4996646154937,0.5828716546604539,26/09/2009 13:00:00,0,Honda CBR1000RR [2009],World Superbikes,
467,Rider,Jonathan Rea,46.520852400289655,0.5814969661891611,26/09/2009 13:00:00,1,Honda CBR1000RR [2009],World Superbikes,
467,Rider,Jonathan Rea,46.54037597703025,0.5801325933387207,26/09/2009 13:00:00,2,Honda CBR1000RR [2009],World Superbikes,
467,Rider,Jonathan Rea,46.55973583222863,0.5787932271055751,02/10/2009 13:00:00,0,Honda CBR1000RR [2009],World Superbikes,
467,Rider,Jonathan Rea,46.578200647431004,0.5774818892322252,02/10/2009 13:00:00,1,Honda CBR1000RR [2009],World Superbikes,
467,Rider,Jonathan Rea,46.59651579473508,0.5762057650520087,03/10/2009 13:00:00,0,Honda CBR1000RR [2009],World Superbikes,
467,Rider,Jonathan Rea,46.61392602656963,0.5749576465308996,03/10/2009 13:00:00,1,Honda CBR1000RR [2009],World Superbikes,
467,Rider,Jonathan Rea,46.63048262399461,0.5737318386614857,03/10/2009 13:00:00,2,Honda CBR1000RR [2009],World Superbikes,
467,Rider,Jonathan Rea,46.64637888559335,0.5725207547799579,23/10/2009 13:00:00,0,Honda CBR1000RR [2009],World Superbikes,
467,Rider,Jonathan Rea,46.660665035569735,0.5713180714190393,23/10/2009 13:00:00,1,Honda CBR1000RR [2009],World Superbikes,
467,Rider,Jonathan Rea,46.673434813963155,0.570121870069876,24/10/2009 13:00:00,0,Honda CBR1000RR [2009],World Superbikes,
467,Rider,Jonathan Rea,46.684694179688805,0.5689312665652937,24/10/2009 13:00:00,1,Honda CBR1000RR [2009],World Superbikes,
467,Rider,Jonathan Rea,46.69510136330529,0.5677594779830524,24/10/2009 13:00:00,2,Honda CBR1000RR [2009],World Superbikes,
467,Rider,Jonathan Rea,46.70602214380168,0.566609711600853,25/02/2010 13:00:00,0,Honda CBR1000RR [2010],World Superbikes,
467,Rider,Jonathan Rea,46.716784910886176,0.5654935677998907,26/02/2010 13:00:00,0,Honda CBR1000RR [2010],World Superbikes,
467,Rider,Jonathan Rea,46.727416902196126,0.5644099756002653,26/02/2010 13:00:00,1,Honda CBR1000RR [2010],World Superbikes,
467,Rider,Jonathan Rea,46.737702694412604,0.563358003211462,26/02/2010 13:00:00,2,Honda CBR1000RR [2010],World Superbikes,
467,Rider,Jonathan Rea,46.74822704010774,0.5623366882430436,26/02/2010 13:00:00,3,Honda CBR1000RR [2010],World Superbikes,
467,Rider,Jonathan Rea,46.75981187078021,0.5613289380340258,26/03/2010 13:00:00,0,Honda CBR1000RR [2010],World Superbikes,
467,Rider,Jonathan Rea,46.7717607420542,0.5603529726618369,26/03/2010 13:00:00,1,Honda CBR1000RR [2010],World Superbikes,
467,Rider,Jonathan Rea,46.78301277069052,0.5594061874918198,27/03/2010 13:00:00,0,Honda CBR1000RR [2010],World Superbikes,
467,Rider,Jonathan Rea,46.793931875347134,0.5584891179539462,27/03/2010 13:00:00,1,Honda CBR1000RR [2010],World Superbikes,
467,Rider,Jonathan Rea,46.802793365760024,0.5575786985793711,27/03/2010 13:00:00,2,Honda CBR1000RR [2010],World Superbikes,
467,Rider,Jonathan Rea,46.811718574949396,0.5566851198406688,09/04/2010 13:00:00,0,Honda CBR1000RR [2010],World Superbikes,
467,Rider,Jonathan Rea,46.82163304993202,0.5558202873945892,09/04/2010 13:00:00,1,Honda CBR1000RR [2010],World Superbikes,
467,Rider,Jonathan Rea,46.83196825989341,0.554984614308062,10/04/2010 13:00:00,0,Honda CBR1000RR [2010],World Superbikes,
467,Rider,Jonathan Rea,46.841966291322954,0.5541760892563574,10/04/2010 13:00:00,1,Honda CBR1000RR [2010],World Superbikes,
467,Rider,Jonathan Rea,46.85083437254567,0.5533884271456573,10/04/2010 13:00:00,2,Honda CBR1000RR [2010],World Superbikes,
467,Rider,Jonathan Rea,46.8609097388098,0.5526083092099113,23/04/2010 13:00:00,0,Honda CBR1000RR [2010],World Superbikes,
467,Rider,Jonathan Rea,46.86947312935865,0.5518458504532491,23/04/2010 13:00:00,1,Honda CBR1000RR [2010],World Superbikes,
467,Rider,Jonathan Rea,46.876929229990715,0.5511047462152044,24/04/2010 13:00:00,0,Honda CBR1000RR [2010],World Superbikes,
467,Rider,Jonathan Rea,46.88287892863849,0.5503802118342352,24/04/2010 13:00:00,1,Honda CBR1000RR [2010],World Superbikes,
467,Rider,Jonathan Rea,46.886786505293664,0.5496585670317827,24/04/2010 13:00:00,2,Honda CBR1000RR [2010],World Superbikes,
467,Rider,Jonathan Rea,46.88901264983333,0.5489322191088485,07/05/2010 13:00:00,0,Honda CBR1000RR [2010],World Superbikes,
467,Rider,Jonathan Rea,46.889708375496085,0.5482195803880021,07/05/2010 13:00:00,1,Honda CBR1000RR [2010],World Superbikes,
467,Rider,Jonathan Rea,46.88899284210066,0.5475214014632894,08/05/2010 13:00:00,0,Honda CBR1000RR [2010],World Superbikes,
467,Rider,Jonathan Rea,46.8868137647786,0.5468369511482413,08/05/2010 13:00:00,1,Honda CBR1000RR [2010],World Superbikes,
467,Rider,Jonathan Rea,46.884807522783404,0.5461745249161667,08/05/2010 13:00:00,2,Honda CBR1000RR [2010],World Superbikes,
467,Rider,Jonathan Rea,46.88268751607303,0.5455216959777901,14/05/2010 13:00:00,0,Honda CBR1000RR [2010],World Superbikes,
467,Rider,Jonathan Rea,46.87934784298577,0.5448856005029323,14/05/2010 13:00:00,1,Honda CBR1000RR [2010],World Superbikes,
467,Rider,Jonathan Rea,46.87444202392299,0.5442629993754138,15/05/2010 13:00:00,0,Honda CBR1000RR [2010],World Superbikes,
467,Rider,Jonathan Rea,46.8706304806551,0.5436616672127152,15/05/2010 13:00:00,1,Honda CBR1000RR [2010],World Superbikes,
467,Rider,Jonathan Rea,46.86783923502067,0.5430797254034638,29/05/2010 13:00:00,0,Honda CBR1000RR [2010],World Superbikes,
467,Rider,Jonathan Rea,46.86578039674505,0.5425183481961289,29/05/2010 13:00:00,1,Honda CBR1000RR [2010],World Superbikes,
467,Rider,Jonathan Rea,46.86404710133036,0.5419773359343163,30/05/2010 13:00:00,0,Honda CBR1000RR [2010],World Superbikes,
467,Rider,Jonathan Rea,46.862308853897886,0.541456602113339,30/05/2010 13:00:00,1,Honda CBR1000RR [2010],World Superbikes,
467,Rider,Jonathan Rea,46.86053216278762,0.5409541790622407,30/05/2010 13:00:00,2,Honda CBR1000RR [2010],World Superbikes,
467,Rider,Jonathan Rea,46.85984488884723,0.5404532507466109,25/06/2010 13:00:00,0,Honda CBR1000RR [2010],World Superbikes,
467,Rider,Jonathan Rea,46.86091043972733,0.5399697057773272,25/06/2010 13:00:00,1,Honda CBR1000RR [2010],World Superbikes,
467,Rider,Jonathan Rea,46.86432830350014,0.5394991028984992,26/06/2010 13:00:00,0,Honda CBR1000RR [2010],World Superbikes,
467,Rider,Jonathan Rea,46.86804098315048,0.5390474118126444,26/06/2010 13:00:00,1,Honda CBR1000RR [2010],World Superbikes,
467,Rider,Jonathan Rea,46.87428727950094,0.5385964884470639,09/07/2010 13:00:00,0,Honda CBR1000RR [2010],World Superbikes,
467,Rider,Jonathan Rea,46.880650349507334,0.5381638809315877,09/07/2010 13:00:00,1,Honda CBR1000RR [2010],World Superbikes,
467,Rider,Jonathan Rea,46.887007249571184,0.5377496795524407,10/07/2010 13:00:00,0,Honda CBR1000RR [2010],World Superbikes,
467,Rider,Jonathan Rea,46.89185180721888,0.5373415196225728,10/07/2010 13:00:00,1,Honda CBR1000RR [2010],World Superbikes,
467,Rider,Jonathan Rea,46.89688605013343,0.5369493937310506,10/07/2010 13:00:00,2,Honda CBR1000RR [2010],World Superbikes,
467,Rider,Jonathan Rea,46.901486696445566,0.536560408279139,30/07/2010 13:00:00,0,Honda CBR1000RR [2010],World Superbikes,
467,Rider,Jonathan Rea,46.90455590969675,0.5361785925897489,30/07/2010 13:00:00,1,Honda CBR1000RR [2010],World Superbikes,
467,Rider,Jonathan Rea,46.90578444120977,0.5357906972601651,31/07/2010 13:00:00,0,Honda CBR1000RR [2010],World Superbikes,
467,Rider,Jonathan Rea,46.90770659038924,0.5354190580133967,31/07/2010 13:00:00,1,Honda CBR1000RR [2010],World Superbikes,
467,Rider,Jonathan Rea,46.908835830560996,0.5350602685104222,31/07/2010 13:00:00,2,Honda CBR1000RR [2010],World Superbikes,
467,Rider,Jonathan Rea,46.90881609607622,0.534700593493381,03/09/2010 13:00:00,0,Honda CBR1000RR [2010],World Superbikes,
467,Rider,Jonathan Rea,46.90889005807501,0.5343564172427809,03/09/2010 13:00:00,1,Honda CBR1000RR [2010],World Superbikes,
467,Rider,Jonathan Rea,46.90795244468782,0.534023385573704,04/09/2010 13:00:00,0,Honda CBR1000RR [2010],World Superbikes,
467,Rider,Jonathan Rea,46.90596578627142,0.5336999291984243,04/09/2010 13:00:00,1,Honda CBR1000RR [2010],World Superbikes,
467,Rider,Jonathan Rea,46.90330258226154,0.5333889399122117,04/09/2010 13:00:00,2,Honda CBR1000RR [2010],World Superbikes,
467,Rider,Jonathan Rea,46.90103682036652,0.5330821554560513,24/09/2010 13:00:00,0,Honda CBR1000RR [2010],World Superbikes,
467,Rider,Jonathan Rea,46.89726479693003,0.5327794697852385,24/09/2010 13:00:00,1,Honda CBR1000RR [2010],World Superbikes,
467,Rider,Jonathan Rea,46.892711480096914,0.532485165844961,25/09/2010 13:00:00,0,Honda CBR1000RR [2010],World Superbikes,
467,Rider,Jonathan Rea,46.89017762001577,0.5321995513410503,25/09/2010 13:00:00,1,Honda CBR1000RR [2010],World Superbikes,
467,Rider,Jonathan Rea,46.889190613181704,0.5319241450121281,01/10/2010 13:00:00,0,Honda CBR1000RR [2010],World Superbikes,
467,Rider,Jonathan Rea,46.88994719804453,0.5316584452692036,01/10/2010 13:00:00,1,Honda CBR1000RR [2010],World Superbikes,
467,Rider,Jonathan Rea,46.89181831857223,0.5314059662530964,02/10/2010 13:00:00,0,Honda CBR1000RR [2010],World Superbikes,
467,Rider,Jonathan Rea,46.89541796882708,0.5311627825000976,02/10/2010 13:00:00,1,Honda CBR1000RR [2010],World Superbikes,
467,Rider,Jonathan Rea,46.899153207363725,0.5309317758444643,02/10/2010 13:00:00,2,Honda CBR1000RR [2010],World Superbikes,
467,Rider,Jonathan Rea,46.90335394962409,0.5307034953009171,24/02/2011 13:00:00,0,Honda CBR1000RR [2011],World Superbikes,
467,Rider,Jonathan Rea,46.90791440252796,0.5304888394790646,25/02/2011 13:00:00,0,Honda CBR1000RR [2011],World Superbikes,
467,Rider,Jonathan Rea,46.91167733641962,0.5302835259467327,25/02/2011 13:00:00,1,Honda CBR1000RR [2011],World Superbikes,
467,Rider,Jonathan Rea,46.9155412140015,0.5300892698222818,25/02/2011 13:00:00,2,Honda CBR1000RR [2011],World Superbikes,
467,Rider,Jonathan Rea,46.921816593948385,0.529884281141923,25/03/2011 13:00:00,0,Honda CBR1000RR [2011],World Superbikes,
467,Rider,Jonathan Rea,46.9300509392656,0.5296882412193332,25/03/2011 13:00:00,1,Honda CBR1000RR [2011],World Superbikes,
467,Rider,Jonathan Rea,46.93649158737526,0.5294814330652486,26/03/2011 13:00:00,0,Honda CBR1000RR [2011],World Superbikes,
467,Rider,Jonathan Rea,46.942722363584664,0.5292857470930583,26/03/2011 13:00:00,1,Honda CBR1000RR [2011],World Superbikes,
467,Rider,Jonathan Rea,46.94845145197724,0.5290968337912262,26/03/2011 13:00:00,2,Honda CBR1000RR [2011],World Superbikes,
467,Rider,Jonathan Rea,46.95600644114233,0.5288924227889986,15/04/2011 13:00:00,0,Honda CBR1000RR [2011],World Superbikes,
467,Rider,Jonathan Rea,46.96386367541343,0.5287001340681629,15/04/2011 13:00:00,1,Honda CBR1000RR [2011],World Superbikes,
467,Rider,Jonathan Rea,46.96977195732897,0.52849803632319,16/04/2011 13:00:00,0,Honda CBR1000RR [2011],World Superbikes,
467,Rider,Jonathan Rea,46.97589853419778,0.5283067380540813,16/04/2011 13:00:00,1,Honda CBR1000RR [2011],World Superbikes,
467,Rider,Jonathan Rea,46.98102677109818,0.5281190274846937,16/04/2011 13:00:00,2,Honda CBR1000RR [2011],World Superbikes,
467,Rider,Jonathan Rea,46.986276226543445,0.5279333410987158,06/05/2011 13:00:00,0,Honda CBR1000RR [2011],World Superbikes,
467,Rider,Jonathan Rea,46.991139600856876,0.5277584591149526,06/05/2011 13:00:00,1,Honda CBR1000RR [2011],World Superbikes,
467,Rider,Jonathan Rea,46.99702542118527,0.5275947832418976,07/05/2011 13:00:00,0,Honda CBR1000RR [2011],World Superbikes,
467,Rider,Jonathan Rea,47.00296497336984,0.5274417341402036,07/05/2011 13:00:00,1,Honda CBR1000RR [2011],World Superbikes,
467,Rider,Jonathan Rea,47.00847400033745,0.527293789449844,07/05/2011 13:00:00,2,Honda CBR1000RR [2011],World Superbikes,
467,Rider,Jonathan Rea,47.013533876309594,0.5271442564771822,28/05/2011 13:00:00,0,Honda CBR1000RR [2011],World Superbikes,
467,Rider,Jonathan Rea,47.018289608411024,0.5270048051165708,28/05/2011 13:00:00,1,Honda CBR1000RR [2011],World Superbikes,
467,Rider,Jonathan Rea,47.02345923432519,0.5268767939811744,29/05/2011 13:00:00,0,Honda CBR1000RR [2011],World Superbikes,
467,Rider,Jonathan Rea,47.03018928052145,0.5267548575337918,10/06/2011 13:00:00,0,Honda CBR1000RR [2011],World Superbikes,
467,Rider,Jonathan Rea,47.037837388544546,0.5266436284999165,10/06/2011 13:00:00,1,Honda CBR1000RR [2011],World Superbikes,
467,Rider,Jonathan Rea,47.04713660089233,0.5265432177158874,11/06/2011 13:00:00,0,Honda CBR1000RR [2011],World Superbikes,
467,Rider,Jonathan Rea,47.057119323575,0.5264522651798972,11/06/2011 13:00:00,1,Honda CBR1000RR [2011],World Superbikes,
467,Rider,Jonathan Rea,47.06888721702564,0.5263597596315062,02/09/2011 13:00:00,0,Honda CBR1000RR [2011],World Superbikes,
467,Rider,Jonathan Rea,47.08055701374731,0.5262762521833791,02/09/2011 13:00:00,1,Honda CBR1000RR [2011],World Superbikes,
467,Rider,Jonathan Rea,47.09212303382073,0.5262013213473575,03/09/2011 13:00:00,0,Honda CBR1000RR [2011],World Superbikes,
467,Rider,Jonathan Rea,47.1048743657688,0.5261336573871492,03/09/2011 13:00:00,1,Honda CBR1000RR [2011],World Superbikes,
467,Rider,Jonathan Rea,47.11862563650646,0.5260678094705118,23/09/2011 13:00:00,0,Honda CBR1000RR [2011],World Superbikes,
467,Rider,Jonathan Rea,47.13041962093053,0.5259882108594409,23/09/2011 13:00:00,1,Honda CBR1000RR [2011],World Superbikes,
467,Rider,Jonathan Rea,47.14090694953208,0.5259092129032567,24/09/2011 13:00:00,0,Honda CBR1000RR [2011],World Superbikes,
467,Rider,Jonathan Rea,47.15142130268098,0.5258377831787567,24/09/2011 13:00:00,1,Honda CBR1000RR [2011],World Superbikes,
467,Rider,Jonathan Rea,47.16149096481793,0.5257698761037976,24/09/2011 13:00:00,2,Honda CBR1000RR [2011],World Superbikes,
467,Rider,Jonathan Rea,47.17058736222233,0.5256929334039836,30/09/2011 13:00:00,0,Honda CBR1000RR [2011],World Superbikes,
467,Rider,Jonathan Rea,47.17964672932368,0.5256233224545547,30/09/2011 13:00:00,1,Honda CBR1000RR [2011],World Superbikes,
467,Rider,Jonathan Rea,47.18909580771763,0.5255634534438101,01/10/2011 13:00:00,0,Honda CBR1000RR [2011],World Superbikes,
467,Rider,Jonathan Rea,47.19881291654824,0.5255116356925634,01/10/2011 13:00:00,1,Honda CBR1000RR [2011],World Superbikes,
467,Rider,Jonathan Rea,47.20814108693243,0.5254643526616217,01/10/2011 13:00:00,2,Honda CBR1000RR [2011],World Superbikes,
467,Rider,Jonathan Rea,47.215738424418056,0.5253988059583123,14/10/2011 13:00:00,0,Honda CBR1000RR [2011],World Superbikes,
467,Rider,Jonathan Rea,47.22257904223883,0.5253394807136373,14/10/2011 13:00:00,1,Honda CBR1000RR [2011],World Superbikes,
467,Rider,Jonathan Rea,47.22732614165041,0.5252676762549725,15/10/2011 13:00:00,0,Honda CBR1000RR [2011],World Superbikes,
467,Rider,Jonathan Rea,47.231469482673,0.5252004754984886,15/10/2011 13:00:00,1,Honda CBR1000RR [2011],World Superbikes,
467,Rider,Jonathan Rea,47.235190536784565,0.5251360022308963,15/10/2011 13:00:00,2,Honda CBR1000RR [2011],World Superbikes,
467,Rider,Jonathan Rea,47.23710531249811,0.5250521403864236,23/02/2012 13:00:00,0,Honda CBR1000RR [2012],World Superbikes,
467,Rider,Jonathan Rea,47.237024149603315,0.5249571474794776,24/02/2012 13:00:00,0,Honda CBR1000RR [2012],World Superbikes,
467,Rider,Jonathan Rea,47.237308040515565,0.5248731182442802,30/03/2012 13:00:00,0,Honda CBR1000RR [2012],World Superbikes,
467,Rider,Jonathan Rea,47.23693420845948,0.5247975048603415,30/03/2012 13:00:00,1,Honda CBR1000RR [2012],World Superbikes,
467,Rider,Jonathan Rea,47.236702218715735,0.5247320726596288,31/03/2012 13:00:00,0,Honda CBR1000RR [2012],World Superbikes,
467,Rider,Jonathan Rea,47.23656924592906,0.5246738080125685,31/03/2012 13:00:00,1,Honda CBR1000RR [2012],World Superbikes,
467,Rider,Jonathan Rea,47.23680919021412,0.5246200138296012,31/03/2012 13:00:00,2,Honda CBR1000RR [2012],World Superbikes,
467,Rider,Jonathan Rea,47.238111353438974,0.5245589365783764,20/04/2012 13:00:00,0,Honda CBR1000RR [2012],World Superbikes,
467,Rider,Jonathan Rea,47.23898082357003,0.5245057054026387,20/04/2012 13:00:00,1,Honda CBR1000RR [2012],World Superbikes,
467,Rider,Jonathan Rea,47.239404453812234,0.5244607079037111,21/04/2012 13:00:00,0,Honda CBR1000RR [2012],World Superbikes,
467,Rider,Jonathan Rea,47.23958086712224,0.5244222964716156,21/04/2012 13:00:00,1,Honda CBR1000RR [2012],World Superbikes,
467,Rider,Jonathan Rea,47.23866037674409,0.5243749529097059,04/05/2012 13:00:00,0,Honda CBR1000RR [2012],World Superbikes,
467,Rider,Jonathan Rea,47.23840395298158,0.5243379217382884,04/05/2012 13:00:00,1,Honda CBR1000RR [2012],World Superbikes,
467,Rider,Jonathan Rea,47.23746483055396,0.5243072845162544,05/05/2012 13:00:00,0,Honda CBR1000RR [2012],World Superbikes,
467,Rider,Jonathan Rea,47.23631632927031,0.5242833106644386,05/05/2012 13:00:00,1,Honda CBR1000RR [2012],World Superbikes,
467,Rider,Jonathan Rea,47.23523879502205,0.5242575480495238,11/05/2012 13:00:00,0,Honda CBR1000RR [2012],World Superbikes,
467,Rider,Jonathan Rea,47.23269906999468,0.5242324545749617,11/05/2012 13:00:00,1,Honda CBR1000RR [2012],World Superbikes,
467,Rider,Jonathan Rea,47.230312039179054,0.524216683865878,12/05/2012 13:00:00,0,Honda CBR1000RR [2012],World Superbikes,
467,Rider,Jonathan Rea,47.22712283934004,0.5242059086804987,12/05/2012 13:00:00,1,Honda CBR1000RR [2012],World Superbikes,
467,Rider,Jonathan Rea,47.223930121875966,0.5242000721882799,12/05/2012 13:00:00,2,Honda CBR1000RR [2012],World Superbikes,
467,Rider,Jonathan Rea,47.22147631801609,0.5241909092605183,26/05/2012 13:00:00,0,Honda CBR1000RR [2012],World Superbikes,
467,Rider,Jonathan Rea,47.21884608206687,0.5241910314946652,26/05/2012 13:00:00,1,Honda CBR1000RR [2012],World Superbikes,
467,Rider,Jonathan Rea,47.21589430550859,0.5242001733464856,27/05/2012 13:00:00,0,Honda CBR1000RR [2012],World Superbikes,
467,Rider,Jonathan Rea,47.212722365169896,0.5242159981985048,27/05/2012 13:00:00,1,Honda CBR1000RR [2012],World Superbikes,
467,Rider,Jonathan Rea,47.20925268197568,0.524235637652755,27/05/2012 13:00:00,2,Honda CBR1000RR [2012],World Superbikes,
467,Rider,Jonathan Rea,47.20589888428982,0.5242538209758532,08/06/2012 13:00:00,0,Honda CBR1000RR [2012],World Superbikes,
467,Rider,Jonathan Rea,47.20099245077962,0.5242715598026367,08/06/2012 13:00:00,1,Honda CBR1000RR [2012],World Superbikes,
467,Rider,Jonathan Rea,47.195317775677545,0.5242952022895483,09/06/2012 13:00:00,0,Honda CBR1000RR [2012],World Superbikes,
467,Rider,Jonathan Rea,47.18828147335644,0.5243154031005269,09/06/2012 13:00:00,1,Honda CBR1000RR [2012],World Superbikes,
467,Rider,Jonathan Rea,47.18030225429283,0.5243259589346798,29/06/2012 13:00:00,0,Honda CBR1000RR [2012],World Superbikes,
467,Rider,Jonathan Rea,47.17351044794827,0.5243470391921047,29/06/2012 13:00:00,1,Honda CBR1000RR [2012],World Superbikes,
467,Rider,Jonathan Rea,47.1673663639281,0.5243785255337883,30/06/2012 13:00:00,0,Honda CBR1000RR [2012],World Superbikes,
467,Rider,Jonathan Rea,47.16167123516097,0.524417938275029,30/06/2012 13:00:00,1,Honda CBR1000RR [2012],World Superbikes,
467,Rider,Jonathan Rea,47.15617173354639,0.5244626975346164,30/06/2012 13:00:00,2,Honda CBR1000RR [2012],World Superbikes,
467,Rider,Jonathan Rea,47.15118742482558,0.5245056556438149,20/07/2012 13:00:00,0,Honda CBR1000RR [2012],World Superbikes,
467,Rider,Jonathan Rea,47.14775288533607,0.5245566429864187,20/07/2012 13:00:00,1,Honda CBR1000RR [2012],World Superbikes,
467,Rider,Jonathan Rea,47.14534007073367,0.5246179763725984,21/07/2012 13:00:00,0,Honda CBR1000RR [2012],World Superbikes,
467,Rider,Jonathan Rea,47.14407293543639,0.5246864154325105,21/07/2012 13:00:00,1,Honda CBR1000RR [2012],World Superbikes,
467,Rider,Jonathan Rea,47.14305281974928,0.5247576333302757,03/08/2012 13:00:00,0,Honda CBR1000RR [2012],World Superbikes,
467,Rider,Jonathan Rea,47.143972852892745,0.524837777780511,03/08/2012 13:00:00,1,Honda CBR1000RR [2012],World Superbikes,
467,Rider,Jonathan Rea,47.14614229350335,0.5249275094196222,04/08/2012 13:00:00,0,Honda CBR1000RR [2012],World Superbikes,
467,Rider,Jonathan Rea,47.14900275878357,0.5250255451023063,23/08/2012 13:00:00,0,Honda CBR1000RR [2012],World Superbikes,
467,Rider,Jonathan Rea,47.15254085757068,0.5251342731673033,24/08/2012 13:00:00,0,Honda CBR1000RR [2012],World Superbikes,
467,Rider,Jonathan Rea,47.15849034384157,0.5252488914125014,24/08/2012 13:00:00,1,Honda CBR1000RR [2012],World Superbikes,
467,Rider,Jonathan Rea,47.16441753306399,0.5253700482473765,24/08/2012 13:00:00,2,Honda CBR1000RR [2012],World Superbikes,
467,Rider,Jonathan Rea,47.17015444445368,0.5254947710977965,24/08/2012 13:00:00,3,Honda CBR1000RR [2012],World Superbikes,
467,Rider,Jonathan Rea,47.176418587589126,0.5256173952972288,07/09/2012 13:00:00,0,Honda CBR1000RR [2012],World Superbikes,
467,Rider,Jonathan Rea,47.18262668311857,0.5257494865351898,07/09/2012 13:00:00,1,Honda CBR1000RR [2012],World Superbikes,
467,Rider,Jonathan Rea,47.18673308786039,0.5258711177322446,08/09/2012 13:00:00,0,Honda CBR1000RR [2012],World Superbikes,
467,Rider,Jonathan Rea,47.19123318541086,0.5260011779377644,08/09/2012 13:00:00,1,Honda CBR1000RR [2012],World Superbikes,
467,Rider,Jonathan Rea,47.19587230971208,0.5261366049679708,08/09/2012 13:00:00,2,Honda CBR1000RR [2012],World Superbikes,
467,Rider,Jonathan Rea,47.20069454079303,0.5262712101628702,21/09/2012 13:00:00,0,Honda CBR1000RR [2012],World Superbikes,
467,Rider,Jonathan Rea,47.20470373916658,0.5264130221148532,21/09/2012 13:00:00,1,Honda CBR1000RR [2012],World Superbikes,
467,Rider,Jonathan Rea,47.20868440212,0.5265650609111262,22/09/2012 13:00:00,0,Honda CBR1000RR [2012],World Superbikes,
467,Rider,Jonathan Rea,47.21318546339522,0.5267253079253421,22/09/2012 13:00:00,1,Honda CBR1000RR [2012],World Superbikes,
467,Rider,Jonathan Rea,47.21799378626568,0.5268919977079062,22/09/2012 13:00:00,2,Honda CBR1000RR [2012],World Superbikes,
467,Rider,Jonathan Rea,47.22392061456746,0.5270522246442072,05/10/2012 13:00:00,0,Honda CBR1000RR [2012],World Superbikes,
467,Rider,Jonathan Rea,47.22939269059425,0.5272205290466194,05/10/2012 13:00:00,1,Honda CBR1000RR [2012],World Superbikes,
467,Rider,Jonathan Rea,47.23400443075973,0.5273949881694765,06/10/2012 13:00:00,0,Honda CBR1000RR [2012],World Superbikes,
467,Rider,Jonathan Rea,47.237158426546905,0.527570404925104,06/10/2012 13:00:00,1,Honda CBR1000RR [2012],World Superbikes,
467,Rider,Jonathan Rea,47.2410559912798,0.5277512255191231,06/10/2012 13:00:00,2,Honda CBR1000RR [2012],World Superbikes,
467,Rider,Jonathan Rea,47.24556464341295,0.5279305354928121,21/02/2013 13:00:00,0,Honda CBR1000RR [2013],World Superbikes,
467,Rider,Jonathan Rea,47.25110715637275,0.5281190804717311,22/02/2013 13:00:00,0,Honda CBR1000RR [2013],World Superbikes,
467,Rider,Jonathan Rea,47.257370771161014,0.5283174939647258,22/02/2013 13:00:00,1,Honda CBR1000RR [2013],World Superbikes,
467,Rider,Jonathan Rea,47.265090743910655,0.5285227994483143,22/02/2013 13:00:00,2,Honda CBR1000RR [2013],World Superbikes,
467,Rider,Jonathan Rea,47.27300557908698,0.5287351411595138,22/02/2013 13:00:00,3,Honda CBR1000RR [2013],World Superbikes,
467,Rider,Jonathan Rea,47.28299609239616,0.5289334949530157,12/04/2013 13:00:00,0,Honda CBR1000RR [2013],World Superbikes,
467,Rider,Jonathan Rea,47.292637879338585,0.5291381016774047,12/04/2013 13:00:00,1,Honda CBR1000RR [2013],World Superbikes,
467,Rider,Jonathan Rea,47.301100092147955,0.5293396510092825,13/04/2013 13:00:00,0,Honda CBR1000RR [2013],World Superbikes,
467,Rider,Jonathan Rea,47.310793036257415,0.5295497477931116,13/04/2013 13:00:00,1,Honda CBR1000RR [2013],World Superbikes,
467,Rider,Jonathan Rea,47.320648217006124,0.5297665062650309,13/04/2013 13:00:00,2,Honda CBR1000RR [2013],World Superbikes,
467,Rider,Jonathan Rea,47.33248249237904,0.5299711037503715,26/04/2013 13:00:00,0,Honda CBR1000RR [2013],World Superbikes,
467,Rider,Jonathan Rea,47.344671920725375,0.5301854122626298,26/04/2013 13:00:00,1,Honda CBR1000RR [2013],World Superbikes,
467,Rider,Jonathan Rea,47.35654834406668,0.5304065992744386,27/04/2013 13:00:00,0,Honda CBR1000RR [2013],World Superbikes,
467,Rider,Jonathan Rea,47.367752201105326,0.5306309341003532,27/04/2013 13:00:00,1,Honda CBR1000RR [2013],World Superbikes,
467,Rider,Jonathan Rea,47.37983317114042,0.5308612337732385,27/04/2013 13:00:00,2,Honda CBR1000RR [2013],World Superbikes,
467,Rider,Jonathan Rea,47.39083560523022,0.5310853139506123,10/05/2013 13:00:00,0,Honda CBR1000RR [2013],World Superbikes,
467,Rider,Jonathan Rea,47.400575633002724,0.5313118967868092,10/05/2013 13:00:00,1,Honda CBR1000RR [2013],World Superbikes,
467,Rider,Jonathan Rea,47.40913542197882,0.531540923953163,11/05/2013 13:00:00,0,Honda CBR1000RR [2013],World Superbikes,
467,Rider,Jonathan Rea,47.41784578747681,0.5317796376957139,11/05/2013 13:00:00,1,Honda CBR1000RR [2013],World Superbikes,
467,Rider,Jonathan Rea,47.4267974327445,0.5320278454330628,11/05/2013 13:00:00,2,Honda CBR1000RR [2013],World Superbikes,
467,Rider,Jonathan Rea,47.435545534493926,0.5322798844406356,24/05/2013 13:00:00,0,Honda CBR1000RR [2013],World Superbikes,
467,Rider,Jonathan Rea,47.44289324684808,0.5325330943600101,24/05/2013 13:00:00,1,Honda CBR1000RR [2013],World Superbikes,
467,Rider,Jonathan Rea,47.45072730666198,0.5327993200501872,25/05/2013 13:00:00,0,Honda CBR1000RR [2013],World Superbikes,
467,Rider,Jonathan Rea,47.45942107287336,0.5330775365516541,25/05/2013 13:00:00,1,Honda CBR1000RR [2013],World Superbikes,
467,Rider,Jonathan Rea,47.469243375530255,0.5333644667813643,25/05/2013 13:00:00,2,Honda CBR1000RR [2013],World Superbikes,
467,Rider,Jonathan Rea,47.478832869642716,0.5336564760611957,07/06/2013 13:00:00,0,Honda CBR1000RR [2013],World Superbikes,
467,Rider,Jonathan Rea,47.486473616737456,0.5339394817521579,07/06/2013 13:00:00,1,Honda CBR1000RR [2013],World Superbikes,
467,Rider,Jonathan Rea,47.49218336108055,0.5342144492152028,08/06/2013 13:00:00,0,Honda CBR1000RR [2013],World Superbikes,
467,Rider,Jonathan Rea,47.499185430472664,0.5345017332755779,08/06/2013 13:00:00,1,Honda CBR1000RR [2013],World Superbikes,
467,Rider,Jonathan Rea,47.50547176017737,0.5347943386896828,28/06/2013 13:00:00,0,Honda CBR1000RR [2013],World Superbikes,
467,Rider,Jonathan Rea,47.51054069827426,0.5350895230409463,28/06/2013 13:00:00,1,Honda CBR1000RR [2013],World Superbikes,
467,Rider,Jonathan Rea,47.51373106984042,0.5353766227347205,29/06/2013 13:00:00,0,Honda CBR1000RR [2013],World Superbikes,
467,Rider,Jonathan Rea,47.516559966855496,0.5356762637228992,29/06/2013 13:00:00,1,Honda CBR1000RR [2013],World Superbikes,
467,Rider,Jonathan Rea,47.51883176499265,0.5359854121466223,29/06/2013 13:00:00,2,Honda CBR1000RR [2013],World Superbikes,
467,Rider,Jonathan Rea,47.51997161985937,0.5362931018149447,18/07/2013 13:00:00,0,Honda CBR1000RR [2013],World Superbikes,
467,Rider,Jonathan Rea,47.52144184602775,0.5366157680774181,19/07/2013 13:00:00,0,Honda CBR1000RR [2013],World Superbikes,
467,Rider,Jonathan Rea,47.523285004420444,0.5369543232050366,19/07/2013 13:00:00,1,Honda CBR1000RR [2013],World Superbikes,
467,Rider,Jonathan Rea,47.525552777102284,0.5373083660390853,19/07/2013 13:00:00,2,Honda CBR1000RR [2013],World Superbikes,
467,Rider,Jonathan Rea,47.52839788058617,0.5376755609086523,19/07/2013 13:00:00,3,Honda CBR1000RR [2013],World Superbikes,
467,Rider,Jonathan Rea,47.53120849670475,0.5380527652388787,02/08/2013 13:00:00,0,Honda CBR1000RR [2013],World Superbikes,
467,Rider,Jonathan Rea,47.533578479803836,0.5384433786613633,02/08/2013 13:00:00,1,Honda CBR1000RR [2013],World Superbikes,
467,Rider,Jonathan Rea,47.53567536738548,0.5388490596264874,03/08/2013 13:00:00,0,Honda CBR1000RR [2013],World Superbikes,
467,Rider,Jonathan Rea,47.53911014107633,0.5392707091134948,03/08/2013 13:00:00,1,Honda CBR1000RR [2013],World Superbikes,
467,Rider,Jonathan Rea,47.542889585292954,0.5397055266231965,03/08/2013 13:00:00,2,Honda CBR1000RR [2013],World Superbikes,
467,Rider,Jonathan Rea,47.546231905643054,0.5401501329269269,30/08/2013 13:00:00,0,Honda CBR1000RR [2013],World Superbikes,
467,Rider,Jonathan Rea,47.549445366729884,0.5406106761679456,30/08/2013 13:00:00,1,Honda CBR1000RR [2013],World Superbikes,
467,Rider,Jonathan Rea,47.55214993860155,0.5410862775223356,31/08/2013 13:00:00,0,Honda CBR1000RR [2013],World Superbikes,
467,Rider,Jonathan Rea,47.55462682550997,0.5415763754740182,31/08/2013 13:00:00,1,Honda CBR1000RR [2013],World Superbikes,
467,Rider,Jonathan Rea,47.557413274290546,0.5420757471558428,21/02/2014 13:00:00,1,Honda CBR1000RR [2014],World Superbikes,
467,Rider,Jonathan Rea,47.560569721373966,0.5425854448450521,12/04/2014 13:00:00,1,Honda CBR1000RR [2014],World Superbikes,
467,Rider,Jonathan Rea,47.56370725893072,0.5431044915262355,26/04/2014 13:00:00,1,Honda CBR1000RR [2014],World Superbikes,
467,Rider,Jonathan Rea,47.566821513801415,0.5436324872450103,10/05/2014 13:00:00,1,Honda CBR1000RR [2014],World Superbikes,
467,Rider,Jonathan Rea,47.568132453117684,0.544151704534649,23/05/2014 13:00:00,1,Honda CBR1000RR [2014],World Superbikes,
467,Rider,Jonathan Rea,47.570262677995935,0.5446803341739442,06/06/2014 13:00:00,1,Honda CBR1000RR [2014],World Superbikes,
467,Rider,Jonathan Rea,47.574093447370714,0.5452160206589014,21/06/2014 13:00:00,1,Honda CBR1000RR [2014],World Superbikes,
467,Rider,Jonathan Rea,47.57893184149695,0.5457623536420043,05/07/2014 13:00:00,1,Honda CBR1000RR [2014],World Superbikes,
467,Rider,Jonathan Rea,47.58257862367504,0.5463095095087065,12/07/2014 13:00:00,1,Honda CBR1000RR [2014],World Superbikes,
467,Rider,Jonathan Rea,47.58782591662323,0.5468660784643444,06/09/2014 13:00:00,1,Honda CBR1000RR [2014],World Superbikes,
467,Rider,Jonathan Rea,47.59472873835756,0.5474307706403861,04/10/2014 13:00:00,1,Honda CBR1000RR [2014],World Superbikes,
467,Rider,Jonathan Rea,47.60082964086911,0.548003622980415,01/11/2014 13:00:00,1,Honda CBR1000RR [2014],World Superbikes,
467,Rider,Jonathan Rea,47.6075088829624,0.5485890839725139,20/02/2015 13:00:00,1,Kawasaki ZX-10R [2015],World Superbikes,
467,Rider,Jonathan Rea,47.61306853928922,0.5491575044504977,20/03/2015 13:00:00,1,Kawasaki ZX-10R [2015],World Superbikes,
467,Rider,Jonathan Rea,47.61735846958056,0.5497140158060988,11/04/2015 13:00:00,1,Kawasaki ZX-10R [2015],World Superbikes,
467,Rider,Jonathan Rea,47.62224062316005,0.5502797691417594,18/04/2015 13:00:00,1,Kawasaki ZX-10R [2015],World Superbikes,
467,Rider,Jonathan Rea,47.62657350824991,0.5508500150814278,09/05/2015 13:00:00,1,Kawasaki ZX-10R [2015],World Superbikes,
467,Rider,Jonathan Rea,47.630808279769035,0.5514296785091576,22/05/2015 13:00:00,1,Kawasaki ZX-10R [2015],World Superbikes,
467,Rider,Jonathan Rea,47.634462117170294,0.5520140874746938,06/06/2015 13:00:00,1,Kawasaki ZX-10R [2015],World Superbikes,
467,Rider,Jonathan Rea,47.63996168450205,0.5526145991153825,20/06/2015 13:00:00,1,Kawasaki ZX-10R [2015],World Superbikes,
467,Rider,Jonathan Rea,47.64563337622785,0.5532296641339797,18/07/2015 13:00:00,1,Kawasaki ZX-10R [2015],World Superbikes,
467,Rider,Jonathan Rea,47.65198356367042,0.5538607239245001,31/07/2015 13:00:00,1,Kawasaki ZX-10R [2015],World Superbikes,
467,Rider,Jonathan Rea,47.659709816722135,0.554508660878803,19/09/2015 13:00:00,1,Kawasaki ZX-10R [2015],World Superbikes,
467,Rider,Jonathan Rea,47.667138847833456,0.5551623176006949,03/10/2015 13:00:00,1,Kawasaki ZX-10R [2015],World Superbikes,
467,Rider,Jonathan Rea,47.67432434068748,0.555822459056302,17/10/2015 13:00:00,1,Kawasaki ZX-10R [2015],World Superbikes,
467,Rider,Jonathan Rea,47.681107618016085,0.5564884099990658,26/02/2016 13:00:00,1,Kawasaki ZX-10R [2016],World Superbikes,
467,Rider,Jonathan Rea,47.68824634562115,0.5571680993058312,11/03/2016 13:00:00,1,Kawasaki ZX-10R [2016],World Superbikes,
467,Rider,Jonathan Rea,47.695789700906495,0.5578620371808376,01/04/2016 13:00:00,1,Kawasaki ZX-10R [2016],World Superbikes,
467,Rider,Jonathan Rea,47.70447635098259,0.5585763131483142,15/04/2016 13:00:00,1,Kawasaki ZX-10R [2016],World Superbikes,
467,Rider,Jonathan Rea,47.71400537580976,0.5593092340922207,29/04/2016 13:00:00,1,Kawasaki ZX-10R [2016],World Superbikes,
467,Rider,Jonathan Rea,47.724102490175305,0.5600571686812176,13/05/2016 13:00:00,1,Kawasaki ZX-10R [2016],World Superbikes,
467,Rider,Jonathan Rea,47.73467707433839,0.5608200616536919,27/05/2016 13:00:00,1,Kawasaki ZX-10R [2016],World Superbikes,
467,Rider,Jonathan Rea,47.746331448657415,0.5616003598262951,17/06/2016 13:00:00,1,Kawasaki ZX-10R [2016],World Superbikes,
467,Rider,Jonathan Rea,47.75786797837241,0.562387850930312,09/07/2016 13:00:00,1,Kawasaki ZX-10R [2016],World Superbikes,
467,Rider,Jonathan Rea,47.76923471628405,0.563182448558079,16/09/2016 13:00:00,0,Kawasaki ZX-10R [2016],World Superbikes,
467,Rider,Jonathan Rea,47.78136052784614,0.5639738173800617,16/09/2016 13:00:00,1,Kawasaki ZX-10R [2016],World Superbikes,
467,Rider,Jonathan Rea,47.795051058751696,0.5647903108500548,30/09/2016 13:00:00,1,Kawasaki ZX-10R [2016],World Superbikes,
467,Rider,Jonathan Rea,47.807716730447574,0.565595102568885,14/10/2016 13:00:00,1,Kawasaki ZX-10R [2016],World Superbikes,
467,Rider,Jonathan Rea,47.820174929171195,0.5664092849442276,29/10/2016 13:00:00,1,Kawasaki ZX-10R [2016],World Superbikes,
467,Rider,Jonathan Rea,47.83176613182946,0.5672123176409485,24/02/2017 13:00:00,1,Kawasaki ZX-10R [2017],World Superbikes,
467,Rider,Jonathan Rea,47.842233109509785,0.5680064774554995,10/03/2017 13:00:00,1,Kawasaki ZX-10R [2017],World Superbikes,
467,Rider,Jonathan Rea,47.85153998500631,0.5687933204871221,31/03/2017 13:00:00,1,Kawasaki ZX-10R [2017],World Superbikes,
467,Rider,Jonathan Rea,47.860747423065874,0.5695936088259052,16/06/2017 13:00:00,1,Kawasaki ZX-10R [2017],World Superbikes,
467,Rider,Jonathan Rea,47.8697260641585,0.5704038606137638,08/07/2017 13:00:00,1,Kawasaki ZX-10R [2017],World Superbikes,
467,Rider,Jonathan Rea,47.87845637604412,0.5712252760450285,18/08/2017 13:00:00,1,Kawasaki ZX-10R [2017],World Superbikes,
467,Rider,Jonathan Rea,47.88695935124657,0.5720589359823263,15/09/2017 13:00:00,1,Kawasaki ZX-10R [2017],World Superbikes,
467,Rider,Jonathan Rea,47.89456964174212,0.5728819697832688,29/09/2017 13:00:00,1,Kawasaki ZX-10R [2017],World Superbikes,
467,Rider,Jonathan Rea,47.90138876548012,0.5736947860243248,20/10/2017 13:00:00,1,Kawasaki ZX-10R [2017],World Superbikes,
467,Rider,Jonathan Rea,47.90802874209809,0.5745234460407609,03/11/2017 13:00:00,1,Kawasaki ZX-10R [2017],World Superbikes,
467,Rider,Jonathan Rea,47.91366789607684,0.5753463809089291,23/02/2018 13:00:00,1,Kawasaki ZX-10RR [2018],World Superbikes,
467,Rider,Jonathan Rea,47.92071051474516,0.5761992320326716,23/03/2018 13:00:00,1,Kawasaki ZX-10RR [2018],World Superbikes,
467,Rider,Jonathan Rea,47.92675631841084,0.5770454636154658,13/04/2018 13:00:00,1,Kawasaki ZX-10RR [2018],World Superbikes,
467,Rider,Jonathan Rea,47.93277618990699,0.5779086350290655,20/04/2018 13:00:00,1,Kawasaki ZX-10RR [2018],World Superbikes,
467,Rider,Jonathan Rea,47.93896604266651,0.5787936140614477,11/05/2018 13:00:00,1,Kawasaki ZX-10RR [2018],World Superbikes,
467,Rider,Jonathan Rea,47.94409470422305,0.5796746842390286,25/05/2018 13:00:00,1,Kawasaki ZX-10RR [2018],World Superbikes,
467,Rider,Jonathan Rea,47.94907209213042,0.5805730452891362,08/06/2018 13:00:00,1,Kawasaki ZX-10RR [2018],World Superbikes,
467,Rider,Jonathan Rea,47.953816245048394,0.5814887534049105,23/06/2018 13:00:00,1,Kawasaki ZX-10RR [2018],World Superbikes,
467,Rider,Jonathan Rea,47.95887520348434,0.5824312972431649,06/07/2018 13:00:00,1,Kawasaki ZX-10RR [2018],World Superbikes,
467,Rider,Jonathan Rea,47.96371301449318,0.583391760082005,14/09/2018 13:00:00,1,Kawasaki ZX-10RR [2018],World Superbikes,
467,Rider,Jonathan Rea,47.96849162948443,0.5843732996779819,28/09/2018 13:00:00,1,Kawasaki ZX-10RR [2018],World Superbikes,
467,Rider,Jonathan Rea,47.9731716665737,0.5853730014655897,12/10/2018 13:00:00,1,Kawasaki ZX-10RR [2018],World Superbikes,
467,Rider,Jonathan Rea,47.9776872921872,0.5863964341879312,26/10/2018 13:00:00,1,Kawasaki ZX-10RR [2018],World Superbikes,
467,Rider,Jonathan Rea,47.98200650977002,0.5874402133053671,22/02/2019 13:00:00,0,Kawasaki ZX-10RR [2019],World Superbikes,
467,Rider,Jonathan Rea,47.98522452484681,0.5884861408341501,15/03/2019 13:00:00,0,Kawasaki ZX-10RR [2019],World Superbikes,
467,Rider,Jonathan Rea,47.988156621299076,0.5895561859709096,05/04/2019 13:00:00,0,Kawasaki ZX-10RR [2019],World Superbikes,
467,Rider,Jonathan Rea,47.99313648839567,0.5906646025629144,12/04/2019 13:00:00,0,Kawasaki ZX-10RR [2019],World Superbikes,
467,Rider,Jonathan Rea,47.99967975251515,0.5918109564028873,10/05/2019 13:00:00,0,Kawasaki ZX-10RR [2019],World Superbikes,
467,Rider,Jonathan Rea,48.006036570002486,0.5929849679716075,07/06/2019 13:00:00,0,Kawasaki ZX-10RR [2019],World Superbikes,
467,Rider,Jonathan Rea,48.011302977704915,0.5941627607137417,21/06/2019 13:00:00,0,Kawasaki ZX-10RR [2019],World Superbikes,
467,Rider,Jonathan Rea,48.01549760192089,0.5953446861898439,05/07/2019 13:00:00,0,Kawasaki ZX-10RR [2019],World Superbikes,
467,Rider,Jonathan Rea,48.01942426093768,0.5965498179967915,13/07/2019 13:00:00,0,Kawasaki ZX-10RR [2019],World Superbikes,
467,Rider,Jonathan Rea,48.02227501909989,0.597761048710114,06/09/2019 13:00:00,0,Kawasaki ZX-10RR [2019],World Superbikes,
467,Rider,Jonathan Rea,48.02394268186116,0.5989781715281277,27/09/2019 13:00:00,0,Kawasaki ZX-10RR [2019],World Superbikes,
467,Rider,Jonathan Rea,48.02473024431128,0.6001976067753397,11/10/2019 13:00:00,0,Kawasaki ZX-10RR [2019],World Superbikes,
467,Rider,Jonathan Rea,48.025854479267686,0.6014529872491446,25/10/2019 13:00:00,0,Kawasaki ZX-10RR [2019],World Superbikes,
467,Rider,Jonathan Rea,48.02589392466929,0.6027155153073841,28/02/2020 13:00:00,0,Kawasaki ZX-10RR [2020],World Superbikes,
467,Rider,Jonathan Rea,48.026078437339386,0.6040093450945261,31/07/2020 13:00:00,0,Kawasaki ZX-10RR [2020],World Superbikes,
467,Rider,Jonathan Rea,48.026047074322136,0.6053312551032309,07/08/2020 13:00:00,0,Kawasaki ZX-10RR [2020],World Superbikes,
467,Rider,Jonathan Rea,48.02484825625188,0.6066598306179548,28/08/2020 13:00:00,0,Kawasaki ZX-10RR [2020],World Superbikes,
467,Rider,Jonathan Rea,48.02272036932203,0.6079922746612261,04/09/2020 13:00:00,0,Kawasaki ZX-10RR [2020],World Superbikes,
467,Rider,Jonathan Rea,48.019683258241336,0.6093295884454468,18/09/2020 13:00:00,0,Kawasaki ZX-10RR [2020],World Superbikes,
467,Rider,Jonathan Rea,48.01556053784762,0.6106729237319196,02/10/2020 13:00:00,0,Kawasaki ZX-10RR [2020],World Superbikes,
467,Rider,Jonathan Rea,48.011760781988094,0.6120527213349,16/10/2020 13:00:00,0,Kawasaki ZX-10RR [2020],World Superbikes,
467,Rider,Jonathan Rea,48.01097369443731,0.6134746695707229,21/05/2021 13:00:00,0,Kawasaki ZX-10RR [2021],World Superbikes,
467,Rider,Jonathan Rea,48.00907901916536,0.6149068978149671,28/05/2021 13:00:00,0,Kawasaki ZX-10RR [2021],World Superbikes,
467,Rider,Jonathan Rea,48.00620035524387,0.6163475523968587,11/06/2021 13:00:00,0,Kawasaki ZX-10RR [2021],World Superbikes,
467,Rider,Jonathan Rea,48.00221423311511,0.617799241415268,02/07/2021 13:00:00,0,Kawasaki ZX-10RR [2021],World Superbikes,
467,Rider,Jonathan Rea,47.997319096747084,0.6192609530128944,23/07/2021 13:00:00,0,Kawasaki ZX-10RR [2021],World Superbikes,
467,Rider,Jonathan Rea,47.99140392816036,0.620731701049898,06/08/2021 13:00:00,0,Kawasaki ZX-10RR [2021],World Superbikes,
467,Rider,Jonathan Rea,47.984423966449086,0.6222140568757352,20/08/2021 13:00:00,0,Kawasaki ZX-10RR [2021],World Superbikes,
467,Rider,Jonathan Rea,47.97640562723954,0.623709070791113,03/09/2021 13:00:00,0,Kawasaki ZX-10RR [2021],World Superbikes,
467,Rider,Jonathan Rea,47.96724231594386,0.625218564736421,17/09/2021 13:00:00,0,Kawasaki ZX-10RR [2021],World Superbikes,
467,Rider,Jonathan Rea,47.958254402772845,0.626770849600612,24/09/2021 13:00:00,0,Kawasaki ZX-10RR [2021],World Superbikes,
467,Rider,Jonathan Rea,47.949510671114226,0.6283658863453832,01/10/2021 13:00:00,0,Kawasaki ZX-10RR [2021],World Superbikes,
467,Rider,Jonathan Rea,47.940705045220994,0.6299952909221371,16/10/2021 13:00:00,0,Kawasaki ZX-10RR [2021],World Superbikes,
467,Rider,Jonathan Rea,47.93292385381774,0.6316747044048842,19/11/2021 13:00:00,0,Kawasaki ZX-10RR [2021],World Superbikes,
467,Rider,Jonathan Rea,47.925023014741086,0.6333893748456099,08/04/2022 13:00:00,0,Kawasaki ZX-10RR [2022],World Superbikes,
467,Rider,Jonathan Rea,47.91723415857375,0.6351483606932509,22/04/2022 13:00:00,0,Kawasaki ZX-10RR [2022],World Superbikes,
467,Rider,Jonathan Rea,47.90942311639309,0.6369536171226022,20/05/2022 13:00:00,0,Kawasaki ZX-10RR [2022],World Superbikes,
467,Rider,Jonathan Rea,47.90042714002936,0.6387769371076017,10/06/2022 13:00:00,0,Kawasaki ZX-10RR [2022],World Superbikes,
467,Rider,Jonathan Rea,47.89146019751568,0.6406466166309533,15/07/2022 13:00:00,0,Kawasaki ZX-10RR [2022],World Superbikes,
467,Rider,Jonathan Rea,47.881300762091506,0.6425384014494042,29/07/2022 13:00:00,0,Kawasaki ZX-10RR [2022],World Superbikes,
467,Rider,Jonathan Rea,47.86991846594201,0.6444515438818929,09/09/2022 13:00:00,0,Kawasaki ZX-10RR [2022],World Superbikes,
467,Rider,Jonathan Rea,47.85736965960299,0.6463855788260732,23/09/2022 13:00:00,0,Kawasaki ZX-10RR [2022],World Superbikes,
467,Rider,Jonathan Rea,47.84489553141211,0.6483733106810278,07/10/2022 13:00:00,0,Kawasaki ZX-10RR [2022],World Superbikes,
467,Rider,Jonathan Rea,47.83119877141727,0.6503841140523532,22/10/2022 13:00:00,0,Kawasaki ZX-10RR [2022],World Superbikes,
467,Rider,Jonathan Rea,47.817070764677005,0.6524375629311405,11/11/2022 13:00:00,0,Kawasaki ZX-10RR [2022],World Superbikes,
467,Rider,Jonathan Rea,47.80240009676044,0.6545350431935977,18/11/2022 13:00:00,0,Kawasaki ZX-10RR [2022],World Superbikes,
467,Rider,Jonathan Rea,47.78723997110393,0.6566791658021812,24/02/2023 13:00:00,0,Kawasaki ZX-10RR [2023],World Superbikes,
467,Rider,Jonathan Rea,47.77189963181963,0.6588836935521489,03/03/2023 13:00:00,0,Kawasaki ZX-10RR [2023],World Superbikes,
467,Rider,Jonathan Rea,47.75666820792731,0.6611504700608257,21/04/2023 13:00:00,0,Kawasaki ZX-10RR [2023],World Superbikes,
467,Rider,Jonathan Rea,47.740358510827534,0.6634696239413462,05/05/2023 13:00:00,0,Kawasaki ZX-10RR [2023],World Superbikes,
467,Rider,Jonathan Rea,47.72357659613746,0.6658490067376718,02/06/2023 13:00:00,0,Kawasaki ZX-10RR [2023],World Superbikes,
467,Rider,Jonathan Rea,47.70702368365832,0.6682949919652748,30/06/2023 13:00:00,0,Kawasaki ZX-10RR [2023],World Superbikes,
467,Rider,Jonathan Rea,47.68866729877236,0.670781427379009,14/07/2023 13:00:00,0,Kawasaki ZX-10RR [2023],World Superbikes,
467,Rider,Jonathan Rea,47.670839458614346,0.6733376825697325,28/07/2023 13:00:00,0,Kawasaki ZX-10RR [2023],World Superbikes,
467,Rider,Jonathan Rea,47.65306368803728,0.6759615378551148,08/09/2023 13:00:00,0,Kawasaki ZX-10RR [2023],World Superbikes,
467,Rider,Jonathan Rea,47.63529321283202,0.6786550150034192,22/09/2023 13:00:00,0,Kawasaki ZX-10RR [2023],World Superbikes,
467,Rider,Jonathan Rea,47.615798401625426,0.681389379446397,29/09/2023 13:00:00,0,Kawasaki ZX-10RR [2023],World Superbikes,
467,Rider,Jonathan Rea,47.59467982952225,0.6841679657341246,27/10/2023 13:00:00,0,Kawasaki ZX-10RR [2023],World Superbikes,
467,Rider,Jonathan Rea,47.573294260560814,0.6870169062436577,23/02/2024 13:00:00,0,Yamaha YZF-R1 [2024],World Superbikes,
467,Rider,Jonathan Rea,47.55311610768594,0.6899419756116482,22/03/2024 13:00:00,0,Yamaha YZF-R1 [2024],World Superbikes,
467,Rider,Jonathan Rea,47.53444897411134,0.6929442352416766,19/04/2024 13:00:00,0,Yamaha YZF-R1 [2024],World Superbikes,
467,Rider,Jonathan Rea,47.51393354414203,0.695991280694328,14/06/2024 13:00:00,0,Yamaha YZF-R1 [2024],World Superbikes,
467,Rider,Jonathan Rea,47.495283298338784,0.6991184790458151,12/07/2024 13:00:00,0,Yamaha YZF-R1 [2024],World Superbikes,
467,Rider,Jonathan Rea,47.47719659849363,0.702325755538159,19/07/2024 13:00:00,0,Yamaha YZF-R1 [2024],World Superbikes,
467,Rider,Jonathan Rea,47.46101669878959,0.705613713653743,10/08/2024 13:00:00,0,Yamaha YZF-R1 [2024],World Superbikes,
467,Rider,Jonathan Rea,47.445620049977414,0.7089822977579961,06/09/2024 13:00:00,0,Yamaha YZF-R1 [2024],World Superbikes,
467,Rider,Jonathan Rea,47.43122794868794,0.7124338638417291,27/09/2024 13:00:00,0,Yamaha YZF-R1 [2024],World Superbikes,
467,Rider,Jonathan Rea,47.41846621230476,0.715969238195353,11/10/2024 13:00:00,0,Yamaha YZF-R1 [2024],World Superbikes,
467,Rider,Jonathan Rea,47.40515485964854,0.7195821889646045,18/10/2024 13:00:00,0,Yamaha YZF-R1 [2024],World Superbikes,
467,Rider,Jonathan Rea,47.393938994175514,0.7232816499388282,02/05/2025 13:00:00,0,Yamaha YZF-R1 [2025],World Superbikes,
467,Rider,Jonathan Rea,47.38485730441486,0.727066108222936,16/05/2025 13:00:00,0,Yamaha YZF-R1 [2025],World Superbikes,
467,Rider,Jonathan Rea,47.37751975370386,0.7309386045840945,13/06/2025 13:00:00,0,Yamaha YZF-R1 [2025],World Superbikes,
467,Rider,Jonathan Rea,47.37209480102255,0.7349000130536831,11/07/2025 13:00:00,0,Yamaha YZF-R1 [2025],World Superbikes,
467,Rider,Jonathan Rea,47.36611200072561,0.7389436479465521,25/07/2025 13:00:00,0,Yamaha YZF-R1 [2025],World Superbikes,
467,Rider,Jonathan Rea,47.36100792622263,0.7430786853073502,05/09/2025 13:00:00,0,Yamaha YZF-R1 [2025],World Superbikes,
467,Rider,Jonathan Rea,47.357622155018525,0.7473057818086593,26/09/2025 13:00:00,0,Yamaha YZF-R1 [2025],World Superbikes,
467,Rider,Jonathan Rea,47.35473886711155,0.7516246199288308,10/10/2025 13:00:00,0,Yamaha YZF-R1 [2025],World Superbikes,
467,Rider,Jonathan Rea,47.35217844619905,0.7560341262201757,17/10/2025 13:00:00,0,Yamaha YZF-R1 [2025],World Superbikes,
468,Rider,Tommy Bridewell,23.819342369033553,2.021455777091488,31/10/2008 13:00:00,0,Suzuki GSX-R1000 K8 [2008],World Superbikes,
468,Rider,Tommy Bridewell,23.819646720723807,2.020293413280312,31/10/2008 13:00:00,1,Suzuki GSX-R1000 K8 [2008],World Superbikes,
468,Rider,Tommy Bridewell,23.820262834438836,2.019483565882415,30/07/2010 13:00:00,0,Honda CBR1000RR [2010],World Superbikes,
468,Rider,Tommy Bridewell,23.821000444438983,2.0189835409676844,30/07/2010 13:00:00,1,Honda CBR1000RR [2010],World Superbikes,
468,Rider,Tommy Bridewell,23.821185748560538,2.0187902057182256,10/05/2019 13:00:00,0,Ducati Panigale V4 R [2019],World Superbikes,
468,Rider,Tommy Bridewell,23.821081593840916,2.018907489886441,07/06/2019 13:00:00,0,Ducati Panigale V4 R [2019],World Superbikes,
468,Rider,Tommy Bridewell,23.820814447485173,2.019324050876003,20/09/2024 13:00:00,0,Honda CBR1000RR-R [2024],World Superbikes,
468,Rider,Tommy Bridewell,23.82125097207965,2.019998287680223,18/10/2024 13:00:00,0,Honda CBR1000RR-R [2024],World Superbikes,
468,Rider,Tommy Bridewell,23.82181874491647,2.0209628686702437,11/07/2025 13:00:00,0,Honda CBR1000RR-R [2025],World Superbikes,
468,Rider,Tommy Bridewell,23.82134348694358,2.0222313254846824,26/09/2025 13:00:00,0,Honda CBR1000RR-R [2025],World Superbikes,
469,Rider,Luís Carreira,20.048468483268184,3.604857508297433,31/10/2008 13:00:00,0,Suzuki GSX-R1000 K8 [2008],World Superbikes,
469,Rider,Luís Carreira,20.04834636320748,3.6048692186283064,31/10/2008 13:00:00,1,Suzuki GSX-R1000 K8 [2008],World Superbikes,
470,Rider,Luca Scassa,29.297569471720674,0.7948282284673429,31/10/2008 13:00:00,0,Honda CBR1000RR [2008],World Superbikes,
470,Rider,Luca Scassa,29.299595972612952,0.7906591077137154,31/10/2008 13:00:00,1,Honda CBR1000RR [2008],World Superbikes,
470,Rider,Luca Scassa,29.30365886373887,0.7865859645937545,26/02/2009 13:00:00,0,Kawasaki ZX 10R [2009],World Superbikes,
470,Rider,Luca Scassa,29.308723482473408,0.7826222671637447,27/02/2009 13:00:00,0,Kawasaki ZX 10R [2009],World Superbikes,
470,Rider,Luca Scassa,29.31505519629703,0.7787608620585932,11/03/2009 13:00:00,0,Kawasaki ZX 10R [2009],World Superbikes,
470,Rider,Luca Scassa,29.32241164503519,0.7750080835488139,12/03/2009 13:00:00,0,Kawasaki ZX 10R [2009],World Superbikes,
470,Rider,Luca Scassa,29.331025076873832,0.7713561597674948,03/04/2009 13:00:00,0,Kawasaki ZX 10R [2009],World Superbikes,
470,Rider,Luca Scassa,29.340461375417657,0.7678118338688067,03/04/2009 13:00:00,1,Kawasaki ZX 10R [2009],World Superbikes,
470,Rider,Luca Scassa,29.350638368979485,0.7643742844148964,24/04/2009 13:00:00,0,Kawasaki ZX 10R [2009],World Superbikes,
470,Rider,Luca Scassa,29.3617028370235,0.7610417464039437,24/04/2009 13:00:00,1,Kawasaki ZX 10R [2009],World Superbikes,
470,Rider,Luca Scassa,29.374541887914845,0.7578036691474982,08/05/2009 13:00:00,0,Kawasaki ZX 10R [2009],World Superbikes,
470,Rider,Luca Scassa,29.386631649912697,0.7546742476589661,08/05/2009 13:00:00,1,Kawasaki ZX 10R [2009],World Superbikes,
470,Rider,Luca Scassa,29.39831812527705,0.7516520845796554,09/05/2009 13:00:00,0,Kawasaki ZX 10R [2009],World Superbikes,
470,Rider,Luca Scassa,29.41011480798521,0.7487281339763495,15/05/2009 13:00:00,0,Kawasaki ZX 10R [2009],World Superbikes,
470,Rider,Luca Scassa,29.422245595458516,0.7459050974721583,15/05/2009 13:00:00,1,Kawasaki ZX 10R [2009],World Superbikes,
470,Rider,Luca Scassa,29.434617181255447,0.7431820432190643,16/05/2009 13:00:00,0,Kawasaki ZX 10R [2009],World Superbikes,
470,Rider,Luca Scassa,29.44764730125054,0.740548890762585,29/05/2009 13:00:00,0,Kawasaki ZX 10R [2009],World Superbikes,
470,Rider,Luca Scassa,29.460997881731824,0.7380154973347477,29/05/2009 13:00:00,1,Kawasaki ZX 10R [2009],World Superbikes,
470,Rider,Luca Scassa,29.474212305889402,0.7355837838287288,30/05/2009 13:00:00,0,Kawasaki ZX 10R [2009],World Superbikes,
470,Rider,Luca Scassa,29.48729902286434,0.7332482767892753,30/05/2009 13:00:00,1,Kawasaki ZX 10R [2009],World Superbikes,
470,Rider,Luca Scassa,29.500630742841906,0.7309973237442398,19/06/2009 13:00:00,0,Kawasaki ZX 10R [2009],World Superbikes,
470,Rider,Luca Scassa,29.514559761927288,0.7288421608091445,19/06/2009 13:00:00,1,Kawasaki ZX 10R [2009],World Superbikes,
470,Rider,Luca Scassa,29.525392979645126,0.7267791388931241,26/06/2009 13:00:00,0,Kawasaki ZX 10R [2009],World Superbikes,
470,Rider,Luca Scassa,29.53638437089642,0.7248145566035825,26/06/2009 13:00:00,1,Kawasaki ZX 10R [2009],World Superbikes,
470,Rider,Luca Scassa,29.547237044297784,0.7229491052844211,24/07/2009 13:00:00,0,Kawasaki ZX 10R [2009],World Superbikes,
470,Rider,Luca Scassa,29.558394459674798,0.7211777223520951,24/07/2009 13:00:00,1,Kawasaki ZX 10R [2009],World Superbikes,
470,Rider,Luca Scassa,29.570090964867465,0.7194993531066106,04/09/2009 13:00:00,0,Kawasaki ZX 10R [2009],World Superbikes,
470,Rider,Luca Scassa,29.58022383130603,0.7179181503085597,04/09/2009 13:00:00,1,Kawasaki ZX 10R [2009],World Superbikes,
470,Rider,Luca Scassa,29.591969260663767,0.716419381089017,25/09/2009 13:00:00,0,Kawasaki ZX 10R [2009],World Superbikes,
470,Rider,Luca Scassa,29.604686488946992,0.7150077099470354,02/10/2009 13:00:00,0,Kawasaki ZX 10R [2009],World Superbikes,
470,Rider,Luca Scassa,29.61835426469988,0.7136841073608234,02/10/2009 13:00:00,1,Kawasaki ZX 10R [2009],World Superbikes,
470,Rider,Luca Scassa,29.633343836557337,0.712445363349355,23/10/2009 13:00:00,0,Kawasaki ZX 10R [2009],World Superbikes,
470,Rider,Luca Scassa,29.64783858285663,0.7113005586427631,23/10/2009 13:00:00,1,Kawasaki ZX 10R [2009],World Superbikes,
470,Rider,Luca Scassa,29.66035197547642,0.7102487961327759,24/10/2009 13:00:00,0,Kawasaki ZX 10R [2009],World Superbikes,
470,Rider,Luca Scassa,29.674514751797275,0.7092532722334823,26/03/2010 13:00:00,0,Ducati 1098R [2010],World Superbikes,
470,Rider,Luca Scassa,29.689392693759938,0.708345443860957,26/03/2010 13:00:00,1,Ducati 1098R [2010],World Superbikes,
470,Rider,Luca Scassa,29.704696066362796,0.7075258374933737,27/03/2010 13:00:00,0,Ducati 1098R [2010],World Superbikes,
470,Rider,Luca Scassa,29.718465035840453,0.7067980903175834,27/03/2010 13:00:00,1,Ducati 1098R [2010],World Superbikes,
470,Rider,Luca Scassa,29.733845414638278,0.7061265043379562,09/04/2010 13:00:00,0,Ducati 1098R [2010],World Superbikes,
470,Rider,Luca Scassa,29.749240957662316,0.7055440816217826,09/04/2010 13:00:00,1,Ducati 1098R [2010],World Superbikes,
470,Rider,Luca Scassa,29.764361766147456,0.7050528633174128,10/04/2010 13:00:00,0,Ducati 1098R [2010],World Superbikes,
470,Rider,Luca Scassa,29.7783287257701,0.7046534600272071,10/04/2010 13:00:00,1,Ducati 1098R [2010],World Superbikes,
470,Rider,Luca Scassa,29.793164923302744,0.7043246664192494,23/04/2010 13:00:00,0,Ducati 1098R [2010],World Superbikes,
470,Rider,Luca Scassa,29.808113258376395,0.7040850502810623,23/04/2010 13:00:00,1,Ducati 1098R [2010],World Superbikes,
470,Rider,Luca Scassa,29.823065011476,0.7039350187689517,24/04/2010 13:00:00,0,Ducati 1098R [2010],World Superbikes,
470,Rider,Luca Scassa,29.83877993250348,0.703867595071126,07/05/2010 13:00:00,0,Ducati 1098R [2010],World Superbikes,
470,Rider,Luca Scassa,29.853626373598388,0.7038915604360791,07/05/2010 13:00:00,1,Ducati 1098R [2010],World Superbikes,
470,Rider,Luca Scassa,29.867028602375285,0.7040065286013302,08/05/2010 13:00:00,0,Ducati 1098R [2010],World Superbikes,
470,Rider,Luca Scassa,29.880134512326787,0.7042125564421616,08/05/2010 13:00:00,1,Ducati 1098R [2010],World Superbikes,
470,Rider,Luca Scassa,29.892637502468652,0.7045084011659575,14/05/2010 13:00:00,0,Ducati 1098R [2010],World Superbikes,
470,Rider,Luca Scassa,29.904262219924828,0.7048944734413676,14/05/2010 13:00:00,1,Ducati 1098R [2010],World Superbikes,
470,Rider,Luca Scassa,29.915226239292064,0.7053705734675668,15/05/2010 13:00:00,0,Ducati 1098R [2010],World Superbikes,
470,Rider,Luca Scassa,29.924894713558544,0.7059381990201145,15/05/2010 13:00:00,1,Ducati 1098R [2010],World Superbikes,
470,Rider,Luca Scassa,29.93369965736647,0.7065949713179634,29/05/2010 13:00:00,0,Ducati 1098R [2010],World Superbikes,
470,Rider,Luca Scassa,29.9412116557532,0.7073427030502637,29/05/2010 13:00:00,1,Ducati 1098R [2010],World Superbikes,
470,Rider,Luca Scassa,29.947841823892652,0.7081816122530284,30/05/2010 13:00:00,0,Ducati 1098R [2010],World Superbikes,
470,Rider,Luca Scassa,29.952854550606098,0.7091115734651094,30/05/2010 13:00:00,1,Ducati 1098R [2010],World Superbikes,
470,Rider,Luca Scassa,29.957934739865234,0.710127796493723,25/06/2010 13:00:00,0,Ducati 1098R [2010],World Superbikes,
470,Rider,Luca Scassa,29.961701855257754,0.7112366521254495,25/06/2010 13:00:00,1,Ducati 1098R [2010],World Superbikes,
470,Rider,Luca Scassa,29.963144022772347,0.712435035996812,26/06/2010 13:00:00,0,Ducati 1098R [2010],World Superbikes,
470,Rider,Luca Scassa,29.96388579646437,0.7137266412262319,26/06/2010 13:00:00,1,Ducati 1098R [2010],World Superbikes,
470,Rider,Luca Scassa,29.963444422835263,0.7151103337271837,26/06/2010 13:00:00,2,Ducati 1098R [2010],World Superbikes,
470,Rider,Luca Scassa,29.963825337753047,0.7165280871268869,09/07/2010 13:00:00,0,Ducati 1098R [2010],World Superbikes,
470,Rider,Luca Scassa,29.96332901984896,0.7180409840149633,09/07/2010 13:00:00,1,Ducati 1098R [2010],World Superbikes,
470,Rider,Luca Scassa,29.960570919327274,0.719644021647585,10/07/2010 13:00:00,0,Ducati 1098R [2010],World Superbikes,
470,Rider,Luca Scassa,29.95629759133782,0.721340591810317,10/07/2010 13:00:00,1,Ducati 1098R [2010],World Superbikes,
470,Rider,Luca Scassa,29.95057456533115,0.7231303874145266,10/07/2010 13:00:00,2,Ducati 1098R [2010],World Superbikes,
470,Rider,Luca Scassa,29.94431993758872,0.7250017245292508,30/07/2010 13:00:00,0,Ducati 1098R [2010],World Superbikes,
470,Rider,Luca Scassa,29.938145262202347,0.7269690042986892,30/07/2010 13:00:00,1,Ducati 1098R [2010],World Superbikes,
470,Rider,Luca Scassa,29.9313415438869,0.7290366578482347,31/07/2010 13:00:00,0,Ducati 1098R [2010],World Superbikes,
470,Rider,Luca Scassa,29.927050984907197,0.7311717062286115,03/09/2010 13:00:00,0,Ducati 1098R [2010],World Superbikes,
470,Rider,Luca Scassa,29.92254970668036,0.7334048665589481,03/09/2010 13:00:00,1,Ducati 1098R [2010],World Superbikes,
470,Rider,Luca Scassa,29.91925061638439,0.7357183808925173,04/09/2010 13:00:00,0,Ducati 1098R [2010],World Superbikes,
470,Rider,Luca Scassa,29.916438780345818,0.7381236833615546,04/09/2010 13:00:00,1,Ducati 1098R [2010],World Superbikes,
470,Rider,Luca Scassa,29.91526486827315,0.7405892986822015,24/09/2010 13:00:00,0,Ducati 1098R [2010],World Superbikes,
470,Rider,Luca Scassa,29.915198301711936,0.7431435492483534,24/09/2010 13:00:00,1,Ducati 1098R [2010],World Superbikes,
470,Rider,Luca Scassa,29.914883427317303,0.7457941103054448,25/09/2010 13:00:00,0,Ducati 1098R [2010],World Superbikes,
470,Rider,Luca Scassa,29.91325400652954,0.7485481446368192,25/09/2010 13:00:00,1,Ducati 1098R [2010],World Superbikes,
470,Rider,Luca Scassa,29.90975129282699,0.7514044926681781,25/09/2010 13:00:00,2,Ducati 1098R [2010],World Superbikes,
470,Rider,Luca Scassa,29.905187363519456,0.7543526004283234,01/10/2010 13:00:00,0,Ducati 1098R [2010],World Superbikes,
470,Rider,Luca Scassa,29.898493407579085,0.7574037367281251,01/10/2010 13:00:00,1,Ducati 1098R [2010],World Superbikes,
470,Rider,Luca Scassa,29.889758023304648,0.7605587445686307,02/10/2010 13:00:00,0,Ducati 1098R [2010],World Superbikes,
470,Rider,Luca Scassa,29.87998097724417,0.7638213701540035,02/10/2010 13:00:00,1,Ducati 1098R [2010],World Superbikes,
470,Rider,Luca Scassa,29.87170543759407,0.7671516487062927,26/04/2014 13:00:00,0,Kawasaki ZX-10R [2014],World Superbikes,
470,Rider,Luca Scassa,29.865456467537506,0.7705486572342187,10/05/2014 13:00:00,0,Kawasaki ZX-10R [2014],World Superbikes,
470,Rider,Luca Scassa,29.859728889655194,0.7740368774662606,03/10/2015 13:00:00,0,Ducati Panigale R [2015],World Superbikes,
470,Rider,Luca Scassa,29.852869484980026,0.77757975041678,03/10/2015 13:00:00,1,Ducati Panigale R [2015],World Superbikes,
470,Rider,Luca Scassa,29.84565801782104,0.7812230086940539,13/05/2016 13:00:00,0,Ducati 1199 Panigale R [2016],World Superbikes,
470,Rider,Luca Scassa,29.83973478073565,0.7849586949486532,27/05/2016 13:00:00,0,Ducati 1199 Panigale R [2016],World Superbikes,
470,Rider,Luca Scassa,29.834456556412352,0.7887950216577577,16/09/2016 13:00:00,0,Ducati 1199 Panigale R [2016],World Superbikes,
470,Rider,Luca Scassa,29.83049417521145,0.7927331499394665,30/09/2016 13:00:00,0,Ducati 1199 Panigale R [2016],World Superbikes,
470,Rider,Luca Scassa,29.82685569686669,0.7967730407803438,14/10/2016 13:00:00,0,Ducati 1199 Panigale R [2016],World Superbikes,
470,Rider,Luca Scassa,29.824485999151896,0.800915083579385,29/10/2016 13:00:00,0,Ducati 1199 Panigale R [2016],World Superbikes,
471,Bike,Ducati 1098R [2009],32.16206248788755,0.8591322409481824,26/02/2009 13:00:00,0,,World Superbikes,
471,Bike,Ducati 1098R [2009],32.16234221445129,0.8553104774715103,27/02/2009 13:00:00,0,,World Superbikes,
471,Bike,Ducati 1098R [2009],32.16272849347897,0.851620745732125,27/02/2009 13:00:00,1,,World Superbikes,
471,Bike,Ducati 1098R [2009],32.16286604197393,0.8480605695416646,27/02/2009 13:00:00,2,,World Superbikes,
471,Bike,Ducati 1098R [2009],32.16347003285932,0.8446215931408935,27/02/2009 13:00:00,3,,World Superbikes,
471,Bike,Ducati 1098R [2009],32.164108052343344,0.8412944456869548,11/03/2009 13:00:00,0,,World Superbikes,
471,Bike,Ducati 1098R [2009],32.16496262006932,0.8380961126495019,12/03/2009 13:00:00,0,,World Superbikes,
471,Bike,Ducati 1098R [2009],32.16577219599841,0.8350251022747306,12/03/2009 13:00:00,1,,World Superbikes,
471,Bike,Ducati 1098R [2009],32.167395015932684,0.8320855473353578,12/03/2009 13:00:00,2,,World Superbikes,
471,Bike,Ducati 1098R [2009],32.16891340266728,0.8292671196146678,12/03/2009 13:00:00,3,,World Superbikes,
471,Bike,Ducati 1098R [2009],32.17064066458941,0.8265417890382588,03/04/2009 13:00:00,0,,World Superbikes,
471,Bike,Ducati 1098R [2009],32.17202212089389,0.8239401415872949,03/04/2009 13:00:00,1,,World Superbikes,
471,Bike,Ducati 1098R [2009],32.17319799930467,0.8214645230590774,04/04/2009 13:00:00,0,,World Superbikes,
471,Bike,Ducati 1098R [2009],32.17401145449863,0.8191100941260229,04/04/2009 13:00:00,1,,World Superbikes,
471,Bike,Ducati 1098R [2009],32.17524361325745,0.8168699167207298,04/04/2009 13:00:00,2,,World Superbikes,
471,Bike,Ducati 1098R [2009],32.176342289598125,0.8147346078912274,24/04/2009 13:00:00,0,,World Superbikes,
471,Bike,Ducati 1098R [2009],32.17738858581383,0.8127184177728826,24/04/2009 13:00:00,1,,World Superbikes,
471,Bike,Ducati 1098R [2009],32.17772722542191,0.8108205146590199,25/04/2009 13:00:00,0,,World Superbikes,
471,Bike,Ducati 1098R [2009],32.17793693073803,0.8090420078302663,25/04/2009 13:00:00,1,,World Superbikes,
471,Bike,Ducati 1098R [2009],32.17793150910885,0.8073766040587893,25/04/2009 13:00:00,2,,World Superbikes,
471,Bike,Ducati 1098R [2009],32.17774969652203,0.8058107931759371,08/05/2009 13:00:00,0,,World Superbikes,
471,Bike,Ducati 1098R [2009],32.177410940532425,0.8043563213801176,08/05/2009 13:00:00,1,,World Superbikes,
471,Bike,Ducati 1098R [2009],32.1769824355648,0.803014736602581,09/05/2009 13:00:00,0,,World Superbikes,
471,Bike,Ducati 1098R [2009],32.177289607869,0.8017855963786039,09/05/2009 13:00:00,1,,World Superbikes,
471,Bike,Ducati 1098R [2009],32.177215496757846,0.8006532358467733,09/05/2009 13:00:00,2,,World Superbikes,
471,Bike,Ducati 1098R [2009],32.17693964099893,0.7996170283994641,15/05/2009 13:00:00,0,,World Superbikes,
471,Bike,Ducati 1098R [2009],32.176539876205446,0.7986931599329614,15/05/2009 13:00:00,1,,World Superbikes,
471,Bike,Ducati 1098R [2009],32.176101775202675,0.7978831002605357,16/05/2009 13:00:00,0,,World Superbikes,
471,Bike,Ducati 1098R [2009],32.17644307210473,0.7971902291226256,16/05/2009 13:00:00,1,,World Superbikes,
471,Bike,Ducati 1098R [2009],32.177330632340194,0.7966025356652623,16/05/2009 13:00:00,2,,World Superbikes,
471,Bike,Ducati 1098R [2009],32.17793144528038,0.7961120186028429,29/05/2009 13:00:00,0,,World Superbikes,
471,Bike,Ducati 1098R [2009],32.178551741342915,0.7957399084460568,29/05/2009 13:00:00,1,,World Superbikes,
471,Bike,Ducati 1098R [2009],32.1788461245254,0.7954774103443909,30/05/2009 13:00:00,0,,World Superbikes,
471,Bike,Ducati 1098R [2009],32.179252368447486,0.7953287689588517,30/05/2009 13:00:00,1,,World Superbikes,
471,Bike,Ducati 1098R [2009],32.17949988468677,0.7952905104637351,30/05/2009 13:00:00,2,,World Superbikes,
471,Bike,Ducati 1098R [2009],32.18035857622869,0.7953490671149267,19/06/2009 13:00:00,0,,World Superbikes,
471,Bike,Ducati 1098R [2009],32.181286469597495,0.7955229763214204,19/06/2009 13:00:00,1,,World Superbikes,
471,Bike,Ducati 1098R [2009],32.183709260551716,0.7958147625053749,20/06/2009 13:00:00,0,,World Superbikes,
471,Bike,Ducati 1098R [2009],32.18630509120485,0.7962212116579135,20/06/2009 13:00:00,1,,World Superbikes,
471,Bike,Ducati 1098R [2009],32.18916345351986,0.7967368903276948,20/06/2009 13:00:00,2,,World Superbikes,
471,Bike,Ducati 1098R [2009],32.191595769011606,0.7973452367059627,26/06/2009 13:00:00,0,,World Superbikes,
471,Bike,Ducati 1098R [2009],32.193254716730976,0.7980677633986683,26/06/2009 13:00:00,1,,World Superbikes,
471,Bike,Ducati 1098R [2009],32.19425710098452,0.7989029485355739,27/06/2009 13:00:00,0,,World Superbikes,
471,Bike,Ducati 1098R [2009],32.19552889370467,0.799854281088853,27/06/2009 13:00:00,1,,World Superbikes,
471,Bike,Ducati 1098R [2009],32.196303971855414,0.8009120461482899,27/06/2009 13:00:00,2,,World Superbikes,
471,Bike,Ducati 1098R [2009],32.19766350662278,0.802066950766187,24/07/2009 13:00:00,0,,World Superbikes,
471,Bike,Ducati 1098R [2009],32.19946107679285,0.8033406823435113,24/07/2009 13:00:00,1,,World Superbikes,
471,Bike,Ducati 1098R [2009],32.201441483434095,0.8047296260160209,25/07/2009 13:00:00,0,,World Superbikes,
471,Bike,Ducati 1098R [2009],32.20331008055675,0.8062352106388407,25/07/2009 13:00:00,1,,World Superbikes,
471,Bike,Ducati 1098R [2009],32.20569590886901,0.8078573665622679,25/07/2009 13:00:00,2,,World Superbikes,
471,Bike,Ducati 1098R [2009],32.20756886936754,0.8095735179989842,04/09/2009 13:00:00,0,,World Superbikes,
471,Bike,Ducati 1098R [2009],32.20957651838538,0.8114107886451728,04/09/2009 13:00:00,1,,World Superbikes,
471,Bike,Ducati 1098R [2009],32.21137547833712,0.81336367077315,05/09/2009 13:00:00,0,,World Superbikes,
471,Bike,Ducati 1098R [2009],32.213402443980385,0.8154323046029963,05/09/2009 13:00:00,1,,World Superbikes,
471,Bike,Ducati 1098R [2009],32.21555156147298,0.8176127914455665,05/09/2009 13:00:00,2,,World Superbikes,
471,Bike,Ducati 1098R [2009],32.21674297910471,0.8198883515635906,25/09/2009 13:00:00,0,,World Superbikes,
471,Bike,Ducati 1098R [2009],32.217696711669156,0.8222825575593239,26/09/2009 13:00:00,0,,World Superbikes,
471,Bike,Ducati 1098R [2009],32.218567786084414,0.8248001300486684,26/09/2009 13:00:00,1,,World Superbikes,
471,Bike,Ducati 1098R [2009],32.21936651170298,0.82743871571842,26/09/2009 13:00:00,2,,World Superbikes,
471,Bike,Ducati 1098R [2009],32.21981844202346,0.8301735011221331,02/10/2009 13:00:00,0,,World Superbikes,
471,Bike,Ducati 1098R [2009],32.22035809701401,0.833024932665596,02/10/2009 13:00:00,1,,World Superbikes,
471,Bike,Ducati 1098R [2009],32.22029369569592,0.8359952356560499,03/10/2009 13:00:00,0,,World Superbikes,
471,Bike,Ducati 1098R [2009],32.220347521796135,0.8390896758973352,03/10/2009 13:00:00,1,,World Superbikes,
471,Bike,Ducati 1098R [2009],32.22043145741393,0.8423108557526011,03/10/2009 13:00:00,2,,World Superbikes,
471,Bike,Ducati 1098R [2009],32.220644315869215,0.8456368997754667,23/10/2009 13:00:00,0,,World Superbikes,
471,Bike,Ducati 1098R [2009],32.220349339268694,0.8490903162563246,23/10/2009 13:00:00,1,,World Superbikes,
471,Bike,Ducati 1098R [2009],32.219698673350855,0.8526712770907195,24/10/2009 13:00:00,0,,World Superbikes,
471,Bike,Ducati 1098R [2009],32.219293211068866,0.8563836545690798,24/10/2009 13:00:00,1,,World Superbikes,
471,Bike,Ducati 1098R [2009],32.21904164579363,0.8602170413241341,24/10/2009 13:00:00,2,,World Superbikes,
472,Bike,Honda CBR1000RR [2009],25.68250042551105,0.8638495610357395,26/02/2009 13:00:00,0,,World Superbikes,
472,Bike,Honda CBR1000RR [2009],25.682331282609024,0.860061004338225,27/02/2009 13:00:00,0,,World Superbikes,
472,Bike,Honda CBR1000RR [2009],25.68174112196226,0.8563996903799705,27/02/2009 13:00:00,1,,World Superbikes,
472,Bike,Honda CBR1000RR [2009],25.681156505187754,0.8528519289348474,27/02/2009 13:00:00,2,,World Superbikes,
472,Bike,Honda CBR1000RR [2009],25.6800505851328,0.8494326870980107,27/02/2009 13:00:00,3,,World Superbikes,
472,Bike,Honda CBR1000RR [2009],25.679207556240744,0.8461210253956297,11/03/2009 13:00:00,0,,World Superbikes,
472,Bike,Honda CBR1000RR [2009],25.677646347278955,0.8429362395944715,12/03/2009 13:00:00,0,,World Superbikes,
472,Bike,Honda CBR1000RR [2009],25.676175486857236,0.8398755868757033,12/03/2009 13:00:00,1,,World Superbikes,
472,Bike,Honda CBR1000RR [2009],25.67492234901709,0.8369339436267096,12/03/2009 13:00:00,2,,World Superbikes,
472,Bike,Honda CBR1000RR [2009],25.67322032909497,0.8341177308086055,12/03/2009 13:00:00,3,,World Superbikes,
472,Bike,Honda CBR1000RR [2009],25.672583203872996,0.8314027242603681,03/04/2009 13:00:00,0,,World Superbikes,
472,Bike,Honda CBR1000RR [2009],25.6723037843386,0.8288133687497128,03/04/2009 13:00:00,1,,World Superbikes,
472,Bike,Honda CBR1000RR [2009],25.67213083325732,0.826351724920025,04/04/2009 13:00:00,0,,World Superbikes,
472,Bike,Honda CBR1000RR [2009],25.671797296496585,0.8240100070089419,04/04/2009 13:00:00,1,,World Superbikes,
472,Bike,Honda CBR1000RR [2009],25.671906019511617,0.8217817367431359,04/04/2009 13:00:00,2,,World Superbikes,
472,Bike,Honda CBR1000RR [2009],25.673683963082755,0.8196440744818899,24/04/2009 13:00:00,0,,World Superbikes,
472,Bike,Honda CBR1000RR [2009],25.674966163873393,0.8176305452555315,24/04/2009 13:00:00,1,,World Superbikes,
472,Bike,Honda CBR1000RR [2009],25.676126427426414,0.815736345806699,25/04/2009 13:00:00,0,,World Superbikes,
472,Bike,Honda CBR1000RR [2009],25.677400422525395,0.8139633611490089,25/04/2009 13:00:00,1,,World Superbikes,
472,Bike,Honda CBR1000RR [2009],25.67917935257697,0.812302362454759,25/04/2009 13:00:00,2,,World Superbikes,
472,Bike,Honda CBR1000RR [2009],25.680900397991213,0.8107408316695676,08/05/2009 13:00:00,0,,World Superbikes,
472,Bike,Honda CBR1000RR [2009],25.682566553289263,0.8092933392797339,08/05/2009 13:00:00,1,,World Superbikes,
472,Bike,Honda CBR1000RR [2009],25.684130351146088,0.8079603055600203,09/05/2009 13:00:00,0,,World Superbikes,
472,Bike,Honda CBR1000RR [2009],25.686136300352008,0.806747478371588,09/05/2009 13:00:00,1,,World Superbikes,
472,Bike,Honda CBR1000RR [2009],25.68809884491035,0.8056531278411254,09/05/2009 13:00:00,2,,World Superbikes,
472,Bike,Honda CBR1000RR [2009],25.690018045002226,0.8046610321254151,15/05/2009 13:00:00,0,,World Superbikes,
472,Bike,Honda CBR1000RR [2009],25.691849814770386,0.8037826284400746,15/05/2009 13:00:00,1,,World Superbikes,
472,Bike,Honda CBR1000RR [2009],25.69331873293566,0.803022176482541,16/05/2009 13:00:00,0,,World Superbikes,
472,Bike,Honda CBR1000RR [2009],25.694649731692884,0.802366451718612,16/05/2009 13:00:00,1,,World Superbikes,
472,Bike,Honda CBR1000RR [2009],25.695982977282398,0.8018248270645797,16/05/2009 13:00:00,2,,World Superbikes,
472,Bike,Honda CBR1000RR [2009],25.697982852206838,0.8013809023067162,29/05/2009 13:00:00,0,,World Superbikes,
472,Bike,Honda CBR1000RR [2009],25.69986968321745,0.8010508689561656,29/05/2009 13:00:00,1,,World Superbikes,
472,Bike,Honda CBR1000RR [2009],25.701518750396943,0.8008315287267832,30/05/2009 13:00:00,0,,World Superbikes,
472,Bike,Honda CBR1000RR [2009],25.702933807040743,0.8007303203350876,30/05/2009 13:00:00,1,,World Superbikes,
472,Bike,Honda CBR1000RR [2009],25.704467501523936,0.8007437506146502,30/05/2009 13:00:00,2,,World Superbikes,
472,Bike,Honda CBR1000RR [2009],25.704767089790767,0.8008501595253998,19/06/2009 13:00:00,0,,World Superbikes,
472,Bike,Honda CBR1000RR [2009],25.705144540636656,0.8010718127195766,19/06/2009 13:00:00,1,,World Superbikes,
472,Bike,Honda CBR1000RR [2009],25.705521235751604,0.8014144038524577,20/06/2009 13:00:00,0,,World Superbikes,
472,Bike,Honda CBR1000RR [2009],25.70570289943789,0.8018666057385342,20/06/2009 13:00:00,1,,World Superbikes,
472,Bike,Honda CBR1000RR [2009],25.70480733630791,0.8024233358038331,20/06/2009 13:00:00,2,,World Superbikes,
472,Bike,Honda CBR1000RR [2009],25.704334460611417,0.8030614066097603,26/06/2009 13:00:00,0,,World Superbikes,
472,Bike,Honda CBR1000RR [2009],25.704021472861104,0.8038165546408609,26/06/2009 13:00:00,1,,World Superbikes,
472,Bike,Honda CBR1000RR [2009],25.7040861719913,0.8046850809584641,27/06/2009 13:00:00,0,,World Superbikes,
472,Bike,Honda CBR1000RR [2009],25.70428084910264,0.8056668136451963,27/06/2009 13:00:00,1,,World Superbikes,
472,Bike,Honda CBR1000RR [2009],25.70479171502066,0.8067664698140393,27/06/2009 13:00:00,2,,World Superbikes,
472,Bike,Honda CBR1000RR [2009],25.70611034835354,0.8079650213563855,24/07/2009 13:00:00,0,,World Superbikes,
472,Bike,Honda CBR1000RR [2009],25.70748286004659,0.8092840938937722,24/07/2009 13:00:00,1,,World Superbikes,
472,Bike,Honda CBR1000RR [2009],25.708855497005857,0.8107236237162067,25/07/2009 13:00:00,0,,World Superbikes,
472,Bike,Honda CBR1000RR [2009],25.710996366091805,0.8122757417984958,25/07/2009 13:00:00,1,,World Superbikes,
472,Bike,Honda CBR1000RR [2009],25.713943364127744,0.8139311462088978,25/07/2009 13:00:00,2,,World Superbikes,
472,Bike,Honda CBR1000RR [2009],25.71747128304589,0.815687706819891,04/09/2009 13:00:00,0,,World Superbikes,
472,Bike,Honda CBR1000RR [2009],25.720674882828973,0.8175612668698913,04/09/2009 13:00:00,1,,World Superbikes,
472,Bike,Honda CBR1000RR [2009],25.72360198219182,0.8195583025962435,05/09/2009 13:00:00,0,,World Superbikes,
472,Bike,Honda CBR1000RR [2009],25.7266938869704,0.8216577364518352,05/09/2009 13:00:00,1,,World Superbikes,
472,Bike,Honda CBR1000RR [2009],25.72992904701363,0.8238654728956112,05/09/2009 13:00:00,2,,World Superbikes,
472,Bike,Honda CBR1000RR [2009],25.733096554628997,0.8261677121260775,25/09/2009 13:00:00,0,,World Superbikes,
472,Bike,Honda CBR1000RR [2009],25.735950620591588,0.8285851888284307,26/09/2009 13:00:00,0,,World Superbikes,
472,Bike,Honda CBR1000RR [2009],25.738217801382536,0.8311171520770316,26/09/2009 13:00:00,1,,World Superbikes,
472,Bike,Honda CBR1000RR [2009],25.740669939096787,0.833759015502189,26/09/2009 13:00:00,2,,World Superbikes,
472,Bike,Honda CBR1000RR [2009],25.74295835526881,0.8365057522631703,02/10/2009 13:00:00,0,,World Superbikes,
472,Bike,Honda CBR1000RR [2009],25.745100705492284,0.8393678183247927,02/10/2009 13:00:00,1,,World Superbikes,
472,Bike,Honda CBR1000RR [2009],25.747722330938462,0.8423439383418712,03/10/2009 13:00:00,0,,World Superbikes,
472,Bike,Honda CBR1000RR [2009],25.749345476448354,0.8454348995322021,03/10/2009 13:00:00,1,,World Superbikes,
472,Bike,Honda CBR1000RR [2009],25.750859108237584,0.8486468417527581,03/10/2009 13:00:00,2,,World Superbikes,
472,Bike,Honda CBR1000RR [2009],25.752197874026507,0.8519617503463219,23/10/2009 13:00:00,0,,World Superbikes,
472,Bike,Honda CBR1000RR [2009],25.752958976045498,0.8553941029259235,23/10/2009 13:00:00,1,,World Superbikes,
472,Bike,Honda CBR1000RR [2009],25.75325722852753,0.8589453187200836,24/10/2009 13:00:00,0,,World Superbikes,
472,Bike,Honda CBR1000RR [2009],25.753088884394064,0.8626159276504336,24/10/2009 13:00:00,1,,World Superbikes,
472,Bike,Honda CBR1000RR [2009],25.752842293557137,0.8664108729665888,24/10/2009 13:00:00,2,,World Superbikes,
473,Bike,Suzuki GSX-R 1000 K9 [2009],26.923389642314888,0.9210882918415684,26/02/2009 13:00:00,0,,World Superbikes,
473,Bike,Suzuki GSX-R 1000 K9 [2009],26.92298577582808,0.917567077419415,27/02/2009 13:00:00,0,,World Superbikes,
473,Bike,Suzuki GSX-R 1000 K9 [2009],26.923011338096636,0.9141952392252657,27/02/2009 13:00:00,1,,World Superbikes,
473,Bike,Suzuki GSX-R 1000 K9 [2009],26.92285632241789,0.9109710364246721,27/02/2009 13:00:00,2,,World Superbikes,
473,Bike,Suzuki GSX-R 1000 K9 [2009],26.9231239099681,0.9078864509408184,11/03/2009 13:00:00,0,,World Superbikes,
473,Bike,Suzuki GSX-R 1000 K9 [2009],26.923720523960753,0.9049514751921015,12/03/2009 13:00:00,0,,World Superbikes,
473,Bike,Suzuki GSX-R 1000 K9 [2009],26.92462663576412,0.9021661635740074,12/03/2009 13:00:00,1,,World Superbikes,
473,Bike,Suzuki GSX-R 1000 K9 [2009],26.92600722777222,0.8995181885287289,12/03/2009 13:00:00,2,,World Superbikes,
473,Bike,Suzuki GSX-R 1000 K9 [2009],26.92853540049446,0.8970038521934839,03/04/2009 13:00:00,0,,World Superbikes,
473,Bike,Suzuki GSX-R 1000 K9 [2009],26.930926965973377,0.894615499186415,03/04/2009 13:00:00,1,,World Superbikes,
473,Bike,Suzuki GSX-R 1000 K9 [2009],26.933059023077007,0.8923492650194278,04/04/2009 13:00:00,0,,World Superbikes,
473,Bike,Suzuki GSX-R 1000 K9 [2009],26.93385361030147,0.8902243567859333,04/04/2009 13:00:00,1,,World Superbikes,
473,Bike,Suzuki GSX-R 1000 K9 [2009],26.933116099170114,0.888231070765005,04/04/2009 13:00:00,2,,World Superbikes,
473,Bike,Suzuki GSX-R 1000 K9 [2009],26.932004495626344,0.8863604330316188,24/04/2009 13:00:00,0,,World Superbikes,
473,Bike,Suzuki GSX-R 1000 K9 [2009],26.930176382314944,0.8846109811199732,24/04/2009 13:00:00,1,,World Superbikes,
473,Bike,Suzuki GSX-R 1000 K9 [2009],26.928244759271156,0.8829840987308701,25/04/2009 13:00:00,0,,World Superbikes,
473,Bike,Suzuki GSX-R 1000 K9 [2009],26.925195864919655,0.8814877784056113,25/04/2009 13:00:00,1,,World Superbikes,
473,Bike,Suzuki GSX-R 1000 K9 [2009],26.921279158201916,0.8801256804467754,25/04/2009 13:00:00,2,,World Superbikes,
473,Bike,Suzuki GSX-R 1000 K9 [2009],26.91725573737851,0.8788813586951453,08/05/2009 13:00:00,0,,World Superbikes,
473,Bike,Suzuki GSX-R 1000 K9 [2009],26.912725548434743,0.877757998320155,08/05/2009 13:00:00,1,,World Superbikes,
473,Bike,Suzuki GSX-R 1000 K9 [2009],26.90721707096854,0.8767644385273258,09/05/2009 13:00:00,0,,World Superbikes,
473,Bike,Suzuki GSX-R 1000 K9 [2009],26.900695036793664,0.8758957864236077,09/05/2009 13:00:00,1,,World Superbikes,
473,Bike,Suzuki GSX-R 1000 K9 [2009],26.892797732280847,0.8751601162457749,09/05/2009 13:00:00,2,,World Superbikes,
473,Bike,Suzuki GSX-R 1000 K9 [2009],26.88499241014549,0.8745231792613338,15/05/2009 13:00:00,0,,World Superbikes,
473,Bike,Suzuki GSX-R 1000 K9 [2009],26.878456180165188,0.8740181408363754,15/05/2009 13:00:00,1,,World Superbikes,
473,Bike,Suzuki GSX-R 1000 K9 [2009],26.872459077360915,0.8736432008131113,16/05/2009 13:00:00,0,,World Superbikes,
473,Bike,Suzuki GSX-R 1000 K9 [2009],26.86726750104718,0.873403623572397,16/05/2009 13:00:00,1,,World Superbikes,
473,Bike,Suzuki GSX-R 1000 K9 [2009],26.862791702491123,0.8732956227764386,29/05/2009 13:00:00,0,,World Superbikes,
473,Bike,Suzuki GSX-R 1000 K9 [2009],26.85908269265108,0.8733134739513714,29/05/2009 13:00:00,1,,World Superbikes,
473,Bike,Suzuki GSX-R 1000 K9 [2009],26.855181749240195,0.873471575453387,30/05/2009 13:00:00,0,,World Superbikes,
473,Bike,Suzuki GSX-R 1000 K9 [2009],26.851458471567163,0.8737663710744314,30/05/2009 13:00:00,1,,World Superbikes,
473,Bike,Suzuki GSX-R 1000 K9 [2009],26.848302561205983,0.8741906459988295,19/06/2009 13:00:00,0,,World Superbikes,
473,Bike,Suzuki GSX-R 1000 K9 [2009],26.84509828516073,0.8747248403599176,19/06/2009 13:00:00,1,,World Superbikes,
473,Bike,Suzuki GSX-R 1000 K9 [2009],26.841186359550058,0.8753960960358697,20/06/2009 13:00:00,0,,World Superbikes,
473,Bike,Suzuki GSX-R 1000 K9 [2009],26.836550045501735,0.876206466717689,20/06/2009 13:00:00,1,,World Superbikes,
473,Bike,Suzuki GSX-R 1000 K9 [2009],26.831869764134883,0.877150803741323,26/06/2009 13:00:00,0,,World Superbikes,
473,Bike,Suzuki GSX-R 1000 K9 [2009],26.8277903454512,0.8782045858762595,26/06/2009 13:00:00,1,,World Superbikes,
473,Bike,Suzuki GSX-R 1000 K9 [2009],26.823858340186927,0.8793766756489818,27/06/2009 13:00:00,0,,World Superbikes,
473,Bike,Suzuki GSX-R 1000 K9 [2009],26.82123655992281,0.8806813212369943,24/07/2009 13:00:00,0,,World Superbikes,
473,Bike,Suzuki GSX-R 1000 K9 [2009],26.81891523486037,0.8820797347625828,24/07/2009 13:00:00,1,,World Superbikes,
473,Bike,Suzuki GSX-R 1000 K9 [2009],26.817055583662682,0.883574850925798,25/07/2009 13:00:00,0,,World Superbikes,
473,Bike,Suzuki GSX-R 1000 K9 [2009],26.81569258854046,0.8852095370603277,25/07/2009 13:00:00,1,,World Superbikes,
473,Bike,Suzuki GSX-R 1000 K9 [2009],26.814886109591274,0.8869786541113228,04/09/2009 13:00:00,0,,World Superbikes,
473,Bike,Suzuki GSX-R 1000 K9 [2009],26.81443840147692,0.8888609329804698,04/09/2009 13:00:00,1,,World Superbikes,
473,Bike,Suzuki GSX-R 1000 K9 [2009],26.813653241321745,0.8908575716530341,05/09/2009 13:00:00,0,,World Superbikes,
473,Bike,Suzuki GSX-R 1000 K9 [2009],26.813592573257463,0.8929900578190243,05/09/2009 13:00:00,1,,World Superbikes,
473,Bike,Suzuki GSX-R 1000 K9 [2009],26.814147868239196,0.8952559208996795,25/09/2009 13:00:00,0,,World Superbikes,
473,Bike,Suzuki GSX-R 1000 K9 [2009],26.81421803048744,0.8976660612831099,26/09/2009 13:00:00,0,,World Superbikes,
473,Bike,Suzuki GSX-R 1000 K9 [2009],26.81580762730329,0.90019651143065,02/10/2009 13:00:00,0,,World Superbikes,
473,Bike,Suzuki GSX-R 1000 K9 [2009],26.81635606476623,0.9028655852474992,02/10/2009 13:00:00,1,,World Superbikes,
473,Bike,Suzuki GSX-R 1000 K9 [2009],26.81646123011864,0.9056685760200548,03/10/2009 13:00:00,0,,World Superbikes,
473,Bike,Suzuki GSX-R 1000 K9 [2009],26.815782155661896,0.9086162471518308,03/10/2009 13:00:00,1,,World Superbikes,
473,Bike,Suzuki GSX-R 1000 K9 [2009],26.815069799080927,0.9117040993036567,23/10/2009 13:00:00,0,,World Superbikes,
473,Bike,Suzuki GSX-R 1000 K9 [2009],26.815194277436582,0.9149363342086239,23/10/2009 13:00:00,1,,World Superbikes,
473,Bike,Suzuki GSX-R 1000 K9 [2009],26.815577159942215,0.9183175845237421,24/10/2009 13:00:00,0,,World Superbikes,
473,Bike,Suzuki GSX-R 1000 K9 [2009],26.814889797509643,0.9218455220287617,24/10/2009 13:00:00,1,,World Superbikes,
474,Rider,Shinya Nakano,33.726754523181164,1.026402427881578,26/02/2009 13:00:00,0,Aprilia RSV4 [2009],World Superbikes,
474,Rider,Shinya Nakano,33.72607539360851,1.0233008468611142,27/02/2009 13:00:00,0,Aprilia RSV4 [2009],World Superbikes,
474,Rider,Shinya Nakano,33.72583835686383,1.0203744458977404,27/02/2009 13:00:00,1,Aprilia RSV4 [2009],World Superbikes,
474,Rider,Shinya Nakano,33.724136169713894,1.0176159492377,27/02/2009 13:00:00,2,Aprilia RSV4 [2009],World Superbikes,
474,Rider,Shinya Nakano,33.72169585374184,1.015023578548848,11/03/2009 13:00:00,0,Aprilia RSV4 [2009],World Superbikes,
474,Rider,Shinya Nakano,33.71837613392051,1.0126031941698936,12/03/2009 13:00:00,0,Aprilia RSV4 [2009],World Superbikes,
474,Rider,Shinya Nakano,33.71563590539567,1.0103549071956301,12/03/2009 13:00:00,1,Aprilia RSV4 [2009],World Superbikes,
474,Rider,Shinya Nakano,33.7132593365989,1.0082739243169803,12/03/2009 13:00:00,2,Aprilia RSV4 [2009],World Superbikes,
474,Rider,Shinya Nakano,33.70942264099023,1.0063552411436565,12/03/2009 13:00:00,3,Aprilia RSV4 [2009],World Superbikes,
474,Rider,Shinya Nakano,33.70530061798411,1.0045769840160461,03/04/2009 13:00:00,0,Aprilia RSV4 [2009],World Superbikes,
474,Rider,Shinya Nakano,33.70041025722019,1.0029693367096812,24/04/2009 13:00:00,0,Aprilia RSV4 [2009],World Superbikes,
474,Rider,Shinya Nakano,33.69595188317573,1.0015292323049254,24/04/2009 13:00:00,1,Aprilia RSV4 [2009],World Superbikes,
474,Rider,Shinya Nakano,33.691965712594744,1.0002572017871363,25/04/2009 13:00:00,0,Aprilia RSV4 [2009],World Superbikes,
474,Rider,Shinya Nakano,33.68957757770884,0.9991292516517113,08/05/2009 13:00:00,0,Aprilia RSV4 [2009],World Superbikes,
474,Rider,Shinya Nakano,33.6892306371751,0.9981625447728967,08/05/2009 13:00:00,1,Aprilia RSV4 [2009],World Superbikes,
474,Rider,Shinya Nakano,33.689614394358976,0.9973629914973517,09/05/2009 13:00:00,0,Aprilia RSV4 [2009],World Superbikes,
474,Rider,Shinya Nakano,33.6894911842143,0.9967297476530341,09/05/2009 13:00:00,1,Aprilia RSV4 [2009],World Superbikes,
474,Rider,Shinya Nakano,33.69119216544117,0.9962159267353795,15/05/2009 13:00:00,0,Aprilia RSV4 [2009],World Superbikes,
474,Rider,Shinya Nakano,33.69114633799688,0.9958631005193882,15/05/2009 13:00:00,1,Aprilia RSV4 [2009],World Superbikes,
474,Rider,Shinya Nakano,33.6913412475091,0.9956759746702117,16/05/2009 13:00:00,0,Aprilia RSV4 [2009],World Superbikes,
474,Rider,Shinya Nakano,33.690168199822786,0.9956512324221212,16/05/2009 13:00:00,1,Aprilia RSV4 [2009],World Superbikes,
474,Rider,Shinya Nakano,33.688424463516704,0.9957866188968656,29/05/2009 13:00:00,0,Aprilia RSV4 [2009],World Superbikes,
474,Rider,Shinya Nakano,33.68731762233535,0.9960892616067107,29/05/2009 13:00:00,1,Aprilia RSV4 [2009],World Superbikes,
474,Rider,Shinya Nakano,33.68586553913951,0.9965605094227818,30/05/2009 13:00:00,0,Aprilia RSV4 [2009],World Superbikes,
474,Rider,Shinya Nakano,33.68390127568433,0.9971961356052624,30/05/2009 13:00:00,1,Aprilia RSV4 [2009],World Superbikes,
474,Rider,Shinya Nakano,33.68165713801521,0.9979950228978935,19/06/2009 13:00:00,0,Aprilia RSV4 [2009],World Superbikes,
474,Rider,Shinya Nakano,33.67869026129331,0.9989640715203878,19/06/2009 13:00:00,1,Aprilia RSV4 [2009],World Superbikes,
474,Rider,Shinya Nakano,33.67683153224424,1.0001022318603128,20/06/2009 13:00:00,0,Aprilia RSV4 [2009],World Superbikes,
474,Rider,Shinya Nakano,33.67501911015691,1.0014056034599714,20/06/2009 13:00:00,1,Aprilia RSV4 [2009],World Superbikes,
474,Rider,Shinya Nakano,33.673247463394304,1.0028698498578201,26/06/2009 13:00:00,0,Aprilia RSV4 [2009],World Superbikes,
474,Rider,Shinya Nakano,33.67185283086046,1.004504853646719,26/06/2009 13:00:00,1,Aprilia RSV4 [2009],World Superbikes,
474,Rider,Shinya Nakano,33.67013428748538,1.0063114028768658,27/06/2009 13:00:00,0,Aprilia RSV4 [2009],World Superbikes,
474,Rider,Shinya Nakano,33.66873751215936,1.0082834105116645,27/06/2009 13:00:00,1,Aprilia RSV4 [2009],World Superbikes,
474,Rider,Shinya Nakano,33.665461060610575,1.010414909312526,27/06/2009 13:00:00,2,Aprilia RSV4 [2009],World Superbikes,
474,Rider,Shinya Nakano,33.66092814995261,1.0126950595451432,24/07/2009 13:00:00,0,Aprilia RSV4 [2009],World Superbikes,
474,Rider,Shinya Nakano,33.655147632703326,1.0151459939763114,24/07/2009 13:00:00,1,Aprilia RSV4 [2009],World Superbikes,
474,Rider,Shinya Nakano,33.65017117018057,1.0177673475210554,25/07/2009 13:00:00,0,Aprilia RSV4 [2009],World Superbikes,
474,Rider,Shinya Nakano,33.64571236191466,1.0205551660330883,25/07/2009 13:00:00,1,Aprilia RSV4 [2009],World Superbikes,
474,Rider,Shinya Nakano,33.642382822078716,1.023488110312899,04/09/2009 13:00:00,0,Aprilia RSV4 [2009],World Superbikes,
474,Rider,Shinya Nakano,33.63993894547154,1.026593368237024,04/09/2009 13:00:00,1,Aprilia RSV4 [2009],World Superbikes,
475,Bike,Aprilia RSV4 [2009],28.448244715481387,0.877216285366762,26/02/2009 13:00:00,0,,World Superbikes,
475,Bike,Aprilia RSV4 [2009],28.447985733406927,0.8734957262970807,27/02/2009 13:00:00,0,,World Superbikes,
475,Bike,Aprilia RSV4 [2009],28.447110858459368,0.8699067798804679,27/02/2009 13:00:00,1,,World Superbikes,
475,Bike,Aprilia RSV4 [2009],28.445426028679286,0.8664531740961525,27/02/2009 13:00:00,2,,World Superbikes,
475,Bike,Aprilia RSV4 [2009],28.443066505862205,0.8631318491125458,27/02/2009 13:00:00,3,,World Superbikes,
475,Bike,Aprilia RSV4 [2009],28.439312822380984,0.8599157107299792,11/03/2009 13:00:00,0,,World Superbikes,
475,Bike,Aprilia RSV4 [2009],28.43462621863718,0.8568328141703427,12/03/2009 13:00:00,0,,World Superbikes,
475,Bike,Aprilia RSV4 [2009],28.429394400389832,0.853875843158669,12/03/2009 13:00:00,1,,World Superbikes,
475,Bike,Aprilia RSV4 [2009],28.424659131767896,0.8510527543959234,12/03/2009 13:00:00,2,,World Superbikes,
475,Bike,Aprilia RSV4 [2009],28.41822573312936,0.8483403882355511,12/03/2009 13:00:00,3,,World Superbikes,
475,Bike,Aprilia RSV4 [2009],28.411340015810637,0.8457360673780331,03/04/2009 13:00:00,0,,World Superbikes,
475,Bike,Aprilia RSV4 [2009],28.40288655797837,0.8432473150895222,03/04/2009 13:00:00,1,,World Superbikes,
475,Bike,Aprilia RSV4 [2009],28.395499406332636,0.8408941617921826,04/04/2009 13:00:00,0,,World Superbikes,
475,Bike,Aprilia RSV4 [2009],28.39041130469042,0.8386595509631225,24/04/2009 13:00:00,0,,World Superbikes,
475,Bike,Aprilia RSV4 [2009],28.38620692965423,0.8365551533416415,24/04/2009 13:00:00,1,,World Superbikes,
475,Bike,Aprilia RSV4 [2009],28.383337744593874,0.8345799913137314,25/04/2009 13:00:00,0,,World Superbikes,
475,Bike,Aprilia RSV4 [2009],28.3807726404016,0.8327216142063562,25/04/2009 13:00:00,1,,World Superbikes,
475,Bike,Aprilia RSV4 [2009],28.378771754541958,0.830990124119392,08/05/2009 13:00:00,0,,World Superbikes,
475,Bike,Aprilia RSV4 [2009],28.37772973796468,0.829384559852516,08/05/2009 13:00:00,1,,World Superbikes,
475,Bike,Aprilia RSV4 [2009],28.376660048578096,0.8279054134718091,09/05/2009 13:00:00,0,,World Superbikes,
475,Bike,Aprilia RSV4 [2009],28.375262430363314,0.8265528875334609,09/05/2009 13:00:00,1,,World Superbikes,
475,Bike,Aprilia RSV4 [2009],28.374690330237478,0.8253058341044297,09/05/2009 13:00:00,2,,World Superbikes,
475,Bike,Aprilia RSV4 [2009],28.375258253748285,0.824158260482275,15/05/2009 13:00:00,0,,World Superbikes,
475,Bike,Aprilia RSV4 [2009],28.37509982914229,0.8231344265484285,15/05/2009 13:00:00,1,,World Superbikes,
475,Bike,Aprilia RSV4 [2009],28.375866254970248,0.8222357910412686,16/05/2009 13:00:00,0,,World Superbikes,
475,Bike,Aprilia RSV4 [2009],28.37615378610082,0.8214607322385545,16/05/2009 13:00:00,1,,World Superbikes,
475,Bike,Aprilia RSV4 [2009],28.375748838524856,0.8208041875278627,16/05/2009 13:00:00,2,,World Superbikes,
475,Bike,Aprilia RSV4 [2009],28.374453790153765,0.8202528056371374,29/05/2009 13:00:00,0,,World Superbikes,
475,Bike,Aprilia RSV4 [2009],28.372360524917454,0.8198091148452884,29/05/2009 13:00:00,1,,World Superbikes,
475,Bike,Aprilia RSV4 [2009],28.370127601804228,0.8194912783368734,30/05/2009 13:00:00,0,,World Superbikes,
475,Bike,Aprilia RSV4 [2009],28.36839331318756,0.819296439781706,30/05/2009 13:00:00,1,,World Superbikes,
475,Bike,Aprilia RSV4 [2009],28.3679441232201,0.8192103874339078,19/06/2009 13:00:00,0,,World Superbikes,
475,Bike,Aprilia RSV4 [2009],28.367725506951984,0.8192519970706515,19/06/2009 13:00:00,1,,World Superbikes,
475,Bike,Aprilia RSV4 [2009],28.368791545639755,0.8194211318594036,20/06/2009 13:00:00,0,,World Superbikes,
475,Bike,Aprilia RSV4 [2009],28.369222307287906,0.8197093960810988,20/06/2009 13:00:00,1,,World Superbikes,
475,Bike,Aprilia RSV4 [2009],28.369900769010673,0.8201183187534357,26/06/2009 13:00:00,0,,World Superbikes,
475,Bike,Aprilia RSV4 [2009],28.371153325562695,0.8206552362634977,26/06/2009 13:00:00,1,,World Superbikes,
475,Bike,Aprilia RSV4 [2009],28.37232575221976,0.8213194194733883,27/06/2009 13:00:00,0,,World Superbikes,
475,Bike,Aprilia RSV4 [2009],28.37254725720191,0.8220898137855075,27/06/2009 13:00:00,1,,World Superbikes,
475,Bike,Aprilia RSV4 [2009],28.371738883981102,0.8229799415375364,27/06/2009 13:00:00,2,,World Superbikes,
475,Bike,Aprilia RSV4 [2009],28.369760984638482,0.8239714026540523,24/07/2009 13:00:00,0,,World Superbikes,
475,Bike,Aprilia RSV4 [2009],28.366117985757263,0.8250718274979516,24/07/2009 13:00:00,1,,World Superbikes,
475,Bike,Aprilia RSV4 [2009],28.363098327825313,0.8262995324379013,25/07/2009 13:00:00,0,,World Superbikes,
475,Bike,Aprilia RSV4 [2009],28.360233808398732,0.8276512612914061,25/07/2009 13:00:00,1,,World Superbikes,
475,Bike,Aprilia RSV4 [2009],28.357199483053734,0.8291085432556448,25/07/2009 13:00:00,2,,World Superbikes,
475,Bike,Aprilia RSV4 [2009],28.353490066562777,0.8306684943474824,04/09/2009 13:00:00,0,,World Superbikes,
475,Bike,Aprilia RSV4 [2009],28.3508081327477,0.8323573471094315,04/09/2009 13:00:00,1,,World Superbikes,
475,Bike,Aprilia RSV4 [2009],28.349358505978973,0.8341737954718926,05/09/2009 13:00:00,0,,World Superbikes,
475,Bike,Aprilia RSV4 [2009],28.34756560903938,0.8361177276988272,05/09/2009 13:00:00,1,,World Superbikes,
475,Bike,Aprilia RSV4 [2009],28.34575072012637,0.8381874009497258,05/09/2009 13:00:00,2,,World Superbikes,
475,Bike,Aprilia RSV4 [2009],28.344934057699703,0.8403591567901475,25/09/2009 13:00:00,0,,World Superbikes,
475,Bike,Aprilia RSV4 [2009],28.344081147293963,0.8426468876053301,26/09/2009 13:00:00,0,,World Superbikes,
475,Bike,Aprilia RSV4 [2009],28.342583026649883,0.845047801141453,26/09/2009 13:00:00,1,,World Superbikes,
475,Bike,Aprilia RSV4 [2009],28.33995053367817,0.8475584791256867,26/09/2009 13:00:00,2,,World Superbikes,
475,Bike,Aprilia RSV4 [2009],28.33818986728496,0.8501521074197792,02/10/2009 13:00:00,0,,World Superbikes,
475,Bike,Aprilia RSV4 [2009],28.337175350939056,0.8528786585139638,02/10/2009 13:00:00,1,,World Superbikes,
475,Bike,Aprilia RSV4 [2009],28.336765532230146,0.8557385059322948,03/10/2009 13:00:00,0,,World Superbikes,
475,Bike,Aprilia RSV4 [2009],28.335969379506246,0.8587281132555702,03/10/2009 13:00:00,1,,World Superbikes,
475,Bike,Aprilia RSV4 [2009],28.33574166009648,0.8618282684080149,03/10/2009 13:00:00,2,,World Superbikes,
475,Bike,Aprilia RSV4 [2009],28.335214672992393,0.8650421535028898,23/10/2009 13:00:00,0,,World Superbikes,
475,Bike,Aprilia RSV4 [2009],28.335290307171284,0.8683924256711756,23/10/2009 13:00:00,1,,World Superbikes,
475,Bike,Aprilia RSV4 [2009],28.334889363294774,0.871875807164898,24/10/2009 13:00:00,0,,World Superbikes,
475,Bike,Aprilia RSV4 [2009],28.33417360142425,0.8754845684249699,24/10/2009 13:00:00,1,,World Superbikes,
475,Bike,Aprilia RSV4 [2009],28.333178920393717,0.879220451209128,24/10/2009 13:00:00,2,,World Superbikes,
476,Rider,Ben Spies,51.46793613141058,0.9181773798283123,26/02/2009 13:00:00,0,Yamaha YZF-R1 [2009],World Superbikes,
476,Rider,Ben Spies,51.471889431189275,0.9146455229644569,27/02/2009 13:00:00,0,Yamaha YZF-R1 [2009],World Superbikes,
476,Rider,Ben Spies,51.47674034503884,0.9112591931882155,27/02/2009 13:00:00,1,Yamaha YZF-R1 [2009],World Superbikes,
476,Rider,Ben Spies,51.48122240644387,0.9079938771671743,27/02/2009 13:00:00,2,Yamaha YZF-R1 [2009],World Superbikes,
476,Rider,Ben Spies,51.48700871216847,0.9048705414110619,27/02/2009 13:00:00,3,Yamaha YZF-R1 [2009],World Superbikes,
476,Rider,Ben Spies,51.491845729651075,0.9018214150014294,11/03/2009 13:00:00,0,Yamaha YZF-R1 [2009],World Superbikes,
476,Rider,Ben Spies,51.49546544641125,0.8988594021748079,12/03/2009 13:00:00,0,Yamaha YZF-R1 [2009],World Superbikes,
476,Rider,Ben Spies,51.49794961977688,0.8959833178724936,12/03/2009 13:00:00,1,Yamaha YZF-R1 [2009],World Superbikes,
476,Rider,Ben Spies,51.499572426591484,0.8931820666161143,12/03/2009 13:00:00,2,Yamaha YZF-R1 [2009],World Superbikes,
476,Rider,Ben Spies,51.50275860210226,0.8905192660195308,12/03/2009 13:00:00,3,Yamaha YZF-R1 [2009],World Superbikes,
476,Rider,Ben Spies,51.50509488485878,0.8879231960132185,03/04/2009 13:00:00,0,Yamaha YZF-R1 [2009],World Superbikes,
476,Rider,Ben Spies,51.50703262779988,0.8854496894243862,03/04/2009 13:00:00,1,Yamaha YZF-R1 [2009],World Superbikes,
476,Rider,Ben Spies,51.50795877241654,0.8830556633385542,04/04/2009 13:00:00,0,Yamaha YZF-R1 [2009],World Superbikes,
476,Rider,Ben Spies,51.51007659228231,0.8808011125328452,04/04/2009 13:00:00,1,Yamaha YZF-R1 [2009],World Superbikes,
476,Rider,Ben Spies,51.5112414045051,0.8786231178926777,04/04/2009 13:00:00,2,Yamaha YZF-R1 [2009],World Superbikes,
476,Rider,Ben Spies,51.51159614033082,0.8765098345330493,24/04/2009 13:00:00,0,Yamaha YZF-R1 [2009],World Superbikes,
476,Rider,Ben Spies,51.510845161530014,0.8744775993950857,24/04/2009 13:00:00,1,Yamaha YZF-R1 [2009],World Superbikes,
476,Rider,Ben Spies,51.51120152467129,0.8725837707244715,25/04/2009 13:00:00,0,Yamaha YZF-R1 [2009],World Superbikes,
476,Rider,Ben Spies,51.514012496259994,0.8708263083907927,25/04/2009 13:00:00,1,Yamaha YZF-R1 [2009],World Superbikes,
476,Rider,Ben Spies,51.51574478880683,0.8691468148729986,25/04/2009 13:00:00,2,Yamaha YZF-R1 [2009],World Superbikes,
476,Rider,Ben Spies,51.516626921632756,0.8675313797182834,08/05/2009 13:00:00,0,Yamaha YZF-R1 [2009],World Superbikes,
476,Rider,Ben Spies,51.51858953881896,0.8660525447031356,08/05/2009 13:00:00,1,Yamaha YZF-R1 [2009],World Superbikes,
476,Rider,Ben Spies,51.521398012771705,0.8647084420316681,09/05/2009 13:00:00,0,Yamaha YZF-R1 [2009],World Superbikes,
476,Rider,Ben Spies,51.52406079799187,0.8634830649074792,09/05/2009 13:00:00,1,Yamaha YZF-R1 [2009],World Superbikes,
476,Rider,Ben Spies,51.52741808035047,0.8623855742189165,09/05/2009 13:00:00,2,Yamaha YZF-R1 [2009],World Superbikes,
476,Rider,Ben Spies,51.52994155254601,0.8613498007059719,15/05/2009 13:00:00,0,Yamaha YZF-R1 [2009],World Superbikes,
476,Rider,Ben Spies,51.532571671283286,0.8604357694408084,15/05/2009 13:00:00,1,Yamaha YZF-R1 [2009],World Superbikes,
476,Rider,Ben Spies,51.53614185386533,0.8596545271564052,16/05/2009 13:00:00,0,Yamaha YZF-R1 [2009],World Superbikes,
476,Rider,Ben Spies,51.53856218556681,0.8589495065904482,16/05/2009 13:00:00,1,Yamaha YZF-R1 [2009],World Superbikes,
476,Rider,Ben Spies,51.53985778171404,0.8583206827768307,16/05/2009 13:00:00,2,Yamaha YZF-R1 [2009],World Superbikes,
476,Rider,Ben Spies,51.540163432152,0.85776003534741,29/05/2009 13:00:00,0,Yamaha YZF-R1 [2009],World Superbikes,
476,Rider,Ben Spies,51.540210397918045,0.8573137284059935,29/05/2009 13:00:00,1,Yamaha YZF-R1 [2009],World Superbikes,
476,Rider,Ben Spies,51.54041157759042,0.8569903318379899,30/05/2009 13:00:00,0,Yamaha YZF-R1 [2009],World Superbikes,
476,Rider,Ben Spies,51.540452881549285,0.8567834834404042,30/05/2009 13:00:00,1,Yamaha YZF-R1 [2009],World Superbikes,
476,Rider,Ben Spies,51.5395054642796,0.8566469145859242,30/05/2009 13:00:00,2,Yamaha YZF-R1 [2009],World Superbikes,
476,Rider,Ben Spies,51.53785835274614,0.8565655352083461,19/06/2009 13:00:00,0,Yamaha YZF-R1 [2009],World Superbikes,
476,Rider,Ben Spies,51.53594299426426,0.8565972884650972,19/06/2009 13:00:00,1,Yamaha YZF-R1 [2009],World Superbikes,
476,Rider,Ben Spies,51.536419144346844,0.8567667350462752,20/06/2009 13:00:00,0,Yamaha YZF-R1 [2009],World Superbikes,
476,Rider,Ben Spies,51.53726852551516,0.8570629661101459,20/06/2009 13:00:00,1,Yamaha YZF-R1 [2009],World Superbikes,
476,Rider,Ben Spies,51.53779919685285,0.8574679770017083,20/06/2009 13:00:00,2,Yamaha YZF-R1 [2009],World Superbikes,
476,Rider,Ben Spies,51.538765993183176,0.8579830092130046,26/06/2009 13:00:00,0,Yamaha YZF-R1 [2009],World Superbikes,
476,Rider,Ben Spies,51.53989873813184,0.8586231506933353,26/06/2009 13:00:00,1,Yamaha YZF-R1 [2009],World Superbikes,
476,Rider,Ben Spies,51.54102057342214,0.8593866843128312,27/06/2009 13:00:00,0,Yamaha YZF-R1 [2009],World Superbikes,
476,Rider,Ben Spies,51.54184412108892,0.8602648352136103,27/06/2009 13:00:00,1,Yamaha YZF-R1 [2009],World Superbikes,
476,Rider,Ben Spies,51.542431989315865,0.8612532615849565,27/06/2009 13:00:00,2,Yamaha YZF-R1 [2009],World Superbikes,
476,Rider,Ben Spies,51.54221331590505,0.8623029497750149,24/07/2009 13:00:00,0,Yamaha YZF-R1 [2009],World Superbikes,
476,Rider,Ben Spies,51.54257153831532,0.8634820075461802,24/07/2009 13:00:00,1,Yamaha YZF-R1 [2009],World Superbikes,
476,Rider,Ben Spies,51.541783316954984,0.8647399943131726,25/07/2009 13:00:00,0,Yamaha YZF-R1 [2009],World Superbikes,
476,Rider,Ben Spies,51.539922555515794,0.8660746315008071,25/07/2009 13:00:00,1,Yamaha YZF-R1 [2009],World Superbikes,
476,Rider,Ben Spies,51.537008907999514,0.8674851360428575,25/07/2009 13:00:00,2,Yamaha YZF-R1 [2009],World Superbikes,
476,Rider,Ben Spies,51.53316943425439,0.868961221589608,04/09/2009 13:00:00,0,Yamaha YZF-R1 [2009],World Superbikes,
476,Rider,Ben Spies,51.53165620391858,0.8705764944408764,04/09/2009 13:00:00,1,Yamaha YZF-R1 [2009],World Superbikes,
476,Rider,Ben Spies,51.52974810617061,0.8723081102013465,05/09/2009 13:00:00,0,Yamaha YZF-R1 [2009],World Superbikes,
476,Rider,Ben Spies,51.52904620754287,0.8741753398105262,05/09/2009 13:00:00,1,Yamaha YZF-R1 [2009],World Superbikes,
476,Rider,Ben Spies,51.52849744298687,0.8761689891500221,05/09/2009 13:00:00,2,Yamaha YZF-R1 [2009],World Superbikes,
476,Rider,Ben Spies,51.52927844123761,0.8782825141624281,25/09/2009 13:00:00,0,Yamaha YZF-R1 [2009],World Superbikes,
476,Rider,Ben Spies,51.530063356780744,0.880522279792162,26/09/2009 13:00:00,0,Yamaha YZF-R1 [2009],World Superbikes,
476,Rider,Ben Spies,51.53038315072882,0.8828780406067974,26/09/2009 13:00:00,1,Yamaha YZF-R1 [2009],World Superbikes,
476,Rider,Ben Spies,51.530286411406834,0.8853476764267894,26/09/2009 13:00:00,2,Yamaha YZF-R1 [2009],World Superbikes,
476,Rider,Ben Spies,51.52999692166116,0.8879252012800624,02/10/2009 13:00:00,0,Yamaha YZF-R1 [2009],World Superbikes,
476,Rider,Ben Spies,51.53011187004959,0.8906352964533171,02/10/2009 13:00:00,1,Yamaha YZF-R1 [2009],World Superbikes,
476,Rider,Ben Spies,51.5297840063904,0.8934651205142756,03/10/2009 13:00:00,0,Yamaha YZF-R1 [2009],World Superbikes,
476,Rider,Ben Spies,51.52948757317899,0.8964247521344196,03/10/2009 13:00:00,1,Yamaha YZF-R1 [2009],World Superbikes,
476,Rider,Ben Spies,51.52800961150865,0.8994675656097959,03/10/2009 13:00:00,2,Yamaha YZF-R1 [2009],World Superbikes,
476,Rider,Ben Spies,51.5254518812658,0.9025857285963428,23/10/2009 13:00:00,0,Yamaha YZF-R1 [2009],World Superbikes,
476,Rider,Ben Spies,51.52292491133259,0.9058355925379137,23/10/2009 13:00:00,1,Yamaha YZF-R1 [2009],World Superbikes,
476,Rider,Ben Spies,51.52224769439498,0.909231660504892,24/10/2009 13:00:00,0,Yamaha YZF-R1 [2009],World Superbikes,
476,Rider,Ben Spies,51.52171435920187,0.9127599131902464,24/10/2009 13:00:00,1,Yamaha YZF-R1 [2009],World Superbikes,
476,Rider,Ben Spies,51.519967779414934,0.9163744621857586,24/10/2009 13:00:00,2,Yamaha YZF-R1 [2009],World Superbikes,
477,Bike,Yamaha YZF-R1 [2009],23.642793665661827,0.9008437874086354,26/02/2009 13:00:00,0,,World Superbikes,
477,Bike,Yamaha YZF-R1 [2009],23.643201488337738,0.8972347002271407,27/02/2009 13:00:00,0,,World Superbikes,
477,Bike,Yamaha YZF-R1 [2009],23.643886245873883,0.8937688932979484,27/02/2009 13:00:00,1,,World Superbikes,
477,Bike,Yamaha YZF-R1 [2009],23.644567925585548,0.8904333924917679,27/02/2009 13:00:00,2,,World Superbikes,
477,Bike,Yamaha YZF-R1 [2009],23.646313019687323,0.8872355345378545,27/02/2009 13:00:00,3,,World Superbikes,
477,Bike,Yamaha YZF-R1 [2009],23.647108825547114,0.884109091509348,11/03/2009 13:00:00,0,,World Superbikes,
477,Bike,Yamaha YZF-R1 [2009],23.647450392938268,0.8810965505620172,12/03/2009 13:00:00,0,,World Superbikes,
477,Bike,Yamaha YZF-R1 [2009],23.64646067236965,0.8781911723364484,12/03/2009 13:00:00,1,,World Superbikes,
477,Bike,Yamaha YZF-R1 [2009],23.644275750593213,0.875381901486235,12/03/2009 13:00:00,2,,World Superbikes,
477,Bike,Yamaha YZF-R1 [2009],23.642290262867782,0.8727040116055323,12/03/2009 13:00:00,3,,World Superbikes,
477,Bike,Yamaha YZF-R1 [2009],23.639911333691174,0.87011636954859,03/04/2009 13:00:00,0,,World Superbikes,
477,Bike,Yamaha YZF-R1 [2009],23.637070933091163,0.8676568027277398,03/04/2009 13:00:00,1,,World Superbikes,
477,Bike,Yamaha YZF-R1 [2009],23.6344426411951,0.8653124299200481,04/04/2009 13:00:00,0,,World Superbikes,
477,Bike,Yamaha YZF-R1 [2009],23.63323860056148,0.863100841222242,04/04/2009 13:00:00,1,,World Superbikes,
477,Bike,Yamaha YZF-R1 [2009],23.631081552284897,0.8609627629412437,04/04/2009 13:00:00,2,,World Superbikes,
477,Bike,Yamaha YZF-R1 [2009],23.628114427611234,0.8588865873499417,24/04/2009 13:00:00,0,,World Superbikes,
477,Bike,Yamaha YZF-R1 [2009],23.625514261295802,0.856917284804012,24/04/2009 13:00:00,1,,World Superbikes,
477,Bike,Yamaha YZF-R1 [2009],23.62296395579449,0.8550820508666147,25/04/2009 13:00:00,0,,World Superbikes,
477,Bike,Yamaha YZF-R1 [2009],23.62191647768855,0.8533800524756416,25/04/2009 13:00:00,1,,World Superbikes,
477,Bike,Yamaha YZF-R1 [2009],23.62025264322371,0.8517812830896803,25/04/2009 13:00:00,2,,World Superbikes,
477,Bike,Yamaha YZF-R1 [2009],23.61896463688551,0.8502547238200212,08/05/2009 13:00:00,0,,World Superbikes,
477,Bike,Yamaha YZF-R1 [2009],23.617672098803492,0.8488504674284483,08/05/2009 13:00:00,1,,World Superbikes,
477,Bike,Yamaha YZF-R1 [2009],23.616488698920932,0.847576402491259,09/05/2009 13:00:00,0,,World Superbikes,
477,Bike,Yamaha YZF-R1 [2009],23.615110713784446,0.8464260066911473,09/05/2009 13:00:00,1,,World Superbikes,
477,Bike,Yamaha YZF-R1 [2009],23.614312326371316,0.8454016706762885,09/05/2009 13:00:00,2,,World Superbikes,
477,Bike,Yamaha YZF-R1 [2009],23.612680128795105,0.8444362789864517,15/05/2009 13:00:00,0,,World Superbikes,
477,Bike,Yamaha YZF-R1 [2009],23.610939725470388,0.8435740608550731,15/05/2009 13:00:00,1,,World Superbikes,
477,Bike,Yamaha YZF-R1 [2009],23.609352184361114,0.842809108701876,16/05/2009 13:00:00,0,,World Superbikes,
477,Bike,Yamaha YZF-R1 [2009],23.606471299716787,0.8421402485666176,16/05/2009 13:00:00,1,,World Superbikes,
477,Bike,Yamaha YZF-R1 [2009],23.602887115242474,0.8415709747178004,16/05/2009 13:00:00,2,,World Superbikes,
477,Bike,Yamaha YZF-R1 [2009],23.59951147277341,0.8410726656750214,29/05/2009 13:00:00,0,,World Superbikes,
477,Bike,Yamaha YZF-R1 [2009],23.596776589603948,0.8406637118950291,29/05/2009 13:00:00,1,,World Superbikes,
477,Bike,Yamaha YZF-R1 [2009],23.595087376929136,0.8403465263539073,30/05/2009 13:00:00,0,,World Superbikes,
477,Bike,Yamaha YZF-R1 [2009],23.59323828854081,0.8401420041418671,30/05/2009 13:00:00,1,,World Superbikes,
477,Bike,Yamaha YZF-R1 [2009],23.590400478923918,0.8400048242986606,30/05/2009 13:00:00,2,,World Superbikes,
477,Bike,Yamaha YZF-R1 [2009],23.58686297504327,0.8399202004297034,19/06/2009 13:00:00,0,,World Superbikes,
477,Bike,Yamaha YZF-R1 [2009],23.583748365238296,0.8399565535596967,19/06/2009 13:00:00,1,,World Superbikes,
477,Bike,Yamaha YZF-R1 [2009],23.58103117634402,0.8401243302934898,20/06/2009 13:00:00,0,,World Superbikes,
477,Bike,Yamaha YZF-R1 [2009],23.57845381806836,0.8404185596552103,20/06/2009 13:00:00,1,,World Superbikes,
477,Bike,Yamaha YZF-R1 [2009],23.57643016440903,0.8408262231627072,20/06/2009 13:00:00,2,,World Superbikes,
477,Bike,Yamaha YZF-R1 [2009],23.574842635742332,0.8413401634774887,26/06/2009 13:00:00,0,,World Superbikes,
477,Bike,Yamaha YZF-R1 [2009],23.5726594284419,0.841980094590315,26/06/2009 13:00:00,1,,World Superbikes,
477,Bike,Yamaha YZF-R1 [2009],23.570335857080696,0.8427439158425836,27/06/2009 13:00:00,0,,World Superbikes,
477,Bike,Yamaha YZF-R1 [2009],23.56755277522177,0.8436293653089934,27/06/2009 13:00:00,1,,World Superbikes,
477,Bike,Yamaha YZF-R1 [2009],23.564806872294284,0.844629734201211,27/06/2009 13:00:00,2,,World Superbikes,
477,Bike,Yamaha YZF-R1 [2009],23.561254427729043,0.8456886514389671,24/07/2009 13:00:00,0,,World Superbikes,
477,Bike,Yamaha YZF-R1 [2009],23.55842477950958,0.8468717680757083,24/07/2009 13:00:00,1,,World Superbikes,
477,Bike,Yamaha YZF-R1 [2009],23.555407937118204,0.8481588228323116,25/07/2009 13:00:00,0,,World Superbikes,
477,Bike,Yamaha YZF-R1 [2009],23.551952688008445,0.8495495522040577,25/07/2009 13:00:00,1,,World Superbikes,
477,Bike,Yamaha YZF-R1 [2009],23.547594697548533,0.8510403443774531,25/07/2009 13:00:00,2,,World Superbikes,
477,Bike,Yamaha YZF-R1 [2009],23.543703631869402,0.852604134626192,04/09/2009 13:00:00,0,,World Superbikes,
477,Bike,Yamaha YZF-R1 [2009],23.539847730069344,0.8542955257974029,04/09/2009 13:00:00,1,,World Superbikes,
477,Bike,Yamaha YZF-R1 [2009],23.535591084501906,0.8561088578024948,05/09/2009 13:00:00,0,,World Superbikes,
477,Bike,Yamaha YZF-R1 [2009],23.531494933709823,0.8580538494904151,05/09/2009 13:00:00,1,,World Superbikes,
477,Bike,Yamaha YZF-R1 [2009],23.527548763839985,0.8601256886138274,05/09/2009 13:00:00,2,,World Superbikes,
477,Bike,Yamaha YZF-R1 [2009],23.5249323567769,0.8623137701234193,25/09/2009 13:00:00,0,,World Superbikes,
477,Bike,Yamaha YZF-R1 [2009],23.522866469932445,0.8646283284006862,26/09/2009 13:00:00,0,,World Superbikes,
477,Bike,Yamaha YZF-R1 [2009],23.52093849750592,0.8670670165046882,26/09/2009 13:00:00,1,,World Superbikes,
477,Bike,Yamaha YZF-R1 [2009],23.520018719274635,0.8696120345443167,26/09/2009 13:00:00,2,,World Superbikes,
477,Bike,Yamaha YZF-R1 [2009],23.51890619061967,0.8722616836553448,02/10/2009 13:00:00,0,,World Superbikes,
477,Bike,Yamaha YZF-R1 [2009],23.51818118181657,0.8750446035630322,02/10/2009 13:00:00,1,,World Superbikes,
477,Bike,Yamaha YZF-R1 [2009],23.517511187664308,0.8779561577474627,03/10/2009 13:00:00,0,,World Superbikes,
477,Bike,Yamaha YZF-R1 [2009],23.517665376636838,0.8809980917921465,03/10/2009 13:00:00,1,,World Superbikes,
477,Bike,Yamaha YZF-R1 [2009],23.517971856388055,0.8841447322575414,03/10/2009 13:00:00,2,,World Superbikes,
477,Bike,Yamaha YZF-R1 [2009],23.517198567566783,0.8873642428105657,23/10/2009 13:00:00,0,,World Superbikes,
477,Bike,Yamaha YZF-R1 [2009],23.517441489456186,0.8907071561650551,23/10/2009 13:00:00,1,,World Superbikes,
477,Bike,Yamaha YZF-R1 [2009],23.519563980948245,0.8941752528195962,24/10/2009 13:00:00,0,,World Superbikes,
477,Bike,Yamaha YZF-R1 [2009],23.521830354184804,0.8977721592265342,24/10/2009 13:00:00,1,,World Superbikes,
477,Bike,Yamaha YZF-R1 [2009],23.52288348282752,0.9014528321511245,24/10/2009 13:00:00,2,,World Superbikes,
478,Bike,Ducati 1098 RS 09 [2009],27.971296569727475,1.2694176783920323,26/02/2009 13:00:00,0,,World Superbikes,
478,Bike,Ducati 1098 RS 09 [2009],27.97177622528677,1.2670396168989289,27/02/2009 13:00:00,0,,World Superbikes,
478,Bike,Ducati 1098 RS 09 [2009],27.971599580506417,1.2648831780982825,27/02/2009 13:00:00,1,,World Superbikes,
478,Bike,Ducati 1098 RS 09 [2009],27.972140147350864,1.262946538861265,27/02/2009 13:00:00,2,,World Superbikes,
478,Bike,Ducati 1098 RS 09 [2009],27.97030224079915,1.2611844397991745,27/02/2009 13:00:00,3,,World Superbikes,
478,Bike,Ducati 1098 RS 09 [2009],27.969951052466726,1.2595638705690921,11/03/2009 13:00:00,0,,World Superbikes,
478,Bike,Ducati 1098 RS 09 [2009],27.969316252996084,1.258166219486424,12/03/2009 13:00:00,0,,World Superbikes,
478,Bike,Ducati 1098 RS 09 [2009],27.96892219021489,1.256993632541513,12/03/2009 13:00:00,1,,World Superbikes,
478,Bike,Ducati 1098 RS 09 [2009],27.969284958236567,1.256042643276636,12/03/2009 13:00:00,2,,World Superbikes,
478,Bike,Ducati 1098 RS 09 [2009],27.970440613873116,1.2553044884652538,03/04/2009 13:00:00,0,,World Superbikes,
478,Bike,Ducati 1098 RS 09 [2009],27.97179616443957,1.254790192748652,03/04/2009 13:00:00,1,,World Superbikes,
478,Bike,Ducati 1098 RS 09 [2009],27.97125942882123,1.2544684272906175,04/04/2009 13:00:00,0,,World Superbikes,
478,Bike,Ducati 1098 RS 09 [2009],27.970470658768882,1.2543667696977554,04/04/2009 13:00:00,1,,World Superbikes,
478,Bike,Ducati 1098 RS 09 [2009],27.968305913854085,1.2544686474766915,04/04/2009 13:00:00,2,,World Superbikes,
478,Bike,Ducati 1098 RS 09 [2009],27.9646279538848,1.2547440182605887,24/04/2009 13:00:00,0,,World Superbikes,
478,Bike,Ducati 1098 RS 09 [2009],27.96012221423551,1.25523803916677,24/04/2009 13:00:00,1,,World Superbikes,
478,Bike,Ducati 1098 RS 09 [2009],27.95316563840952,1.2559084414758581,25/04/2009 13:00:00,0,,World Superbikes,
478,Bike,Ducati 1098 RS 09 [2009],27.946144692358843,1.25680010478845,25/04/2009 13:00:00,1,,World Superbikes,
478,Bike,Ducati 1098 RS 09 [2009],27.93980665532097,1.2579041075643895,08/05/2009 13:00:00,0,,World Superbikes,
478,Bike,Ducati 1098 RS 09 [2009],27.93484589052036,1.259230020173702,08/05/2009 13:00:00,1,,World Superbikes,
478,Bike,Ducati 1098 RS 09 [2009],27.929941823991726,1.2607789287760283,09/05/2009 13:00:00,0,,World Superbikes,
478,Bike,Ducati 1098 RS 09 [2009],27.9255104678036,1.2625482135702155,09/05/2009 13:00:00,1,,World Superbikes,
478,Bike,Ducati 1098 RS 09 [2009],27.922022149771042,1.2645280709052655,29/05/2009 13:00:00,0,,World Superbikes,
478,Bike,Ducati 1098 RS 09 [2009],27.920060074504295,1.2667172647749305,29/05/2009 13:00:00,1,,World Superbikes,
478,Bike,Ducati 1098 RS 09 [2009],27.918186075668217,1.2691319150824993,30/05/2009 13:00:00,0,,World Superbikes,
479,Bike,BMW S1000 RR [2009],22.769572356884602,0.914938889057778,26/02/2009 13:00:00,0,,World Superbikes,
479,Bike,BMW S1000 RR [2009],22.769828626709625,0.9113945448946394,27/02/2009 13:00:00,0,,World Superbikes,
479,Bike,BMW S1000 RR [2009],22.768992809903352,0.9079983270780124,27/02/2009 13:00:00,1,,World Superbikes,
479,Bike,BMW S1000 RR [2009],22.769589198687857,0.9047339089106398,11/03/2009 13:00:00,0,,World Superbikes,
479,Bike,BMW S1000 RR [2009],22.770477597137322,0.9016193418857469,12/03/2009 13:00:00,0,,World Superbikes,
479,Bike,BMW S1000 RR [2009],22.770955241405154,0.8986538441139655,12/03/2009 13:00:00,1,,World Superbikes,
479,Bike,BMW S1000 RR [2009],22.770470324060632,0.895834006837921,12/03/2009 13:00:00,2,,World Superbikes,
479,Bike,BMW S1000 RR [2009],22.77160500970132,0.893131944634361,03/04/2009 13:00:00,0,,World Superbikes,
479,Bike,BMW S1000 RR [2009],22.7732234432969,0.8905759546419904,03/04/2009 13:00:00,1,,World Superbikes,
479,Bike,BMW S1000 RR [2009],22.774097417598412,0.8881650090339022,04/04/2009 13:00:00,0,,World Superbikes,
479,Bike,BMW S1000 RR [2009],22.775717107395405,0.8858740671102514,04/04/2009 13:00:00,1,,World Superbikes,
479,Bike,BMW S1000 RR [2009],22.778837812893613,0.8837099611436314,24/04/2009 13:00:00,0,,World Superbikes,
479,Bike,BMW S1000 RR [2009],22.781968722362397,0.8816888474386657,24/04/2009 13:00:00,1,,World Superbikes,
479,Bike,BMW S1000 RR [2009],22.78519827393214,0.8798108193812161,25/04/2009 13:00:00,0,,World Superbikes,
479,Bike,BMW S1000 RR [2009],22.78836701617743,0.878046950233239,25/04/2009 13:00:00,1,,World Superbikes,
479,Bike,BMW S1000 RR [2009],22.792965548864508,0.876405736224622,08/05/2009 13:00:00,0,,World Superbikes,
479,Bike,BMW S1000 RR [2009],22.797523872728735,0.8749069910369623,08/05/2009 13:00:00,1,,World Superbikes,
479,Bike,BMW S1000 RR [2009],22.802681048223384,0.8735493601076787,09/05/2009 13:00:00,0,,World Superbikes,
479,Bike,BMW S1000 RR [2009],22.807462471060674,0.8723313708883691,09/05/2009 13:00:00,1,,World Superbikes,
479,Bike,BMW S1000 RR [2009],22.81263134121848,0.8712436698536861,15/05/2009 13:00:00,0,,World Superbikes,
479,Bike,BMW S1000 RR [2009],22.818122963467886,0.870266731091683,15/05/2009 13:00:00,1,,World Superbikes,
479,Bike,BMW S1000 RR [2009],22.82382142101989,0.8694111005099888,16/05/2009 13:00:00,0,,World Superbikes,
479,Bike,BMW S1000 RR [2009],22.828535124468132,0.8686932811178226,16/05/2009 13:00:00,1,,World Superbikes,
479,Bike,BMW S1000 RR [2009],22.83398274877795,0.8680963837724335,29/05/2009 13:00:00,0,,World Superbikes,
479,Bike,BMW S1000 RR [2009],22.839722349258793,0.8676397908227413,29/05/2009 13:00:00,1,,World Superbikes,
479,Bike,BMW S1000 RR [2009],22.847031209680573,0.8673152155342279,19/06/2009 13:00:00,0,,World Superbikes,
479,Bike,BMW S1000 RR [2009],22.853788659703856,0.8671321618160144,19/06/2009 13:00:00,1,,World Superbikes,
479,Bike,BMW S1000 RR [2009],22.858654538988034,0.8670738604379329,20/06/2009 13:00:00,0,,World Superbikes,
479,Bike,BMW S1000 RR [2009],22.863174614539304,0.8671458511768038,20/06/2009 13:00:00,1,,World Superbikes,
479,Bike,BMW S1000 RR [2009],22.869176064301303,0.867339796394577,26/06/2009 13:00:00,0,,World Superbikes,
479,Bike,BMW S1000 RR [2009],22.8756843154669,0.8676746710349171,26/06/2009 13:00:00,1,,World Superbikes,
479,Bike,BMW S1000 RR [2009],22.88213049230688,0.8681507397126432,27/06/2009 13:00:00,0,,World Superbikes,
479,Bike,BMW S1000 RR [2009],22.888658328964507,0.8687633520674506,27/06/2009 13:00:00,1,,World Superbikes,
479,Bike,BMW S1000 RR [2009],22.896769684238045,0.8694793742880293,24/07/2009 13:00:00,0,,World Superbikes,
479,Bike,BMW S1000 RR [2009],22.903676013658597,0.8703350181800926,24/07/2009 13:00:00,1,,World Superbikes,
479,Bike,BMW S1000 RR [2009],22.909767188259533,0.8713313850252297,25/07/2009 13:00:00,0,,World Superbikes,
479,Bike,BMW S1000 RR [2009],22.914524803014828,0.8724620336007577,25/07/2009 13:00:00,1,,World Superbikes,
479,Bike,BMW S1000 RR [2009],22.91779971075607,0.8737242593840611,25/07/2009 13:00:00,2,,World Superbikes,
479,Bike,BMW S1000 RR [2009],22.92116764666215,0.8750945806766411,04/09/2009 13:00:00,0,,World Superbikes,
479,Bike,BMW S1000 RR [2009],22.922499999644913,0.8765744106133992,04/09/2009 13:00:00,1,,World Superbikes,
479,Bike,BMW S1000 RR [2009],22.925249298604992,0.8781620606753642,05/09/2009 13:00:00,0,,World Superbikes,
479,Bike,BMW S1000 RR [2009],22.926508548236807,0.8798851079298391,05/09/2009 13:00:00,1,,World Superbikes,
479,Bike,BMW S1000 RR [2009],22.925540324098783,0.8817330292570237,05/09/2009 13:00:00,2,,World Superbikes,
479,Bike,BMW S1000 RR [2009],22.924362467672566,0.883699142483055,25/09/2009 13:00:00,0,,World Superbikes,
479,Bike,BMW S1000 RR [2009],22.923625370138225,0.885807667499352,26/09/2009 13:00:00,0,,World Superbikes,
479,Bike,BMW S1000 RR [2009],22.923481817875107,0.8880485690124664,26/09/2009 13:00:00,1,,World Superbikes,
479,Bike,BMW S1000 RR [2009],22.923099930040483,0.890428828283108,02/10/2009 13:00:00,0,,World Superbikes,
479,Bike,BMW S1000 RR [2009],22.922610443967955,0.8929492891339648,02/10/2009 13:00:00,1,,World Superbikes,
479,Bike,BMW S1000 RR [2009],22.921510348477707,0.8956129940819073,03/10/2009 13:00:00,0,,World Superbikes,
479,Bike,BMW S1000 RR [2009],22.920470437656,0.8984194032243596,03/10/2009 13:00:00,1,,World Superbikes,
479,Bike,BMW S1000 RR [2009],22.91883208165272,0.9013535801809504,03/10/2009 13:00:00,2,,World Superbikes,
479,Bike,BMW S1000 RR [2009],22.918535725404425,0.9043726373118942,23/10/2009 13:00:00,0,,World Superbikes,
479,Bike,BMW S1000 RR [2009],22.91803355671587,0.9075396290904145,23/10/2009 13:00:00,1,,World Superbikes,
479,Bike,BMW S1000 RR [2009],22.91751325644382,0.9108541327122871,24/10/2009 13:00:00,0,,World Superbikes,
479,Bike,BMW S1000 RR [2009],22.917338750879892,0.9143055904224006,24/10/2009 13:00:00,1,,World Superbikes,
479,Bike,BMW S1000 RR [2009],22.91623467010844,0.9179017154154927,24/10/2009 13:00:00,2,,World Superbikes,
480,Bike,Kawasaki ZX 10R [2009],27.752262492070344,0.9675159176686953,26/02/2009 13:00:00,0,,World Superbikes,
480,Bike,Kawasaki ZX 10R [2009],27.75330640844999,0.9641818153937808,27/02/2009 13:00:00,0,,World Superbikes,
480,Bike,Kawasaki ZX 10R [2009],27.755124402372186,0.9609956576788589,27/02/2009 13:00:00,1,,World Superbikes,
480,Bike,Kawasaki ZX 10R [2009],27.75630965359391,0.957965091913329,27/02/2009 13:00:00,2,,World Superbikes,
480,Bike,Kawasaki ZX 10R [2009],27.758470172607684,0.9550229978694228,11/03/2009 13:00:00,0,,World Superbikes,
480,Bike,Kawasaki ZX 10R [2009],27.76153591649172,0.9522269767566326,12/03/2009 13:00:00,0,,World Superbikes,
480,Bike,Kawasaki ZX 10R [2009],27.76510129410448,0.9495797701043743,12/03/2009 13:00:00,1,,World Superbikes,
480,Bike,Kawasaki ZX 10R [2009],27.76572399538418,0.9470832053594029,12/03/2009 13:00:00,2,,World Superbikes,
480,Bike,Kawasaki ZX 10R [2009],27.76592879334028,0.944733400840316,03/04/2009 13:00:00,0,,World Superbikes,
480,Bike,Kawasaki ZX 10R [2009],27.766654261580726,0.9425340091239683,03/04/2009 13:00:00,1,,World Superbikes,
480,Bike,Kawasaki ZX 10R [2009],27.767879599199876,0.9404834126854812,04/04/2009 13:00:00,0,,World Superbikes,
480,Bike,Kawasaki ZX 10R [2009],27.768007971973283,0.938587054101846,04/04/2009 13:00:00,1,,World Superbikes,
480,Bike,Kawasaki ZX 10R [2009],27.767723691559457,0.9368326344730504,24/04/2009 13:00:00,0,,World Superbikes,
480,Bike,Kawasaki ZX 10R [2009],27.768247699111736,0.9352131945498037,24/04/2009 13:00:00,1,,World Superbikes,
480,Bike,Kawasaki ZX 10R [2009],27.769595213658807,0.9337277094196483,08/05/2009 13:00:00,0,,World Superbikes,
480,Bike,Kawasaki ZX 10R [2009],27.770941732682633,0.9323945633749687,08/05/2009 13:00:00,1,,World Superbikes,
480,Bike,Kawasaki ZX 10R [2009],27.772998637817622,0.931202256132911,09/05/2009 13:00:00,0,,World Superbikes,
480,Bike,Kawasaki ZX 10R [2009],27.774882132342974,0.9301561279649081,09/05/2009 13:00:00,1,,World Superbikes,
480,Bike,Kawasaki ZX 10R [2009],27.776262067311794,0.9292520289553664,15/05/2009 13:00:00,0,,World Superbikes,
480,Bike,Kawasaki ZX 10R [2009],27.777237309686182,0.9284960894526526,15/05/2009 13:00:00,1,,World Superbikes,
480,Bike,Kawasaki ZX 10R [2009],27.777629201913868,0.927886812129853,16/05/2009 13:00:00,0,,World Superbikes,
480,Bike,Kawasaki ZX 10R [2009],27.778150172040135,0.9274137719836488,16/05/2009 13:00:00,1,,World Superbikes,
480,Bike,Kawasaki ZX 10R [2009],27.777272696623875,0.9270814365208938,29/05/2009 13:00:00,0,,World Superbikes,
480,Bike,Kawasaki ZX 10R [2009],27.775938237234374,0.9268961102998379,29/05/2009 13:00:00,1,,World Superbikes,
480,Bike,Kawasaki ZX 10R [2009],27.774177114692357,0.9268608982060436,30/05/2009 13:00:00,0,,World Superbikes,
480,Bike,Kawasaki ZX 10R [2009],27.77148312901923,0.9269621481508902,30/05/2009 13:00:00,1,,World Superbikes,
480,Bike,Kawasaki ZX 10R [2009],27.767937192906118,0.9272030695117267,30/05/2009 13:00:00,2,,World Superbikes,
480,Bike,Kawasaki ZX 10R [2009],27.765058447187283,0.9275415421984026,19/06/2009 13:00:00,0,,World Superbikes,
480,Bike,Kawasaki ZX 10R [2009],27.76190094244704,0.9280268418820667,19/06/2009 13:00:00,1,,World Superbikes,
480,Bike,Kawasaki ZX 10R [2009],27.757520900900595,0.9286586786066543,20/06/2009 13:00:00,0,,World Superbikes,
480,Bike,Kawasaki ZX 10R [2009],27.754577441706317,0.9294101268447378,26/06/2009 13:00:00,0,,World Superbikes,
480,Bike,Kawasaki ZX 10R [2009],27.752020810708295,0.9303030942842498,26/06/2009 13:00:00,1,,World Superbikes,
480,Bike,Kawasaki ZX 10R [2009],27.749802609250025,0.9313387427294582,24/07/2009 13:00:00,0,,World Superbikes,
480,Bike,Kawasaki ZX 10R [2009],27.74742557779237,0.9325238793498329,24/07/2009 13:00:00,1,,World Superbikes,
480,Bike,Kawasaki ZX 10R [2009],27.744548701111636,0.9338609448189373,25/07/2009 13:00:00,0,,World Superbikes,
480,Bike,Kawasaki ZX 10R [2009],27.741015151868286,0.9353370138810213,25/07/2009 13:00:00,1,,World Superbikes,
480,Bike,Kawasaki ZX 10R [2009],27.737031052219116,0.9369614320471802,04/09/2009 13:00:00,0,,World Superbikes,
480,Bike,Kawasaki ZX 10R [2009],27.73362107736557,0.9387298382993825,04/09/2009 13:00:00,1,,World Superbikes,
480,Bike,Kawasaki ZX 10R [2009],27.73023703219093,0.9406473392429072,05/09/2009 13:00:00,0,,World Superbikes,
480,Bike,Kawasaki ZX 10R [2009],27.725737826715754,0.9427175891648889,05/09/2009 13:00:00,1,,World Superbikes,
480,Bike,Kawasaki ZX 10R [2009],27.72131350151431,0.9449227182981824,25/09/2009 13:00:00,0,,World Superbikes,
480,Bike,Kawasaki ZX 10R [2009],27.71767325875576,0.9472735921739497,26/09/2009 13:00:00,0,,World Superbikes,
480,Bike,Kawasaki ZX 10R [2009],27.71425202271373,0.9497674355283064,02/10/2009 13:00:00,0,,World Superbikes,
480,Bike,Kawasaki ZX 10R [2009],27.71084415279211,0.9524114639708573,02/10/2009 13:00:00,1,,World Superbikes,
480,Bike,Kawasaki ZX 10R [2009],27.708134519753656,0.9552016419046445,03/10/2009 13:00:00,0,,World Superbikes,
480,Bike,Kawasaki ZX 10R [2009],27.70666958899304,0.9581084446048739,23/10/2009 13:00:00,0,,World Superbikes,
480,Bike,Kawasaki ZX 10R [2009],27.704883028587712,0.9611730495280684,23/10/2009 13:00:00,1,,World Superbikes,
480,Bike,Kawasaki ZX 10R [2009],27.70283599629492,0.9643911463459974,24/10/2009 13:00:00,0,,World Superbikes,
480,Bike,Kawasaki ZX 10R [2009],27.701565570452303,0.9677453821548151,24/10/2009 13:00:00,1,,World Superbikes,
481,Rider,David Salom,27.985026456253642,0.8101491937656571,26/02/2009 13:00:00,0,Kawasaki ZX 10R [2009],World Superbikes,
481,Rider,David Salom,27.985348579678725,0.8060758745024147,27/02/2009 13:00:00,0,Kawasaki ZX 10R [2009],World Superbikes,
481,Rider,David Salom,27.98601005518504,0.8021196846136367,11/03/2009 13:00:00,0,Kawasaki ZX 10R [2009],World Superbikes,
481,Rider,David Salom,27.986981360098305,0.7982809900895073,12/03/2009 13:00:00,0,Kawasaki ZX 10R [2009],World Superbikes,
481,Rider,David Salom,27.988078507186582,0.7945591306873624,03/04/2009 13:00:00,0,Kawasaki ZX 10R [2009],World Superbikes,
481,Rider,David Salom,27.98870362896,0.7909564685213338,03/04/2009 13:00:00,1,Kawasaki ZX 10R [2009],World Superbikes,
481,Rider,David Salom,27.988731713673268,0.7874718372586985,24/04/2009 13:00:00,0,Kawasaki ZX 10R [2009],World Superbikes,
481,Rider,David Salom,27.988680596289594,0.7841009923269221,24/04/2009 13:00:00,1,Kawasaki ZX 10R [2009],World Superbikes,
481,Rider,David Salom,27.988944980735774,0.7808418336651614,08/05/2009 13:00:00,0,Kawasaki ZX 10R [2009],World Superbikes,
481,Rider,David Salom,27.989762623616333,0.7776938210743922,08/05/2009 13:00:00,1,Kawasaki ZX 10R [2009],World Superbikes,
481,Rider,David Salom,27.99191551249559,0.7746486729653251,15/05/2009 13:00:00,0,Kawasaki ZX 10R [2009],World Superbikes,
481,Rider,David Salom,27.99388789105879,0.7717128149291154,15/05/2009 13:00:00,1,Kawasaki ZX 10R [2009],World Superbikes,
481,Rider,David Salom,27.99608206848094,0.7688826856020716,16/05/2009 13:00:00,0,Kawasaki ZX 10R [2009],World Superbikes,
481,Rider,David Salom,27.9991445938096,0.7661412241207259,29/05/2009 13:00:00,0,Kawasaki ZX 10R [2009],World Superbikes,
481,Rider,David Salom,28.002521331226557,0.7635046074905506,29/05/2009 13:00:00,1,Kawasaki ZX 10R [2009],World Superbikes,
481,Rider,David Salom,28.005667730833043,0.7609762698286657,30/05/2009 13:00:00,0,Kawasaki ZX 10R [2009],World Superbikes,
481,Rider,David Salom,28.009050562744108,0.7585445072253824,19/06/2009 13:00:00,0,Kawasaki ZX 10R [2009],World Superbikes,
481,Rider,David Salom,28.012221063925836,0.7562189823246276,19/06/2009 13:00:00,1,Kawasaki ZX 10R [2009],World Superbikes,
481,Rider,David Salom,28.016529961622705,0.753991599829164,26/06/2009 13:00:00,0,Kawasaki ZX 10R [2009],World Superbikes,
481,Rider,David Salom,28.021138069907316,0.7518684775611792,26/06/2009 13:00:00,1,Kawasaki ZX 10R [2009],World Superbikes,
481,Rider,David Salom,28.025658101547663,0.7498516943533128,24/07/2009 13:00:00,0,Kawasaki ZX 10R [2009],World Superbikes,
481,Rider,David Salom,28.031082919868886,0.7479299323808138,24/07/2009 13:00:00,1,Kawasaki ZX 10R [2009],World Superbikes,
481,Rider,David Salom,28.036290086782273,0.746111740972276,04/09/2009 13:00:00,0,Kawasaki ZX 10R [2009],World Superbikes,
481,Rider,David Salom,28.04267176750162,0.7443871284490221,04/09/2009 13:00:00,1,Kawasaki ZX 10R [2009],World Superbikes,
481,Rider,David Salom,28.04968096040641,0.7427606939856349,25/09/2009 13:00:00,0,Kawasaki ZX 10R [2009],World Superbikes,
481,Rider,David Salom,28.058551518721615,0.7412173503860363,02/10/2009 13:00:00,0,Kawasaki ZX 10R [2009],World Superbikes,
481,Rider,David Salom,28.066386905331456,0.7397763654548746,02/10/2009 13:00:00,1,Kawasaki ZX 10R [2009],World Superbikes,
481,Rider,David Salom,28.074076128020153,0.7384340665176672,03/10/2009 13:00:00,0,Kawasaki ZX 10R [2009],World Superbikes,
481,Rider,David Salom,28.083270280368158,0.7371509457722552,23/10/2009 13:00:00,0,Kawasaki ZX 10R [2009],World Superbikes,
481,Rider,David Salom,28.092697828654345,0.7359650926377265,23/10/2009 13:00:00,1,Kawasaki ZX 10R [2009],World Superbikes,
481,Rider,David Salom,28.102916336302634,0.7348663188958519,23/02/2012 13:00:00,0,Kawasaki ZX-10R [2012],World Superbikes,
481,Rider,David Salom,28.112628084949478,0.7338682723102784,24/02/2012 13:00:00,0,Kawasaki ZX-10R [2012],World Superbikes,
481,Rider,David Salom,28.122019366480075,0.7329691327351431,30/03/2012 13:00:00,0,Kawasaki ZX-10R [2012],World Superbikes,
481,Rider,David Salom,28.131527873875118,0.7321656601134969,30/03/2012 13:00:00,1,Kawasaki ZX-10R [2012],World Superbikes,
481,Rider,David Salom,28.140838114486474,0.7314596087005851,20/04/2012 13:00:00,0,Kawasaki ZX-10R [2012],World Superbikes,
481,Rider,David Salom,28.14947074268678,0.7308530347275082,20/04/2012 13:00:00,1,Kawasaki ZX-10R [2012],World Superbikes,
481,Rider,David Salom,28.157073409161747,0.7303458872565796,21/04/2012 13:00:00,0,Kawasaki ZX-10R [2012],World Superbikes,
481,Rider,David Salom,28.163377636528022,0.729933436292879,04/05/2012 13:00:00,0,Kawasaki ZX-10R [2012],World Superbikes,
481,Rider,David Salom,28.16857900824336,0.729619970408535,04/05/2012 13:00:00,1,Kawasaki ZX-10R [2012],World Superbikes,
481,Rider,David Salom,28.172573167118294,0.7294057696098447,05/05/2012 13:00:00,0,Kawasaki ZX-10R [2012],World Superbikes,
481,Rider,David Salom,28.176633155199532,0.7292717735497406,26/05/2012 13:00:00,0,Kawasaki ZX-10R [2012],World Superbikes,
481,Rider,David Salom,28.179860531049528,0.7292358160191433,26/05/2012 13:00:00,1,Kawasaki ZX-10R [2012],World Superbikes,
481,Rider,David Salom,28.183038119568046,0.7292951480693289,08/06/2012 13:00:00,0,Kawasaki ZX-10R [2012],World Superbikes,
481,Rider,David Salom,28.186429148058423,0.7294499827965684,08/06/2012 13:00:00,1,Kawasaki ZX-10R [2012],World Superbikes,
481,Rider,David Salom,28.19063073268547,0.7296921982601453,29/06/2012 13:00:00,0,Kawasaki ZX-10R [2012],World Superbikes,
481,Rider,David Salom,28.195510214409172,0.7300207160663286,29/06/2012 13:00:00,1,Kawasaki ZX-10R [2012],World Superbikes,
481,Rider,David Salom,28.199997892841942,0.7304461371875547,20/07/2012 13:00:00,0,Kawasaki ZX-10R [2012],World Superbikes,
481,Rider,David Salom,28.2046656884302,0.7309632470954494,20/07/2012 13:00:00,1,Kawasaki ZX-10R [2012],World Superbikes,
481,Rider,David Salom,28.20725111748416,0.7315788179195836,21/07/2012 13:00:00,0,Kawasaki ZX-10R [2012],World Superbikes,
481,Rider,David Salom,28.208184530411092,0.7322908266692915,21/07/2012 13:00:00,1,Kawasaki ZX-10R [2012],World Superbikes,
481,Rider,David Salom,28.20982967951797,0.7330379091988303,03/08/2012 13:00:00,0,Kawasaki ZX-10R [2012],World Superbikes,
481,Rider,David Salom,28.212332722905725,0.7338629759689431,03/08/2012 13:00:00,1,Kawasaki ZX-10R [2012],World Superbikes,
481,Rider,David Salom,28.216262815225885,0.734745040736599,23/08/2012 13:00:00,0,Kawasaki ZX-10R [2012],World Superbikes,
481,Rider,David Salom,28.220916141729937,0.7357062411835729,24/08/2012 13:00:00,0,Kawasaki ZX-10R [2012],World Superbikes,
481,Rider,David Salom,28.224374617301383,0.7367684580938882,24/08/2012 13:00:00,1,Kawasaki ZX-10R [2012],World Superbikes,
481,Rider,David Salom,28.228900099956522,0.7378828603651995,21/09/2012 13:00:00,0,Kawasaki ZX-10R [2012],World Superbikes,
481,Rider,David Salom,28.232547316970766,0.7390974498228947,21/09/2012 13:00:00,1,Kawasaki ZX-10R [2012],World Superbikes,
481,Rider,David Salom,28.23538909511031,0.7404120447458589,22/09/2012 13:00:00,0,Kawasaki ZX-10R [2012],World Superbikes,
481,Rider,David Salom,28.23939683050278,0.7417799045265471,27/09/2013 13:00:00,0,Kawasaki ZX-10R [2013],World Superbikes,
481,Rider,David Salom,28.243724414718347,0.7432433237264814,27/09/2013 13:00:00,1,Kawasaki ZX-10R [2013],World Superbikes,
481,Rider,David Salom,28.2486125860501,0.7447990435736522,04/10/2013 13:00:00,0,Kawasaki ZX-10R [2013],World Superbikes,
481,Rider,David Salom,28.252978598503535,0.7464546211017107,04/10/2013 13:00:00,1,Kawasaki ZX-10R [2013],World Superbikes,
481,Rider,David Salom,28.259529697431294,0.7481811153543184,05/10/2013 13:00:00,0,Kawasaki ZX-10R [2013],World Superbikes,
481,Rider,David Salom,28.2664308877593,0.74999916921348,21/02/2014 13:00:00,0,Kawasaki ZX-10R [2014],World Superbikes,
481,Rider,David Salom,28.2721170731804,0.751891883373729,21/02/2014 13:00:00,1,Kawasaki ZX-10R [2014],World Superbikes,
481,Rider,David Salom,28.278664573457352,0.7538290192790547,12/04/2014 13:00:00,0,Kawasaki ZX-10R [2014],World Superbikes,
481,Rider,David Salom,28.284381915115087,0.7558529814215709,26/04/2014 13:00:00,0,Kawasaki ZX-10R [2014],World Superbikes,
481,Rider,David Salom,28.28933467603901,0.7579539659696632,10/05/2014 13:00:00,0,Kawasaki ZX-10R [2014],World Superbikes,
481,Rider,David Salom,28.293537767895444,0.760145063680839,23/05/2014 13:00:00,0,Kawasaki ZX-10R [2014],World Superbikes,
481,Rider,David Salom,28.2984250472019,0.7624182307607984,06/06/2014 13:00:00,0,Kawasaki ZX-10R [2014],World Superbikes,
481,Rider,David Salom,28.30185560778454,0.7647701437057187,06/06/2014 13:00:00,1,Kawasaki ZX-10R [2014],World Superbikes,
481,Rider,David Salom,28.306220045627605,0.7671692473172407,21/06/2014 13:00:00,0,Kawasaki ZX-10R [2014],World Superbikes,
481,Rider,David Salom,28.30981490865094,0.7696535554208819,05/07/2014 13:00:00,0,Kawasaki ZX-10R [2014],World Superbikes,
481,Rider,David Salom,28.311715004340382,0.7722023489866074,05/07/2014 13:00:00,1,Kawasaki ZX-10R [2014],World Superbikes,
481,Rider,David Salom,28.314707852345677,0.7748052128176645,12/07/2014 13:00:00,0,Kawasaki ZX-10R [2014],World Superbikes,
481,Rider,David Salom,28.317083344787875,0.777500178711172,06/09/2014 13:00:00,0,Kawasaki ZX-10R [2014],World Superbikes,
481,Rider,David Salom,28.318689619275982,0.7802859047163004,01/11/2014 13:00:00,0,Kawasaki ZX-10R [2014],World Superbikes,
481,Rider,David Salom,28.31891324389195,0.783145811207302,01/11/2014 13:00:00,1,Kawasaki ZX-10R [2014],World Superbikes,
481,Rider,David Salom,28.320050882578595,0.7860566503829177,20/03/2015 13:00:00,1,Kawasaki ZX-10R [2015],World Superbikes,
481,Rider,David Salom,28.320976514216422,0.7890459783147808,11/04/2015 13:00:00,1,Kawasaki ZX-10R [2015],World Superbikes,
481,Rider,David Salom,28.322729626956363,0.792083511267213,18/04/2015 13:00:00,0,Kawasaki ZX-10R [2015],World Superbikes,
481,Rider,David Salom,28.324539715276487,0.7952131130905151,09/05/2015 13:00:00,1,Kawasaki ZX-10R [2015],World Superbikes,
481,Rider,David Salom,28.325619606082352,0.798439097921665,22/05/2015 13:00:00,0,Kawasaki ZX-10R [2015],World Superbikes,
481,Rider,David Salom,28.32475115970502,0.8017532360234317,22/05/2015 13:00:00,1,Kawasaki ZX-10R [2015],World Superbikes,
481,Rider,David Salom,28.323213659190696,0.8051645507178022,06/06/2015 13:00:00,1,Kawasaki ZX-10R [2015],World Superbikes,
481,Rider,David Salom,28.322450249554528,0.8086240773064804,20/06/2015 13:00:00,0,Kawasaki ZX-10R [2015],World Superbikes,
481,Rider,David Salom,28.323091384552917,0.8121483438432677,18/07/2015 13:00:00,1,Kawasaki ZX-10R [2015],World Superbikes,
481,Rider,David Salom,28.32357239869004,0.8157591789908348,31/07/2015 13:00:00,0,Kawasaki ZX-10R [2015],World Superbikes,
481,Rider,David Salom,28.324370212104732,0.8194631214175367,19/09/2015 13:00:00,0,Kawasaki ZX-10R [2015],World Superbikes,
481,Rider,David Salom,28.323467922014096,0.8232611345234604,19/09/2015 13:00:00,1,Kawasaki ZX-10R [2015],World Superbikes,
481,Rider,David Salom,28.323125094704277,0.8271033311465441,03/10/2015 13:00:00,0,Kawasaki ZX-10R [2015],World Superbikes,
481,Rider,David Salom,28.32453575162499,0.8310221087761844,17/10/2015 13:00:00,0,Kawasaki ZX-10R [2015],World Superbikes,
481,Rider,David Salom,28.323340708022503,0.8350292597953333,17/10/2015 13:00:00,1,Kawasaki ZX-10R [2015],World Superbikes,
482,Rider,Brendan Roberts,25.374315008718895,1.6882959504189283,26/02/2009 13:00:00,0,Ducati 1098R [2009],World Superbikes,
482,Rider,Brendan Roberts,25.37490952554364,1.6867046153290701,27/02/2009 13:00:00,0,Ducati 1098R [2009],World Superbikes,
482,Rider,Brendan Roberts,25.37535183181492,1.6854168575568633,11/03/2009 13:00:00,0,Ducati 1098R [2009],World Superbikes,
482,Rider,Brendan Roberts,25.37714951183598,1.6844133935478887,12/03/2009 13:00:00,0,Ducati 1098R [2009],World Superbikes,
482,Rider,Brendan Roberts,25.379645045509,1.6837021348432197,03/04/2009 13:00:00,0,Ducati 1098R [2009],World Superbikes,
482,Rider,Brendan Roberts,25.38150849400942,1.6832950645455325,03/04/2009 13:00:00,1,Ducati 1098R [2009],World Superbikes,
482,Rider,Brendan Roberts,25.381557555582773,1.6831928592524736,04/04/2009 13:00:00,0,Ducati 1098R [2009],World Superbikes,
482,Rider,Brendan Roberts,25.37896815658161,1.6833844839759333,04/04/2009 13:00:00,1,Ducati 1098R [2009],World Superbikes,
482,Rider,Brendan Roberts,25.376985854718868,1.6838244028171843,24/04/2009 13:00:00,0,Ducati 1098R [2009],World Superbikes,
482,Rider,Brendan Roberts,25.37548926145479,1.6845583365570334,24/04/2009 13:00:00,1,Ducati 1098R [2009],World Superbikes,
482,Rider,Brendan Roberts,25.373162341909733,1.685593759608802,25/04/2009 13:00:00,0,Ducati 1098R [2009],World Superbikes,
482,Rider,Brendan Roberts,25.37116199145488,1.6869016887144754,08/05/2009 13:00:00,0,Ducati 1098R [2009],World Superbikes,
482,Rider,Brendan Roberts,25.370622986455025,1.6884918060979606,08/05/2009 13:00:00,1,Ducati 1098R [2009],World Superbikes,
483,Rider,Matteo Baiocco,24.73459524259369,0.8650991540667395,26/02/2009 13:00:00,0,Kawasaki ZX 10R [2009],World Superbikes,
483,Rider,Matteo Baiocco,24.73536743573085,0.8613009278899101,27/02/2009 13:00:00,0,Kawasaki ZX 10R [2009],World Superbikes,
483,Rider,Matteo Baiocco,24.7377892535965,0.8575887141425379,11/03/2009 13:00:00,0,Kawasaki ZX 10R [2009],World Superbikes,
483,Rider,Matteo Baiocco,24.741660321397948,0.8539659915827537,12/03/2009 13:00:00,0,Kawasaki ZX 10R [2009],World Superbikes,
483,Rider,Matteo Baiocco,24.746456975183452,0.8504501857713103,03/04/2009 13:00:00,0,Kawasaki ZX 10R [2009],World Superbikes,
483,Rider,Matteo Baiocco,24.75279288407207,0.8470389579340819,03/04/2009 13:00:00,1,Kawasaki ZX 10R [2009],World Superbikes,
483,Rider,Matteo Baiocco,24.75990351662803,0.8437466053707902,24/04/2009 13:00:00,0,Kawasaki ZX 10R [2009],World Superbikes,
483,Rider,Matteo Baiocco,24.76799756271359,0.8405682962989454,24/04/2009 13:00:00,1,Kawasaki ZX 10R [2009],World Superbikes,
483,Rider,Matteo Baiocco,24.776595669837995,0.8375097106299998,08/05/2009 13:00:00,0,Kawasaki ZX 10R [2009],World Superbikes,
483,Rider,Matteo Baiocco,24.784121762602275,0.8345804818147754,08/05/2009 13:00:00,1,Kawasaki ZX 10R [2009],World Superbikes,
483,Rider,Matteo Baiocco,24.793902554874002,0.8317389539211218,19/06/2009 13:00:00,0,Kawasaki ZX 10R [2009],World Superbikes,
483,Rider,Matteo Baiocco,24.803666552308307,0.8290186851920736,19/06/2009 13:00:00,1,Kawasaki ZX 10R [2009],World Superbikes,
483,Rider,Matteo Baiocco,24.811242015594107,0.8264283703063949,04/09/2009 13:00:00,0,Ducati 1098R [2009],World Superbikes,
483,Rider,Matteo Baiocco,24.818155237291375,0.823966306040162,04/09/2009 13:00:00,1,Ducati 1098R [2009],World Superbikes,
483,Rider,Matteo Baiocco,24.825420667831008,0.8216286700232932,25/09/2009 13:00:00,0,Ducati 1098R [2009],World Superbikes,
483,Rider,Matteo Baiocco,24.833240505321236,0.8194106026255533,02/10/2009 13:00:00,0,Ducati 1098R [2009],World Superbikes,
483,Rider,Matteo Baiocco,24.84297994239208,0.817301105950358,02/10/2009 13:00:00,1,Ducati 1098R [2009],World Superbikes,
483,Rider,Matteo Baiocco,24.85333875948157,0.8153099619389584,03/10/2009 13:00:00,0,Ducati 1098R [2009],World Superbikes,
483,Rider,Matteo Baiocco,24.864224112922933,0.8134278722389138,23/10/2009 13:00:00,0,Ducati 1098R [2009],World Superbikes,
483,Rider,Matteo Baiocco,24.875345335355323,0.811666459080607,23/10/2009 13:00:00,1,Ducati 1098R [2009],World Superbikes,
483,Rider,Matteo Baiocco,24.88653301177432,0.8100250858788288,24/10/2009 13:00:00,0,Ducati 1098R [2009],World Superbikes,
483,Rider,Matteo Baiocco,24.897023070459408,0.8085023804569224,24/10/2009 13:00:00,1,Ducati 1098R [2009],World Superbikes,
483,Rider,Matteo Baiocco,24.908708069299838,0.8070469936547048,25/02/2010 13:00:00,0,Kawasaki ZX 10R [2010],World Superbikes,
483,Rider,Matteo Baiocco,24.92079299850369,0.8056804191765117,26/02/2010 13:00:00,0,Kawasaki ZX 10R [2010],World Superbikes,
483,Rider,Matteo Baiocco,24.933135717712737,0.8043959286850602,26/03/2010 13:00:00,0,Kawasaki ZX 10R [2010],World Superbikes,
483,Rider,Matteo Baiocco,24.945123229595712,0.8032002849468435,26/03/2010 13:00:00,1,Kawasaki ZX 10R [2010],World Superbikes,
483,Rider,Matteo Baiocco,24.956780461369107,0.8020935738241992,09/04/2010 13:00:00,0,Kawasaki ZX 10R [2010],World Superbikes,
483,Rider,Matteo Baiocco,24.967185584372178,0.8010858626057575,09/04/2010 13:00:00,1,Kawasaki ZX 10R [2010],World Superbikes,
483,Rider,Matteo Baiocco,24.97688205336673,0.8001744441760855,23/04/2010 13:00:00,0,Kawasaki ZX 10R [2010],World Superbikes,
483,Rider,Matteo Baiocco,24.985063588941692,0.7993589875212509,23/04/2010 13:00:00,1,Kawasaki ZX 10R [2010],World Superbikes,
483,Rider,Matteo Baiocco,24.99315606477363,0.7986172961359769,07/05/2010 13:00:00,0,Kawasaki ZX 10R [2010],World Superbikes,
483,Rider,Matteo Baiocco,24.999847362286452,0.7979765957577545,07/05/2010 13:00:00,1,Kawasaki ZX 10R [2010],World Superbikes,
483,Rider,Matteo Baiocco,25.005069538307293,0.7974327750629161,08/05/2010 13:00:00,0,Kawasaki ZX 10R [2010],World Superbikes,
483,Rider,Matteo Baiocco,25.010500073466247,0.7969005033287814,14/05/2010 13:00:00,0,Kawasaki ZX 10R [2010],World Superbikes,
483,Rider,Matteo Baiocco,25.016775122916787,0.7964178692200529,14/05/2010 13:00:00,1,Kawasaki ZX 10R [2010],World Superbikes,
483,Rider,Matteo Baiocco,25.023991467342963,0.7959843912147477,29/05/2010 13:00:00,0,Kawasaki ZX 10R [2010],World Superbikes,
483,Rider,Matteo Baiocco,25.031884746271697,0.7955951567391651,29/05/2010 13:00:00,1,Kawasaki ZX 10R [2010],World Superbikes,
483,Rider,Matteo Baiocco,25.040591058179583,0.7952533568442663,25/06/2010 13:00:00,0,Kawasaki ZX 10R [2010],World Superbikes,
483,Rider,Matteo Baiocco,25.048718170890407,0.7950048697491813,25/06/2010 13:00:00,1,Kawasaki ZX 10R [2010],World Superbikes,
483,Rider,Matteo Baiocco,25.05758101124255,0.7948032233080783,09/07/2010 13:00:00,0,Kawasaki ZX 10R [2010],World Superbikes,
483,Rider,Matteo Baiocco,25.06636972751919,0.7946749661014603,09/07/2010 13:00:00,1,Kawasaki ZX 10R [2010],World Superbikes,
483,Rider,Matteo Baiocco,25.07361964073928,0.7946417730531576,10/07/2010 13:00:00,0,Kawasaki ZX 10R [2010],World Superbikes,
483,Rider,Matteo Baiocco,25.08118173597182,0.7946272844011039,30/07/2010 13:00:00,0,Kawasaki ZX 10R [2010],World Superbikes,
483,Rider,Matteo Baiocco,25.088207468937433,0.7947150917078303,30/07/2010 13:00:00,1,Kawasaki ZX 10R [2010],World Superbikes,
483,Rider,Matteo Baiocco,25.095980978449166,0.7948518611906572,03/09/2010 13:00:00,0,Kawasaki ZX 10R [2010],World Superbikes,
483,Rider,Matteo Baiocco,25.104921047768645,0.7950443544124292,03/09/2010 13:00:00,1,Kawasaki ZX 10R [2010],World Superbikes,
483,Rider,Matteo Baiocco,25.115034429159902,0.7952926270186331,24/09/2010 13:00:00,0,Kawasaki ZX 10R [2010],World Superbikes,
483,Rider,Matteo Baiocco,25.126378048266375,0.795599896110123,24/09/2010 13:00:00,1,Kawasaki ZX 10R [2010],World Superbikes,
483,Rider,Matteo Baiocco,25.13636717161729,0.7960069094339103,01/10/2010 13:00:00,0,Kawasaki ZX 10R [2010],World Superbikes,
483,Rider,Matteo Baiocco,25.14538616250636,0.796499176867116,01/10/2010 13:00:00,1,Kawasaki ZX 10R [2010],World Superbikes,
483,Rider,Matteo Baiocco,25.15474016227064,0.7970711438236779,02/10/2010 13:00:00,0,Kawasaki ZX 10R [2010],World Superbikes,
483,Rider,Matteo Baiocco,25.164124789946563,0.7977143594532886,10/06/2011 13:00:00,0,Ducati 1098R [2011],World Superbikes,
483,Rider,Matteo Baiocco,25.172774698677944,0.7984743727495591,10/06/2011 13:00:00,1,Ducati 1098R [2011],World Superbikes,
483,Rider,Matteo Baiocco,25.18092040217782,0.7993513902923386,08/07/2011 13:00:00,0,Ducati 1098R [2011],World Superbikes,
483,Rider,Matteo Baiocco,25.189315876533236,0.8003433188616824,08/07/2011 13:00:00,1,Ducati 1098R [2011],World Superbikes,
483,Rider,Matteo Baiocco,25.196333718564663,0.8014548286158247,09/07/2011 13:00:00,0,Ducati 1098R [2011],World Superbikes,
483,Rider,Matteo Baiocco,25.20459897030107,0.802633383908263,23/09/2011 13:00:00,0,Ducati 1098R [2011],World Superbikes,
483,Rider,Matteo Baiocco,25.213461249548715,0.8039224212890882,23/09/2011 13:00:00,1,Ducati 1098R [2011],World Superbikes,
483,Rider,Matteo Baiocco,25.22283638729664,0.8053252546672863,08/06/2012 13:00:00,0,Ducati 1098R [2012],World Superbikes,
483,Rider,Matteo Baiocco,25.23154242941934,0.8068479538399622,08/06/2012 13:00:00,1,Ducati 1098R [2012],World Superbikes,
483,Rider,Matteo Baiocco,25.23768912067997,0.8084918890754125,09/06/2012 13:00:00,0,Ducati 1098R [2012],World Superbikes,
483,Rider,Matteo Baiocco,25.241967653443155,0.8102553742972078,21/09/2012 13:00:00,0,Ducati 1098R [2012],World Superbikes,
483,Rider,Matteo Baiocco,25.24752129392134,0.8121190942194159,21/09/2012 13:00:00,1,Ducati 1098R [2012],World Superbikes,
483,Rider,Matteo Baiocco,25.253890502688726,0.814093848484184,21/06/2014 13:00:00,0,Ducati 1199 Panigale R [2014],World Superbikes,
483,Rider,Matteo Baiocco,25.259834762835208,0.8161688312376361,20/02/2015 13:00:00,0,Ducati Panigale R [2015],World Superbikes,
483,Rider,Matteo Baiocco,25.264007997043038,0.8183197195829921,20/02/2015 13:00:00,1,Ducati Panigale R [2015],World Superbikes,
483,Rider,Matteo Baiocco,25.268649630085587,0.8205645197234032,20/03/2015 13:00:00,1,Ducati Panigale R [2015],World Superbikes,
483,Rider,Matteo Baiocco,25.274904259880998,0.8228786607549959,11/04/2015 13:00:00,0,Ducati Panigale R [2015],World Superbikes,
483,Rider,Matteo Baiocco,25.280272368968426,0.8252824589064363,18/04/2015 13:00:00,0,Ducati Panigale R [2015],World Superbikes,
483,Rider,Matteo Baiocco,25.285181808332585,0.827783166371175,09/05/2015 13:00:00,0,Ducati Panigale R [2015],World Superbikes,
483,Rider,Matteo Baiocco,25.289812891790287,0.8303813771725501,22/05/2015 13:00:00,1,Ducati Panigale R [2015],World Superbikes,
483,Rider,Matteo Baiocco,25.294056462447212,0.8330882285670995,06/06/2015 13:00:00,1,Ducati Panigale R [2015],World Superbikes,
483,Rider,Matteo Baiocco,25.29692885182807,0.835908168529424,20/06/2015 13:00:00,1,Ducati Panigale R [2015],World Superbikes,
483,Rider,Matteo Baiocco,25.30082850647518,0.8387958708170902,18/07/2015 13:00:00,0,Ducati Panigale R [2015],World Superbikes,
483,Rider,Matteo Baiocco,25.30427305743754,0.8417864642630783,31/07/2015 13:00:00,0,Ducati Panigale R [2015],World Superbikes,
483,Rider,Matteo Baiocco,25.305858183512253,0.8448563193403203,31/07/2015 13:00:00,1,Ducati Panigale R [2015],World Superbikes,
483,Rider,Matteo Baiocco,25.308053454015468,0.8480072073704576,19/09/2015 13:00:00,1,Ducati Panigale R [2015],World Superbikes,
483,Rider,Matteo Baiocco,25.309574973230287,0.8512751366091824,03/10/2015 13:00:00,0,Ducati Panigale R [2015],World Superbikes,
483,Rider,Matteo Baiocco,25.31047894440375,0.8546492050933692,11/03/2016 13:00:00,0,Ducati 1199 Panigale R [2016],World Superbikes,
483,Rider,Matteo Baiocco,25.309861612810636,0.8581364916774451,11/03/2016 13:00:00,1,Ducati 1199 Panigale R [2016],World Superbikes,
483,Rider,Matteo Baiocco,25.310482832196357,0.8616918974097378,01/04/2016 13:00:00,0,Ducati 1199 Panigale R [2016],World Superbikes,
483,Rider,Matteo Baiocco,25.31121539655458,0.8653674503223457,15/04/2016 13:00:00,0,Ducati 1199 Panigale R [2016],World Superbikes,
483,Rider,Matteo Baiocco,25.311368799601507,0.869160623961766,29/04/2016 13:00:00,1,Ducati 1199 Panigale R [2016],World Superbikes,
484,Rider,John Hopkins,32.90786313086082,0.9557668653191811,03/04/2009 13:00:00,0,Honda CBR1000RR [2009],World Superbikes,
484,Rider,John Hopkins,32.90839660721772,0.9523964863919828,03/04/2009 13:00:00,1,Honda CBR1000RR [2009],World Superbikes,
484,Rider,John Hopkins,32.908689950798106,0.9491850386177915,04/04/2009 13:00:00,0,Honda CBR1000RR [2009],World Superbikes,
484,Rider,John Hopkins,32.908416995645304,0.9461278938083684,04/04/2009 13:00:00,1,Honda CBR1000RR [2009],World Superbikes,
484,Rider,John Hopkins,32.909677172519714,0.9431701973173434,19/06/2009 13:00:00,0,Honda CBR1000RR [2009],World Superbikes,
484,Rider,John Hopkins,32.91274528828215,0.9403543631627626,26/06/2009 13:00:00,0,Honda CBR1000RR [2009],World Superbikes,
484,Rider,John Hopkins,32.91486943281472,0.9376962511058107,26/06/2009 13:00:00,1,Honda CBR1000RR [2009],World Superbikes,
484,Rider,John Hopkins,32.91585417302498,0.9351946259127454,27/06/2009 13:00:00,0,Honda CBR1000RR [2009],World Superbikes,
484,Rider,John Hopkins,32.915104009119595,0.932844972445858,27/06/2009 13:00:00,1,Honda CBR1000RR [2009],World Superbikes,
484,Rider,John Hopkins,32.913501678022804,0.9306425070599316,24/07/2009 13:00:00,0,Honda CBR1000RR [2009],World Superbikes,
484,Rider,John Hopkins,32.91076420795255,0.928595266001048,24/07/2009 13:00:00,1,Honda CBR1000RR [2009],World Superbikes,
484,Rider,John Hopkins,32.90859841497472,0.9266969436276936,25/07/2009 13:00:00,0,Honda CBR1000RR [2009],World Superbikes,
484,Rider,John Hopkins,32.90809235958986,0.9249000684771691,04/09/2009 13:00:00,0,Honda CBR1000RR [2009],World Superbikes,
484,Rider,John Hopkins,32.90823165245681,0.9232517727703691,04/09/2009 13:00:00,1,Honda CBR1000RR [2009],World Superbikes,
484,Rider,John Hopkins,32.90882063813158,0.9217528727490762,05/09/2009 13:00:00,0,Honda CBR1000RR [2009],World Superbikes,
484,Rider,John Hopkins,32.910751163317414,0.9203716468447996,29/07/2011 13:00:00,0,Suzuki GSX-R 1000 K9 [2011],World Superbikes,
484,Rider,John Hopkins,32.910835674089896,0.9191351057344213,29/07/2011 13:00:00,1,Suzuki GSX-R 1000 K9 [2011],World Superbikes,
484,Rider,John Hopkins,32.90792098703034,0.9180179816979883,30/07/2011 13:00:00,0,Suzuki GSX-R 1000 K9 [2011],World Superbikes,
484,Rider,John Hopkins,32.904270026022424,0.9170434311966316,30/07/2011 13:00:00,1,Suzuki GSX-R 1000 K9 [2011],World Superbikes,
484,Rider,John Hopkins,32.899035429592516,0.9162054596690604,30/07/2011 13:00:00,2,Suzuki GSX-R 1000 K9 [2011],World Superbikes,
484,Rider,John Hopkins,32.891182396557454,0.9154782310184443,30/03/2012 13:00:00,0,Suzuki GSX-R 1000 K9 [2012],World Superbikes,
484,Rider,John Hopkins,32.883947546062956,0.9148963869652545,30/03/2012 13:00:00,1,Suzuki GSX-R 1000 K9 [2012],World Superbikes,
484,Rider,John Hopkins,32.87836939968542,0.9144516216582814,20/04/2012 13:00:00,0,Suzuki GSX-R 1000 K9 [2012],World Superbikes,
484,Rider,John Hopkins,32.872528254966625,0.9141549058303824,20/04/2012 13:00:00,1,Suzuki GSX-R 1000 K9 [2012],World Superbikes,
484,Rider,John Hopkins,32.86857922556111,0.9139859157801613,21/04/2012 13:00:00,0,Suzuki GSX-R 1000 K9 [2012],World Superbikes,
484,Rider,John Hopkins,32.86214111937309,0.9139484667614798,21/04/2012 13:00:00,1,Suzuki GSX-R 1000 K9 [2012],World Superbikes,
484,Rider,John Hopkins,32.856671407748756,0.9139867119430379,04/05/2012 13:00:00,0,Suzuki GSX-R 1000 K9 [2012],World Superbikes,
484,Rider,John Hopkins,32.85069216108342,0.9141722370062481,04/05/2012 13:00:00,1,Suzuki GSX-R 1000 K9 [2012],World Superbikes,
484,Rider,John Hopkins,32.84632910883962,0.9144881525955014,05/05/2012 13:00:00,0,Suzuki GSX-R 1000 K9 [2012],World Superbikes,
484,Rider,John Hopkins,32.841182897895195,0.9149466743823985,26/05/2012 13:00:00,0,Suzuki GSX-R 1000 K9 [2012],World Superbikes,
484,Rider,John Hopkins,32.83662235789118,0.9155500644939812,26/05/2012 13:00:00,1,Suzuki GSX-R 1000 K9 [2012],World Superbikes,
484,Rider,John Hopkins,32.830590607492184,0.9163002841060546,27/05/2012 13:00:00,0,Suzuki GSX-R 1000 K9 [2012],World Superbikes,
484,Rider,John Hopkins,32.82637488231286,0.9171526467230569,08/06/2012 13:00:00,0,Suzuki GSX-R 1000 K9 [2012],World Superbikes,
484,Rider,John Hopkins,32.8224892317278,0.9181522060539873,08/06/2012 13:00:00,1,Suzuki GSX-R 1000 K9 [2012],World Superbikes,
484,Rider,John Hopkins,32.81924456383957,0.9192983162237688,29/06/2012 13:00:00,0,Suzuki GSX-R 1000 K9 [2012],World Superbikes,
484,Rider,John Hopkins,32.815462579167665,0.9205939689690144,29/06/2012 13:00:00,1,Suzuki GSX-R 1000 K9 [2012],World Superbikes,
484,Rider,John Hopkins,32.813387735855144,0.9220249563571881,20/07/2012 13:00:00,0,Suzuki GSX-R 1000 K9 [2012],World Superbikes,
484,Rider,John Hopkins,32.810846751826645,0.9236032621685933,20/07/2012 13:00:00,1,Suzuki GSX-R 1000 K9 [2012],World Superbikes,
484,Rider,John Hopkins,32.808174241544144,0.9253308911889964,21/07/2012 13:00:00,0,Suzuki GSX-R 1000 K9 [2012],World Superbikes,
484,Rider,John Hopkins,32.80702360385637,0.927158348153025,03/08/2012 13:00:00,0,Suzuki GSX-R 1000 K9 [2012],World Superbikes,
484,Rider,John Hopkins,32.805101494402834,0.9291378930350387,03/08/2012 13:00:00,1,Suzuki GSX-R 1000 K9 [2012],World Superbikes,
484,Rider,John Hopkins,32.80056310930269,0.9312523874789737,04/08/2012 13:00:00,0,Suzuki GSX-R 1000 K9 [2012],World Superbikes,
484,Rider,John Hopkins,32.7958753970164,0.933511463373068,23/08/2012 13:00:00,0,Suzuki GSX-R 1000 K9 [2012],World Superbikes,
484,Rider,John Hopkins,32.79128685677898,0.9359210589932119,24/08/2012 13:00:00,0,Suzuki GSX-R 1000 K9 [2012],World Superbikes,
484,Rider,John Hopkins,32.78534820045556,0.9384800407475755,24/08/2012 13:00:00,1,Suzuki GSX-R 1000 K9 [2012],World Superbikes,
484,Rider,John Hopkins,32.77913607118043,0.9411870981794035,24/08/2012 13:00:00,2,Suzuki GSX-R 1000 K9 [2012],World Superbikes,
484,Rider,John Hopkins,32.77396463664604,0.944011067280366,07/09/2012 13:00:00,0,Suzuki GSX-R 1000 K9 [2012],World Superbikes,
484,Rider,John Hopkins,32.76934201287573,0.9469843211301916,07/09/2012 13:00:00,1,Suzuki GSX-R 1000 K9 [2012],World Superbikes,
484,Rider,John Hopkins,32.764900881183046,0.9501088846242386,08/09/2012 13:00:00,0,Suzuki GSX-R 1000 K9 [2012],World Superbikes,
484,Rider,John Hopkins,32.76190222004602,0.9533336434573193,21/09/2012 13:00:00,0,Suzuki GSX-R 1000 K9 [2012],World Superbikes,
484,Rider,John Hopkins,32.76025781210056,0.9567072710775767,21/09/2012 13:00:00,1,Suzuki GSX-R 1000 K9 [2012],World Superbikes,
485,Rider,Roland Resch,16.35394617678956,1.5903766279617209,03/04/2009 13:00:00,0,Suzuki GSX-R 1000 K9 [2009],World Superbikes,
485,Rider,Roland Resch,16.35389314052139,1.58850215636213,03/04/2009 13:00:00,1,Suzuki GSX-R 1000 K9 [2009],World Superbikes,
485,Rider,Roland Resch,16.35443020473621,1.5867599415649485,24/04/2009 13:00:00,0,Suzuki GSX-R 1000 K9 [2009],World Superbikes,
485,Rider,Roland Resch,16.355756762221258,1.5851633345531608,24/04/2009 13:00:00,1,Suzuki GSX-R 1000 K9 [2009],World Superbikes,
485,Rider,Roland Resch,16.357899597576864,1.583710929324503,08/05/2009 13:00:00,0,Suzuki GSX-R 1000 K9 [2009],World Superbikes,
485,Rider,Roland Resch,16.36089113600264,1.582405016997514,08/05/2009 13:00:00,1,Suzuki GSX-R 1000 K9 [2009],World Superbikes,
485,Rider,Roland Resch,16.363747140532716,1.5813298285403865,19/06/2009 13:00:00,0,Suzuki GSX-R 1000 K9 [2009],World Superbikes,
485,Rider,Roland Resch,16.367511700026466,1.5804057593010672,19/06/2009 13:00:00,1,Suzuki GSX-R 1000 K9 [2009],World Superbikes,
485,Rider,Roland Resch,16.36820365047807,1.579766326260956,26/06/2009 13:00:00,0,Suzuki GSX-R 1000 K9 [2009],World Superbikes,
485,Rider,Roland Resch,16.369112029372452,1.5793549572292056,26/06/2009 13:00:00,1,Suzuki GSX-R 1000 K9 [2009],World Superbikes,
485,Rider,Roland Resch,16.370197569053946,1.579171596605319,24/07/2009 13:00:00,0,Suzuki GSX-R 1000 K9 [2009],World Superbikes,
485,Rider,Roland Resch,16.371765832715163,1.5791732432540317,24/07/2009 13:00:00,1,Suzuki GSX-R 1000 K9 [2009],World Superbikes,
485,Rider,Roland Resch,16.373821482096655,1.5793623576489255,04/09/2009 13:00:00,0,Suzuki GSX-R 1000 K9 [2009],World Superbikes,
485,Rider,Roland Resch,16.37641784295409,1.57967436228632,04/09/2009 13:00:00,1,Suzuki GSX-R 1000 K9 [2009],World Superbikes,
485,Rider,Roland Resch,16.379670835380555,1.5801164720482122,02/10/2009 13:00:00,0,Suzuki GSX-R 1000 K9 [2009],World Superbikes,
485,Rider,Roland Resch,16.38146492886305,1.5808192230493845,02/10/2009 13:00:00,1,Suzuki GSX-R 1000 K9 [2009],World Superbikes,
485,Rider,Roland Resch,16.38288711066832,1.5817489420555255,23/10/2009 13:00:00,0, [2009],World Superbikes,
485,Rider,Roland Resch,16.38467178292926,1.5827646688674237,23/10/2009 13:00:00,1, [2009],World Superbikes,
485,Rider,Roland Resch,16.38678062849906,1.5838603861206857,25/02/2010 13:00:00,0,BMW S1000 RR [2010],World Superbikes,
485,Rider,Roland Resch,16.38760382658323,1.5851924649399831,26/02/2010 13:00:00,0,BMW S1000 RR [2010],World Superbikes,
485,Rider,Roland Resch,16.38535010337862,1.586801500493294,26/02/2010 13:00:00,1,BMW S1000 RR [2010],World Superbikes,
485,Rider,Roland Resch,16.383286343794328,1.5884726345021671,09/04/2010 13:00:00,0,BMW S1000 RR [2010],World Superbikes,
485,Rider,Roland Resch,16.382690500983195,1.5903177529483017,09/04/2010 13:00:00,1,BMW S1000 RR [2010],World Superbikes,
486,Rider,Stuart Easton,23.953021991859977,3.587136218244166,24/04/2009 13:00:00,0,Kawasaki ZX 10R [2009],World Superbikes,
486,Rider,Stuart Easton,23.95335066054443,3.5871238849312292,24/04/2009 13:00:00,1,Kawasaki ZX 10R [2009],World Superbikes,
487,Rider,Jake Zemke,27.66978350806663,2.8061063509904014,08/05/2009 13:00:00,0,Honda CBR1000RR [2009],World Superbikes,
487,Rider,Jake Zemke,27.66972633110994,2.8056497640203175,08/05/2009 13:00:00,1,Honda CBR1000RR [2009],World Superbikes,
487,Rider,Jake Zemke,27.67018688908218,2.805670722588871,29/05/2009 13:00:00,0,Honda CBR1000RR [2009],World Superbikes,
487,Rider,Jake Zemke,27.669277645423286,2.806199746570101,29/05/2009 13:00:00,1,Honda CBR1000RR [2009],World Superbikes,
488,Rider,Sheridan Morais,27.30528012164403,1.3093523304617667,15/05/2009 13:00:00,0,Kawasaki ZX 10R [2009],World Superbikes,
488,Rider,Sheridan Morais,27.30392284405136,1.3070623670071517,15/05/2009 13:00:00,1,Kawasaki ZX 10R [2009],World Superbikes,
488,Rider,Sheridan Morais,27.29981616826768,1.3049994189247425,16/05/2009 13:00:00,0,Kawasaki ZX 10R [2009],World Superbikes,
488,Rider,Sheridan Morais,27.29447826822829,1.3031603727578387,16/05/2009 13:00:00,1,Kawasaki ZX 10R [2009],World Superbikes,
488,Rider,Sheridan Morais,27.287741922646354,1.3015396697839932,02/10/2009 13:00:00,0,Kawasaki ZX 10R [2009],World Superbikes,
488,Rider,Sheridan Morais,27.282155464592314,1.3001272262337589,02/10/2009 13:00:00,1,Kawasaki ZX 10R [2009],World Superbikes,
488,Rider,Sheridan Morais,27.277860140002552,1.2989155291844725,26/03/2010 13:00:00,0,Honda CBR1000RR [2010],World Superbikes,
488,Rider,Sheridan Morais,27.273464071076486,1.2978868261131387,26/03/2010 13:00:00,1,Honda CBR1000RR [2010],World Superbikes,
488,Rider,Sheridan Morais,27.268992065338914,1.2970412627565118,09/04/2010 13:00:00,0,Honda CBR1000RR [2010],World Superbikes,
488,Rider,Sheridan Morais,27.264736695699447,1.2963893945162068,09/04/2010 13:00:00,1,Honda CBR1000RR [2010],World Superbikes,
488,Rider,Sheridan Morais,27.260099032390038,1.2959255839990866,10/04/2010 13:00:00,0,Honda CBR1000RR [2010],World Superbikes,
488,Rider,Sheridan Morais,27.255942285519236,1.2955518801350994,14/05/2010 13:00:00,0,Aprilia RSV4 [2010],World Superbikes,
488,Rider,Sheridan Morais,27.25162557570491,1.2953945356081475,14/05/2010 13:00:00,1,Aprilia RSV4 [2010],World Superbikes,
488,Rider,Sheridan Morais,27.246646970220503,1.295458454314947,15/05/2010 13:00:00,0,Aprilia RSV4 [2010],World Superbikes,
488,Rider,Sheridan Morais,27.241144080078108,1.295740565844143,15/05/2010 13:00:00,1,Aprilia RSV4 [2010],World Superbikes,
488,Rider,Sheridan Morais,27.235373871865114,1.2962314153001362,21/02/2014 13:00:00,0,Kawasaki ZX-10R [2014],World Superbikes,
488,Rider,Sheridan Morais,27.230932743337675,1.2969016427134774,12/04/2014 13:00:00,0,Kawasaki ZX-10R [2014],World Superbikes,
488,Rider,Sheridan Morais,27.226553156791926,1.2977644914939026,26/04/2014 13:00:00,0,Kawasaki ZX-10R [2014],World Superbikes,
488,Rider,Sheridan Morais,27.223130261464107,1.2988033694333831,10/05/2014 13:00:00,0,Kawasaki ZX-10R [2014],World Superbikes,
488,Rider,Sheridan Morais,27.220154131086627,1.3000264777845236,06/06/2014 13:00:00,0,Kawasaki ZX-10R [2014],World Superbikes,
488,Rider,Sheridan Morais,27.217629117424337,1.301431242401481,21/06/2014 13:00:00,0,Kawasaki ZX-10R [2014],World Superbikes,
488,Rider,Sheridan Morais,27.216226262164533,1.3030145565593063,05/07/2014 13:00:00,0,Kawasaki ZX-10R [2014],World Superbikes,
488,Rider,Sheridan Morais,27.214437288490007,1.3047856612302273,12/07/2014 13:00:00,0,Kawasaki ZX-10R [2014],World Superbikes,
488,Rider,Sheridan Morais,27.212922656452378,1.3067463886088393,06/09/2014 13:00:00,0,Kawasaki ZX-10R [2014],World Superbikes,
488,Rider,Sheridan Morais,27.211635174853118,1.3089010626703987,04/10/2014 13:00:00,0,Kawasaki ZX-10R [2014],World Superbikes,
488,Rider,Sheridan Morais,27.211047381264887,1.3112250725604688,16/10/2020 13:00:00,0,Kawasaki ZX-10RR [2020],World Superbikes,
489,Rider,Shaun Whyte,22.219987252280802,4.020843696313127,15/05/2009 13:00:00,0,Yamaha YZF-R1 [2009],World Superbikes,
489,Rider,Shaun Whyte,22.219481512462142,4.0209529516594635,15/05/2009 13:00:00,1,Yamaha YZF-R1 [2009],World Superbikes,
490,Bike, [2009],21.19284262907642,2.253214543239276,29/05/2009 13:00:00,0,,World Superbikes,
490,Bike, [2009],21.19162497491034,2.2522789544140838,29/05/2009 13:00:00,1,,World Superbikes,
490,Bike, [2009],21.18981962637668,2.251686850062131,30/05/2009 13:00:00,0,,World Superbikes,
490,Bike, [2009],21.189347563828505,2.251360500019461,25/09/2009 13:00:00,0,,World Superbikes,
490,Bike, [2009],21.187793299881886,2.2513584637296367,02/10/2009 13:00:00,0,,World Superbikes,
490,Bike, [2009],21.186583169023542,2.251629855582231,02/10/2009 13:00:00,1,,World Superbikes,
490,Bike, [2009],21.185418480849695,2.2522024307874626,03/10/2009 13:00:00,0,,World Superbikes,
490,Bike, [2009],21.184622875480976,2.253152550447567,23/10/2009 13:00:00,0,,World Superbikes,
490,Bike, [2009],21.1846802341487,2.254347118553893,23/10/2009 13:00:00,1,,World Superbikes,
491,Rider,Erwan Nigon,19.160219729719984,4.483798327816476,29/05/2009 13:00:00,0,Yamaha YZF-R1 [2009],World Superbikes,
491,Rider,Erwan Nigon,19.16013031734841,4.483781785087513,29/05/2009 13:00:00,1,Yamaha YZF-R1 [2009],World Superbikes,
492,Rider,Matthieu Lagrive,32.696694310716396,1.4158339381410172,19/06/2009 13:00:00,0,Honda CBR1000RR [2009],World Superbikes,
492,Rider,Matthieu Lagrive,32.69802314067629,1.4137703289720376,19/06/2009 13:00:00,1,Honda CBR1000RR [2009],World Superbikes,
492,Rider,Matthieu Lagrive,32.69990134246051,1.4119579601747125,26/06/2009 13:00:00,0,Honda CBR1000RR [2009],World Superbikes,
492,Rider,Matthieu Lagrive,32.70195997660339,1.4103964050791142,26/06/2009 13:00:00,1,Honda CBR1000RR [2009],World Superbikes,
492,Rider,Matthieu Lagrive,32.704844159149864,1.4090808252282685,24/07/2009 13:00:00,0,Honda CBR1000RR [2009],World Superbikes,
492,Rider,Matthieu Lagrive,32.70798990737382,1.4080104605226564,24/07/2009 13:00:00,1,Honda CBR1000RR [2009],World Superbikes,
492,Rider,Matthieu Lagrive,32.71051219318563,1.4071914385331523,25/07/2009 13:00:00,0,Honda CBR1000RR [2009],World Superbikes,
492,Rider,Matthieu Lagrive,32.711336586653516,1.4066201360000699,25/07/2009 13:00:00,1,Honda CBR1000RR [2009],World Superbikes,
492,Rider,Matthieu Lagrive,32.7134301632965,1.4062080514128934,04/09/2009 13:00:00,0,Honda CBR1000RR [2009],World Superbikes,
492,Rider,Matthieu Lagrive,32.71549480119825,1.406044968151415,04/09/2009 13:00:00,1,Honda CBR1000RR [2009],World Superbikes,
492,Rider,Matthieu Lagrive,32.717013682076264,1.4061322549914288,05/09/2009 13:00:00,0,Honda CBR1000RR [2009],World Superbikes,
492,Rider,Matthieu Lagrive,32.718590953791235,1.4064559750003707,05/09/2009 13:00:00,1,Honda CBR1000RR [2009],World Superbikes,
492,Rider,Matthieu Lagrive,32.72158545457165,1.4069387569727823,25/09/2009 13:00:00,0,Honda CBR1000RR [2009],World Superbikes,
492,Rider,Matthieu Lagrive,32.72351968145322,1.4076723989187945,26/09/2009 13:00:00,0,Honda CBR1000RR [2009],World Superbikes,
492,Rider,Matthieu Lagrive,32.72485192753586,1.408649742107241,26/09/2009 13:00:00,1,Honda CBR1000RR [2009],World Superbikes,
492,Rider,Matthieu Lagrive,32.72652697311768,1.409842171693967,23/10/2009 13:00:00,0,Honda CBR1000RR [2009],World Superbikes,
492,Rider,Matthieu Lagrive,32.728094996684774,1.4112830703960992,23/10/2009 13:00:00,1,Honda CBR1000RR [2009],World Superbikes,
492,Rider,Matthieu Lagrive,32.72881243847926,1.4129735077087593,24/10/2009 13:00:00,0,Honda CBR1000RR [2009],World Superbikes,
492,Rider,Matthieu Lagrive,32.72993416835783,1.4148973897692723,30/09/2016 13:00:00,0,Kawasaki ZX-10R [2016],World Superbikes,
492,Rider,Matthieu Lagrive,32.7293780483106,1.4169811035068387,30/09/2016 13:00:00,1,Kawasaki ZX-10R [2016],World Superbikes,
493,Rider,Leon Camier,34.5461703186253,0.7248456891951505,26/06/2009 13:00:00,0,Yamaha YZF-R1 [2009],World Superbikes,
493,Rider,Leon Camier,34.544802914728635,0.7202419201651796,26/06/2009 13:00:00,1,Yamaha YZF-R1 [2009],World Superbikes,
493,Rider,Leon Camier,34.543271309286865,0.7157367412719533,27/06/2009 13:00:00,0,Yamaha YZF-R1 [2009],World Superbikes,
493,Rider,Leon Camier,34.54178852761464,0.711322153396348,02/10/2009 13:00:00,0,Aprilia RSV4 [2009],World Superbikes,
493,Rider,Leon Camier,34.54123225892177,0.7070003745566148,02/10/2009 13:00:00,1,Aprilia RSV4 [2009],World Superbikes,
493,Rider,Leon Camier,34.54137960408431,0.7027693780293942,03/10/2009 13:00:00,0,Aprilia RSV4 [2009],World Superbikes,
493,Rider,Leon Camier,34.54170596131652,0.6986274851026479,03/10/2009 13:00:00,1,Aprilia RSV4 [2009],World Superbikes,
493,Rider,Leon Camier,34.54391373175668,0.6945412329630599,23/10/2009 13:00:00,0,Aprilia RSV4 [2009],World Superbikes,
493,Rider,Leon Camier,34.54727462242473,0.6905422687214419,23/10/2009 13:00:00,1,Aprilia RSV4 [2009],World Superbikes,
493,Rider,Leon Camier,34.55082993149204,0.6866307068415196,24/10/2009 13:00:00,0,Aprilia RSV4 [2009],World Superbikes,
493,Rider,Leon Camier,34.55533251545678,0.6827994761145751,24/10/2009 13:00:00,1,Aprilia RSV4 [2009],World Superbikes,
493,Rider,Leon Camier,34.56038065188472,0.6790439447858402,25/02/2010 13:00:00,0,Aprilia RSV4 [2010],World Superbikes,
493,Rider,Leon Camier,34.56542767814518,0.6753703282663363,26/02/2010 13:00:00,0,Aprilia RSV4 [2010],World Superbikes,
493,Rider,Leon Camier,34.57011538178231,0.67177800410321,26/02/2010 13:00:00,1,Aprilia RSV4 [2010],World Superbikes,
493,Rider,Leon Camier,34.5746414461467,0.668265509862824,26/02/2010 13:00:00,2,Aprilia RSV4 [2010],World Superbikes,
493,Rider,Leon Camier,34.581362144216186,0.6648037062330675,26/03/2010 13:00:00,0,Aprilia RSV4 [2010],World Superbikes,
493,Rider,Leon Camier,34.58755008413889,0.661419237847082,26/03/2010 13:00:00,1,Aprilia RSV4 [2010],World Superbikes,
493,Rider,Leon Camier,34.59437511484623,0.6581097840754807,27/03/2010 13:00:00,0,Aprilia RSV4 [2010],World Superbikes,
493,Rider,Leon Camier,34.60131381878194,0.654875855774948,27/03/2010 13:00:00,1,Aprilia RSV4 [2010],World Superbikes,
493,Rider,Leon Camier,34.608653624822196,0.6517113228225363,09/04/2010 13:00:00,0,Aprilia RSV4 [2010],World Superbikes,
493,Rider,Leon Camier,34.61568450041423,0.6486195025956691,09/04/2010 13:00:00,1,Aprilia RSV4 [2010],World Superbikes,
493,Rider,Leon Camier,34.6236349549093,0.6455970348761629,10/04/2010 13:00:00,0,Aprilia RSV4 [2010],World Superbikes,
493,Rider,Leon Camier,34.63135793700412,0.642645415791053,10/04/2010 13:00:00,1,Aprilia RSV4 [2010],World Superbikes,
493,Rider,Leon Camier,34.6398061502244,0.639756851460593,23/04/2010 13:00:00,0,Aprilia RSV4 [2010],World Superbikes,
493,Rider,Leon Camier,34.64744209403873,0.636934953782221,23/04/2010 13:00:00,1,Aprilia RSV4 [2010],World Superbikes,
493,Rider,Leon Camier,34.65384731010224,0.6341779548904111,24/04/2010 13:00:00,0,Aprilia RSV4 [2010],World Superbikes,
493,Rider,Leon Camier,34.66000552863629,0.6314867741214572,24/04/2010 13:00:00,1,Aprilia RSV4 [2010],World Superbikes,
493,Rider,Leon Camier,34.66494664018968,0.6288575189832567,24/04/2010 13:00:00,2,Aprilia RSV4 [2010],World Superbikes,
493,Rider,Leon Camier,34.66944225074441,0.6262798098160944,07/05/2010 13:00:00,0,Aprilia RSV4 [2010],World Superbikes,
493,Rider,Leon Camier,34.674190106066995,0.6237651781412652,07/05/2010 13:00:00,1,Aprilia RSV4 [2010],World Superbikes,
493,Rider,Leon Camier,34.67751710219929,0.6213087013265803,08/05/2010 13:00:00,0,Aprilia RSV4 [2010],World Superbikes,
493,Rider,Leon Camier,34.67939219952961,0.6189092291852282,08/05/2010 13:00:00,1,Aprilia RSV4 [2010],World Superbikes,
493,Rider,Leon Camier,34.68202124722511,0.6165659061941506,14/05/2010 13:00:00,0,Aprilia RSV4 [2010],World Superbikes,
493,Rider,Leon Camier,34.68494252142453,0.6142801995321937,14/05/2010 13:00:00,1,Aprilia RSV4 [2010],World Superbikes,
493,Rider,Leon Camier,34.687708588838575,0.6120508357849919,15/05/2010 13:00:00,0,Aprilia RSV4 [2010],World Superbikes,
493,Rider,Leon Camier,34.68948996968547,0.6098772199296688,15/05/2010 13:00:00,1,Aprilia RSV4 [2010],World Superbikes,
493,Rider,Leon Camier,34.6906474259756,0.6077565174342171,15/05/2010 13:00:00,2,Aprilia RSV4 [2010],World Superbikes,
493,Rider,Leon Camier,34.69296497909085,0.6056487891350387,29/05/2010 13:00:00,0,Aprilia RSV4 [2010],World Superbikes,
493,Rider,Leon Camier,34.69583122525563,0.6035924526509752,29/05/2010 13:00:00,1,Aprilia RSV4 [2010],World Superbikes,
493,Rider,Leon Camier,34.69808876705311,0.6015879198908819,30/05/2010 13:00:00,0,Aprilia RSV4 [2010],World Superbikes,
493,Rider,Leon Camier,34.699835885708026,0.5996350748897032,30/05/2010 13:00:00,1,Aprilia RSV4 [2010],World Superbikes,
493,Rider,Leon Camier,34.700337686905065,0.5977296343099786,30/05/2010 13:00:00,2,Aprilia RSV4 [2010],World Superbikes,
493,Rider,Leon Camier,34.702070051059515,0.5958336532185149,25/06/2010 13:00:00,0,Aprilia RSV4 [2010],World Superbikes,
493,Rider,Leon Camier,34.703419780595986,0.5939869382559319,25/06/2010 13:00:00,1,Aprilia RSV4 [2010],World Superbikes,
493,Rider,Leon Camier,34.705255955489434,0.5921882560511377,26/06/2010 13:00:00,0,Aprilia RSV4 [2010],World Superbikes,
493,Rider,Leon Camier,34.706264708156624,0.5904360920260312,26/06/2010 13:00:00,1,Aprilia RSV4 [2010],World Superbikes,
493,Rider,Leon Camier,34.708249888241774,0.5887248906379797,09/07/2010 13:00:00,0,Aprilia RSV4 [2010],World Superbikes,
493,Rider,Leon Camier,34.711297716063626,0.587057422728559,09/07/2010 13:00:00,1,Aprilia RSV4 [2010],World Superbikes,
493,Rider,Leon Camier,34.716142514221474,0.5854250645783523,10/07/2010 13:00:00,0,Aprilia RSV4 [2010],World Superbikes,
493,Rider,Leon Camier,34.722359786533936,0.5838314339059957,10/07/2010 13:00:00,1,Aprilia RSV4 [2010],World Superbikes,
493,Rider,Leon Camier,34.72943154902874,0.582278134072449,30/07/2010 13:00:00,0,Aprilia RSV4 [2010],World Superbikes,
493,Rider,Leon Camier,34.73498035067717,0.580764581008528,30/07/2010 13:00:00,1,Aprilia RSV4 [2010],World Superbikes,
493,Rider,Leon Camier,34.74131682979302,0.5792943887386064,31/07/2010 13:00:00,0,Aprilia RSV4 [2010],World Superbikes,
493,Rider,Leon Camier,34.74704773770805,0.5778648588743182,31/07/2010 13:00:00,1,Aprilia RSV4 [2010],World Superbikes,
493,Rider,Leon Camier,34.75472760563182,0.5764510522574245,03/09/2010 13:00:00,0,Aprilia RSV4 [2010],World Superbikes,
493,Rider,Leon Camier,34.7636219764434,0.5750735144981624,24/02/2011 13:00:00,0,Aprilia RSV4 Factory [2011],World Superbikes,
493,Rider,Leon Camier,34.773623543333706,0.5737329094888771,25/02/2011 13:00:00,0,Aprilia RSV4 Factory [2011],World Superbikes,
493,Rider,Leon Camier,34.78472267106469,0.5724297025590598,25/03/2011 13:00:00,0,Aprilia RSV4 Factory [2011],World Superbikes,
493,Rider,Leon Camier,34.79584585817369,0.5711640016336772,25/03/2011 13:00:00,1,Aprilia RSV4 Factory [2011],World Superbikes,
493,Rider,Leon Camier,34.805876304402396,0.569933467411396,26/03/2011 13:00:00,0,Aprilia RSV4 Factory [2011],World Superbikes,
493,Rider,Leon Camier,34.81611293743721,0.5687369662673862,26/03/2011 13:00:00,1,Aprilia RSV4 Factory [2011],World Superbikes,
493,Rider,Leon Camier,34.82602564638166,0.5675715212874163,26/03/2011 13:00:00,2,Aprilia RSV4 Factory [2011],World Superbikes,
493,Rider,Leon Camier,34.83644707695055,0.5664237231926075,15/04/2011 13:00:00,0,Aprilia RSV4 Factory [2011],World Superbikes,
493,Rider,Leon Camier,34.84740330385943,0.5653092884439334,15/04/2011 13:00:00,1,Aprilia RSV4 Factory [2011],World Superbikes,
493,Rider,Leon Camier,34.85790315157043,0.5642291717877063,16/04/2011 13:00:00,0,Aprilia RSV4 Factory [2011],World Superbikes,
493,Rider,Leon Camier,34.868177378262494,0.5631809159272138,16/04/2011 13:00:00,1,Aprilia RSV4 Factory [2011],World Superbikes,
493,Rider,Leon Camier,34.87874563482183,0.5621578289142334,06/05/2011 13:00:00,0,Aprilia RSV4 Factory [2011],World Superbikes,
493,Rider,Leon Camier,34.88918252661106,0.5611678591777742,06/05/2011 13:00:00,1,Aprilia RSV4 Factory [2011],World Superbikes,
493,Rider,Leon Camier,34.899069419497096,0.5602101910969748,07/05/2011 13:00:00,0,Aprilia RSV4 Factory [2011],World Superbikes,
493,Rider,Leon Camier,34.907682281997594,0.5592807552131726,07/05/2011 13:00:00,1,Aprilia RSV4 Factory [2011],World Superbikes,
493,Rider,Leon Camier,34.916935740828386,0.5583752601820674,28/05/2011 13:00:00,0,Aprilia RSV4 Factory [2011],World Superbikes,
493,Rider,Leon Camier,34.92405164405454,0.5574898807462069,28/05/2011 13:00:00,1,Aprilia RSV4 Factory [2011],World Superbikes,
493,Rider,Leon Camier,34.92868084678362,0.5566155668380938,29/05/2011 13:00:00,0,Aprilia RSV4 Factory [2011],World Superbikes,
493,Rider,Leon Camier,34.93389879674712,0.5557668255165477,29/05/2011 13:00:00,1,Aprilia RSV4 Factory [2011],World Superbikes,
493,Rider,Leon Camier,34.94016528280608,0.5549341620549763,10/06/2011 13:00:00,0,Aprilia RSV4 Factory [2011],World Superbikes,
493,Rider,Leon Camier,34.94691850705242,0.5541292166557825,10/06/2011 13:00:00,1,Aprilia RSV4 Factory [2011],World Superbikes,
493,Rider,Leon Camier,34.95426878203291,0.5533529480114109,11/06/2011 13:00:00,0,Aprilia RSV4 Factory [2011],World Superbikes,
493,Rider,Leon Camier,34.963276569126876,0.5525904486547569,17/06/2011 13:00:00,0,Aprilia RSV4 Factory [2011],World Superbikes,
493,Rider,Leon Camier,34.971035262429474,0.5518507788691466,17/06/2011 13:00:00,1,Aprilia RSV4 Factory [2011],World Superbikes,
493,Rider,Leon Camier,34.977821308408934,0.5511350330486428,18/06/2011 13:00:00,0,Aprilia RSV4 Factory [2011],World Superbikes,
493,Rider,Leon Camier,34.983104169482665,0.5504381338048664,18/06/2011 13:00:00,1,Aprilia RSV4 Factory [2011],World Superbikes,
493,Rider,Leon Camier,34.98805453593701,0.5497615770659093,18/06/2011 13:00:00,2,Aprilia RSV4 Factory [2011],World Superbikes,
493,Rider,Leon Camier,34.99183772193892,0.5490968486750541,08/07/2011 13:00:00,0,Aprilia RSV4 Factory [2011],World Superbikes,
493,Rider,Leon Camier,34.99600155556755,0.5484563690294878,08/07/2011 13:00:00,1,Aprilia RSV4 Factory [2011],World Superbikes,
493,Rider,Leon Camier,34.99940301016673,0.5478391477474236,09/07/2011 13:00:00,0,Aprilia RSV4 Factory [2011],World Superbikes,
493,Rider,Leon Camier,35.00254475564516,0.5472427435955893,09/07/2011 13:00:00,1,Aprilia RSV4 Factory [2011],World Superbikes,
493,Rider,Leon Camier,35.00604351170933,0.5466617028242615,09/07/2011 13:00:00,2,Aprilia RSV4 Factory [2011],World Superbikes,
493,Rider,Leon Camier,35.01006252796646,0.546086540256427,29/07/2011 13:00:00,0,Aprilia RSV4 Factory [2011],World Superbikes,
493,Rider,Leon Camier,35.0127306073207,0.5455305772334246,29/07/2011 13:00:00,1,Aprilia RSV4 Factory [2011],World Superbikes,
493,Rider,Leon Camier,35.01474935985414,0.5449969333573121,30/07/2011 13:00:00,0,Aprilia RSV4 Factory [2011],World Superbikes,
493,Rider,Leon Camier,35.017313615814146,0.5444831008570515,30/07/2011 13:00:00,1,Aprilia RSV4 Factory [2011],World Superbikes,
493,Rider,Leon Camier,35.01823541909641,0.543976889833027,30/07/2011 13:00:00,2,Aprilia RSV4 Factory [2011],World Superbikes,
493,Rider,Leon Camier,35.01816029198233,0.5434822540109772,02/09/2011 13:00:00,0,Aprilia RSV4 Factory [2011],World Superbikes,
493,Rider,Leon Camier,35.01883521195783,0.5430072591387828,02/09/2011 13:00:00,1,Aprilia RSV4 Factory [2011],World Superbikes,
493,Rider,Leon Camier,35.0189469362784,0.5425520790402492,03/09/2011 13:00:00,0,Aprilia RSV4 Factory [2011],World Superbikes,
493,Rider,Leon Camier,35.02011659105052,0.5421124328518255,23/09/2011 13:00:00,0,Aprilia RSV4 Factory [2011],World Superbikes,
493,Rider,Leon Camier,35.022147204527656,0.5416942561282825,23/09/2011 13:00:00,1,Aprilia RSV4 Factory [2011],World Superbikes,
493,Rider,Leon Camier,35.024021192543465,0.541296048336081,24/09/2011 13:00:00,0,Aprilia RSV4 Factory [2011],World Superbikes,
493,Rider,Leon Camier,35.02675344962404,0.5409139313044442,24/09/2011 13:00:00,1,Aprilia RSV4 Factory [2011],World Superbikes,
493,Rider,Leon Camier,35.03031766479679,0.5405424347170401,30/09/2011 13:00:00,0,Aprilia RSV4 Factory [2011],World Superbikes,
493,Rider,Leon Camier,35.03567710151905,0.5401838546247527,30/09/2011 13:00:00,1,Aprilia RSV4 Factory [2011],World Superbikes,
493,Rider,Leon Camier,35.04177545413685,0.539842626022472,01/10/2011 13:00:00,0,Aprilia RSV4 Factory [2011],World Superbikes,
493,Rider,Leon Camier,35.046610865302505,0.5395159701347116,01/10/2011 13:00:00,1,Aprilia RSV4 Factory [2011],World Superbikes,
493,Rider,Leon Camier,35.050614559592226,0.5392037439475205,01/10/2011 13:00:00,2,Aprilia RSV4 Factory [2011],World Superbikes,
493,Rider,Leon Camier,35.05375728112028,0.538899614043794,14/10/2011 13:00:00,0,Aprilia RSV4 Factory [2011],World Superbikes,
493,Rider,Leon Camier,35.05758091221832,0.5386143507113934,14/10/2011 13:00:00,1,Aprilia RSV4 Factory [2011],World Superbikes,
493,Rider,Leon Camier,35.06176106943917,0.5383481745479622,15/10/2011 13:00:00,0,Aprilia RSV4 Factory [2011],World Superbikes,
493,Rider,Leon Camier,35.0656907813108,0.5380984771378062,15/10/2011 13:00:00,1,Aprilia RSV4 Factory [2011],World Superbikes,
493,Rider,Leon Camier,35.07141851081964,0.5378412174743601,23/02/2012 13:00:00,0,Suzuki GSX-R 1000 K9 [2012],World Superbikes,
493,Rider,Leon Camier,35.0771365943008,0.5376025070675569,24/02/2012 13:00:00,0,Suzuki GSX-R 1000 K9 [2012],World Superbikes,
493,Rider,Leon Camier,35.08172640070264,0.5373808794386177,30/03/2012 13:00:00,0,Suzuki GSX-R 1000 K9 [2012],World Superbikes,
493,Rider,Leon Camier,35.085779230058336,0.5371773889197159,30/03/2012 13:00:00,1,Suzuki GSX-R 1000 K9 [2012],World Superbikes,
493,Rider,Leon Camier,35.088830806639194,0.5369911263068546,31/03/2012 13:00:00,0,Suzuki GSX-R 1000 K9 [2012],World Superbikes,
493,Rider,Leon Camier,35.093375873044565,0.536811053848708,20/04/2012 13:00:00,0,Suzuki GSX-R 1000 K9 [2012],World Superbikes,
493,Rider,Leon Camier,35.09596117691425,0.536642721425527,20/04/2012 13:00:00,1,Suzuki GSX-R 1000 K9 [2012],World Superbikes,
493,Rider,Leon Camier,35.09983203165781,0.5364894100271248,21/04/2012 13:00:00,0,Suzuki GSX-R 1000 K9 [2012],World Superbikes,
493,Rider,Leon Camier,35.10435275782958,0.5363491079115512,04/05/2012 13:00:00,0,Suzuki GSX-R 1000 K9 [2012],World Superbikes,
493,Rider,Leon Camier,35.10900221338462,0.5362262276716316,04/05/2012 13:00:00,1,Suzuki GSX-R 1000 K9 [2012],World Superbikes,
493,Rider,Leon Camier,35.11428846448332,0.5361202903084248,05/05/2012 13:00:00,0,Suzuki GSX-R 1000 K9 [2012],World Superbikes,
493,Rider,Leon Camier,35.11998456230342,0.5360276276906435,11/05/2012 13:00:00,0,Suzuki GSX-R 1000 K9 [2012],World Superbikes,
493,Rider,Leon Camier,35.12421849465843,0.5359498675066151,11/05/2012 13:00:00,1,Suzuki GSX-R 1000 K9 [2012],World Superbikes,
493,Rider,Leon Camier,35.127238457327586,0.5358875587615595,12/05/2012 13:00:00,0,Suzuki GSX-R 1000 K9 [2012],World Superbikes,
493,Rider,Leon Camier,35.12936924276987,0.5358398421330529,12/05/2012 13:00:00,1,Suzuki GSX-R 1000 K9 [2012],World Superbikes,
493,Rider,Leon Camier,35.13116386448669,0.5358035020895158,12/05/2012 13:00:00,2,Suzuki GSX-R 1000 K9 [2012],World Superbikes,
493,Rider,Leon Camier,35.133318192046616,0.5357658058320178,26/05/2012 13:00:00,0,Suzuki GSX-R 1000 K9 [2012],World Superbikes,
493,Rider,Leon Camier,35.13498366572422,0.5357449883963252,26/05/2012 13:00:00,1,Suzuki GSX-R 1000 K9 [2012],World Superbikes,
493,Rider,Leon Camier,35.13831592539641,0.5357368638506029,08/06/2012 13:00:00,0,Suzuki GSX-R 1000 K9 [2012],World Superbikes,
493,Rider,Leon Camier,35.14137606990449,0.5357459502779449,08/06/2012 13:00:00,1,Suzuki GSX-R 1000 K9 [2012],World Superbikes,
493,Rider,Leon Camier,35.14373014485332,0.5357725385558538,09/06/2012 13:00:00,0,Suzuki GSX-R 1000 K9 [2012],World Superbikes,
493,Rider,Leon Camier,35.147016828724,0.5358110548712477,29/06/2012 13:00:00,0,Suzuki GSX-R 1000 K9 [2012],World Superbikes,
493,Rider,Leon Camier,35.1496975888901,0.5358672786454868,29/06/2012 13:00:00,1,Suzuki GSX-R 1000 K9 [2012],World Superbikes,
493,Rider,Leon Camier,35.151395770551034,0.5359399257230236,30/06/2012 13:00:00,0,Suzuki GSX-R 1000 K9 [2012],World Superbikes,
493,Rider,Leon Camier,35.154056915740426,0.5360216780689534,20/07/2012 13:00:00,0,Suzuki GSX-R 1000 K9 [2012],World Superbikes,
493,Rider,Leon Camier,35.156909869628066,0.5361195475374593,20/07/2012 13:00:00,1,Suzuki GSX-R 1000 K9 [2012],World Superbikes,
493,Rider,Leon Camier,35.159530324119984,0.536234643556686,21/07/2012 13:00:00,0,Suzuki GSX-R 1000 K9 [2012],World Superbikes,
493,Rider,Leon Camier,35.162674947036415,0.5363626392001608,03/08/2012 13:00:00,0,Suzuki GSX-R 1000 K9 [2012],World Superbikes,
493,Rider,Leon Camier,35.16425771761162,0.5365043034553789,03/08/2012 13:00:00,1,Suzuki GSX-R 1000 K9 [2012],World Superbikes,
493,Rider,Leon Camier,35.1643225401125,0.5366611029594822,04/08/2012 13:00:00,0,Suzuki GSX-R 1000 K9 [2012],World Superbikes,
493,Rider,Leon Camier,35.16327124320635,0.5368332442861525,04/08/2012 13:00:00,1,Suzuki GSX-R 1000 K9 [2012],World Superbikes,
493,Rider,Leon Camier,35.160466086050846,0.537010330031702,23/08/2012 13:00:00,0,Suzuki GSX-R 1000 K9 [2012],World Superbikes,
493,Rider,Leon Camier,35.159259200084996,0.5371980883620068,24/08/2012 13:00:00,0,Suzuki GSX-R 1000 K9 [2012],World Superbikes,
493,Rider,Leon Camier,35.15885528997631,0.5374029659560305,07/09/2012 13:00:00,0,Suzuki GSX-R 1000 K9 [2012],World Superbikes,
493,Rider,Leon Camier,35.15774031642406,0.5376249739127804,07/09/2012 13:00:00,1,Suzuki GSX-R 1000 K9 [2012],World Superbikes,
493,Rider,Leon Camier,35.155920523763086,0.5378636115476562,08/09/2012 13:00:00,0,Suzuki GSX-R 1000 K9 [2012],World Superbikes,
493,Rider,Leon Camier,35.154443623726195,0.5381148759084212,08/09/2012 13:00:00,1,Suzuki GSX-R 1000 K9 [2012],World Superbikes,
493,Rider,Leon Camier,35.15188993384585,0.5383782280976191,08/09/2012 13:00:00,2,Suzuki GSX-R 1000 K9 [2012],World Superbikes,
493,Rider,Leon Camier,35.149704837340394,0.5386386245382393,21/09/2012 13:00:00,0,Suzuki GSX-R 1000 K9 [2012],World Superbikes,
493,Rider,Leon Camier,35.1463527975419,0.5389160248416044,21/09/2012 13:00:00,1,Suzuki GSX-R 1000 K9 [2012],World Superbikes,
493,Rider,Leon Camier,35.142290117574376,0.5392115527355825,22/09/2012 13:00:00,0,Suzuki GSX-R 1000 K9 [2012],World Superbikes,
493,Rider,Leon Camier,35.13845610092957,0.5395211788382798,22/09/2012 13:00:00,1,Suzuki GSX-R 1000 K9 [2012],World Superbikes,
493,Rider,Leon Camier,35.1346252910533,0.539843358040053,05/10/2012 13:00:00,0,Suzuki GSX-R 1000 K9 [2012],World Superbikes,
493,Rider,Leon Camier,35.13061566650862,0.5401832111999492,05/10/2012 13:00:00,1,Suzuki GSX-R 1000 K9 [2012],World Superbikes,
493,Rider,Leon Camier,35.127203332280516,0.5405398164320638,06/10/2012 13:00:00,0,Suzuki GSX-R 1000 K9 [2012],World Superbikes,
493,Rider,Leon Camier,35.12377258097634,0.5409133326713397,06/10/2012 13:00:00,1,Suzuki GSX-R 1000 K9 [2012],World Superbikes,
493,Rider,Leon Camier,35.12051018455805,0.5412986879682841,21/02/2013 13:00:00,0,Suzuki GSX-R 1000 K9 [2013],World Superbikes,
493,Rider,Leon Camier,35.11659299296191,0.5417000891653787,22/02/2013 13:00:00,0,Suzuki GSX-R 1000 K9 [2013],World Superbikes,
493,Rider,Leon Camier,35.11115978934717,0.542111769986963,22/02/2013 13:00:00,1,Suzuki GSX-R 1000 K9 [2013],World Superbikes,
493,Rider,Leon Camier,35.10533023521268,0.5425397137652295,22/02/2013 13:00:00,2,Suzuki GSX-R 1000 K9 [2013],World Superbikes,
493,Rider,Leon Camier,35.09976009599001,0.5429833086422722,22/02/2013 13:00:00,3,Suzuki GSX-R 1000 K9 [2013],World Superbikes,
493,Rider,Leon Camier,35.09488888448398,0.5434363746210478,26/04/2013 13:00:00,0,Suzuki GSX-R 1000 K9 [2013],World Superbikes,
493,Rider,Leon Camier,35.090860659201944,0.5439080831354994,10/05/2013 13:00:00,0,Suzuki GSX-R 1000 K9 [2013],World Superbikes,
493,Rider,Leon Camier,35.087556855108076,0.5443971287630818,10/05/2013 13:00:00,1,Suzuki GSX-R 1000 K9 [2013],World Superbikes,
493,Rider,Leon Camier,35.084089874358675,0.5449049135456714,11/05/2013 13:00:00,0,Suzuki GSX-R 1000 K9 [2013],World Superbikes,
493,Rider,Leon Camier,35.081075458199926,0.5454304272302166,11/05/2013 13:00:00,1,Suzuki GSX-R 1000 K9 [2013],World Superbikes,
493,Rider,Leon Camier,35.078903404023286,0.5459715620343417,11/05/2013 13:00:00,2,Suzuki GSX-R 1000 K9 [2013],World Superbikes,
493,Rider,Leon Camier,35.07798550042549,0.5465190748317029,24/05/2013 13:00:00,0,Suzuki GSX-R 1000 K9 [2013],World Superbikes,
493,Rider,Leon Camier,35.07678813568507,0.5470869152556626,24/05/2013 13:00:00,1,Suzuki GSX-R 1000 K9 [2013],World Superbikes,
493,Rider,Leon Camier,35.07443331869905,0.5476708099467847,25/05/2013 13:00:00,0,Suzuki GSX-R 1000 K9 [2013],World Superbikes,
493,Rider,Leon Camier,35.071046219118635,0.5482716296408466,25/05/2013 13:00:00,1,Suzuki GSX-R 1000 K9 [2013],World Superbikes,
493,Rider,Leon Camier,35.0676085072415,0.548891722026974,25/05/2013 13:00:00,2,Suzuki GSX-R 1000 K9 [2013],World Superbikes,
493,Rider,Leon Camier,35.06403323450179,0.5495266623327721,07/06/2013 13:00:00,0,Suzuki GSX-R 1000 K9 [2013],World Superbikes,
493,Rider,Leon Camier,35.061114172228685,0.5501832081287923,07/06/2013 13:00:00,1,Suzuki GSX-R 1000 K9 [2013],World Superbikes,
493,Rider,Leon Camier,35.0578591990351,0.55086183586264,08/06/2013 13:00:00,0,Suzuki GSX-R 1000 K9 [2013],World Superbikes,
493,Rider,Leon Camier,35.05621497816068,0.55155843579778,28/06/2013 13:00:00,0,Suzuki GSX-R 1000 K9 [2013],World Superbikes,
493,Rider,Leon Camier,35.05476832555842,0.552280055279389,28/06/2013 13:00:00,1,Suzuki GSX-R 1000 K9 [2013],World Superbikes,
493,Rider,Leon Camier,35.05402982845116,0.5530265556733228,29/06/2013 13:00:00,0,Suzuki GSX-R 1000 K9 [2013],World Superbikes,
493,Rider,Leon Camier,35.05335347111849,0.5537979968055367,29/06/2013 13:00:00,1,Suzuki GSX-R 1000 K9 [2013],World Superbikes,
493,Rider,Leon Camier,35.052087291017806,0.5545912719105878,29/06/2013 13:00:00,2,Suzuki GSX-R 1000 K9 [2013],World Superbikes,
493,Rider,Leon Camier,35.05118577222961,0.5554005989519869,18/07/2013 13:00:00,0,Suzuki GSX-R 1000 K9 [2013],World Superbikes,
493,Rider,Leon Camier,35.05003797637171,0.5562356350003169,19/07/2013 13:00:00,0,Suzuki GSX-R 1000 K9 [2013],World Superbikes,
493,Rider,Leon Camier,35.049405822192206,0.5570974555241203,19/07/2013 13:00:00,1,Suzuki GSX-R 1000 K9 [2013],World Superbikes,
493,Rider,Leon Camier,35.047285992935635,0.5579747757243589,19/07/2013 13:00:00,2,Suzuki GSX-R 1000 K9 [2013],World Superbikes,
493,Rider,Leon Camier,35.04639642384357,0.5588725355852352,02/08/2013 13:00:00,0,Suzuki GSX-R 1000 K9 [2013],World Superbikes,
493,Rider,Leon Camier,35.043942925166604,0.5597868841601784,02/08/2013 13:00:00,1,Suzuki GSX-R 1000 K9 [2013],World Superbikes,
493,Rider,Leon Camier,35.03935027631073,0.56070937996042,03/08/2013 13:00:00,0,Suzuki GSX-R 1000 K9 [2013],World Superbikes,
493,Rider,Leon Camier,35.03504419545589,0.5616615032910854,03/08/2013 13:00:00,1,Suzuki GSX-R 1000 K9 [2013],World Superbikes,
493,Rider,Leon Camier,35.03042105479306,0.5626390962088508,03/08/2013 13:00:00,2,Suzuki GSX-R 1000 K9 [2013],World Superbikes,
493,Rider,Leon Camier,35.026390132681385,0.5636390815654535,30/08/2013 13:00:00,0,Suzuki GSX-R 1000 K9 [2013],World Superbikes,
493,Rider,Leon Camier,35.02162841611312,0.5646671130091601,30/08/2013 13:00:00,1,Suzuki GSX-R 1000 K9 [2013],World Superbikes,
493,Rider,Leon Camier,35.017179582539804,0.5657255852446307,31/08/2013 13:00:00,0,Suzuki GSX-R 1000 K9 [2013],World Superbikes,
493,Rider,Leon Camier,35.01378046684144,0.5668143703448587,18/10/2013 13:00:00,0,Suzuki GSX-R 1000 K9 [2013],World Superbikes,
493,Rider,Leon Camier,35.01035433356231,0.5679342320750521,18/10/2013 13:00:00,1,Suzuki GSX-R 1000 K9 [2013],World Superbikes,
493,Rider,Leon Camier,35.00794434443367,0.5690869326030188,19/10/2013 13:00:00,0,Suzuki GSX-R 1000 K9 [2013],World Superbikes,
493,Rider,Leon Camier,35.005729460238015,0.5702712489517658,19/10/2013 13:00:00,1,Suzuki GSX-R 1000 K9 [2013],World Superbikes,
493,Rider,Leon Camier,35.00374948051218,0.5714833304775991,19/10/2013 13:00:00,2,Suzuki GSX-R 1000 K9 [2013],World Superbikes,
493,Rider,Leon Camier,35.00290380554526,0.5727146264043775,12/04/2014 13:00:00,0,BMW S1000 RR [2014],World Superbikes,
493,Rider,Leon Camier,35.001518336414584,0.5739590434792475,12/04/2014 13:00:00,1,BMW S1000 RR [2014],World Superbikes,
493,Rider,Leon Camier,35.00135908781554,0.57522050541756,26/04/2014 13:00:00,0,BMW S1000 RR [2014],World Superbikes,
493,Rider,Leon Camier,35.00100083944852,0.5764920868400845,10/05/2014 13:00:00,0,BMW S1000 RR [2014],World Superbikes,
493,Rider,Leon Camier,35.00029439644567,0.5777795194223166,10/05/2014 13:00:00,1,BMW S1000 RR [2014],World Superbikes,
493,Rider,Leon Camier,35.00083588972095,0.5790872017884034,06/06/2014 13:00:00,0,BMW S1000 RR [2014],World Superbikes,
493,Rider,Leon Camier,35.002955171494364,0.580417320281458,12/07/2014 13:00:00,0,MV Agusta F4 RR [2014],World Superbikes,
493,Rider,Leon Camier,35.00661813116979,0.5817635301060511,20/02/2015 13:00:00,0,MV Agusta 1000 F4 [2015],World Superbikes,
493,Rider,Leon Camier,35.010483238478606,0.5831313938228864,20/03/2015 13:00:00,0,MV Agusta 1000 F4 [2015],World Superbikes,
493,Rider,Leon Camier,35.01507588237926,0.5845244898431998,11/04/2015 13:00:00,0,MV Agusta 1000 F4 [2015],World Superbikes,
493,Rider,Leon Camier,35.019988374361006,0.5859379577247247,18/04/2015 13:00:00,1,MV Agusta 1000 F4 [2015],World Superbikes,
493,Rider,Leon Camier,35.02568849997545,0.5873711043360602,09/05/2015 13:00:00,0,MV Agusta 1000 F4 [2015],World Superbikes,
493,Rider,Leon Camier,35.03007382697488,0.5888247063661269,09/05/2015 13:00:00,1,MV Agusta 1000 F4 [2015],World Superbikes,
493,Rider,Leon Camier,35.035996928997655,0.5902881810086571,22/05/2015 13:00:00,1,MV Agusta 1000 F4 [2015],World Superbikes,
493,Rider,Leon Camier,35.0411354011228,0.5917829896786873,06/06/2015 13:00:00,0,MV Agusta 1000 F4 [2015],World Superbikes,
493,Rider,Leon Camier,35.04632256574265,0.5933035363154108,20/06/2015 13:00:00,0,MV Agusta 1000 F4 [2015],World Superbikes,
493,Rider,Leon Camier,35.05269443966843,0.5948517092251149,18/07/2015 13:00:00,0,MV Agusta 1000 F4 [2015],World Superbikes,
493,Rider,Leon Camier,35.05813110990492,0.5964242123385992,18/07/2015 13:00:00,1,MV Agusta 1000 F4 [2015],World Superbikes,
493,Rider,Leon Camier,35.06388650604845,0.5980247052778263,31/07/2015 13:00:00,0,MV Agusta 1000 F4 [2015],World Superbikes,
493,Rider,Leon Camier,35.06954908192016,0.5996556468003836,19/09/2015 13:00:00,0,MV Agusta 1000 F4 [2015],World Superbikes,
493,Rider,Leon Camier,35.075054475499634,0.6013181560577215,03/10/2015 13:00:00,0,MV Agusta 1000 F4 [2015],World Superbikes,
493,Rider,Leon Camier,35.07945322580794,0.6030071345041279,03/10/2015 13:00:00,1,MV Agusta 1000 F4 [2015],World Superbikes,
493,Rider,Leon Camier,35.08298190788726,0.6047370272316392,17/10/2015 13:00:00,0,MV Agusta 1000 F4 [2015],World Superbikes,
493,Rider,Leon Camier,35.08731183016866,0.606498346206649,26/02/2016 13:00:00,1,MV Agusta 1000 F4 [2016],World Superbikes,
493,Rider,Leon Camier,35.09209059919215,0.60829669115966,11/03/2016 13:00:00,0,MV Agusta 1000 F4 [2016],World Superbikes,
493,Rider,Leon Camier,35.09716738839838,0.6101380458073797,01/04/2016 13:00:00,1,MV Agusta 1000 F4 [2016],World Superbikes,
493,Rider,Leon Camier,35.10156044868222,0.6120228054300434,15/04/2016 13:00:00,0,MV Agusta 1000 F4 [2016],World Superbikes,
493,Rider,Leon Camier,35.1057544791814,0.6139448406455471,29/04/2016 13:00:00,1,MV Agusta 1000 F4 [2016],World Superbikes,
493,Rider,Leon Camier,35.10975784770117,0.6159085556953878,13/05/2016 13:00:00,0,MV Agusta 1000 F4 [2016],World Superbikes,
493,Rider,Leon Camier,35.11279412806446,0.6178942540101057,13/05/2016 13:00:00,1,MV Agusta 1000 F4 [2016],World Superbikes,
493,Rider,Leon Camier,35.11761677450278,0.6199015847932057,27/05/2016 13:00:00,1,MV Agusta 1000 F4 [2016],World Superbikes,
493,Rider,Leon Camier,35.12283692646958,0.6219475614646426,17/06/2016 13:00:00,0,MV Agusta 1000 F4 [2016],World Superbikes,
493,Rider,Leon Camier,35.12741202619828,0.6240257283261887,17/06/2016 13:00:00,1,MV Agusta 1000 F4 [2016],World Superbikes,
493,Rider,Leon Camier,35.1317006227991,0.6261529166432449,09/07/2016 13:00:00,0,MV Agusta 1000 F4 [2016],World Superbikes,
493,Rider,Leon Camier,35.13451274896265,0.6282989508484755,09/07/2016 13:00:00,1,MV Agusta 1000 F4 [2016],World Superbikes,
493,Rider,Leon Camier,35.138948955997705,0.6304722527011923,16/09/2016 13:00:00,1,MV Agusta 1000 F4 [2016],World Superbikes,
493,Rider,Leon Camier,35.142672186908236,0.6326983234424102,30/09/2016 13:00:00,1,MV Agusta 1000 F4 [2016],World Superbikes,
493,Rider,Leon Camier,35.14530142689102,0.6349759269155912,14/10/2016 13:00:00,1,MV Agusta 1000 F4 [2016],World Superbikes,
493,Rider,Leon Camier,35.14847648380542,0.6373017951318225,29/10/2016 13:00:00,1,MV Agusta 1000 F4 [2016],World Superbikes,
493,Rider,Leon Camier,35.153105490680815,0.6396556348273458,24/02/2017 13:00:00,0,MV Agusta 1000 F4 [2017],World Superbikes,
493,Rider,Leon Camier,35.15595343717099,0.642037175956975,24/02/2017 13:00:00,1,MV Agusta 1000 F4 [2017],World Superbikes,
493,Rider,Leon Camier,35.15910626527493,0.6444706164870859,10/03/2017 13:00:00,0,MV Agusta 1000 F4 [2017],World Superbikes,
493,Rider,Leon Camier,35.160753333869174,0.646928957829208,10/03/2017 13:00:00,1,MV Agusta 1000 F4 [2017],World Superbikes,
493,Rider,Leon Camier,35.16346758130359,0.6494318493016786,31/03/2017 13:00:00,0,MV Agusta 1000 F4 [2017],World Superbikes,
493,Rider,Leon Camier,35.16690151030649,0.6519889188702789,16/06/2017 13:00:00,1,MV Agusta 1000 F4 [2017],World Superbikes,
493,Rider,Leon Camier,35.169557651608294,0.654603168822351,08/07/2017 13:00:00,1,MV Agusta 1000 F4 [2017],World Superbikes,
493,Rider,Leon Camier,35.172472071225314,0.6572728533549975,18/08/2017 13:00:00,1,MV Agusta 1000 F4 [2017],World Superbikes,
493,Rider,Leon Camier,35.175469955126566,0.6599998344023497,15/09/2017 13:00:00,1,MV Agusta 1000 F4 [2017],World Superbikes,
493,Rider,Leon Camier,35.180104744514395,0.6627624018928676,29/09/2017 13:00:00,1,MV Agusta 1000 F4 [2017],World Superbikes,
493,Rider,Leon Camier,35.18438063761317,0.6655886154984365,20/10/2017 13:00:00,0,MV Agusta 1000 F4 [2017],World Superbikes,
493,Rider,Leon Camier,35.18710890076634,0.6684489885214422,20/10/2017 13:00:00,1,MV Agusta 1000 F4 [2017],World Superbikes,
493,Rider,Leon Camier,35.189957550204056,0.6713697459555854,03/11/2017 13:00:00,0,MV Agusta 1000 F4 [2017],World Superbikes,
493,Rider,Leon Camier,35.192168327580426,0.6743350691034127,03/11/2017 13:00:00,1,MV Agusta 1000 F4 [2017],World Superbikes,
493,Rider,Leon Camier,35.19590108124783,0.6773377263662161,23/02/2018 13:00:00,1,Honda CBR1000RR [2018],World Superbikes,
493,Rider,Leon Camier,35.200687055105895,0.6804004210220516,23/03/2018 13:00:00,1,Honda CBR1000RR [2018],World Superbikes,
493,Rider,Leon Camier,35.20388817956293,0.6835291696578245,13/04/2018 13:00:00,1,Honda CBR1000RR [2018],World Superbikes,
493,Rider,Leon Camier,35.207703012430805,0.6867281915216389,25/05/2018 13:00:00,0,Honda CBR1000RR [2018],World Superbikes,
493,Rider,Leon Camier,35.21091427638769,0.6899908413896899,08/06/2018 13:00:00,1,Honda CBR1000RR [2018],World Superbikes,
493,Rider,Leon Camier,35.21503121856523,0.6933207249941185,23/06/2018 13:00:00,1,Honda CBR1000RR [2018],World Superbikes,
493,Rider,Leon Camier,35.218899177086406,0.6967254835087521,06/07/2018 13:00:00,1,Honda CBR1000RR [2018],World Superbikes,
493,Rider,Leon Camier,35.223513260201194,0.7002031343825953,14/09/2018 13:00:00,0,Honda CBR1000RR [2018],World Superbikes,
493,Rider,Leon Camier,35.22784283864773,0.7037471591421635,28/09/2018 13:00:00,0,Honda CBR1000RR [2018],World Superbikes,
493,Rider,Leon Camier,35.23034490438216,0.7073373040052073,28/09/2018 13:00:00,1,Honda CBR1000RR [2018],World Superbikes,
493,Rider,Leon Camier,35.23389758006078,0.711000259260617,12/10/2018 13:00:00,1,Honda CBR1000RR [2018],World Superbikes,
493,Rider,Leon Camier,35.238284174775416,0.7147353862150486,26/10/2018 13:00:00,0,Honda CBR1000RR [2018],World Superbikes,
493,Rider,Leon Camier,35.24177282837509,0.7185006165440355,26/10/2018 13:00:00,1,Honda CBR1000RR [2018],World Superbikes,
493,Rider,Leon Camier,35.24580007173113,0.7223472912988628,22/02/2019 13:00:00,0,Honda CBR1000RR SP2 [2019],World Superbikes,
493,Rider,Leon Camier,35.24863140471951,0.7262793274088281,15/03/2019 13:00:00,0,Honda CBR1000RR SP2 [2019],World Superbikes,
493,Rider,Leon Camier,35.250709281609105,0.7302968012719179,05/04/2019 13:00:00,0,Honda CBR1000RR SP2 [2019],World Superbikes,
493,Rider,Leon Camier,35.25243487576299,0.7343986246723477,12/04/2019 13:00:00,0,Honda CBR1000RR SP2 [2019],World Superbikes,
493,Rider,Leon Camier,35.252789957727806,0.7385883111802352,10/05/2019 13:00:00,0,Honda CBR1000RR SP2 [2019],World Superbikes,
493,Rider,Leon Camier,35.2551046832228,0.7428368620585448,27/09/2019 13:00:00,0,Honda CBR1000RR SP2 [2019],World Superbikes,
493,Rider,Leon Camier,35.25602960423996,0.7471786127980724,11/10/2019 13:00:00,0,Honda CBR1000RR SP2 [2019],World Superbikes,
493,Rider,Leon Camier,35.2557006947714,0.7516147584282531,25/10/2019 13:00:00,0,Honda CBR1000RR SP2 [2019],World Superbikes,
494,Rider,Simon Andrews,23.10626026488748,2.9009756670782214,26/06/2009 13:00:00,0,Kawasaki ZX 10R [2009],World Superbikes,
494,Rider,Simon Andrews,23.10603266848271,2.9005595234550143,26/06/2009 13:00:00,1,Kawasaki ZX 10R [2009],World Superbikes,
494,Rider,Simon Andrews,23.105783200161373,2.9006345642241596,09/04/2010 13:00:00,0,Kawasaki ZX 10R [2010],World Superbikes,
494,Rider,Simon Andrews,23.10601984109049,2.901111783982515,09/04/2010 13:00:00,1,Kawasaki ZX 10R [2010],World Superbikes,
495,Rider,Blake Young,20.11715592365454,2.8764982393493614,26/06/2009 13:00:00,0,Suzuki GSX-R 1000 K9 [2009],World Superbikes,
495,Rider,Blake Young,20.116658127467865,2.876044153170436,26/06/2009 13:00:00,1,Suzuki GSX-R 1000 K9 [2009],World Superbikes,
495,Rider,Blake Young,20.116125952477905,2.876058533490807,27/09/2013 13:00:00,0,Suzuki GSX-R 1000 K9 [2013],World Superbikes,
495,Rider,Blake Young,20.116364124924154,2.8765198816659883,27/09/2013 13:00:00,1,Suzuki GSX-R 1000 K9 [2013],World Superbikes,
496,Rider,Richard Cooper,29.92725420646991,3.634757553935639,04/09/2009 13:00:00,0,BMW S1000 RR [2009],World Superbikes,
496,Rider,Richard Cooper,29.925407583697577,3.634824549830534,04/09/2009 13:00:00,1,BMW S1000 RR [2009],World Superbikes,
497,Rider,Marco Simoncelli,35.47126013926233,2.8919812012675106,25/09/2009 13:00:00,0,Aprilia RSV4 [2009],World Superbikes,
497,Rider,Marco Simoncelli,35.471053404919175,2.891582080475697,26/09/2009 13:00:00,0,Aprilia RSV4 [2009],World Superbikes,
497,Rider,Marco Simoncelli,35.47023291871547,2.89169563409907,26/09/2009 13:00:00,1,Aprilia RSV4 [2009],World Superbikes,
497,Rider,Marco Simoncelli,35.46800054139183,2.892304088688603,26/09/2009 13:00:00,2,Aprilia RSV4 [2009],World Superbikes,
498,Rider,Flavio Gentile,20.892938021183877,4.121593046596786,02/10/2009 13:00:00,0, [2009],World Superbikes,
498,Rider,Flavio Gentile,20.893319884432106,4.121499211957716,02/10/2009 13:00:00,1, [2009],World Superbikes,
499,Rider,Sylvain Guintoli,36.48745683796213,0.72478260814885,23/10/2009 13:00:00,0,Suzuki GSX-R 1000 K9 [2009],World Superbikes,
499,Rider,Sylvain Guintoli,36.490596664898234,0.7201718023299692,23/10/2009 13:00:00,1,Suzuki GSX-R 1000 K9 [2009],World Superbikes,
499,Rider,Sylvain Guintoli,36.49458363829699,0.7156567700422474,24/10/2009 13:00:00,0,Suzuki GSX-R 1000 K9 [2009],World Superbikes,
499,Rider,Sylvain Guintoli,36.497104530265645,0.7112327576305204,24/10/2009 13:00:00,1,Suzuki GSX-R 1000 K9 [2009],World Superbikes,
499,Rider,Sylvain Guintoli,36.49965531504444,0.7068972345257263,25/02/2010 13:00:00,0,Suzuki GSX-R 1000 K9 [2010],World Superbikes,
499,Rider,Sylvain Guintoli,36.50168163416196,0.7026528514784379,26/02/2010 13:00:00,0,Suzuki GSX-R 1000 K9 [2010],World Superbikes,
499,Rider,Sylvain Guintoli,36.502448180475135,0.6984932009823863,26/02/2010 13:00:00,1,Suzuki GSX-R 1000 K9 [2010],World Superbikes,
499,Rider,Sylvain Guintoli,36.50332946642795,0.6944225560139221,26/02/2010 13:00:00,2,Suzuki GSX-R 1000 K9 [2010],World Superbikes,
499,Rider,Sylvain Guintoli,36.503624739510684,0.6904367361698454,26/02/2010 13:00:00,3,Suzuki GSX-R 1000 K9 [2010],World Superbikes,
499,Rider,Sylvain Guintoli,36.50344732940796,0.6865217031048296,26/03/2010 13:00:00,0,Suzuki GSX-R 1000 K9 [2010],World Superbikes,
499,Rider,Sylvain Guintoli,36.503886947574856,0.6826911793386686,26/03/2010 13:00:00,1,Suzuki GSX-R 1000 K9 [2010],World Superbikes,
499,Rider,Sylvain Guintoli,36.504477249545445,0.6789448611216783,27/03/2010 13:00:00,0,Suzuki GSX-R 1000 K9 [2010],World Superbikes,
499,Rider,Sylvain Guintoli,36.50566883969511,0.6752810342905173,27/03/2010 13:00:00,1,Suzuki GSX-R 1000 K9 [2010],World Superbikes,
499,Rider,Sylvain Guintoli,36.506827649238375,0.6716947915337595,09/04/2010 13:00:00,0,Suzuki GSX-R 1000 K9 [2010],World Superbikes,
499,Rider,Sylvain Guintoli,36.507985719072785,0.6681885968804345,09/04/2010 13:00:00,1,Suzuki GSX-R 1000 K9 [2010],World Superbikes,
499,Rider,Sylvain Guintoli,36.50878585915458,0.6647615384890735,10/04/2010 13:00:00,0,Suzuki GSX-R 1000 K9 [2010],World Superbikes,
499,Rider,Sylvain Guintoli,36.50785696582827,0.6614057214002272,10/04/2010 13:00:00,1,Suzuki GSX-R 1000 K9 [2010],World Superbikes,
499,Rider,Sylvain Guintoli,36.5055118964719,0.6581209256106032,10/04/2010 13:00:00,2,Suzuki GSX-R 1000 K9 [2010],World Superbikes,
499,Rider,Sylvain Guintoli,36.50323621755584,0.6548929466238149,23/04/2010 13:00:00,0,Suzuki GSX-R 1000 K9 [2010],World Superbikes,
499,Rider,Sylvain Guintoli,36.50245832301554,0.6517332692553557,23/04/2010 13:00:00,1,Suzuki GSX-R 1000 K9 [2010],World Superbikes,
499,Rider,Sylvain Guintoli,36.50177773007504,0.6486465278282725,24/04/2010 13:00:00,0,Suzuki GSX-R 1000 K9 [2010],World Superbikes,
499,Rider,Sylvain Guintoli,36.500320904886436,0.6456306811825981,24/04/2010 13:00:00,1,Suzuki GSX-R 1000 K9 [2010],World Superbikes,
499,Rider,Sylvain Guintoli,36.499651315531516,0.6426788095646442,07/05/2010 13:00:00,0,Suzuki GSX-R 1000 K9 [2010],World Superbikes,
499,Rider,Sylvain Guintoli,36.50004069115329,0.6397949117120253,07/05/2010 13:00:00,1,Suzuki GSX-R 1000 K9 [2010],World Superbikes,
499,Rider,Sylvain Guintoli,36.5006846526462,0.6369800089809248,08/05/2010 13:00:00,0,Suzuki GSX-R 1000 K9 [2010],World Superbikes,
499,Rider,Sylvain Guintoli,36.5016531732213,0.6342323788935674,08/05/2010 13:00:00,1,Suzuki GSX-R 1000 K9 [2010],World Superbikes,
499,Rider,Sylvain Guintoli,36.503733803291524,0.6315449581736762,14/05/2010 13:00:00,0,Suzuki GSX-R 1000 K9 [2010],World Superbikes,
499,Rider,Sylvain Guintoli,36.50748767587447,0.6289160068963293,14/05/2010 13:00:00,1,Suzuki GSX-R 1000 K9 [2010],World Superbikes,
499,Rider,Sylvain Guintoli,36.510905780065116,0.6263494253367,15/05/2010 13:00:00,0,Suzuki GSX-R 1000 K9 [2010],World Superbikes,
499,Rider,Sylvain Guintoli,36.514370555355406,0.6238454966143185,15/05/2010 13:00:00,1,Suzuki GSX-R 1000 K9 [2010],World Superbikes,
499,Rider,Sylvain Guintoli,36.517982015561984,0.621400874481312,29/05/2010 13:00:00,0,Suzuki GSX-R 1000 K9 [2010],World Superbikes,
499,Rider,Sylvain Guintoli,36.523546139698354,0.6190062382614487,29/05/2010 13:00:00,1,Suzuki GSX-R 1000 K9 [2010],World Superbikes,
499,Rider,Sylvain Guintoli,36.529468871683974,0.6166699140607205,30/05/2010 13:00:00,0,Suzuki GSX-R 1000 K9 [2010],World Superbikes,
499,Rider,Sylvain Guintoli,36.53432925233702,0.6143898429667657,30/05/2010 13:00:00,1,Suzuki GSX-R 1000 K9 [2010],World Superbikes,
499,Rider,Sylvain Guintoli,36.53975409640268,0.6121634114916412,25/06/2010 13:00:00,0,Suzuki GSX-R 1000 K9 [2010],World Superbikes,
499,Rider,Sylvain Guintoli,36.54540364426665,0.609993635282328,25/06/2010 13:00:00,1,Suzuki GSX-R 1000 K9 [2010],World Superbikes,
499,Rider,Sylvain Guintoli,36.551210611542004,0.6078801628805195,26/06/2010 13:00:00,0,Suzuki GSX-R 1000 K9 [2010],World Superbikes,
499,Rider,Sylvain Guintoli,36.555804110249966,0.6058188405730837,26/06/2010 13:00:00,1,Suzuki GSX-R 1000 K9 [2010],World Superbikes,
499,Rider,Sylvain Guintoli,36.5586518505765,0.6038037611302818,26/06/2010 13:00:00,2,Suzuki GSX-R 1000 K9 [2010],World Superbikes,
499,Rider,Sylvain Guintoli,36.561483278408026,0.6018244447504386,09/07/2010 13:00:00,0,Suzuki GSX-R 1000 K9 [2010],World Superbikes,
499,Rider,Sylvain Guintoli,36.56525041236183,0.599895966837429,09/07/2010 13:00:00,1,Suzuki GSX-R 1000 K9 [2010],World Superbikes,
499,Rider,Sylvain Guintoli,36.56936047054286,0.5980178290364783,10/07/2010 13:00:00,0,Suzuki GSX-R 1000 K9 [2010],World Superbikes,
499,Rider,Sylvain Guintoli,36.57375666709838,0.596189814536222,10/07/2010 13:00:00,1,Suzuki GSX-R 1000 K9 [2010],World Superbikes,
499,Rider,Sylvain Guintoli,36.57797980097001,0.5944094643433605,10/07/2010 13:00:00,2,Suzuki GSX-R 1000 K9 [2010],World Superbikes,
499,Rider,Sylvain Guintoli,36.58205213907222,0.5926656855643466,30/07/2010 13:00:00,0,Suzuki GSX-R 1000 K9 [2010],World Superbikes,
499,Rider,Sylvain Guintoli,36.58755249755136,0.5909661703206129,30/07/2010 13:00:00,1,Suzuki GSX-R 1000 K9 [2010],World Superbikes,
499,Rider,Sylvain Guintoli,36.59441128904451,0.58931377349051,31/07/2010 13:00:00,0,Suzuki GSX-R 1000 K9 [2010],World Superbikes,
499,Rider,Sylvain Guintoli,36.602093135982415,0.5877046669284773,31/07/2010 13:00:00,1,Suzuki GSX-R 1000 K9 [2010],World Superbikes,
499,Rider,Sylvain Guintoli,36.6099786358014,0.5861385485949255,03/09/2010 13:00:00,0,Suzuki GSX-R 1000 K9 [2010],World Superbikes,
499,Rider,Sylvain Guintoli,36.61946957879982,0.584610987761954,03/09/2010 13:00:00,1,Suzuki GSX-R 1000 K9 [2010],World Superbikes,
499,Rider,Sylvain Guintoli,36.6298464299324,0.583124733846093,04/09/2010 13:00:00,0,Suzuki GSX-R 1000 K9 [2010],World Superbikes,
499,Rider,Sylvain Guintoli,36.639587733861575,0.5816806857771459,04/09/2010 13:00:00,1,Suzuki GSX-R 1000 K9 [2010],World Superbikes,
499,Rider,Sylvain Guintoli,36.64684462996542,0.5802581780208529,04/09/2010 13:00:00,2,Suzuki GSX-R 1000 K9 [2010],World Superbikes,
499,Rider,Sylvain Guintoli,36.65350960502661,0.57886498655907,24/09/2010 13:00:00,0,Suzuki GSX-R 1000 K9 [2010],World Superbikes,
499,Rider,Sylvain Guintoli,36.660799570026754,0.5775113564160737,24/09/2010 13:00:00,1,Suzuki GSX-R 1000 K9 [2010],World Superbikes,
499,Rider,Sylvain Guintoli,36.6670558099895,0.5761930894677432,25/09/2010 13:00:00,0,Suzuki GSX-R 1000 K9 [2010],World Superbikes,
499,Rider,Sylvain Guintoli,36.672980343520955,0.5749145568775113,25/09/2010 13:00:00,1,Suzuki GSX-R 1000 K9 [2010],World Superbikes,
499,Rider,Sylvain Guintoli,36.68083971874102,0.5736510292134617,01/10/2010 13:00:00,0,Suzuki GSX-R 1000 K9 [2010],World Superbikes,
499,Rider,Sylvain Guintoli,36.6895408849933,0.5724226008632406,01/10/2010 13:00:00,1,Suzuki GSX-R 1000 K9 [2010],World Superbikes,
499,Rider,Sylvain Guintoli,36.69583154711038,0.5712118362855775,02/10/2010 13:00:00,0,Suzuki GSX-R 1000 K9 [2010],World Superbikes,
499,Rider,Sylvain Guintoli,36.70084662505798,0.5700352526276397,02/10/2010 13:00:00,1,Suzuki GSX-R 1000 K9 [2010],World Superbikes,
499,Rider,Sylvain Guintoli,36.70446116596974,0.5688909021653629,02/10/2010 13:00:00,2,Suzuki GSX-R 1000 K9 [2010],World Superbikes,
499,Rider,Sylvain Guintoli,36.70639597038678,0.5677660980175251,24/02/2011 13:00:00,0,Ducati 1098R [2011],World Superbikes,
499,Rider,Sylvain Guintoli,36.7066877193669,0.5666649973698844,25/02/2011 13:00:00,0,Ducati 1098R [2011],World Superbikes,
499,Rider,Sylvain Guintoli,36.70636546041982,0.5655959017152192,25/02/2011 13:00:00,1,Ducati 1098R [2011],World Superbikes,
499,Rider,Sylvain Guintoli,36.70489501593351,0.5645530615060295,25/02/2011 13:00:00,2,Ducati 1098R [2011],World Superbikes,
499,Rider,Sylvain Guintoli,36.702399712995195,0.5635340715087169,25/02/2011 13:00:00,3,Ducati 1098R [2011],World Superbikes,
499,Rider,Sylvain Guintoli,36.699167563924824,0.562534005450598,25/03/2011 13:00:00,0,Ducati 1098R [2011],World Superbikes,
499,Rider,Sylvain Guintoli,36.69727168246768,0.561564971163418,25/03/2011 13:00:00,1,Ducati 1098R [2011],World Superbikes,
499,Rider,Sylvain Guintoli,36.69736611146453,0.5606197334396302,26/03/2011 13:00:00,0,Ducati 1098R [2011],World Superbikes,
499,Rider,Sylvain Guintoli,36.69906348712069,0.55969792370014,15/04/2011 13:00:00,0,Ducati 1098R [2011],World Superbikes,
499,Rider,Sylvain Guintoli,36.7030618181062,0.5588022236092021,15/04/2011 13:00:00,1,Ducati 1098R [2011],World Superbikes,
499,Rider,Sylvain Guintoli,36.707843410448895,0.5579372479226105,16/04/2011 13:00:00,0,Ducati 1098R [2011],World Superbikes,
499,Rider,Sylvain Guintoli,36.7147352013844,0.5570901106731295,06/05/2011 13:00:00,0,Ducati 1098R [2011],World Superbikes,
499,Rider,Sylvain Guintoli,36.72255024327314,0.55627273495643,06/05/2011 13:00:00,1,Ducati 1098R [2011],World Superbikes,
499,Rider,Sylvain Guintoli,36.73177397900705,0.555481692853424,07/05/2011 13:00:00,0,Ducati 1098R [2011],World Superbikes,
499,Rider,Sylvain Guintoli,36.74073624200484,0.5547179287649173,07/05/2011 13:00:00,1,Ducati 1098R [2011],World Superbikes,
499,Rider,Sylvain Guintoli,36.751773352050876,0.5539602655724082,28/05/2011 13:00:00,0,Ducati 1098R [2011],World Superbikes,
499,Rider,Sylvain Guintoli,36.76382522251855,0.5532299954957753,28/05/2011 13:00:00,1,Ducati 1098R [2011],World Superbikes,
499,Rider,Sylvain Guintoli,36.77527307933074,0.5525251696042563,29/05/2011 13:00:00,0,Ducati 1098R [2011],World Superbikes,
499,Rider,Sylvain Guintoli,36.78519728993642,0.5518361967007485,29/05/2011 13:00:00,1,Ducati 1098R [2011],World Superbikes,
499,Rider,Sylvain Guintoli,36.79478373299414,0.5511678814691837,29/05/2011 13:00:00,2,Ducati 1098R [2011],World Superbikes,
499,Rider,Sylvain Guintoli,36.804527570212414,0.5505132191808887,10/06/2011 13:00:00,0,Ducati 1098R [2011],World Superbikes,
499,Rider,Sylvain Guintoli,36.814425072069504,0.549884292562365,10/06/2011 13:00:00,1,Ducati 1098R [2011],World Superbikes,
499,Rider,Sylvain Guintoli,36.82509719086562,0.549281957144541,11/06/2011 13:00:00,0,Ducati 1098R [2011],World Superbikes,
499,Rider,Sylvain Guintoli,36.836815668920124,0.5487014442452791,11/06/2011 13:00:00,1,Ducati 1098R [2011],World Superbikes,
499,Rider,Sylvain Guintoli,36.84785146161092,0.5481387802241208,11/06/2011 13:00:00,2,Ducati 1098R [2011],World Superbikes,
499,Rider,Sylvain Guintoli,36.86049657675154,0.5475701891161651,17/06/2011 13:00:00,0,Ducati 1098R [2011],World Superbikes,
499,Rider,Sylvain Guintoli,36.875372102284516,0.5470232364108882,17/06/2011 13:00:00,1,Ducati 1098R [2011],World Superbikes,
499,Rider,Sylvain Guintoli,36.891902765909,0.5464985495427803,18/06/2011 13:00:00,0,Ducati 1098R [2011],World Superbikes,
499,Rider,Sylvain Guintoli,36.907822898333166,0.5459925571122416,18/06/2011 13:00:00,1,Ducati 1098R [2011],World Superbikes,
499,Rider,Sylvain Guintoli,36.925243566653116,0.5454997106615145,08/07/2011 13:00:00,0,Ducati 1098R [2011],World Superbikes,
499,Rider,Sylvain Guintoli,36.943113381945246,0.545028679149069,08/07/2011 13:00:00,1,Ducati 1098R [2011],World Superbikes,
499,Rider,Sylvain Guintoli,36.96268785037356,0.5445799063977894,09/07/2011 13:00:00,0,Ducati 1098R [2011],World Superbikes,
499,Rider,Sylvain Guintoli,36.98192637371344,0.5441482617979442,09/07/2011 13:00:00,1,Ducati 1098R [2011],World Superbikes,
499,Rider,Sylvain Guintoli,37.002917669268115,0.5437260023402448,29/07/2011 13:00:00,0,Ducati 1098R [2011],World Superbikes,
499,Rider,Sylvain Guintoli,37.02452595218338,0.5433257883981717,29/07/2011 13:00:00,1,Ducati 1098R [2011],World Superbikes,
499,Rider,Sylvain Guintoli,37.04528296542536,0.5429422231239768,30/07/2011 13:00:00,0,Ducati 1098R [2011],World Superbikes,
499,Rider,Sylvain Guintoli,37.06740235389194,0.542576799502134,30/07/2011 13:00:00,1,Ducati 1098R [2011],World Superbikes,
499,Rider,Sylvain Guintoli,37.08983141720148,0.5422277174839976,30/07/2011 13:00:00,2,Ducati 1098R [2011],World Superbikes,
499,Rider,Sylvain Guintoli,37.11256932074339,0.5418894681160614,02/09/2011 13:00:00,0,Ducati 1098R [2011],World Superbikes,
499,Rider,Sylvain Guintoli,37.13485636986132,0.5415692761969836,02/09/2011 13:00:00,1,Ducati 1098R [2011],World Superbikes,
499,Rider,Sylvain Guintoli,37.15669091579648,0.541266598925534,03/09/2011 13:00:00,0,Ducati 1098R [2011],World Superbikes,
499,Rider,Sylvain Guintoli,37.1771067478531,0.5409705040582368,03/09/2011 13:00:00,1,Ducati 1098R [2011],World Superbikes,
499,Rider,Sylvain Guintoli,37.19741950733505,0.5406874475179352,03/09/2011 13:00:00,2,Ducati 1098R [2011],World Superbikes,
499,Rider,Sylvain Guintoli,37.219401830979294,0.5403926784298965,23/09/2011 13:00:00,0,Ducati 1098R [2011],World Superbikes,
499,Rider,Sylvain Guintoli,37.24153043624791,0.5401163874269947,23/09/2011 13:00:00,1,Ducati 1098R [2011],World Superbikes,
499,Rider,Sylvain Guintoli,37.26435581585081,0.539859218276355,24/09/2011 13:00:00,0,Ducati 1098R [2011],World Superbikes,
499,Rider,Sylvain Guintoli,37.286584602413896,0.539616494449929,24/09/2011 13:00:00,1,Ducati 1098R [2011],World Superbikes,
499,Rider,Sylvain Guintoli,37.30928691319242,0.5393875581400905,24/09/2011 13:00:00,2,Ducati 1098R [2011],World Superbikes,
499,Rider,Sylvain Guintoli,37.33406808348074,0.5391491421021409,30/09/2011 13:00:00,0,Ducati 1098R [2011],World Superbikes,
499,Rider,Sylvain Guintoli,37.35781762492267,0.5389220299661035,30/09/2011 13:00:00,1,Ducati 1098R [2011],World Superbikes,
499,Rider,Sylvain Guintoli,37.380333495629415,0.5387029926758389,01/10/2011 13:00:00,0,Ducati 1098R [2011],World Superbikes,
499,Rider,Sylvain Guintoli,37.40144862213237,0.5384895260020836,01/10/2011 13:00:00,1,Ducati 1098R [2011],World Superbikes,
499,Rider,Sylvain Guintoli,37.42139164958411,0.5382823168734284,01/10/2011 13:00:00,2,Ducati 1098R [2011],World Superbikes,
499,Rider,Sylvain Guintoli,37.44153131336325,0.5380828301163993,14/10/2011 13:00:00,0,Ducati 1098R [2011],World Superbikes,
499,Rider,Sylvain Guintoli,37.46053978757831,0.5378953614420013,14/10/2011 13:00:00,1,Ducati 1098R [2011],World Superbikes,
499,Rider,Sylvain Guintoli,37.479249811799285,0.5377246660038039,15/10/2011 13:00:00,0,Ducati 1098R [2011],World Superbikes,
499,Rider,Sylvain Guintoli,37.498608020209524,0.5375700589039487,15/10/2011 13:00:00,1,Ducati 1098R [2011],World Superbikes,
499,Rider,Sylvain Guintoli,37.517107667236665,0.5374237301482088,15/10/2011 13:00:00,2,Ducati 1098R [2011],World Superbikes,
499,Rider,Sylvain Guintoli,37.535882357629696,0.5372824577803711,23/02/2012 13:00:00,0,Ducati 1098R [2012],World Superbikes,
499,Rider,Sylvain Guintoli,37.55519619983501,0.5371596162670281,24/02/2012 13:00:00,0,Ducati 1098R [2012],World Superbikes,
499,Rider,Sylvain Guintoli,37.573887984794894,0.5370524789596807,30/03/2012 13:00:00,0,Ducati 1098R [2012],World Superbikes,
499,Rider,Sylvain Guintoli,37.59239550925119,0.5369630264326474,30/03/2012 13:00:00,1,Ducati 1098R [2012],World Superbikes,
499,Rider,Sylvain Guintoli,37.60918217468722,0.5368803077728658,31/03/2012 13:00:00,0,Ducati 1098R [2012],World Superbikes,
499,Rider,Sylvain Guintoli,37.62429116794571,0.5368030030323336,31/03/2012 13:00:00,1,Ducati 1098R [2012],World Superbikes,
499,Rider,Sylvain Guintoli,37.638679471562085,0.5367358623496166,31/03/2012 13:00:00,2,Ducati 1098R [2012],World Superbikes,
499,Rider,Sylvain Guintoli,37.6516730925136,0.536668469496186,20/04/2012 13:00:00,0,Ducati 1098R [2012],World Superbikes,
499,Rider,Sylvain Guintoli,37.66251124912944,0.5365961115624197,20/04/2012 13:00:00,1,Ducati 1098R [2012],World Superbikes,
499,Rider,Sylvain Guintoli,37.67337057943807,0.5365413362677388,21/04/2012 13:00:00,0,Ducati 1098R [2012],World Superbikes,
499,Rider,Sylvain Guintoli,37.68235853761538,0.5364810495105435,21/04/2012 13:00:00,1,Ducati 1098R [2012],World Superbikes,
499,Rider,Sylvain Guintoli,37.69109494102435,0.5364260645925774,04/05/2012 13:00:00,0,Ducati 1098R [2012],World Superbikes,
499,Rider,Sylvain Guintoli,37.7011589071514,0.5363883586700564,04/05/2012 13:00:00,1,Ducati 1098R [2012],World Superbikes,
499,Rider,Sylvain Guintoli,37.71282836833079,0.5363674592213945,05/05/2012 13:00:00,0,Ducati 1098R [2012],World Superbikes,
499,Rider,Sylvain Guintoli,37.72327044617591,0.536356757919942,05/05/2012 13:00:00,1,Ducati 1098R [2012],World Superbikes,
499,Rider,Sylvain Guintoli,37.73170905329844,0.5363358975945282,11/05/2012 13:00:00,0,Ducati 1098R [2012],World Superbikes,
499,Rider,Sylvain Guintoli,37.740774439726074,0.5363322557299586,11/05/2012 13:00:00,1,Ducati 1098R [2012],World Superbikes,
499,Rider,Sylvain Guintoli,37.75065179274837,0.536345551546827,12/05/2012 13:00:00,0,Ducati 1098R [2012],World Superbikes,
499,Rider,Sylvain Guintoli,37.76114152959073,0.5363740214695611,12/05/2012 13:00:00,1,Ducati 1098R [2012],World Superbikes,
499,Rider,Sylvain Guintoli,37.77179754934348,0.5364149762781697,12/05/2012 13:00:00,2,Ducati 1098R [2012],World Superbikes,
499,Rider,Sylvain Guintoli,37.78264178019772,0.5364616838804648,26/05/2012 13:00:00,0,Ducati 1098R [2012],World Superbikes,
499,Rider,Sylvain Guintoli,37.79297452173144,0.5365249830878579,26/05/2012 13:00:00,1,Ducati 1098R [2012],World Superbikes,
499,Rider,Sylvain Guintoli,37.802375797138474,0.5366028643248152,27/05/2012 13:00:00,0,Ducati 1098R [2012],World Superbikes,
499,Rider,Sylvain Guintoli,37.81091137877041,0.5366936832750201,27/05/2012 13:00:00,1,Ducati 1098R [2012],World Superbikes,
499,Rider,Sylvain Guintoli,37.81837046524354,0.5367934549973395,27/05/2012 13:00:00,2,Ducati 1098R [2012],World Superbikes,
499,Rider,Sylvain Guintoli,37.82623874445431,0.5368980480002231,08/06/2012 13:00:00,0,Ducati 1098R [2012],World Superbikes,
499,Rider,Sylvain Guintoli,37.833649294469254,0.5370196405924946,08/06/2012 13:00:00,1,Ducati 1098R [2012],World Superbikes,
499,Rider,Sylvain Guintoli,37.841306303064584,0.5371601212491266,09/06/2012 13:00:00,0,Ducati 1098R [2012],World Superbikes,
499,Rider,Sylvain Guintoli,37.84833751001588,0.5373139172159598,09/06/2012 13:00:00,1,Ducati 1098R [2012],World Superbikes,
499,Rider,Sylvain Guintoli,37.85714776037945,0.5374575645902074,29/06/2012 13:00:00,0,Ducati 1098R [2012],World Superbikes,
499,Rider,Sylvain Guintoli,37.86724363365505,0.5376197005121316,29/06/2012 13:00:00,1,Ducati 1098R [2012],World Superbikes,
499,Rider,Sylvain Guintoli,37.87808253412989,0.537800570012472,30/06/2012 13:00:00,0,Ducati 1098R [2012],World Superbikes,
499,Rider,Sylvain Guintoli,37.88855844028285,0.5379973097742069,30/06/2012 13:00:00,1,Ducati 1098R [2012],World Superbikes,
499,Rider,Sylvain Guintoli,37.89977609025108,0.5382060611599088,03/08/2012 13:00:00,0,Ducati 1098R [2012],World Superbikes,
499,Rider,Sylvain Guintoli,37.90987431922664,0.5384260405552055,03/08/2012 13:00:00,1,Ducati 1098R [2012],World Superbikes,
499,Rider,Sylvain Guintoli,37.91953527037866,0.5386637980068881,04/08/2012 13:00:00,0,Ducati 1098R [2012],World Superbikes,
499,Rider,Sylvain Guintoli,37.928083633449354,0.5389143092148306,04/08/2012 13:00:00,1,Ducati 1098R [2012],World Superbikes,
499,Rider,Sylvain Guintoli,37.936086383758685,0.5391743327758638,23/08/2012 13:00:00,0,Ducati 1098R [2012],World Superbikes,
499,Rider,Sylvain Guintoli,37.94301967884735,0.5394472196089131,24/08/2012 13:00:00,0,Ducati 1098R [2012],World Superbikes,
499,Rider,Sylvain Guintoli,37.949262913092895,0.5397342018954465,24/08/2012 13:00:00,1,Ducati 1098R [2012],World Superbikes,
499,Rider,Sylvain Guintoli,37.95794207177392,0.5400294915217263,07/09/2012 13:00:00,0,Ducati 1098R [2012],World Superbikes,
499,Rider,Sylvain Guintoli,37.9673191505547,0.5403443588419603,07/09/2012 13:00:00,1,Ducati 1098R [2012],World Superbikes,
499,Rider,Sylvain Guintoli,37.97864771316802,0.5406759324572804,21/09/2012 13:00:00,0,Ducati 1098R [2012],World Superbikes,
499,Rider,Sylvain Guintoli,37.99092335394267,0.5410272263931138,21/09/2012 13:00:00,1,Ducati 1098R [2012],World Superbikes,
499,Rider,Sylvain Guintoli,38.004163792545235,0.5413980746516984,22/09/2012 13:00:00,0,Ducati 1098R [2012],World Superbikes,
499,Rider,Sylvain Guintoli,38.017342213070506,0.5417867648410253,22/09/2012 13:00:00,1,Ducati 1098R [2012],World Superbikes,
499,Rider,Sylvain Guintoli,38.03209186238632,0.5421834264612693,05/10/2012 13:00:00,0,Ducati 1098R [2012],World Superbikes,
499,Rider,Sylvain Guintoli,38.04724779206029,0.5425994709946423,05/10/2012 13:00:00,1,Ducati 1098R [2012],World Superbikes,
499,Rider,Sylvain Guintoli,38.062058297186745,0.5430334982674407,06/10/2012 13:00:00,0,Ducati 1098R [2012],World Superbikes,
499,Rider,Sylvain Guintoli,38.07820030510603,0.5434851855242008,06/10/2012 13:00:00,1,Ducati 1098R [2012],World Superbikes,
499,Rider,Sylvain Guintoli,38.0943761901753,0.5439524308457644,06/10/2012 13:00:00,2,Ducati 1098R [2012],World Superbikes,
499,Rider,Sylvain Guintoli,38.11064821746827,0.5444292742991785,21/02/2013 13:00:00,0,Aprilia RSV4 Factory [2013],World Superbikes,
499,Rider,Sylvain Guintoli,38.12766391099521,0.544925987225419,22/02/2013 13:00:00,0,Aprilia RSV4 Factory [2013],World Superbikes,
499,Rider,Sylvain Guintoli,38.144647932016255,0.545442072238734,22/02/2013 13:00:00,1,Aprilia RSV4 Factory [2013],World Superbikes,
499,Rider,Sylvain Guintoli,38.16176298890109,0.5459771754448701,22/02/2013 13:00:00,2,Aprilia RSV4 Factory [2013],World Superbikes,
499,Rider,Sylvain Guintoli,38.178769719927494,0.5465293949379243,22/02/2013 13:00:00,3,Aprilia RSV4 Factory [2013],World Superbikes,
499,Rider,Sylvain Guintoli,38.196275780308476,0.5470953844589647,12/04/2013 13:00:00,0,Aprilia RSV4 Factory [2013],World Superbikes,
499,Rider,Sylvain Guintoli,38.213779367409906,0.5476799425035278,12/04/2013 13:00:00,1,Aprilia RSV4 Factory [2013],World Superbikes,
499,Rider,Sylvain Guintoli,38.23130639547249,0.5482828708248569,13/04/2013 13:00:00,0,Aprilia RSV4 Factory [2013],World Superbikes,
499,Rider,Sylvain Guintoli,38.248954054405154,0.5489054651164299,13/04/2013 13:00:00,1,Aprilia RSV4 Factory [2013],World Superbikes,
499,Rider,Sylvain Guintoli,38.267387310275765,0.5495460419662298,13/04/2013 13:00:00,2,Aprilia RSV4 Factory [2013],World Superbikes,
499,Rider,Sylvain Guintoli,38.28561122117561,0.5501981114923774,26/04/2013 13:00:00,0,Aprilia RSV4 Factory [2013],World Superbikes,
499,Rider,Sylvain Guintoli,38.302615525975774,0.5508589508230459,26/04/2013 13:00:00,1,Aprilia RSV4 Factory [2013],World Superbikes,
499,Rider,Sylvain Guintoli,38.31963566584999,0.5515401649801558,27/04/2013 13:00:00,0,Aprilia RSV4 Factory [2013],World Superbikes,
499,Rider,Sylvain Guintoli,38.336402931154,0.552239570385894,27/04/2013 13:00:00,1,Aprilia RSV4 Factory [2013],World Superbikes,
499,Rider,Sylvain Guintoli,38.352100534721515,0.5529474327645686,27/04/2013 13:00:00,2,Aprilia RSV4 Factory [2013],World Superbikes,
499,Rider,Sylvain Guintoli,38.36780734367866,0.5536689861542401,10/05/2013 13:00:00,0,Aprilia RSV4 Factory [2013],World Superbikes,
499,Rider,Sylvain Guintoli,38.382653542660066,0.5544099336597653,10/05/2013 13:00:00,1,Aprilia RSV4 Factory [2013],World Superbikes,
499,Rider,Sylvain Guintoli,38.39569071123448,0.5551524410159087,11/05/2013 13:00:00,0,Aprilia RSV4 Factory [2013],World Superbikes,
499,Rider,Sylvain Guintoli,38.40681556007186,0.5558969683207028,11/05/2013 13:00:00,1,Aprilia RSV4 Factory [2013],World Superbikes,
499,Rider,Sylvain Guintoli,38.41726633060529,0.5566616908316435,11/05/2013 13:00:00,2,Aprilia RSV4 Factory [2013],World Superbikes,
499,Rider,Sylvain Guintoli,38.427083333403075,0.5574421540082423,24/05/2013 13:00:00,0,Aprilia RSV4 Factory [2013],World Superbikes,
499,Rider,Sylvain Guintoli,38.43634758368584,0.5582466787863605,24/05/2013 13:00:00,1,Aprilia RSV4 Factory [2013],World Superbikes,
499,Rider,Sylvain Guintoli,38.4442913910052,0.5590669176190297,25/05/2013 13:00:00,0,Aprilia RSV4 Factory [2013],World Superbikes,
499,Rider,Sylvain Guintoli,38.452379687470675,0.5599146607322397,25/05/2013 13:00:00,1,Aprilia RSV4 Factory [2013],World Superbikes,
499,Rider,Sylvain Guintoli,38.459189654686405,0.5607769870475003,25/05/2013 13:00:00,2,Aprilia RSV4 Factory [2013],World Superbikes,
499,Rider,Sylvain Guintoli,38.464825664628485,0.5616520140857775,07/06/2013 13:00:00,0,Aprilia RSV4 Factory [2013],World Superbikes,
499,Rider,Sylvain Guintoli,38.46990624968769,0.5625522418755158,07/06/2013 13:00:00,1,Aprilia RSV4 Factory [2013],World Superbikes,
499,Rider,Sylvain Guintoli,38.47406810386143,0.5634776405578852,08/06/2013 13:00:00,0,Aprilia RSV4 Factory [2013],World Superbikes,
499,Rider,Sylvain Guintoli,38.47875113230057,0.5644341521948996,08/06/2013 13:00:00,1,Aprilia RSV4 Factory [2013],World Superbikes,
499,Rider,Sylvain Guintoli,38.48351726865288,0.5654169416440269,28/06/2013 13:00:00,0,Aprilia RSV4 Factory [2013],World Superbikes,
499,Rider,Sylvain Guintoli,38.488575423512735,0.5664322470470756,28/06/2013 13:00:00,1,Aprilia RSV4 Factory [2013],World Superbikes,
499,Rider,Sylvain Guintoli,38.49394361958391,0.5674801298047997,29/06/2013 13:00:00,0,Aprilia RSV4 Factory [2013],World Superbikes,
499,Rider,Sylvain Guintoli,38.499452700854164,0.5685604776263917,29/06/2013 13:00:00,1,Aprilia RSV4 Factory [2013],World Superbikes,
499,Rider,Sylvain Guintoli,38.50526409107172,0.5696716994667709,29/06/2013 13:00:00,2,Aprilia RSV4 Factory [2013],World Superbikes,
499,Rider,Sylvain Guintoli,38.51092843748572,0.5708075261780897,18/07/2013 13:00:00,0,Aprilia RSV4 Factory [2013],World Superbikes,
499,Rider,Sylvain Guintoli,38.51877319833796,0.5719748779405267,19/07/2013 13:00:00,1,Aprilia RSV4 Factory [2013],World Superbikes,
499,Rider,Sylvain Guintoli,38.527754614445,0.5731767313399374,19/07/2013 13:00:00,2,Aprilia RSV4 Factory [2013],World Superbikes,
499,Rider,Sylvain Guintoli,38.53792628292513,0.574409767510988,19/07/2013 13:00:00,3,Aprilia RSV4 Factory [2013],World Superbikes,
499,Rider,Sylvain Guintoli,38.54941531030441,0.5756694371540833,02/08/2013 13:00:00,0,Aprilia RSV4 Factory [2013],World Superbikes,
499,Rider,Sylvain Guintoli,38.56175756381848,0.5769666912055096,02/08/2013 13:00:00,1,Aprilia RSV4 Factory [2013],World Superbikes,
499,Rider,Sylvain Guintoli,38.57288606395858,0.5782928139325106,03/08/2013 13:00:00,0,Aprilia RSV4 Factory [2013],World Superbikes,
499,Rider,Sylvain Guintoli,38.58512573223703,0.579657322049114,03/08/2013 13:00:00,1,Aprilia RSV4 Factory [2013],World Superbikes,
499,Rider,Sylvain Guintoli,38.59669308263223,0.5810532463532664,03/08/2013 13:00:00,2,Aprilia RSV4 Factory [2013],World Superbikes,
499,Rider,Sylvain Guintoli,38.609609349428204,0.5824768623498425,30/08/2013 13:00:00,0,Aprilia RSV4 Factory [2013],World Superbikes,
499,Rider,Sylvain Guintoli,38.622706768688964,0.5839399823871124,30/08/2013 13:00:00,1,Aprilia RSV4 Factory [2013],World Superbikes,
499,Rider,Sylvain Guintoli,38.63468549827002,0.5854358744033723,31/08/2013 13:00:00,0,Aprilia RSV4 Factory [2013],World Superbikes,
499,Rider,Sylvain Guintoli,38.64616319500422,0.5869677078073043,31/08/2013 13:00:00,1,Aprilia RSV4 Factory [2013],World Superbikes,
499,Rider,Sylvain Guintoli,38.659319723900666,0.5885267697749779,12/09/2013 13:00:00,0,Aprilia RSV4 Factory [2013],World Superbikes,
499,Rider,Sylvain Guintoli,38.67087467067603,0.5900990704537397,13/09/2013 13:00:00,1,Aprilia RSV4 Factory [2013],World Superbikes,
499,Rider,Sylvain Guintoli,38.68199807785828,0.5917042147651294,13/09/2013 13:00:00,2,Aprilia RSV4 Factory [2013],World Superbikes,
499,Rider,Sylvain Guintoli,38.69346925479878,0.5933465125933032,13/09/2013 13:00:00,3,Aprilia RSV4 Factory [2013],World Superbikes,
499,Rider,Sylvain Guintoli,38.704011165656624,0.5950138484023035,27/09/2013 13:00:00,0,Aprilia RSV4 Factory [2013],World Superbikes,
499,Rider,Sylvain Guintoli,38.71519407889718,0.5967263121212978,27/09/2013 13:00:00,1,Aprilia RSV4 Factory [2013],World Superbikes,
499,Rider,Sylvain Guintoli,38.726174701846936,0.5984810553672071,28/09/2013 13:00:00,0,Aprilia RSV4 Factory [2013],World Superbikes,
499,Rider,Sylvain Guintoli,38.73763776954328,0.6002805656722005,28/09/2013 13:00:00,1,Aprilia RSV4 Factory [2013],World Superbikes,
499,Rider,Sylvain Guintoli,38.748160699209826,0.6021162689468078,28/09/2013 13:00:00,2,Aprilia RSV4 Factory [2013],World Superbikes,
499,Rider,Sylvain Guintoli,38.7569933331755,0.6039679665595191,04/10/2013 13:00:00,0,Aprilia RSV4 Factory [2013],World Superbikes,
499,Rider,Sylvain Guintoli,38.764167083868855,0.6058375199361964,04/10/2013 13:00:00,1,Aprilia RSV4 Factory [2013],World Superbikes,
499,Rider,Sylvain Guintoli,38.77122624663624,0.6077502266014504,05/10/2013 13:00:00,0,Aprilia RSV4 Factory [2013],World Superbikes,
499,Rider,Sylvain Guintoli,38.777975646514655,0.6097037726411288,05/10/2013 13:00:00,1,Aprilia RSV4 Factory [2013],World Superbikes,
499,Rider,Sylvain Guintoli,38.78396478905671,0.6116856512629338,18/10/2013 13:00:00,0,Aprilia RSV4 Factory [2013],World Superbikes,
499,Rider,Sylvain Guintoli,38.790064896064536,0.6137192006551719,18/10/2013 13:00:00,1,Aprilia RSV4 Factory [2013],World Superbikes,
499,Rider,Sylvain Guintoli,38.795986749202626,0.615803087587167,19/10/2013 13:00:00,0,Aprilia RSV4 Factory [2013],World Superbikes,
499,Rider,Sylvain Guintoli,38.80370979049137,0.6179376222411144,19/10/2013 13:00:00,1,Aprilia RSV4 Factory [2013],World Superbikes,
499,Rider,Sylvain Guintoli,38.81100369249429,0.6201200093646949,19/10/2013 13:00:00,2,Aprilia RSV4 Factory [2013],World Superbikes,
499,Rider,Sylvain Guintoli,38.81883392307337,0.6223477275407537,21/02/2014 13:00:00,1,Aprilia RSV4 Factory [2014],World Superbikes,
499,Rider,Sylvain Guintoli,38.82507036145493,0.6245994957353076,12/04/2014 13:00:00,1,Aprilia RSV4 Factory [2014],World Superbikes,
499,Rider,Sylvain Guintoli,38.830736602145066,0.6268980725234663,26/04/2014 13:00:00,1,Aprilia RSV4 Factory [2014],World Superbikes,
499,Rider,Sylvain Guintoli,38.83540222380635,0.6292407861876219,10/05/2014 13:00:00,1,Aprilia RSV4 Factory [2014],World Superbikes,
499,Rider,Sylvain Guintoli,38.83902019516684,0.6316275902653252,23/05/2014 13:00:00,1,Aprilia RSV4 Factory [2014],World Superbikes,
499,Rider,Sylvain Guintoli,38.84284415962768,0.6340684513352446,06/06/2014 13:00:00,1,Aprilia RSV4 Factory [2014],World Superbikes,
499,Rider,Sylvain Guintoli,38.844892364158355,0.6365371935674523,21/06/2014 13:00:00,1,Aprilia RSV4 Factory [2014],World Superbikes,
499,Rider,Sylvain Guintoli,38.84635926704216,0.6390557410881685,05/07/2014 13:00:00,1,Aprilia RSV4 Factory [2014],World Superbikes,
499,Rider,Sylvain Guintoli,38.84841472472569,0.6416287248514736,12/07/2014 13:00:00,1,Aprilia RSV4 Factory [2014],World Superbikes,
499,Rider,Sylvain Guintoli,38.84937840538928,0.6442458055061852,06/09/2014 13:00:00,1,Aprilia RSV4 Factory [2014],World Superbikes,
499,Rider,Sylvain Guintoli,38.85050572020372,0.6469197794642868,04/10/2014 13:00:00,1,Aprilia RSV4 Factory [2014],World Superbikes,
499,Rider,Sylvain Guintoli,38.85169128667401,0.6496514783531394,01/11/2014 13:00:00,1,Aprilia RSV4 Factory [2014],World Superbikes,
499,Rider,Sylvain Guintoli,38.85305783512443,0.6524426020283473,20/02/2015 13:00:00,1,Honda CBR1000RR SP [2015],World Superbikes,
499,Rider,Sylvain Guintoli,38.855177852163884,0.6552898574584685,20/03/2015 13:00:00,1,Honda CBR1000RR SP [2015],World Superbikes,
499,Rider,Sylvain Guintoli,38.857763653242465,0.6581929398808776,11/04/2015 13:00:00,0,Honda CBR1000RR SP [2015],World Superbikes,
499,Rider,Sylvain Guintoli,38.860880289839734,0.6611460591433264,18/04/2015 13:00:00,0,Honda CBR1000RR SP [2015],World Superbikes,
499,Rider,Sylvain Guintoli,38.86287443995481,0.6641244539318967,18/04/2015 13:00:00,1,Honda CBR1000RR SP [2015],World Superbikes,
499,Rider,Sylvain Guintoli,38.865406820530374,0.6671650001637146,09/05/2015 13:00:00,0,Honda CBR1000RR SP [2015],World Superbikes,
499,Rider,Sylvain Guintoli,38.868994851512014,0.6702583614643253,22/05/2015 13:00:00,0,Honda CBR1000RR SP [2015],World Superbikes,
499,Rider,Sylvain Guintoli,38.871558415726355,0.6733797520290976,22/05/2015 13:00:00,1,Honda CBR1000RR SP [2015],World Superbikes,
499,Rider,Sylvain Guintoli,38.87501007471479,0.676565920249148,06/06/2015 13:00:00,1,Honda CBR1000RR SP [2015],World Superbikes,
499,Rider,Sylvain Guintoli,38.8782305820491,0.6798218896228164,20/06/2015 13:00:00,1,Honda CBR1000RR SP [2015],World Superbikes,
499,Rider,Sylvain Guintoli,38.88169054314699,0.6831474268580464,18/07/2015 13:00:00,1,Honda CBR1000RR SP [2015],World Superbikes,
499,Rider,Sylvain Guintoli,38.88572776547759,0.686538637248981,31/07/2015 13:00:00,1,Honda CBR1000RR SP [2015],World Superbikes,
499,Rider,Sylvain Guintoli,38.88817709426824,0.6900005475954131,19/09/2015 13:00:00,1,Honda CBR1000RR SP [2015],World Superbikes,
499,Rider,Sylvain Guintoli,38.8914083123685,0.6935330948461907,03/10/2015 13:00:00,1,Honda CBR1000RR SP [2015],World Superbikes,
499,Rider,Sylvain Guintoli,38.89392251007835,0.6971405632893768,17/10/2015 13:00:00,0,Honda CBR1000RR SP [2015],World Superbikes,
499,Rider,Sylvain Guintoli,38.896604420800244,0.7008170324948033,26/02/2016 13:00:00,1,Yamaha YZF-R1 [2016],World Superbikes,
499,Rider,Sylvain Guintoli,38.898251297394815,0.704567864003721,11/03/2016 13:00:00,1,Yamaha YZF-R1 [2016],World Superbikes,
499,Rider,Sylvain Guintoli,38.89930406697182,0.7083948984563994,01/04/2016 13:00:00,0,Yamaha YZF-R1 [2016],World Superbikes,
499,Rider,Sylvain Guintoli,38.90017377591944,0.7122837495973396,01/04/2016 13:00:00,1,Yamaha YZF-R1 [2016],World Superbikes,
499,Rider,Sylvain Guintoli,38.899226425577204,0.7162442958901734,15/04/2016 13:00:00,1,Yamaha YZF-R1 [2016],World Superbikes,
499,Rider,Sylvain Guintoli,38.896519461717084,0.7202765590717615,16/09/2016 13:00:00,1,Yamaha YZF-R1 [2016],World Superbikes,
499,Rider,Sylvain Guintoli,38.894407384929416,0.7243921405897901,30/09/2016 13:00:00,1,Yamaha YZF-R1 [2016],World Superbikes,
499,Rider,Sylvain Guintoli,38.89153033059604,0.7285889154277261,14/10/2016 13:00:00,1,Yamaha YZF-R1 [2016],World Superbikes,
499,Rider,Sylvain Guintoli,38.88940816376161,0.7328692383949101,29/10/2016 13:00:00,1,Yamaha YZF-R1 [2016],World Superbikes,
499,Rider,Sylvain Guintoli,38.88629005073082,0.7372357601540349,20/10/2017 13:00:00,1,Kawasaki ZX-10R [2017],World Superbikes,
499,Rider,Sylvain Guintoli,38.884823772275695,0.7416787240773617,03/11/2017 13:00:00,0,Kawasaki ZX-10R [2017],World Superbikes,
499,Rider,Sylvain Guintoli,38.88249412910259,0.7461583672422692,03/11/2017 13:00:00,1,Kawasaki ZX-10R [2017],World Superbikes,
500,Bike,Ducati 1098R [2010],38.17918052978249,0.8775093490156092,25/02/2010 13:00:00,0,,World Superbikes,
500,Bike,Ducati 1098R [2010],38.17969280097311,0.8737768134302343,26/02/2010 13:00:00,0,,World Superbikes,
500,Bike,Ducati 1098R [2010],38.18077562075979,0.8701738954554586,26/02/2010 13:00:00,1,,World Superbikes,
500,Bike,Ducati 1098R [2010],38.18162514027931,0.8667005753354257,26/02/2010 13:00:00,2,,World Superbikes,
500,Bike,Ducati 1098R [2010],38.182183365670184,0.8633583243099378,26/02/2010 13:00:00,3,,World Superbikes,
500,Bike,Ducati 1098R [2010],38.18267318653037,0.8601299565732203,26/03/2010 13:00:00,0,,World Superbikes,
500,Bike,Ducati 1098R [2010],38.18296250566901,0.8570324615997733,26/03/2010 13:00:00,1,,World Superbikes,
500,Bike,Ducati 1098R [2010],38.182900315338706,0.8540627529094089,27/03/2010 13:00:00,0,,World Superbikes,
500,Bike,Ducati 1098R [2010],38.183362468333634,0.8512260415842323,27/03/2010 13:00:00,1,,World Superbikes,
500,Bike,Ducati 1098R [2010],38.183981807236364,0.848507812609972,27/03/2010 13:00:00,2,,World Superbikes,
500,Bike,Ducati 1098R [2010],38.184847964532715,0.8458976402642104,09/04/2010 13:00:00,0,,World Superbikes,
500,Bike,Ducati 1098R [2010],38.18474390438473,0.8434094919833728,09/04/2010 13:00:00,1,,World Superbikes,
500,Bike,Ducati 1098R [2010],38.18390142861112,0.8410493266255704,10/04/2010 13:00:00,0,,World Superbikes,
500,Bike,Ducati 1098R [2010],38.18286729124044,0.8388135519175794,10/04/2010 13:00:00,1,,World Superbikes,
500,Bike,Ducati 1098R [2010],38.18212025653122,0.836694297229412,10/04/2010 13:00:00,2,,World Superbikes,
500,Bike,Ducati 1098R [2010],38.18160689841204,0.8346586360397857,23/04/2010 13:00:00,0,,World Superbikes,
500,Bike,Ducati 1098R [2010],38.18093769583231,0.8327464136026543,23/04/2010 13:00:00,1,,World Superbikes,
500,Bike,Ducati 1098R [2010],38.17980574237135,0.8309600181266198,24/04/2010 13:00:00,0,,World Superbikes,
500,Bike,Ducati 1098R [2010],38.17939958827269,0.8292971057146392,24/04/2010 13:00:00,1,,World Superbikes,
500,Bike,Ducati 1098R [2010],38.17917004187042,0.8277557443554475,24/04/2010 13:00:00,2,,World Superbikes,
500,Bike,Ducati 1098R [2010],38.17959654463119,0.8263140280424427,07/05/2010 13:00:00,0,,World Superbikes,
500,Bike,Ducati 1098R [2010],38.18057639275128,0.8249964449295906,07/05/2010 13:00:00,1,,World Superbikes,
500,Bike,Ducati 1098R [2010],38.1817454351402,0.8237983183185913,08/05/2010 13:00:00,0,,World Superbikes,
500,Bike,Ducati 1098R [2010],38.18410553747791,0.822720409101015,08/05/2010 13:00:00,1,,World Superbikes,
500,Bike,Ducati 1098R [2010],38.18715477291161,0.8217552628115973,08/05/2010 13:00:00,2,,World Superbikes,
500,Bike,Ducati 1098R [2010],38.1897193710593,0.8208930146446527,14/05/2010 13:00:00,0,,World Superbikes,
500,Bike,Ducati 1098R [2010],38.191870617846874,0.8201491530724574,14/05/2010 13:00:00,1,,World Superbikes,
500,Bike,Ducati 1098R [2010],38.193560009428445,0.8195226562619474,15/05/2010 13:00:00,0,,World Superbikes,
500,Bike,Ducati 1098R [2010],38.19587198152292,0.8190186448183634,15/05/2010 13:00:00,1,,World Superbikes,
500,Bike,Ducati 1098R [2010],38.19816202041376,0.8186224469695149,15/05/2010 13:00:00,2,,World Superbikes,
500,Bike,Ducati 1098R [2010],38.20053703737485,0.8183334582240726,29/05/2010 13:00:00,0,,World Superbikes,
500,Bike,Ducati 1098R [2010],38.202043782239265,0.8181597981333664,29/05/2010 13:00:00,1,,World Superbikes,
500,Bike,Ducati 1098R [2010],38.202924556546314,0.8181063437700958,30/05/2010 13:00:00,0,,World Superbikes,
500,Bike,Ducati 1098R [2010],38.20341323343691,0.8181689536944305,30/05/2010 13:00:00,1,,World Superbikes,
500,Bike,Ducati 1098R [2010],38.20376805752674,0.8183493514189857,30/05/2010 13:00:00,2,,World Superbikes,
500,Bike,Ducati 1098R [2010],38.20359981860454,0.8186237324259766,25/06/2010 13:00:00,0,,World Superbikes,
500,Bike,Ducati 1098R [2010],38.20336641183183,0.8190206523519322,25/06/2010 13:00:00,1,,World Superbikes,
500,Bike,Ducati 1098R [2010],38.202402575415476,0.8195409907158612,26/06/2010 13:00:00,0,,World Superbikes,
500,Bike,Ducati 1098R [2010],38.2013532725847,0.8201828344594497,26/06/2010 13:00:00,1,,World Superbikes,
500,Bike,Ducati 1098R [2010],38.20018535123399,0.8209430579000088,26/06/2010 13:00:00,2,,World Superbikes,
500,Bike,Ducati 1098R [2010],38.19934871682372,0.8217928935491936,09/07/2010 13:00:00,0,,World Superbikes,
500,Bike,Ducati 1098R [2010],38.19776619655915,0.8227610251957524,09/07/2010 13:00:00,1,,World Superbikes,
500,Bike,Ducati 1098R [2010],38.19564702930952,0.8238465760993827,10/07/2010 13:00:00,0,,World Superbikes,
500,Bike,Ducati 1098R [2010],38.19343736715963,0.8250551065317281,10/07/2010 13:00:00,1,,World Superbikes,
500,Bike,Ducati 1098R [2010],38.19153828463447,0.8263796451391395,10/07/2010 13:00:00,2,,World Superbikes,
500,Bike,Ducati 1098R [2010],38.19072363519826,0.8278066327612881,30/07/2010 13:00:00,0,,World Superbikes,
500,Bike,Ducati 1098R [2010],38.19006239163847,0.8293604552357805,30/07/2010 13:00:00,1,,World Superbikes,
500,Bike,Ducati 1098R [2010],38.1889174255708,0.8310418353949602,31/07/2010 13:00:00,0,,World Superbikes,
500,Bike,Ducati 1098R [2010],38.1880578837628,0.8328395213365865,31/07/2010 13:00:00,1,,World Superbikes,
500,Bike,Ducati 1098R [2010],38.1876615503406,0.8347581801552221,31/07/2010 13:00:00,2,,World Superbikes,
500,Bike,Ducati 1098R [2010],38.18668553173068,0.836786391677944,03/09/2010 13:00:00,0,,World Superbikes,
500,Bike,Ducati 1098R [2010],38.18494072278329,0.838933251393694,03/09/2010 13:00:00,1,,World Superbikes,
500,Bike,Ducati 1098R [2010],38.182949831452504,0.8412023093668757,04/09/2010 13:00:00,0,,World Superbikes,
500,Bike,Ducati 1098R [2010],38.181655664897946,0.8435946345260045,04/09/2010 13:00:00,1,,World Superbikes,
500,Bike,Ducati 1098R [2010],38.18066314201571,0.8461040467758383,04/09/2010 13:00:00,2,,World Superbikes,
500,Bike,Ducati 1098R [2010],38.18001158901027,0.8487148398833432,24/09/2010 13:00:00,0,,World Superbikes,
500,Bike,Ducati 1098R [2010],38.1788297889298,0.8514457608725092,24/09/2010 13:00:00,1,,World Superbikes,
500,Bike,Ducati 1098R [2010],38.17766042445549,0.8543007541578647,25/09/2010 13:00:00,0,,World Superbikes,
500,Bike,Ducati 1098R [2010],38.17652522470093,0.8572864389178143,25/09/2010 13:00:00,1,,World Superbikes,
500,Bike,Ducati 1098R [2010],38.17530913327804,0.8603986796280141,25/09/2010 13:00:00,2,,World Superbikes,
500,Bike,Ducati 1098R [2010],38.17340841574147,0.8636305864455469,01/10/2010 13:00:00,0,,World Superbikes,
500,Bike,Ducati 1098R [2010],38.17057899634318,0.8669909929839023,01/10/2010 13:00:00,1,,World Superbikes,
500,Bike,Ducati 1098R [2010],38.16765761309216,0.8704827195512377,02/10/2010 13:00:00,0,,World Superbikes,
500,Bike,Ducati 1098R [2010],38.16489208767444,0.8741077591350419,02/10/2010 13:00:00,1,,World Superbikes,
500,Bike,Ducati 1098R [2010],38.16254167698388,0.8778585623402029,02/10/2010 13:00:00,2,,World Superbikes,
501,Bike,Suzuki GSX-R 1000 K9 [2010],35.88052426313649,0.8756483342951057,25/02/2010 13:00:00,0,,World Superbikes,
501,Bike,Suzuki GSX-R 1000 K9 [2010],35.88089754390664,0.8719136823511516,26/02/2010 13:00:00,0,,World Superbikes,
501,Bike,Suzuki GSX-R 1000 K9 [2010],35.8800114594222,0.8683033153950506,26/02/2010 13:00:00,1,,World Superbikes,
501,Bike,Suzuki GSX-R 1000 K9 [2010],35.87823781629711,0.8648112197005385,26/02/2010 13:00:00,2,,World Superbikes,
501,Bike,Suzuki GSX-R 1000 K9 [2010],35.87518871793576,0.861433767729852,26/02/2010 13:00:00,3,,World Superbikes,
501,Bike,Suzuki GSX-R 1000 K9 [2010],35.87106705275829,0.8581579851057002,26/03/2010 13:00:00,0,,World Superbikes,
501,Bike,Suzuki GSX-R 1000 K9 [2010],35.866256254406466,0.854998684613799,26/03/2010 13:00:00,1,,World Superbikes,
501,Bike,Suzuki GSX-R 1000 K9 [2010],35.86117522553992,0.8519715999342968,27/03/2010 13:00:00,0,,World Superbikes,
501,Bike,Suzuki GSX-R 1000 K9 [2010],35.85541885678094,0.8490586989029348,27/03/2010 13:00:00,1,,World Superbikes,
501,Bike,Suzuki GSX-R 1000 K9 [2010],35.849770836213814,0.8462742611523143,27/03/2010 13:00:00,2,,World Superbikes,
501,Bike,Suzuki GSX-R 1000 K9 [2010],35.84398825533174,0.8436025415058248,09/04/2010 13:00:00,0,,World Superbikes,
501,Bike,Suzuki GSX-R 1000 K9 [2010],35.83800894896028,0.841061116821042,09/04/2010 13:00:00,1,,World Superbikes,
501,Bike,Suzuki GSX-R 1000 K9 [2010],35.83155592285815,0.8386488571957492,10/04/2010 13:00:00,0,,World Superbikes,
501,Bike,Suzuki GSX-R 1000 K9 [2010],35.82359780416034,0.8363553917983665,10/04/2010 13:00:00,1,,World Superbikes,
501,Bike,Suzuki GSX-R 1000 K9 [2010],35.81476655235137,0.8341859231005762,10/04/2010 13:00:00,2,,World Superbikes,
501,Bike,Suzuki GSX-R 1000 K9 [2010],35.80593848804315,0.8321236275735446,23/04/2010 13:00:00,0,,World Superbikes,
501,Bike,Suzuki GSX-R 1000 K9 [2010],35.79753751838223,0.830183769733326,23/04/2010 13:00:00,1,,World Superbikes,
501,Bike,Suzuki GSX-R 1000 K9 [2010],35.789929711979724,0.828372072874192,24/04/2010 13:00:00,0,,World Superbikes,
501,Bike,Suzuki GSX-R 1000 K9 [2010],35.7809752305469,0.8266697557009253,24/04/2010 13:00:00,1,,World Superbikes,
501,Bike,Suzuki GSX-R 1000 K9 [2010],35.771793023695665,0.8250829365171501,24/04/2010 13:00:00,2,,World Superbikes,
501,Bike,Suzuki GSX-R 1000 K9 [2010],35.76269326072437,0.8236071287128561,07/05/2010 13:00:00,0,,World Superbikes,
501,Bike,Suzuki GSX-R 1000 K9 [2010],35.753732521272184,0.8222372495086175,07/05/2010 13:00:00,1,,World Superbikes,
501,Bike,Suzuki GSX-R 1000 K9 [2010],35.74506377222927,0.8209739555542579,08/05/2010 13:00:00,0,,World Superbikes,
501,Bike,Suzuki GSX-R 1000 K9 [2010],35.73613319813454,0.819832463034001,08/05/2010 13:00:00,1,,World Superbikes,
501,Bike,Suzuki GSX-R 1000 K9 [2010],35.72770048287325,0.8188103367227575,08/05/2010 13:00:00,2,,World Superbikes,
501,Bike,Suzuki GSX-R 1000 K9 [2010],35.71983105687098,0.8178923481703881,14/05/2010 13:00:00,0,,World Superbikes,
501,Bike,Suzuki GSX-R 1000 K9 [2010],35.71257173438444,0.8170932262282334,14/05/2010 13:00:00,1,,World Superbikes,
501,Bike,Suzuki GSX-R 1000 K9 [2010],35.70476614296894,0.8164153834774036,15/05/2010 13:00:00,0,,World Superbikes,
501,Bike,Suzuki GSX-R 1000 K9 [2010],35.69683218327076,0.8158611554573958,15/05/2010 13:00:00,1,,World Superbikes,
501,Bike,Suzuki GSX-R 1000 K9 [2010],35.688269606685125,0.8154203620830043,15/05/2010 13:00:00,2,,World Superbikes,
501,Bike,Suzuki GSX-R 1000 K9 [2010],35.6799578210893,0.8150875177709465,29/05/2010 13:00:00,0,,World Superbikes,
501,Bike,Suzuki GSX-R 1000 K9 [2010],35.67228420881598,0.8148688265696553,29/05/2010 13:00:00,1,,World Superbikes,
501,Bike,Suzuki GSX-R 1000 K9 [2010],35.66548094697306,0.814772374081839,30/05/2010 13:00:00,0,,World Superbikes,
501,Bike,Suzuki GSX-R 1000 K9 [2010],35.65841798534657,0.8147986674424428,30/05/2010 13:00:00,1,,World Superbikes,
501,Bike,Suzuki GSX-R 1000 K9 [2010],35.6511421793964,0.8149411140480954,30/05/2010 13:00:00,2,,World Superbikes,
501,Bike,Suzuki GSX-R 1000 K9 [2010],35.64412738541543,0.8151889019921774,25/06/2010 13:00:00,0,,World Superbikes,
501,Bike,Suzuki GSX-R 1000 K9 [2010],35.636694223393434,0.8155565238398114,25/06/2010 13:00:00,1,,World Superbikes,
501,Bike,Suzuki GSX-R 1000 K9 [2010],35.629624706299026,0.8160498090587788,26/06/2010 13:00:00,0,,World Superbikes,
501,Bike,Suzuki GSX-R 1000 K9 [2010],35.622690866538534,0.81666466752006,26/06/2010 13:00:00,1,,World Superbikes,
501,Bike,Suzuki GSX-R 1000 K9 [2010],35.614940601832274,0.8173977258577826,26/06/2010 13:00:00,2,,World Superbikes,
501,Bike,Suzuki GSX-R 1000 K9 [2010],35.60783563463244,0.8182280442049008,09/07/2010 13:00:00,0,,World Superbikes,
501,Bike,Suzuki GSX-R 1000 K9 [2010],35.602292302879434,0.819180092873922,09/07/2010 13:00:00,1,,World Superbikes,
501,Bike,Suzuki GSX-R 1000 K9 [2010],35.59759472844982,0.8202560158648367,10/07/2010 13:00:00,0,,World Superbikes,
501,Bike,Suzuki GSX-R 1000 K9 [2010],35.59375704086568,0.8214570022849023,10/07/2010 13:00:00,1,,World Superbikes,
501,Bike,Suzuki GSX-R 1000 K9 [2010],35.590802992920864,0.8227795273842099,10/07/2010 13:00:00,2,,World Superbikes,
501,Bike,Suzuki GSX-R 1000 K9 [2010],35.58769814920663,0.8242114773519543,30/07/2010 13:00:00,0,,World Superbikes,
501,Bike,Suzuki GSX-R 1000 K9 [2010],35.58538809415852,0.8257677669005791,30/07/2010 13:00:00,1,,World Superbikes,
501,Bike,Suzuki GSX-R 1000 K9 [2010],35.58439381054043,0.8274526744192722,31/07/2010 13:00:00,0,,World Superbikes,
501,Bike,Suzuki GSX-R 1000 K9 [2010],35.58412232213128,0.8292628649523762,31/07/2010 13:00:00,1,,World Superbikes,
501,Bike,Suzuki GSX-R 1000 K9 [2010],35.58376006559305,0.8311974335664772,31/07/2010 13:00:00,2,,World Superbikes,
501,Bike,Suzuki GSX-R 1000 K9 [2010],35.58369228481135,0.8332433853756944,03/09/2010 13:00:00,0,,World Superbikes,
501,Bike,Suzuki GSX-R 1000 K9 [2010],35.58489204227352,0.8354136625587344,03/09/2010 13:00:00,1,,World Superbikes,
501,Bike,Suzuki GSX-R 1000 K9 [2010],35.58681186033968,0.8377113170000612,04/09/2010 13:00:00,0,,World Superbikes,
501,Bike,Suzuki GSX-R 1000 K9 [2010],35.58742528015243,0.8401194452740474,04/09/2010 13:00:00,1,,World Superbikes,
501,Bike,Suzuki GSX-R 1000 K9 [2010],35.58662830578788,0.8426413974652694,04/09/2010 13:00:00,2,,World Superbikes,
501,Bike,Suzuki GSX-R 1000 K9 [2010],35.58600143753661,0.8452753705377157,24/09/2010 13:00:00,0,,World Superbikes,
501,Bike,Suzuki GSX-R 1000 K9 [2010],35.58521167008689,0.8480355148000341,24/09/2010 13:00:00,1,,World Superbikes,
501,Bike,Suzuki GSX-R 1000 K9 [2010],35.58600119248859,0.8509132489878408,25/09/2010 13:00:00,0,,World Superbikes,
501,Bike,Suzuki GSX-R 1000 K9 [2010],35.58622556344859,0.8539201160221198,25/09/2010 13:00:00,1,,World Superbikes,
501,Bike,Suzuki GSX-R 1000 K9 [2010],35.58753980606302,0.8570431645625988,25/09/2010 13:00:00,2,,World Superbikes,
501,Bike,Suzuki GSX-R 1000 K9 [2010],35.588937889441056,0.8602826175349246,01/10/2010 13:00:00,0,,World Superbikes,
501,Bike,Suzuki GSX-R 1000 K9 [2010],35.59109260345659,0.8636553313520485,01/10/2010 13:00:00,1,,World Superbikes,
501,Bike,Suzuki GSX-R 1000 K9 [2010],35.59190093828683,0.867148482225003,02/10/2010 13:00:00,0,,World Superbikes,
501,Bike,Suzuki GSX-R 1000 K9 [2010],35.592846064694996,0.870774958507267,02/10/2010 13:00:00,1,,World Superbikes,
501,Bike,Suzuki GSX-R 1000 K9 [2010],35.59346645454428,0.8745349291899037,02/10/2010 13:00:00,2,,World Superbikes,
502,Bike,Aprilia RSV4 [2010],37.159950488487155,0.8838415187613614,25/02/2010 13:00:00,0,,World Superbikes,
502,Bike,Aprilia RSV4 [2010],37.16117064670135,0.8801502268852811,26/02/2010 13:00:00,0,,World Superbikes,
502,Bike,Aprilia RSV4 [2010],37.163650575000844,0.8765973058845777,26/02/2010 13:00:00,1,,World Superbikes,
502,Bike,Aprilia RSV4 [2010],37.1661874482965,0.8731833664599695,26/02/2010 13:00:00,2,,World Superbikes,
502,Bike,Aprilia RSV4 [2010],37.170499150969846,0.869887623733619,26/03/2010 13:00:00,0,,World Superbikes,
502,Bike,Aprilia RSV4 [2010],37.17424151937688,0.8667270906603136,26/03/2010 13:00:00,1,,World Superbikes,
502,Bike,Aprilia RSV4 [2010],37.17768796989573,0.8636955836375572,27/03/2010 13:00:00,0,,World Superbikes,
502,Bike,Aprilia RSV4 [2010],37.1807981395641,0.8607959741097954,27/03/2010 13:00:00,1,,World Superbikes,
502,Bike,Aprilia RSV4 [2010],37.183571504803965,0.8580207896659087,27/03/2010 13:00:00,2,,World Superbikes,
502,Bike,Aprilia RSV4 [2010],37.18535949839216,0.8553516656956645,09/04/2010 13:00:00,0,,World Superbikes,
502,Bike,Aprilia RSV4 [2010],37.18674201884278,0.8528148893060107,09/04/2010 13:00:00,1,,World Superbikes,
502,Bike,Aprilia RSV4 [2010],37.18771138488057,0.8503909013939233,10/04/2010 13:00:00,0,,World Superbikes,
502,Bike,Aprilia RSV4 [2010],37.188469058962426,0.8480991180942329,10/04/2010 13:00:00,1,,World Superbikes,
502,Bike,Aprilia RSV4 [2010],37.18899441339675,0.8459263670477227,10/04/2010 13:00:00,2,,World Superbikes,
502,Bike,Aprilia RSV4 [2010],37.1891176209179,0.8438623379622233,23/04/2010 13:00:00,0,,World Superbikes,
502,Bike,Aprilia RSV4 [2010],37.189925913092296,0.8419273498059674,23/04/2010 13:00:00,1,,World Superbikes,
502,Bike,Aprilia RSV4 [2010],37.19115564061487,0.8401207500825475,24/04/2010 13:00:00,0,,World Superbikes,
502,Bike,Aprilia RSV4 [2010],37.192482897939776,0.8384448859683893,24/04/2010 13:00:00,1,,World Superbikes,
502,Bike,Aprilia RSV4 [2010],37.19379780409165,0.8368955785748442,24/04/2010 13:00:00,2,,World Superbikes,
502,Bike,Aprilia RSV4 [2010],37.19466720924487,0.8354597778611149,07/05/2010 13:00:00,0,,World Superbikes,
502,Bike,Aprilia RSV4 [2010],37.195819875543535,0.8341534842453407,07/05/2010 13:00:00,1,,World Superbikes,
502,Bike,Aprilia RSV4 [2010],37.195932719732795,0.8329699055414576,08/05/2010 13:00:00,0,,World Superbikes,
502,Bike,Aprilia RSV4 [2010],37.19445336762663,0.8318930152789918,08/05/2010 13:00:00,1,,World Superbikes,
502,Bike,Aprilia RSV4 [2010],37.19305806727143,0.8309364814100472,08/05/2010 13:00:00,2,,World Superbikes,
502,Bike,Aprilia RSV4 [2010],37.190128557864256,0.8300559816069646,14/05/2010 13:00:00,0,,World Superbikes,
502,Bike,Aprilia RSV4 [2010],37.187399245342725,0.8292991546661606,14/05/2010 13:00:00,1,,World Superbikes,
502,Bike,Aprilia RSV4 [2010],37.184376846915704,0.8286662536053737,15/05/2010 13:00:00,0,,World Superbikes,
502,Bike,Aprilia RSV4 [2010],37.18026943083387,0.8281440541856391,15/05/2010 13:00:00,1,,World Superbikes,
502,Bike,Aprilia RSV4 [2010],37.17560820349173,0.8277391394132665,15/05/2010 13:00:00,2,,World Superbikes,
502,Bike,Aprilia RSV4 [2010],37.17221563040047,0.8274197984912456,29/05/2010 13:00:00,0,,World Superbikes,
502,Bike,Aprilia RSV4 [2010],37.16956430885479,0.8272260137475922,29/05/2010 13:00:00,1,,World Superbikes,
502,Bike,Aprilia RSV4 [2010],37.165714500002515,0.827139842227619,30/05/2010 13:00:00,0,,World Superbikes,
502,Bike,Aprilia RSV4 [2010],37.16104585769102,0.8271714298251939,30/05/2010 13:00:00,1,,World Superbikes,
502,Bike,Aprilia RSV4 [2010],37.15482803487935,0.8273080267648929,30/05/2010 13:00:00,2,,World Superbikes,
502,Bike,Aprilia RSV4 [2010],37.148757155017314,0.827529250114485,25/06/2010 13:00:00,0,,World Superbikes,
502,Bike,Aprilia RSV4 [2010],37.14328355995363,0.8278618770156329,25/06/2010 13:00:00,1,,World Superbikes,
502,Bike,Aprilia RSV4 [2010],37.138361887259855,0.8283104110779936,26/06/2010 13:00:00,0,,World Superbikes,
502,Bike,Aprilia RSV4 [2010],37.132785838244395,0.828883164433307,26/06/2010 13:00:00,1,,World Superbikes,
502,Bike,Aprilia RSV4 [2010],37.12776581886272,0.8295779896124736,26/06/2010 13:00:00,2,,World Superbikes,
502,Bike,Aprilia RSV4 [2010],37.12193698623329,0.8303760134164508,09/07/2010 13:00:00,0,,World Superbikes,
502,Bike,Aprilia RSV4 [2010],37.11629233268671,0.8312996935595168,09/07/2010 13:00:00,1,,World Superbikes,
502,Bike,Aprilia RSV4 [2010],37.11081891455617,0.8323417568736462,10/07/2010 13:00:00,0,,World Superbikes,
502,Bike,Aprilia RSV4 [2010],37.106328926988965,0.8335010292716716,10/07/2010 13:00:00,1,,World Superbikes,
502,Bike,Aprilia RSV4 [2010],37.10199501331271,0.8347818494617334,10/07/2010 13:00:00,2,,World Superbikes,
502,Bike,Aprilia RSV4 [2010],37.09699939732416,0.836159552561425,30/07/2010 13:00:00,0,,World Superbikes,
502,Bike,Aprilia RSV4 [2010],37.09190213230493,0.8376652822475642,30/07/2010 13:00:00,1,,World Superbikes,
502,Bike,Aprilia RSV4 [2010],37.08800413551636,0.8393022338247063,31/07/2010 13:00:00,0,,World Superbikes,
502,Bike,Aprilia RSV4 [2010],37.08385326294428,0.8410681702620669,31/07/2010 13:00:00,1,,World Superbikes,
502,Bike,Aprilia RSV4 [2010],37.07995976576066,0.8429466533742263,31/07/2010 13:00:00,2,,World Superbikes,
502,Bike,Aprilia RSV4 [2010],37.07631652337153,0.8449378607628312,03/09/2010 13:00:00,0,,World Superbikes,
502,Bike,Aprilia RSV4 [2010],37.073127513854665,0.8470584173974551,03/09/2010 13:00:00,1,,World Superbikes,
502,Bike,Aprilia RSV4 [2010],37.07148930409373,0.8493062580827933,04/09/2010 13:00:00,0,,World Superbikes,
502,Bike,Aprilia RSV4 [2010],37.070316077572386,0.8516852453918462,04/09/2010 13:00:00,1,,World Superbikes,
502,Bike,Aprilia RSV4 [2010],37.069836257902615,0.85419292892066,04/09/2010 13:00:00,2,,World Superbikes,
502,Bike,Aprilia RSV4 [2010],37.06791156052355,0.8567792560971402,24/09/2010 13:00:00,0,,World Superbikes,
502,Bike,Aprilia RSV4 [2010],37.06726607253629,0.8594871160881596,24/09/2010 13:00:00,1,,World Superbikes,
502,Bike,Aprilia RSV4 [2010],37.06824836388782,0.8623200556716388,25/09/2010 13:00:00,0,,World Superbikes,
502,Bike,Aprilia RSV4 [2010],37.069955101187354,0.8652678481179884,25/09/2010 13:00:00,1,,World Superbikes,
502,Bike,Aprilia RSV4 [2010],37.07174143900853,0.8683521854320566,25/09/2010 13:00:00,2,,World Superbikes,
502,Bike,Aprilia RSV4 [2010],37.07409207797826,0.8715505016757186,01/10/2010 13:00:00,0,,World Superbikes,
502,Bike,Aprilia RSV4 [2010],37.07640551803006,0.8748834936301296,01/10/2010 13:00:00,1,,World Superbikes,
502,Bike,Aprilia RSV4 [2010],37.0782439235318,0.8783517459764351,02/10/2010 13:00:00,0,,World Superbikes,
502,Bike,Aprilia RSV4 [2010],37.079148110604066,0.8819386191575248,02/10/2010 13:00:00,1,,World Superbikes,
502,Bike,Aprilia RSV4 [2010],37.078295750128895,0.8856374839937057,02/10/2010 13:00:00,2,,World Superbikes,
503,Bike,Honda CBR1000RR [2010],28.517725993226364,0.9111380167092188,25/02/2010 13:00:00,0,,World Superbikes,
503,Bike,Honda CBR1000RR [2010],28.518287267066274,0.9075582777192656,26/02/2010 13:00:00,0,,World Superbikes,
503,Bike,Honda CBR1000RR [2010],28.51860647088032,0.9041084756164882,26/02/2010 13:00:00,1,,World Superbikes,
503,Bike,Honda CBR1000RR [2010],28.51885695525223,0.9007989280438597,26/02/2010 13:00:00,2,,World Superbikes,
503,Bike,Honda CBR1000RR [2010],28.519345993102796,0.8976317493748889,26/02/2010 13:00:00,3,,World Superbikes,
503,Bike,Honda CBR1000RR [2010],28.520895515930707,0.8945791466392059,26/03/2010 13:00:00,0,,World Superbikes,
503,Bike,Honda CBR1000RR [2010],28.52256907099526,0.8916451022439001,26/03/2010 13:00:00,1,,World Superbikes,
503,Bike,Honda CBR1000RR [2010],28.52419440210266,0.8888331332658612,27/03/2010 13:00:00,0,,World Superbikes,
503,Bike,Honda CBR1000RR [2010],28.52516901277679,0.8861636132874391,27/03/2010 13:00:00,1,,World Superbikes,
503,Bike,Honda CBR1000RR [2010],28.52496752438945,0.8836126895567458,27/03/2010 13:00:00,2,,World Superbikes,
503,Bike,Honda CBR1000RR [2010],28.524829754778594,0.8811826797490676,09/04/2010 13:00:00,0,,World Superbikes,
503,Bike,Honda CBR1000RR [2010],28.525011589855573,0.8788788228420071,09/04/2010 13:00:00,1,,World Superbikes,
503,Bike,Honda CBR1000RR [2010],28.525122234009984,0.8766997266644974,10/04/2010 13:00:00,0,,World Superbikes,
503,Bike,Honda CBR1000RR [2010],28.52489170357684,0.8746287315243064,10/04/2010 13:00:00,1,,World Superbikes,
503,Bike,Honda CBR1000RR [2010],28.5246850352701,0.8726618903755625,10/04/2010 13:00:00,2,,World Superbikes,
503,Bike,Honda CBR1000RR [2010],28.52568565200475,0.8708021819054994,23/04/2010 13:00:00,0,,World Superbikes,
503,Bike,Honda CBR1000RR [2010],28.52645697270211,0.8690569555157768,23/04/2010 13:00:00,1,,World Superbikes,
503,Bike,Honda CBR1000RR [2010],28.526580005584247,0.8674347445986005,24/04/2010 13:00:00,0,,World Superbikes,
503,Bike,Honda CBR1000RR [2010],28.52633838444363,0.8659188017953827,24/04/2010 13:00:00,1,,World Superbikes,
503,Bike,Honda CBR1000RR [2010],28.52561024823616,0.8644920057929065,24/04/2010 13:00:00,2,,World Superbikes,
503,Bike,Honda CBR1000RR [2010],28.5232006799132,0.8631542023754195,07/05/2010 13:00:00,0,,World Superbikes,
503,Bike,Honda CBR1000RR [2010],28.52065773413533,0.8619253153090283,07/05/2010 13:00:00,1,,World Superbikes,
503,Bike,Honda CBR1000RR [2010],28.517884666382862,0.8608087431390875,08/05/2010 13:00:00,0,,World Superbikes,
503,Bike,Honda CBR1000RR [2010],28.513739686985804,0.859820255901717,08/05/2010 13:00:00,1,,World Superbikes,
503,Bike,Honda CBR1000RR [2010],28.50897688279136,0.858965565719575,08/05/2010 13:00:00,2,,World Superbikes,
503,Bike,Honda CBR1000RR [2010],28.504100313881747,0.8582246352247932,14/05/2010 13:00:00,0,,World Superbikes,
503,Bike,Honda CBR1000RR [2010],28.49941252879094,0.8575981387995167,14/05/2010 13:00:00,1,,World Superbikes,
503,Bike,Honda CBR1000RR [2010],28.49439931312679,0.8570886063511212,15/05/2010 13:00:00,0,,World Superbikes,
503,Bike,Honda CBR1000RR [2010],28.490121614749086,0.8566863094787511,15/05/2010 13:00:00,1,,World Superbikes,
503,Bike,Honda CBR1000RR [2010],28.486864214004843,0.8564153091315793,29/05/2010 13:00:00,0,,World Superbikes,
503,Bike,Honda CBR1000RR [2010],28.4839832040296,0.8562665521048388,29/05/2010 13:00:00,1,,World Superbikes,
503,Bike,Honda CBR1000RR [2010],28.481576652380713,0.8562354212657455,30/05/2010 13:00:00,0,,World Superbikes,
503,Bike,Honda CBR1000RR [2010],28.479158143332192,0.8563206880487858,30/05/2010 13:00:00,1,,World Superbikes,
503,Bike,Honda CBR1000RR [2010],28.477241355011152,0.8565096736086852,30/05/2010 13:00:00,2,,World Superbikes,
503,Bike,Honda CBR1000RR [2010],28.47641398385998,0.8568035796425435,25/06/2010 13:00:00,0,,World Superbikes,
503,Bike,Honda CBR1000RR [2010],28.476365053381183,0.8572193498761501,25/06/2010 13:00:00,1,,World Superbikes,
503,Bike,Honda CBR1000RR [2010],28.477056950657893,0.8577579401633428,26/06/2010 13:00:00,0,,World Superbikes,
503,Bike,Honda CBR1000RR [2010],28.478043469750084,0.8584098328523718,26/06/2010 13:00:00,1,,World Superbikes,
503,Bike,Honda CBR1000RR [2010],28.481563605542423,0.859167643342502,09/07/2010 13:00:00,0,,World Superbikes,
503,Bike,Honda CBR1000RR [2010],28.484971290221583,0.8600484865807912,09/07/2010 13:00:00,1,,World Superbikes,
503,Bike,Honda CBR1000RR [2010],28.488459152311886,0.8610509287962561,10/07/2010 13:00:00,0,,World Superbikes,
503,Bike,Honda CBR1000RR [2010],28.490308218867284,0.8621792230222326,10/07/2010 13:00:00,1,,World Superbikes,
503,Bike,Honda CBR1000RR [2010],28.491764106131686,0.8634409164917785,10/07/2010 13:00:00,2,,World Superbikes,
503,Bike,Honda CBR1000RR [2010],28.492786396793676,0.8648154966691305,30/07/2010 13:00:00,0,,World Superbikes,
503,Bike,Honda CBR1000RR [2010],28.493839104899823,0.8663119227609727,30/07/2010 13:00:00,1,,World Superbikes,
503,Bike,Honda CBR1000RR [2010],28.49372004873771,0.8679319950514909,31/07/2010 13:00:00,0,,World Superbikes,
503,Bike,Honda CBR1000RR [2010],28.493730913433023,0.8696750601992791,31/07/2010 13:00:00,1,,World Superbikes,
503,Bike,Honda CBR1000RR [2010],28.4929488691206,0.8715500275783501,31/07/2010 13:00:00,2,,World Superbikes,
503,Bike,Honda CBR1000RR [2010],28.49101785015166,0.8735348384667888,03/09/2010 13:00:00,0,,World Superbikes,
503,Bike,Honda CBR1000RR [2010],28.488903620729985,0.8756417018457644,03/09/2010 13:00:00,1,,World Superbikes,
503,Bike,Honda CBR1000RR [2010],28.486102980690568,0.8778687942733239,04/09/2010 13:00:00,0,,World Superbikes,
503,Bike,Honda CBR1000RR [2010],28.482875449297794,0.880222109629469,04/09/2010 13:00:00,1,,World Superbikes,
503,Bike,Honda CBR1000RR [2010],28.479423395897722,0.8827001501872356,04/09/2010 13:00:00,2,,World Superbikes,
503,Bike,Honda CBR1000RR [2010],28.4763687846125,0.8853006961902344,24/09/2010 13:00:00,0,,World Superbikes,
503,Bike,Honda CBR1000RR [2010],28.47266921438405,0.8880218721263883,24/09/2010 13:00:00,1,,World Superbikes,
503,Bike,Honda CBR1000RR [2010],28.468203711735217,0.8908690802929388,25/09/2010 13:00:00,0,,World Superbikes,
503,Bike,Honda CBR1000RR [2010],28.464179502646793,0.8938370823646414,25/09/2010 13:00:00,1,,World Superbikes,
503,Bike,Honda CBR1000RR [2010],28.460279468034134,0.896944481527624,01/10/2010 13:00:00,0,,World Superbikes,
503,Bike,Honda CBR1000RR [2010],28.45762358257379,0.9001605133039848,01/10/2010 13:00:00,1,,World Superbikes,
503,Bike,Honda CBR1000RR [2010],28.455479359912157,0.9034963662659967,02/10/2010 13:00:00,0,,World Superbikes,
503,Bike,Honda CBR1000RR [2010],28.45453289570466,0.9069378808069245,02/10/2010 13:00:00,1,,World Superbikes,
503,Bike,Honda CBR1000RR [2010],28.45372201977894,0.9105236262027576,02/10/2010 13:00:00,2,,World Superbikes,
504,Bike,Yamaha YZF-R1 [2010],34.17116930302261,0.8959550860926419,25/02/2010 13:00:00,0,,World Superbikes,
504,Bike,Yamaha YZF-R1 [2010],34.173012126949075,0.8923206526334522,26/02/2010 13:00:00,0,,World Superbikes,
504,Bike,Yamaha YZF-R1 [2010],34.17424055112228,0.888820550233098,26/02/2010 13:00:00,1,,World Superbikes,
504,Bike,Yamaha YZF-R1 [2010],34.176096442238105,0.8854619362456232,26/02/2010 13:00:00,2,,World Superbikes,
504,Bike,Yamaha YZF-R1 [2010],34.17698866033842,0.8822312058659496,26/02/2010 13:00:00,3,,World Superbikes,
504,Bike,Yamaha YZF-R1 [2010],34.17852580956193,0.8791010386865555,26/03/2010 13:00:00,0,,World Superbikes,
504,Bike,Yamaha YZF-R1 [2010],34.17956999158598,0.8761077790167916,26/03/2010 13:00:00,1,,World Superbikes,
504,Bike,Yamaha YZF-R1 [2010],34.18116201576784,0.8732530290314117,27/03/2010 13:00:00,0,,World Superbikes,
504,Bike,Yamaha YZF-R1 [2010],34.18161963909407,0.870524501169059,27/03/2010 13:00:00,1,,World Superbikes,
504,Bike,Yamaha YZF-R1 [2010],34.18298170961463,0.8679209395850856,27/03/2010 13:00:00,2,,World Superbikes,
504,Bike,Yamaha YZF-R1 [2010],34.18293400705193,0.8653989955109205,09/04/2010 13:00:00,0,,World Superbikes,
504,Bike,Yamaha YZF-R1 [2010],34.18347566706235,0.8630134932372202,09/04/2010 13:00:00,1,,World Superbikes,
504,Bike,Yamaha YZF-R1 [2010],34.185320365997896,0.8607634743863241,10/04/2010 13:00:00,0,,World Superbikes,
504,Bike,Yamaha YZF-R1 [2010],34.187631203426776,0.8586492704382895,10/04/2010 13:00:00,1,,World Superbikes,
504,Bike,Yamaha YZF-R1 [2010],34.19007448519999,0.8566664051231775,10/04/2010 13:00:00,2,,World Superbikes,
504,Bike,Yamaha YZF-R1 [2010],34.1911115531976,0.8547616647194722,23/04/2010 13:00:00,0,,World Superbikes,
504,Bike,Yamaha YZF-R1 [2010],34.19217298126506,0.8529885165701229,23/04/2010 13:00:00,1,,World Superbikes,
504,Bike,Yamaha YZF-R1 [2010],34.19435774337163,0.8513453580441186,24/04/2010 13:00:00,0,,World Superbikes,
504,Bike,Yamaha YZF-R1 [2010],34.196126687991715,0.8498327615839137,24/04/2010 13:00:00,1,,World Superbikes,
504,Bike,Yamaha YZF-R1 [2010],34.19842114754636,0.8484500631727346,07/05/2010 13:00:00,0,,World Superbikes,
504,Bike,Yamaha YZF-R1 [2010],34.199819659566415,0.8471774382172697,07/05/2010 13:00:00,1,,World Superbikes,
504,Bike,Yamaha YZF-R1 [2010],34.20209145375342,0.8460378537800431,08/05/2010 13:00:00,0,,World Superbikes,
504,Bike,Yamaha YZF-R1 [2010],34.20404417214958,0.8450275837325354,08/05/2010 13:00:00,1,,World Superbikes,
504,Bike,Yamaha YZF-R1 [2010],34.20464538871322,0.8441210329327171,08/05/2010 13:00:00,2,,World Superbikes,
504,Bike,Yamaha YZF-R1 [2010],34.20547077845411,0.8433134510418842,14/05/2010 13:00:00,0,,World Superbikes,
504,Bike,Yamaha YZF-R1 [2010],34.206382801395165,0.8426263501697304,14/05/2010 13:00:00,1,,World Superbikes,
504,Bike,Yamaha YZF-R1 [2010],34.20857959877456,0.8420632720263576,15/05/2010 13:00:00,0,,World Superbikes,
504,Bike,Yamaha YZF-R1 [2010],34.209727362966674,0.8416197354706825,15/05/2010 13:00:00,1,,World Superbikes,
504,Bike,Yamaha YZF-R1 [2010],34.21042678456592,0.8412998018991055,15/05/2010 13:00:00,2,,World Superbikes,
504,Bike,Yamaha YZF-R1 [2010],34.20960468931386,0.8410706146448738,29/05/2010 13:00:00,0,,World Superbikes,
504,Bike,Yamaha YZF-R1 [2010],34.2082046987218,0.8409659887166224,29/05/2010 13:00:00,1,,World Superbikes,
504,Bike,Yamaha YZF-R1 [2010],34.208059602782726,0.840983915782567,30/05/2010 13:00:00,0,,World Superbikes,
504,Bike,Yamaha YZF-R1 [2010],34.20946552722985,0.8411282413436207,30/05/2010 13:00:00,1,,World Superbikes,
504,Bike,Yamaha YZF-R1 [2010],34.211691082289676,0.8413954346190482,30/05/2010 13:00:00,2,,World Superbikes,
504,Bike,Yamaha YZF-R1 [2010],34.21384151134634,0.841770161057254,25/06/2010 13:00:00,0,,World Superbikes,
504,Bike,Yamaha YZF-R1 [2010],34.21511732163715,0.8422540074509299,25/06/2010 13:00:00,1,,World Superbikes,
504,Bike,Yamaha YZF-R1 [2010],34.217647338864,0.8428677864136683,26/06/2010 13:00:00,0,,World Superbikes,
504,Bike,Yamaha YZF-R1 [2010],34.219524177483535,0.8435899081179303,26/06/2010 13:00:00,1,,World Superbikes,
504,Bike,Yamaha YZF-R1 [2010],34.22098492327247,0.8444171666673469,26/06/2010 13:00:00,2,,World Superbikes,
504,Bike,Yamaha YZF-R1 [2010],34.22286164755937,0.8453568096444225,09/07/2010 13:00:00,0,,World Superbikes,
504,Bike,Yamaha YZF-R1 [2010],34.22416928217948,0.8464197672210643,09/07/2010 13:00:00,1,,World Superbikes,
504,Bike,Yamaha YZF-R1 [2010],34.22589207601165,0.8476144205763161,10/07/2010 13:00:00,0,,World Superbikes,
504,Bike,Yamaha YZF-R1 [2010],34.22690029534219,0.8489174745251646,10/07/2010 13:00:00,1,,World Superbikes,
504,Bike,Yamaha YZF-R1 [2010],34.227353815616866,0.8503271994107564,10/07/2010 13:00:00,2,,World Superbikes,
504,Bike,Yamaha YZF-R1 [2010],34.226640143059555,0.8518077392488895,30/07/2010 13:00:00,0,,World Superbikes,
504,Bike,Yamaha YZF-R1 [2010],34.224631880809014,0.8533984405933147,30/07/2010 13:00:00,1,,World Superbikes,
504,Bike,Yamaha YZF-R1 [2010],34.224408617238424,0.8551211633846196,31/07/2010 13:00:00,0,,World Superbikes,
504,Bike,Yamaha YZF-R1 [2010],34.22289791758983,0.8569542108939938,31/07/2010 13:00:00,1,,World Superbikes,
504,Bike,Yamaha YZF-R1 [2010],34.22085274897306,0.8588959504312134,31/07/2010 13:00:00,2,,World Superbikes,
504,Bike,Yamaha YZF-R1 [2010],34.217575728792305,0.8609142040021535,03/09/2010 13:00:00,0,,World Superbikes,
504,Bike,Yamaha YZF-R1 [2010],34.2156220119059,0.8630576248976338,03/09/2010 13:00:00,1,,World Superbikes,
504,Bike,Yamaha YZF-R1 [2010],34.21409793115964,0.865334636843208,04/09/2010 13:00:00,0,,World Superbikes,
504,Bike,Yamaha YZF-R1 [2010],34.21148643688255,0.8677354317452256,04/09/2010 13:00:00,1,,World Superbikes,
504,Bike,Yamaha YZF-R1 [2010],34.20922957817552,0.8702705160790822,04/09/2010 13:00:00,2,,World Superbikes,
504,Bike,Yamaha YZF-R1 [2010],34.20583940835187,0.8729213512416127,24/09/2010 13:00:00,0,,World Superbikes,
504,Bike,Yamaha YZF-R1 [2010],34.2029791100684,0.8757084572082626,24/09/2010 13:00:00,1,,World Superbikes,
504,Bike,Yamaha YZF-R1 [2010],34.199036601707576,0.878604764349683,25/09/2010 13:00:00,0,,World Superbikes,
504,Bike,Yamaha YZF-R1 [2010],34.195328921000666,0.8816046883102557,25/09/2010 13:00:00,1,,World Superbikes,
504,Bike,Yamaha YZF-R1 [2010],34.19345736118862,0.8847415166828003,01/10/2010 13:00:00,0,,World Superbikes,
504,Bike,Yamaha YZF-R1 [2010],34.191845851354444,0.888016858208691,01/10/2010 13:00:00,1,,World Superbikes,
504,Bike,Yamaha YZF-R1 [2010],34.19136261250749,0.8914300071072777,02/10/2010 13:00:00,0,,World Superbikes,
504,Bike,Yamaha YZF-R1 [2010],34.191057218018216,0.8949842592128501,02/10/2010 13:00:00,1,,World Superbikes,
504,Bike,Yamaha YZF-R1 [2010],34.191315385077694,0.8986662322945584,02/10/2010 13:00:00,2,,World Superbikes,
505,Bike,Kawasaki ZX 10R [2010],25.788691955534055,0.993729720463961,25/02/2010 13:00:00,0,,World Superbikes,
505,Bike,Kawasaki ZX 10R [2010],25.788875854347786,0.9904791302826971,26/02/2010 13:00:00,0,,World Superbikes,
505,Bike,Kawasaki ZX 10R [2010],25.78882150281285,0.9873632253916088,26/02/2010 13:00:00,1,,World Superbikes,
505,Bike,Kawasaki ZX 10R [2010],25.787775274129544,0.9844099353819743,26/02/2010 13:00:00,2,,World Superbikes,
505,Bike,Kawasaki ZX 10R [2010],25.786365836330777,0.9816094171334315,26/03/2010 13:00:00,0,,World Superbikes,
505,Bike,Kawasaki ZX 10R [2010],25.78506459437978,0.9789431000840323,26/03/2010 13:00:00,1,,World Superbikes,
505,Bike,Kawasaki ZX 10R [2010],25.78374427535803,0.9764031537713004,27/03/2010 13:00:00,0,,World Superbikes,
505,Bike,Kawasaki ZX 10R [2010],25.782764156514816,0.9740239743128264,27/03/2010 13:00:00,1,,World Superbikes,
505,Bike,Kawasaki ZX 10R [2010],25.781933017348145,0.9717992014304102,09/04/2010 13:00:00,0,,World Superbikes,
505,Bike,Kawasaki ZX 10R [2010],25.781288313392956,0.9697026869074277,09/04/2010 13:00:00,1,,World Superbikes,
505,Bike,Kawasaki ZX 10R [2010],25.78062205069325,0.9677372791333441,10/04/2010 13:00:00,0,,World Superbikes,
505,Bike,Kawasaki ZX 10R [2010],25.78107502625306,0.9659168982085327,23/04/2010 13:00:00,0,,World Superbikes,
505,Bike,Kawasaki ZX 10R [2010],25.781315408787442,0.964230940118874,23/04/2010 13:00:00,1,,World Superbikes,
505,Bike,Kawasaki ZX 10R [2010],25.782188074921645,0.9626594339989752,24/04/2010 13:00:00,0,,World Superbikes,
505,Bike,Kawasaki ZX 10R [2010],25.783700119665742,0.9612243582234825,24/04/2010 13:00:00,1,,World Superbikes,
505,Bike,Kawasaki ZX 10R [2010],25.785746513240557,0.9599341165860285,07/05/2010 13:00:00,0,,World Superbikes,
505,Bike,Kawasaki ZX 10R [2010],25.7876999040747,0.9587807440226046,07/05/2010 13:00:00,1,,World Superbikes,
505,Bike,Kawasaki ZX 10R [2010],25.78925333882223,0.9577681493342041,08/05/2010 13:00:00,0,,World Superbikes,
505,Bike,Kawasaki ZX 10R [2010],25.790555026894804,0.956863239627832,08/05/2010 13:00:00,1,,World Superbikes,
505,Bike,Kawasaki ZX 10R [2010],25.791044699906756,0.956114833977417,08/05/2010 13:00:00,2,,World Superbikes,
505,Bike,Kawasaki ZX 10R [2010],25.79269874086983,0.955454828144903,14/05/2010 13:00:00,0,,World Superbikes,
505,Bike,Kawasaki ZX 10R [2010],25.79445942391003,0.9549159715481149,14/05/2010 13:00:00,1,,World Superbikes,
505,Bike,Kawasaki ZX 10R [2010],25.79674834211935,0.9544934453949442,15/05/2010 13:00:00,0,,World Superbikes,
505,Bike,Kawasaki ZX 10R [2010],25.79824721146611,0.9542056236471343,15/05/2010 13:00:00,1,,World Superbikes,
505,Bike,Kawasaki ZX 10R [2010],25.799817218894326,0.9540700421667171,29/05/2010 13:00:00,0,,World Superbikes,
505,Bike,Kawasaki ZX 10R [2010],25.801713484463487,0.9540513145553651,29/05/2010 13:00:00,1,,World Superbikes,
505,Bike,Kawasaki ZX 10R [2010],25.803823298448776,0.9541503895319694,30/05/2010 13:00:00,0,,World Superbikes,
505,Bike,Kawasaki ZX 10R [2010],25.806622660567434,0.9543591169142374,25/06/2010 13:00:00,0,,World Superbikes,
505,Bike,Kawasaki ZX 10R [2010],25.809424332952627,0.9547031677172331,25/06/2010 13:00:00,1,,World Superbikes,
505,Bike,Kawasaki ZX 10R [2010],25.81242227777146,0.9551701689007543,26/06/2010 13:00:00,0,,World Superbikes,
505,Bike,Kawasaki ZX 10R [2010],25.816548731875613,0.9557313598023536,09/07/2010 13:00:00,0,,World Superbikes,
505,Bike,Kawasaki ZX 10R [2010],25.821334967724457,0.956406275522511,09/07/2010 13:00:00,1,,World Superbikes,
505,Bike,Kawasaki ZX 10R [2010],25.826430658893006,0.957201088670629,10/07/2010 13:00:00,0,,World Superbikes,
505,Bike,Kawasaki ZX 10R [2010],25.831978883172404,0.9580944707979382,10/07/2010 13:00:00,1,,World Superbikes,
505,Bike,Kawasaki ZX 10R [2010],25.837725031975268,0.9591428175613148,30/07/2010 13:00:00,0,,World Superbikes,
505,Bike,Kawasaki ZX 10R [2010],25.843606722743303,0.9603326044161403,30/07/2010 13:00:00,1,,World Superbikes,
505,Bike,Kawasaki ZX 10R [2010],25.850204226328902,0.9616461390448919,31/07/2010 13:00:00,0,,World Superbikes,
505,Bike,Kawasaki ZX 10R [2010],25.856857235250494,0.96311606243582,31/07/2010 13:00:00,1,,World Superbikes,
505,Bike,Kawasaki ZX 10R [2010],25.863779490546385,0.9647380984480504,03/09/2010 13:00:00,0,,World Superbikes,
505,Bike,Kawasaki ZX 10R [2010],25.87062043048011,0.9664756850956976,03/09/2010 13:00:00,1,,World Superbikes,
505,Bike,Kawasaki ZX 10R [2010],25.87768644968332,0.9683273110563135,04/09/2010 13:00:00,0,,World Superbikes,
505,Bike,Kawasaki ZX 10R [2010],25.88466959808993,0.9702809420987818,04/09/2010 13:00:00,1,,World Superbikes,
505,Bike,Kawasaki ZX 10R [2010],25.88958626750856,0.9723872400620623,04/09/2010 13:00:00,2,,World Superbikes,
505,Bike,Kawasaki ZX 10R [2010],25.89566153165751,0.9745861683427898,24/09/2010 13:00:00,0,,World Superbikes,
505,Bike,Kawasaki ZX 10R [2010],25.901916453190513,0.9769054663949616,24/09/2010 13:00:00,1,,World Superbikes,
505,Bike,Kawasaki ZX 10R [2010],25.907433914881985,0.9793400646842868,25/09/2010 13:00:00,0,,World Superbikes,
505,Bike,Kawasaki ZX 10R [2010],25.912161730001767,0.9819131964832168,25/09/2010 13:00:00,1,,World Superbikes,
505,Bike,Kawasaki ZX 10R [2010],25.915098893140307,0.9846443487921654,25/09/2010 13:00:00,2,,World Superbikes,
505,Bike,Kawasaki ZX 10R [2010],25.915886548633647,0.9874932127406569,01/10/2010 13:00:00,0,,World Superbikes,
505,Bike,Kawasaki ZX 10R [2010],25.916367654022306,0.9904707167865526,01/10/2010 13:00:00,1,,World Superbikes,
505,Bike,Kawasaki ZX 10R [2010],25.917063528043936,0.9935685445268189,02/10/2010 13:00:00,0,,World Superbikes,
505,Bike,Kawasaki ZX 10R [2010],25.9168317409144,0.9967859584509834,02/10/2010 13:00:00,1,,World Superbikes,
506,Bike,BMW S1000 RR [2010],33.499116766085244,0.900686653665762,25/02/2010 13:00:00,0,,World Superbikes,
506,Bike,BMW S1000 RR [2010],33.50075306794382,0.8970607609493029,26/02/2010 13:00:00,0,,World Superbikes,
506,Bike,BMW S1000 RR [2010],33.502320864744064,0.8935760057540854,26/02/2010 13:00:00,1,,World Superbikes,
506,Bike,BMW S1000 RR [2010],33.504870483591276,0.8901933657776114,26/02/2010 13:00:00,2,,World Superbikes,
506,Bike,BMW S1000 RR [2010],33.508856569010256,0.8869397309700456,26/03/2010 13:00:00,0,,World Superbikes,
506,Bike,BMW S1000 RR [2010],33.513864070639514,0.8838200635670574,26/03/2010 13:00:00,1,,World Superbikes,
506,Bike,BMW S1000 RR [2010],33.51955839872218,0.8808343587712469,27/03/2010 13:00:00,0,,World Superbikes,
506,Bike,BMW S1000 RR [2010],33.525648446956964,0.8779721602784016,27/03/2010 13:00:00,1,,World Superbikes,
506,Bike,BMW S1000 RR [2010],33.5317711486878,0.8752454456288377,27/03/2010 13:00:00,2,,World Superbikes,
506,Bike,BMW S1000 RR [2010],33.53961938151033,0.8726073230266208,09/04/2010 13:00:00,0,,World Superbikes,
506,Bike,BMW S1000 RR [2010],33.54866587298799,0.8700877271175959,09/04/2010 13:00:00,1,,World Superbikes,
506,Bike,BMW S1000 RR [2010],33.558889259086754,0.8676848153261787,10/04/2010 13:00:00,0,,World Superbikes,
506,Bike,BMW S1000 RR [2010],33.570361714785264,0.8654068720565807,10/04/2010 13:00:00,1,,World Superbikes,
506,Bike,BMW S1000 RR [2010],33.58172274442952,0.8632628850078079,10/04/2010 13:00:00,2,,World Superbikes,
506,Bike,BMW S1000 RR [2010],33.593211121538275,0.8612341101835271,23/04/2010 13:00:00,0,,World Superbikes,
506,Bike,BMW S1000 RR [2010],33.60487754499529,0.8593299024514005,23/04/2010 13:00:00,1,,World Superbikes,
506,Bike,BMW S1000 RR [2010],33.61553352841416,0.8575441081338323,24/04/2010 13:00:00,0,,World Superbikes,
506,Bike,BMW S1000 RR [2010],33.625221779203756,0.8558894980925544,24/04/2010 13:00:00,1,,World Superbikes,
506,Bike,BMW S1000 RR [2010],33.6344024130607,0.8543622501298629,24/04/2010 13:00:00,2,,World Superbikes,
506,Bike,BMW S1000 RR [2010],33.64300333949954,0.8529506003177807,07/05/2010 13:00:00,0,,World Superbikes,
506,Bike,BMW S1000 RR [2010],33.650524468682406,0.8516692153775387,07/05/2010 13:00:00,1,,World Superbikes,
506,Bike,BMW S1000 RR [2010],33.65837212837529,0.8505215428940979,08/05/2010 13:00:00,0,,World Superbikes,
506,Bike,BMW S1000 RR [2010],33.66597370704255,0.8495071548378489,08/05/2010 13:00:00,1,,World Superbikes,
506,Bike,BMW S1000 RR [2010],33.67364587654569,0.8486228769590494,08/05/2010 13:00:00,2,,World Superbikes,
506,Bike,BMW S1000 RR [2010],33.68127465353547,0.8478457287870516,14/05/2010 13:00:00,0,,World Superbikes,
506,Bike,BMW S1000 RR [2010],33.68864999267946,0.8471970417064593,14/05/2010 13:00:00,1,,World Superbikes,
506,Bike,BMW S1000 RR [2010],33.69654369631277,0.8466774643635349,15/05/2010 13:00:00,0,,World Superbikes,
506,Bike,BMW S1000 RR [2010],33.7050613592925,0.8462871729259125,15/05/2010 13:00:00,1,,World Superbikes,
506,Bike,BMW S1000 RR [2010],33.71499581379463,0.8460176317501865,29/05/2010 13:00:00,0,,World Superbikes,
506,Bike,BMW S1000 RR [2010],33.72551645262388,0.845876513648424,29/05/2010 13:00:00,1,,World Superbikes,
506,Bike,BMW S1000 RR [2010],33.735849461027584,0.8458600074847018,30/05/2010 13:00:00,0,,World Superbikes,
506,Bike,BMW S1000 RR [2010],33.745869888436914,0.8459690781744903,30/05/2010 13:00:00,1,,World Superbikes,
506,Bike,BMW S1000 RR [2010],33.75673254773225,0.8461996907985174,25/06/2010 13:00:00,0,,World Superbikes,
506,Bike,BMW S1000 RR [2010],33.767048072572074,0.8465531130515763,25/06/2010 13:00:00,1,,World Superbikes,
506,Bike,BMW S1000 RR [2010],33.775970579245616,0.847022544129426,26/06/2010 13:00:00,0,,World Superbikes,
506,Bike,BMW S1000 RR [2010],33.78479365395642,0.8476154982365627,26/06/2010 13:00:00,1,,World Superbikes,
506,Bike,BMW S1000 RR [2010],33.79344157327942,0.8483366273234743,26/06/2010 13:00:00,2,,World Superbikes,
506,Bike,BMW S1000 RR [2010],33.80019787151707,0.8491462683330047,09/07/2010 13:00:00,0,,World Superbikes,
506,Bike,BMW S1000 RR [2010],33.80677212609361,0.8500878880571052,09/07/2010 13:00:00,1,,World Superbikes,
506,Bike,BMW S1000 RR [2010],33.81205236974933,0.8511613217618469,10/07/2010 13:00:00,0,,World Superbikes,
506,Bike,BMW S1000 RR [2010],33.81655465816668,0.8523667675587902,10/07/2010 13:00:00,1,,World Superbikes,
506,Bike,BMW S1000 RR [2010],33.81881187394541,0.8536888838465535,10/07/2010 13:00:00,2,,World Superbikes,
506,Bike,BMW S1000 RR [2010],33.82022907797277,0.8551263288854338,30/07/2010 13:00:00,0,,World Superbikes,
506,Bike,BMW S1000 RR [2010],33.8214760026812,0.8566924784225782,30/07/2010 13:00:00,1,,World Superbikes,
506,Bike,BMW S1000 RR [2010],33.821358089626955,0.8583849145419061,31/07/2010 13:00:00,0,,World Superbikes,
506,Bike,BMW S1000 RR [2010],33.82104026395525,0.8602045029075286,31/07/2010 13:00:00,1,,World Superbikes,
506,Bike,BMW S1000 RR [2010],33.820065422650345,0.8621572546410525,31/07/2010 13:00:00,2,,World Superbikes,
506,Bike,BMW S1000 RR [2010],33.82017334437661,0.8642000316842081,03/09/2010 13:00:00,0,,World Superbikes,
506,Bike,BMW S1000 RR [2010],33.81975289267202,0.8663697741511034,03/09/2010 13:00:00,1,,World Superbikes,
506,Bike,BMW S1000 RR [2010],33.8179496490051,0.8686584380038082,04/09/2010 13:00:00,0,,World Superbikes,
506,Bike,BMW S1000 RR [2010],33.816536257102634,0.8710813629946591,04/09/2010 13:00:00,1,,World Superbikes,
506,Bike,BMW S1000 RR [2010],33.81598886927631,0.8736342883195842,24/09/2010 13:00:00,0,,World Superbikes,
506,Bike,BMW S1000 RR [2010],33.81535455989236,0.8763250824137715,24/09/2010 13:00:00,1,,World Superbikes,
506,Bike,BMW S1000 RR [2010],33.81491853103909,0.8791505553246174,25/09/2010 13:00:00,0,,World Superbikes,
506,Bike,BMW S1000 RR [2010],33.813751369123395,0.8821141057765414,25/09/2010 13:00:00,1,,World Superbikes,
506,Bike,BMW S1000 RR [2010],33.81151050110409,0.885212262886673,25/09/2010 13:00:00,2,,World Superbikes,
506,Bike,BMW S1000 RR [2010],33.81042279149065,0.8884162155611192,01/10/2010 13:00:00,0,,World Superbikes,
506,Bike,BMW S1000 RR [2010],33.809888582245726,0.8917545675147364,01/10/2010 13:00:00,1,,World Superbikes,
506,Bike,BMW S1000 RR [2010],33.80912637584309,0.8952365705748138,02/10/2010 13:00:00,0,,World Superbikes,
506,Bike,BMW S1000 RR [2010],33.8081110324824,0.8988604808989599,02/10/2010 13:00:00,1,,World Superbikes,
507,Rider,Roger Lee Hayden,26.05658823856659,1.2693658971660522,25/02/2010 13:00:00,0,Kawasaki ZX 10R [2010],World Superbikes,
507,Rider,Roger Lee Hayden,26.05809060278816,1.2668957572545103,26/02/2010 13:00:00,0,Kawasaki ZX 10R [2010],World Superbikes,
507,Rider,Roger Lee Hayden,26.060890955235838,1.264552345695072,26/03/2010 13:00:00,0,Kawasaki ZX 10R [2010],World Superbikes,
507,Rider,Roger Lee Hayden,26.064202325087763,1.26237016193584,26/03/2010 13:00:00,1,Kawasaki ZX 10R [2010],World Superbikes,
507,Rider,Roger Lee Hayden,26.068852600830482,1.2603168098401003,09/04/2010 13:00:00,0,Kawasaki ZX 10R [2010],World Superbikes,
507,Rider,Roger Lee Hayden,26.073465460588544,1.258448071017703,09/04/2010 13:00:00,1,Kawasaki ZX 10R [2010],World Superbikes,
507,Rider,Roger Lee Hayden,26.078093756384728,1.2567616157353072,23/04/2010 13:00:00,0,Kawasaki ZX 10R [2010],World Superbikes,
507,Rider,Roger Lee Hayden,26.082570277707408,1.2552400294833785,23/04/2010 13:00:00,1,Kawasaki ZX 10R [2010],World Superbikes,
507,Rider,Roger Lee Hayden,26.088112495428742,1.2538310379870403,07/05/2010 13:00:00,0,Kawasaki ZX 10R [2010],World Superbikes,
507,Rider,Roger Lee Hayden,26.09404286499488,1.2525847074043097,07/05/2010 13:00:00,1,Kawasaki ZX 10R [2010],World Superbikes,
507,Rider,Roger Lee Hayden,26.09975567801635,1.251516066451935,14/05/2010 13:00:00,0,Kawasaki ZX 10R [2010],World Superbikes,
507,Rider,Roger Lee Hayden,26.10487180558518,1.2506200160300522,14/05/2010 13:00:00,1,Kawasaki ZX 10R [2010],World Superbikes,
507,Rider,Roger Lee Hayden,26.11012967200096,1.249873613352344,29/05/2010 13:00:00,0,Kawasaki ZX 10R [2010],World Superbikes,
507,Rider,Roger Lee Hayden,26.114089912479276,1.2493097137820883,29/05/2010 13:00:00,1,Kawasaki ZX 10R [2010],World Superbikes,
507,Rider,Roger Lee Hayden,26.117368442376236,1.2489137806242356,30/05/2010 13:00:00,0,Kawasaki ZX 10R [2010],World Superbikes,
507,Rider,Roger Lee Hayden,26.12123061929589,1.248604720934448,25/06/2010 13:00:00,0,Kawasaki ZX 10R [2010],World Superbikes,
507,Rider,Roger Lee Hayden,26.125237680759817,1.2484666802531188,25/06/2010 13:00:00,1,Kawasaki ZX 10R [2010],World Superbikes,
507,Rider,Roger Lee Hayden,26.127662549455483,1.2485193858825312,26/06/2010 13:00:00,0,Kawasaki ZX 10R [2010],World Superbikes,
507,Rider,Roger Lee Hayden,26.13066228596156,1.2486578359155294,09/07/2010 13:00:00,0,Kawasaki ZX 10R [2010],World Superbikes,
507,Rider,Roger Lee Hayden,26.134734119519003,1.248908825309542,09/07/2010 13:00:00,1,Kawasaki ZX 10R [2010],World Superbikes,
507,Rider,Roger Lee Hayden,26.139644394429478,1.2492684018205107,30/07/2010 13:00:00,0,Kawasaki ZX 10R [2010],World Superbikes,
507,Rider,Roger Lee Hayden,26.143219694170547,1.2498302037962083,30/07/2010 13:00:00,1,Kawasaki ZX 10R [2010],World Superbikes,
507,Rider,Roger Lee Hayden,26.14577527795482,1.250579644269684,03/09/2010 13:00:00,0,Kawasaki ZX 10R [2010],World Superbikes,
507,Rider,Roger Lee Hayden,26.148149304920587,1.2514918337609138,03/09/2010 13:00:00,1,Kawasaki ZX 10R [2010],World Superbikes,
507,Rider,Roger Lee Hayden,26.150348169752455,1.2525662051862723,04/09/2010 13:00:00,0,Kawasaki ZX 10R [2010],World Superbikes,
507,Rider,Roger Lee Hayden,26.152137384105984,1.2537647733184973,24/09/2010 13:00:00,0,Kawasaki ZX 10R [2010],World Superbikes,
507,Rider,Roger Lee Hayden,26.153339634941528,1.2551379574498367,24/09/2010 13:00:00,1,Kawasaki ZX 10R [2010],World Superbikes,
507,Rider,Roger Lee Hayden,26.152945714852834,1.256698676686461,25/09/2010 13:00:00,0,Kawasaki ZX 10R [2010],World Superbikes,
507,Rider,Roger Lee Hayden,26.151592045593343,1.258416886120384,01/10/2010 13:00:00,0,Kawasaki ZX 10R [2010],World Superbikes,
507,Rider,Roger Lee Hayden,26.150718629063963,1.2602941308001614,01/10/2010 13:00:00,1,Kawasaki ZX 10R [2010],World Superbikes,
507,Rider,Roger Lee Hayden,26.151179775066964,1.2622980390073661,27/09/2013 13:00:00,0,Suzuki GSX-R 1000 K9 [2013],World Superbikes,
507,Rider,Roger Lee Hayden,26.150746924340382,1.264514940578852,28/09/2013 13:00:00,0,Suzuki GSX-R 1000 K9 [2013],World Superbikes,
507,Rider,Roger Lee Hayden,26.150550244484425,1.2669342092611202,28/09/2013 13:00:00,1,Suzuki GSX-R 1000 K9 [2013],World Superbikes,
508,Rider,Daisaku Sakai,23.367869723578465,3.6817554816844944,07/05/2010 13:00:00,0,Suzuki GSX-R 1000 K9 [2010],World Superbikes,
508,Rider,Daisaku Sakai,23.367393290017862,3.6817677925392447,07/05/2010 13:00:00,1,Suzuki GSX-R 1000 K9 [2010],World Superbikes,
509,Rider,Federico Sandi,22.054992248718463,1.1156259281487373,25/06/2010 13:00:00,0,Aprilia RSV4 [2010],World Superbikes,
509,Rider,Federico Sandi,22.056847987370574,1.1127608868245882,25/06/2010 13:00:00,1,Aprilia RSV4 [2010],World Superbikes,
509,Rider,Federico Sandi,22.059933704623575,1.1100432369945987,24/09/2010 13:00:00,0,Aprilia RSV4 [2010],World Superbikes,
509,Rider,Federico Sandi,22.063101021700504,1.1074815166547571,25/09/2010 13:00:00,0,Aprilia RSV4 [2010],World Superbikes,
509,Rider,Federico Sandi,22.06807970127373,1.1050348009195514,23/09/2011 13:00:00,0,Ducati 1098R [2011],World Superbikes,
509,Rider,Federico Sandi,22.071188864682767,1.10277656368818,23/09/2011 13:00:00,1,Ducati 1098R [2011],World Superbikes,
509,Rider,Federico Sandi,22.072273857435754,1.1007047863657586,24/09/2011 13:00:00,0,Ducati 1098R [2011],World Superbikes,
509,Rider,Federico Sandi,22.07266567821596,1.0987977196600285,08/06/2012 13:00:00,0,BMW S1000 RR [2012],World Superbikes,
509,Rider,Federico Sandi,22.07407680329009,1.0969984631663314,08/06/2012 13:00:00,1,BMW S1000 RR [2012],World Superbikes,
509,Rider,Federico Sandi,22.076516091855122,1.0953063519631114,21/02/2013 13:00:00,0,Kawasaki ZX-10R [2013],World Superbikes,
509,Rider,Federico Sandi,22.079038181365135,1.0937735586527648,22/02/2013 13:00:00,0,Kawasaki ZX-10R [2013],World Superbikes,
509,Rider,Federico Sandi,22.082437226823036,1.0923879631419045,12/04/2013 13:00:00,0,Kawasaki ZX-10R [2013],World Superbikes,
509,Rider,Federico Sandi,22.085504467985288,1.0911687987222676,12/04/2013 13:00:00,1,Kawasaki ZX-10R [2013],World Superbikes,
509,Rider,Federico Sandi,22.088246108074205,1.0901135503725263,26/04/2013 13:00:00,0,Kawasaki ZX-10R [2013],World Superbikes,
509,Rider,Federico Sandi,22.091282299551754,1.0891966847695926,26/04/2013 13:00:00,1,Kawasaki ZX-10R [2013],World Superbikes,
509,Rider,Federico Sandi,22.094746564175246,1.0884220183527236,10/05/2013 13:00:00,0,Kawasaki ZX-10R [2013],World Superbikes,
509,Rider,Federico Sandi,22.097614682868468,1.0878076185243999,10/05/2013 13:00:00,1,Kawasaki ZX-10R [2013],World Superbikes,
509,Rider,Federico Sandi,22.10026723349093,1.0873515809877903,11/05/2013 13:00:00,0,Kawasaki ZX-10R [2013],World Superbikes,
509,Rider,Federico Sandi,22.103872394886334,1.0869878603987213,24/05/2013 13:00:00,0,Kawasaki ZX-10R [2013],World Superbikes,
509,Rider,Federico Sandi,22.10726926760207,1.0867715488196663,24/05/2013 13:00:00,1,Kawasaki ZX-10R [2013],World Superbikes,
509,Rider,Federico Sandi,22.110468800375497,1.0867028761821094,07/06/2013 13:00:00,0,Kawasaki ZX-10R [2013],World Superbikes,
509,Rider,Federico Sandi,22.114146139306325,1.0867844619699578,07/06/2013 13:00:00,1,Kawasaki ZX-10R [2013],World Superbikes,
509,Rider,Federico Sandi,22.119083407970923,1.08697879091672,28/06/2013 13:00:00,0,Kawasaki ZX-10R [2013],World Superbikes,
509,Rider,Federico Sandi,22.12335000277843,1.0873328578405526,28/06/2013 13:00:00,1,Kawasaki ZX-10R [2013],World Superbikes,
509,Rider,Federico Sandi,22.12705612397827,1.0878464204135319,18/07/2013 13:00:00,0,Kawasaki ZX-10R [2013],World Superbikes,
509,Rider,Federico Sandi,22.13025153012885,1.0885180249661297,19/07/2013 13:00:00,0,Kawasaki ZX-10R [2013],World Superbikes,
509,Rider,Federico Sandi,22.13234219800535,1.0893560729702776,02/08/2013 13:00:00,0,Kawasaki ZX-10R [2013],World Superbikes,
509,Rider,Federico Sandi,22.134581162877936,1.0903277717821758,02/08/2013 13:00:00,1,Kawasaki ZX-10R [2013],World Superbikes,
509,Rider,Federico Sandi,22.13705323682277,1.091435850595263,30/08/2013 13:00:00,0,Kawasaki ZX-10R [2013],World Superbikes,
509,Rider,Federico Sandi,22.14012754061409,1.092683785919967,30/08/2013 13:00:00,1,Kawasaki ZX-10R [2013],World Superbikes,
509,Rider,Federico Sandi,22.143495277623707,1.0940749874504458,12/09/2013 13:00:00,0,Kawasaki ZX-10R [2013],World Superbikes,
509,Rider,Federico Sandi,22.14651632689358,1.0956235530308815,13/09/2013 13:00:00,1,Kawasaki ZX-10R [2013],World Superbikes,
509,Rider,Federico Sandi,22.14917773754385,1.0973287813267634,13/09/2013 13:00:00,2,Kawasaki ZX-10R [2013],World Superbikes,
509,Rider,Federico Sandi,22.151580286213747,1.0991720436695296,27/09/2013 13:00:00,0,Kawasaki ZX-10R [2013],World Superbikes,
509,Rider,Federico Sandi,22.15389327439724,1.1011824301765976,27/09/2013 13:00:00,1,Kawasaki ZX-10R [2013],World Superbikes,
509,Rider,Federico Sandi,22.156527811281066,1.103350794584051,04/10/2013 13:00:00,0,Kawasaki ZX-10R [2013],World Superbikes,
509,Rider,Federico Sandi,22.15938884861326,1.1056797061283021,04/10/2013 13:00:00,1,Kawasaki ZX-10R [2013],World Superbikes,
509,Rider,Federico Sandi,22.161628366346747,1.10818556165032,18/10/2013 13:00:00,0,Kawasaki ZX-10R [2013],World Superbikes,
509,Rider,Federico Sandi,22.16403389942246,1.1108531219044016,18/10/2013 13:00:00,1,Kawasaki ZX-10R [2013],World Superbikes,
509,Rider,Federico Sandi,22.164370061512493,1.1137057568113178,19/10/2013 13:00:00,0,Kawasaki ZX-10R [2013],World Superbikes,
510,Rider,Ian Lowry,26.878486684119874,2.431731332666689,03/09/2010 13:00:00,0,Kawasaki ZX 10R [2010],World Superbikes,
510,Rider,Ian Lowry,26.877916212571844,2.430876259903691,03/09/2010 13:00:00,1,Kawasaki ZX 10R [2010],World Superbikes,
510,Rider,Ian Lowry,26.87659122315672,2.430347089510686,04/09/2010 13:00:00,0,Kawasaki ZX 10R [2010],World Superbikes,
510,Rider,Ian Lowry,26.876114751532402,2.4300119859881777,24/09/2010 13:00:00,0,Kawasaki ZX 10R [2010],World Superbikes,
510,Rider,Ian Lowry,26.876365471798053,2.430005129327493,24/09/2010 13:00:00,1,Kawasaki ZX 10R [2010],World Superbikes,
510,Rider,Ian Lowry,26.87735447921892,2.43022028266391,01/10/2010 13:00:00,0,Kawasaki ZX 10R [2010],World Superbikes,
510,Rider,Ian Lowry,26.87833597863978,2.4307722527968187,01/10/2010 13:00:00,1,Kawasaki ZX 10R [2010],World Superbikes,
510,Rider,Ian Lowry,26.87863023809721,2.431652878790068,02/10/2010 13:00:00,0,Kawasaki ZX 10R [2010],World Superbikes,
511,Rider,Fabrizio Lai,23.364672042786978,1.707271885185624,03/09/2010 13:00:00,0,Honda CBR1000RR [2010],World Superbikes,
511,Rider,Fabrizio Lai,23.364969791450573,1.705629245590091,03/09/2010 13:00:00,1,Honda CBR1000RR [2010],World Superbikes,
511,Rider,Fabrizio Lai,23.365716006328086,1.7042050901729267,24/09/2010 13:00:00,0,Honda CBR1000RR [2010],World Superbikes,
511,Rider,Fabrizio Lai,23.366402837915913,1.7030215654628014,24/09/2010 13:00:00,1,Honda CBR1000RR [2010],World Superbikes,
511,Rider,Fabrizio Lai,23.366213057086334,1.7020997424917388,25/09/2010 13:00:00,0,Honda CBR1000RR [2010],World Superbikes,
511,Rider,Fabrizio Lai,23.365750745228986,1.7013950093265342,01/10/2010 13:00:00,0,Honda CBR1000RR [2010],World Superbikes,
511,Rider,Fabrizio Lai,23.366586769371732,1.7008666300905926,01/10/2010 13:00:00,1,Honda CBR1000RR [2010],World Superbikes,
511,Rider,Fabrizio Lai,23.36725343002227,1.7005679345399098,02/10/2010 13:00:00,0,Honda CBR1000RR [2010],World Superbikes,
511,Rider,Fabrizio Lai,23.369060669395484,1.7004293124473921,06/05/2011 13:00:00,0,Honda CBR1000RR [2011],World Superbikes,
511,Rider,Fabrizio Lai,23.3713582373948,1.7004072476634409,06/05/2011 13:00:00,1,Honda CBR1000RR [2011],World Superbikes,
511,Rider,Fabrizio Lai,23.372786185136604,1.70063240061584,29/07/2011 13:00:00,0,Honda CBR1000RR [2011],World Superbikes,
511,Rider,Fabrizio Lai,23.37407596706445,1.7010434081104082,29/07/2011 13:00:00,1,Honda CBR1000RR [2011],World Superbikes,
511,Rider,Fabrizio Lai,23.37522621421906,1.7016390146015874,10/05/2013 13:00:00,0,Kawasaki ZX-10R [2013],World Superbikes,
511,Rider,Fabrizio Lai,23.376509757967135,1.70249345281302,10/05/2013 13:00:00,1,Kawasaki ZX-10R [2013],World Superbikes,
511,Rider,Fabrizio Lai,23.3769320193331,1.7036198042596298,11/05/2013 13:00:00,0,Kawasaki ZX-10R [2013],World Superbikes,
511,Rider,Fabrizio Lai,23.37755021530737,1.7049629434058888,04/10/2013 13:00:00,0,Ducati 1199 Panigale R [2013],World Superbikes,
511,Rider,Fabrizio Lai,23.37853691525964,1.7065452684926068,04/10/2013 13:00:00,1,Ducati 1199 Panigale R [2013],World Superbikes,
512,Bike,Ducati 1098R [2011],27.651199725505307,0.9014924039426362,24/02/2011 13:00:00,0,,World Superbikes,
512,Bike,Ducati 1098R [2011],27.650743993347383,0.8978651643523703,25/02/2011 13:00:00,0,,World Superbikes,
512,Bike,Ducati 1098R [2011],27.65014003005272,0.89436738689858,25/02/2011 13:00:00,1,,World Superbikes,
512,Bike,Ducati 1098R [2011],27.648909051811255,0.8909914319548898,25/02/2011 13:00:00,2,,World Superbikes,
512,Bike,Ducati 1098R [2011],27.64687700803559,0.8877327669220217,25/02/2011 13:00:00,3,,World Superbikes,
512,Bike,Ducati 1098R [2011],27.64437492393577,0.88458180364319,25/03/2011 13:00:00,0,,World Superbikes,
512,Bike,Ducati 1098R [2011],27.641905496425487,0.8815672552787748,25/03/2011 13:00:00,1,,World Superbikes,
512,Bike,Ducati 1098R [2011],27.640086619949148,0.8786891091973995,26/03/2011 13:00:00,0,,World Superbikes,
512,Bike,Ducati 1098R [2011],27.63886013877599,0.875938570399133,26/03/2011 13:00:00,1,,World Superbikes,
512,Bike,Ducati 1098R [2011],27.6363109259429,0.873289622660754,26/03/2011 13:00:00,2,,World Superbikes,
512,Bike,Ducati 1098R [2011],27.633135926274985,0.870739680774623,15/04/2011 13:00:00,0,,World Superbikes,
512,Bike,Ducati 1098R [2011],27.630566220612483,0.8683152763094435,15/04/2011 13:00:00,1,,World Superbikes,
512,Bike,Ducati 1098R [2011],27.6280182648298,0.8660241560977104,16/04/2011 13:00:00,0,,World Superbikes,
512,Bike,Ducati 1098R [2011],27.627049049652676,0.8638613577641332,16/04/2011 13:00:00,1,,World Superbikes,
512,Bike,Ducati 1098R [2011],27.624717668300583,0.8618045771060339,16/04/2011 13:00:00,2,,World Superbikes,
512,Bike,Ducati 1098R [2011],27.621182776014134,0.859840740345918,06/05/2011 13:00:00,0,,World Superbikes,
512,Bike,Ducati 1098R [2011],27.618616298724838,0.8580110208222316,06/05/2011 13:00:00,1,,World Superbikes,
512,Bike,Ducati 1098R [2011],27.616945604557152,0.8563128976348516,07/05/2011 13:00:00,0,,World Superbikes,
512,Bike,Ducati 1098R [2011],27.616498820638768,0.8547317371271059,07/05/2011 13:00:00,1,,World Superbikes,
512,Bike,Ducati 1098R [2011],27.618310661868364,0.8532605930413631,28/05/2011 13:00:00,0,,World Superbikes,
512,Bike,Ducati 1098R [2011],27.620420206505816,0.8519060245702191,28/05/2011 13:00:00,1,,World Superbikes,
512,Bike,Ducati 1098R [2011],27.622230352564085,0.8506786442462886,29/05/2011 13:00:00,0,,World Superbikes,
512,Bike,Ducati 1098R [2011],27.62381767663652,0.8495769089234124,29/05/2011 13:00:00,1,,World Superbikes,
512,Bike,Ducati 1098R [2011],27.624430229744775,0.8485842934571382,29/05/2011 13:00:00,2,,World Superbikes,
512,Bike,Ducati 1098R [2011],27.624328705238984,0.8476880436708361,10/06/2011 13:00:00,0,,World Superbikes,
512,Bike,Ducati 1098R [2011],27.623983677226693,0.8469134204657217,10/06/2011 13:00:00,1,,World Superbikes,
512,Bike,Ducati 1098R [2011],27.623373590441844,0.8462609794960196,11/06/2011 13:00:00,0,,World Superbikes,
512,Bike,Ducati 1098R [2011],27.62291543188218,0.84572634844162,11/06/2011 13:00:00,1,,World Superbikes,
512,Bike,Ducati 1098R [2011],27.621463881087745,0.8452981652425927,11/06/2011 13:00:00,2,,World Superbikes,
512,Bike,Ducati 1098R [2011],27.620213590949064,0.8449698587933324,17/06/2011 13:00:00,0,,World Superbikes,
512,Bike,Ducati 1098R [2011],27.62004398341074,0.8447615471842141,17/06/2011 13:00:00,1,,World Superbikes,
512,Bike,Ducati 1098R [2011],27.619184901617206,0.8446662380927693,18/06/2011 13:00:00,0,,World Superbikes,
512,Bike,Ducati 1098R [2011],27.618632014645666,0.8446903885218702,18/06/2011 13:00:00,1,,World Superbikes,
512,Bike,Ducati 1098R [2011],27.618635388183442,0.8448248640664748,18/06/2011 13:00:00,2,,World Superbikes,
512,Bike,Ducati 1098R [2011],27.619396901462693,0.845071643316008,08/07/2011 13:00:00,0,,World Superbikes,
512,Bike,Ducati 1098R [2011],27.619651310594502,0.8454351108570282,08/07/2011 13:00:00,1,,World Superbikes,
512,Bike,Ducati 1098R [2011],27.62013892429966,0.8459300929912736,09/07/2011 13:00:00,0,,World Superbikes,
512,Bike,Ducati 1098R [2011],27.620470358135695,0.8465358379929444,09/07/2011 13:00:00,1,,World Superbikes,
512,Bike,Ducati 1098R [2011],27.621316208426,0.8472389592239296,09/07/2011 13:00:00,2,,World Superbikes,
512,Bike,Ducati 1098R [2011],27.62232382455261,0.8480536722010944,29/07/2011 13:00:00,0,,World Superbikes,
512,Bike,Ducati 1098R [2011],27.622544402914215,0.8489838661981138,29/07/2011 13:00:00,1,,World Superbikes,
512,Bike,Ducati 1098R [2011],27.622253655146668,0.8500403615279368,30/07/2011 13:00:00,0,,World Superbikes,
512,Bike,Ducati 1098R [2011],27.62321590081894,0.8512121210662523,30/07/2011 13:00:00,1,,World Superbikes,
512,Bike,Ducati 1098R [2011],27.623812544228073,0.852483262628573,30/07/2011 13:00:00,2,,World Superbikes,
512,Bike,Ducati 1098R [2011],27.625010618340216,0.8538726341763936,02/09/2011 13:00:00,0,,World Superbikes,
512,Bike,Ducati 1098R [2011],27.625625118896814,0.8553812836259594,02/09/2011 13:00:00,1,,World Superbikes,
512,Bike,Ducati 1098R [2011],27.626035957915626,0.8570088080055224,03/09/2011 13:00:00,0,,World Superbikes,
512,Bike,Ducati 1098R [2011],27.625971469819678,0.8587473830551228,03/09/2011 13:00:00,1,,World Superbikes,
512,Bike,Ducati 1098R [2011],27.62591627501635,0.8605915727942206,03/09/2011 13:00:00,2,,World Superbikes,
512,Bike,Ducati 1098R [2011],27.626171462667465,0.8625130342429145,23/09/2011 13:00:00,0,,World Superbikes,
512,Bike,Ducati 1098R [2011],27.62592304702535,0.8645646093054298,23/09/2011 13:00:00,1,,World Superbikes,
512,Bike,Ducati 1098R [2011],27.625520634929753,0.866748649624493,24/09/2011 13:00:00,0,,World Superbikes,
512,Bike,Ducati 1098R [2011],27.625162549199057,0.8690485802042864,24/09/2011 13:00:00,1,,World Superbikes,
512,Bike,Ducati 1098R [2011],27.62540897471005,0.8714597954464048,24/09/2011 13:00:00,2,,World Superbikes,
512,Bike,Ducati 1098R [2011],27.626181611751957,0.8739525948474609,30/09/2011 13:00:00,0,,World Superbikes,
512,Bike,Ducati 1098R [2011],27.626169602118587,0.8765656946001154,30/09/2011 13:00:00,1,,World Superbikes,
512,Bike,Ducati 1098R [2011],27.626127548720376,0.879309652066679,01/10/2011 13:00:00,0,,World Superbikes,
512,Bike,Ducati 1098R [2011],27.625539175454932,0.8821717889102089,01/10/2011 13:00:00,1,,World Superbikes,
512,Bike,Ducati 1098R [2011],27.625221109690145,0.8851563045005143,01/10/2011 13:00:00,2,,World Superbikes,
512,Bike,Ducati 1098R [2011],27.625134345921396,0.8882631373425744,14/10/2011 13:00:00,0,,World Superbikes,
512,Bike,Ducati 1098R [2011],27.625092203173672,0.8914984589539183,14/10/2011 13:00:00,1,,World Superbikes,
512,Bike,Ducati 1098R [2011],27.62467872925793,0.8948713484625384,15/10/2011 13:00:00,0,,World Superbikes,
512,Bike,Ducati 1098R [2011],27.62469280111529,0.8983752334021322,15/10/2011 13:00:00,1,,World Superbikes,
512,Bike,Ducati 1098R [2011],27.62420078078726,0.9020068016747889,15/10/2011 13:00:00,2,,World Superbikes,
513,Rider,Eugene Laverty,39.43440229179401,0.7312513517120502,24/02/2011 13:00:00,0,Yamaha YZF-R1 [2011],World Superbikes,
513,Rider,Eugene Laverty,39.43475638148474,0.726682485210536,25/02/2011 13:00:00,0,Yamaha YZF-R1 [2011],World Superbikes,
513,Rider,Eugene Laverty,39.43737660684472,0.7222082881876575,25/02/2011 13:00:00,1,Yamaha YZF-R1 [2011],World Superbikes,
513,Rider,Eugene Laverty,39.4396277552972,0.7178261137765218,25/02/2011 13:00:00,2,Yamaha YZF-R1 [2011],World Superbikes,
513,Rider,Eugene Laverty,39.441685923664984,0.7135318243334057,25/02/2011 13:00:00,3,Yamaha YZF-R1 [2011],World Superbikes,
513,Rider,Eugene Laverty,39.4439999172146,0.7093168721303363,25/03/2011 13:00:00,0,Yamaha YZF-R1 [2011],World Superbikes,
513,Rider,Eugene Laverty,39.445580111501975,0.7051881339992271,25/03/2011 13:00:00,1,Yamaha YZF-R1 [2011],World Superbikes,
513,Rider,Eugene Laverty,39.44867800036128,0.7011491272175225,26/03/2011 13:00:00,0,Yamaha YZF-R1 [2011],World Superbikes,
513,Rider,Eugene Laverty,39.45317775912828,0.6971942055301525,15/04/2011 13:00:00,0,Yamaha YZF-R1 [2011],World Superbikes,
513,Rider,Eugene Laverty,39.45780588165683,0.6933275055544158,15/04/2011 13:00:00,1,Yamaha YZF-R1 [2011],World Superbikes,
513,Rider,Eugene Laverty,39.46285008507024,0.6895488345673458,16/04/2011 13:00:00,0,Yamaha YZF-R1 [2011],World Superbikes,
513,Rider,Eugene Laverty,39.46594081444039,0.6858267352254797,16/04/2011 13:00:00,1,Yamaha YZF-R1 [2011],World Superbikes,
513,Rider,Eugene Laverty,39.46933810128911,0.6821824665793863,16/04/2011 13:00:00,2,Yamaha YZF-R1 [2011],World Superbikes,
513,Rider,Eugene Laverty,39.47213687227106,0.6786063272186035,06/05/2011 13:00:00,0,Yamaha YZF-R1 [2011],World Superbikes,
513,Rider,Eugene Laverty,39.4740412157694,0.6751066675544188,06/05/2011 13:00:00,1,Yamaha YZF-R1 [2011],World Superbikes,
513,Rider,Eugene Laverty,39.4758925711113,0.6716885892660579,07/05/2011 13:00:00,0,Yamaha YZF-R1 [2011],World Superbikes,
513,Rider,Eugene Laverty,39.47740878742068,0.668348082621481,07/05/2011 13:00:00,1,Yamaha YZF-R1 [2011],World Superbikes,
513,Rider,Eugene Laverty,39.47771366450357,0.6650701754256234,07/05/2011 13:00:00,2,Yamaha YZF-R1 [2011],World Superbikes,
513,Rider,Eugene Laverty,39.477085818292906,0.6618475741665454,28/05/2011 13:00:00,0,Yamaha YZF-R1 [2011],World Superbikes,
513,Rider,Eugene Laverty,39.476630572572496,0.6587009873060247,28/05/2011 13:00:00,1,Yamaha YZF-R1 [2011],World Superbikes,
513,Rider,Eugene Laverty,39.47775512297946,0.6556295878241152,29/05/2011 13:00:00,0,Yamaha YZF-R1 [2011],World Superbikes,
513,Rider,Eugene Laverty,39.47789333323037,0.6526245146336622,29/05/2011 13:00:00,1,Yamaha YZF-R1 [2011],World Superbikes,
513,Rider,Eugene Laverty,39.47715600672835,0.6496812398246186,29/05/2011 13:00:00,2,Yamaha YZF-R1 [2011],World Superbikes,
513,Rider,Eugene Laverty,39.476312520417245,0.6467951571302973,10/06/2011 13:00:00,0,Yamaha YZF-R1 [2011],World Superbikes,
513,Rider,Eugene Laverty,39.47515815228926,0.6439784885258134,10/06/2011 13:00:00,1,Yamaha YZF-R1 [2011],World Superbikes,
513,Rider,Eugene Laverty,39.47442484818434,0.6412326012392215,11/06/2011 13:00:00,0,Yamaha YZF-R1 [2011],World Superbikes,
513,Rider,Eugene Laverty,39.474161915085524,0.6385540729296583,11/06/2011 13:00:00,1,Yamaha YZF-R1 [2011],World Superbikes,
513,Rider,Eugene Laverty,39.475281060734645,0.6359332136732024,17/06/2011 13:00:00,0,Yamaha YZF-R1 [2011],World Superbikes,
513,Rider,Eugene Laverty,39.47704974217704,0.6333784535096371,17/06/2011 13:00:00,1,Yamaha YZF-R1 [2011],World Superbikes,
513,Rider,Eugene Laverty,39.479800744578874,0.6308893390680232,18/06/2011 13:00:00,0,Yamaha YZF-R1 [2011],World Superbikes,
513,Rider,Eugene Laverty,39.480637571650135,0.6284345065040251,18/06/2011 13:00:00,1,Yamaha YZF-R1 [2011],World Superbikes,
513,Rider,Eugene Laverty,39.480821451179516,0.6260305480149749,18/06/2011 13:00:00,2,Yamaha YZF-R1 [2011],World Superbikes,
513,Rider,Eugene Laverty,39.48189347699924,0.6236697312894359,08/07/2011 13:00:00,0,Yamaha YZF-R1 [2011],World Superbikes,
513,Rider,Eugene Laverty,39.48223323687707,0.6213648765504964,08/07/2011 13:00:00,1,Yamaha YZF-R1 [2011],World Superbikes,
513,Rider,Eugene Laverty,39.484001744938844,0.6191208098527905,09/07/2011 13:00:00,0,Yamaha YZF-R1 [2011],World Superbikes,
513,Rider,Eugene Laverty,39.48672247817562,0.6169335080050556,09/07/2011 13:00:00,1,Yamaha YZF-R1 [2011],World Superbikes,
513,Rider,Eugene Laverty,39.48862979141847,0.6147926981325358,09/07/2011 13:00:00,2,Yamaha YZF-R1 [2011],World Superbikes,
513,Rider,Eugene Laverty,39.49033081678952,0.6126954158549661,29/07/2011 13:00:00,0,Yamaha YZF-R1 [2011],World Superbikes,
513,Rider,Eugene Laverty,39.492231751686404,0.6106548565713575,29/07/2011 13:00:00,1,Yamaha YZF-R1 [2011],World Superbikes,
513,Rider,Eugene Laverty,39.494940391281226,0.6086707392142992,30/07/2011 13:00:00,0,Yamaha YZF-R1 [2011],World Superbikes,
513,Rider,Eugene Laverty,39.49588930699181,0.6067126965543427,30/07/2011 13:00:00,1,Yamaha YZF-R1 [2011],World Superbikes,
513,Rider,Eugene Laverty,39.49634945258777,0.6047984346442474,30/07/2011 13:00:00,2,Yamaha YZF-R1 [2011],World Superbikes,
513,Rider,Eugene Laverty,39.496154018365175,0.6029224887445386,02/09/2011 13:00:00,0,Yamaha YZF-R1 [2011],World Superbikes,
513,Rider,Eugene Laverty,39.495338529624114,0.6010944766848887,02/09/2011 13:00:00,1,Yamaha YZF-R1 [2011],World Superbikes,
513,Rider,Eugene Laverty,39.493143765605865,0.5993042758157651,03/09/2011 13:00:00,0,Yamaha YZF-R1 [2011],World Superbikes,
513,Rider,Eugene Laverty,39.49007402139171,0.5975554031912309,03/09/2011 13:00:00,1,Yamaha YZF-R1 [2011],World Superbikes,
513,Rider,Eugene Laverty,39.48576437014172,0.5958388408590062,03/09/2011 13:00:00,2,Yamaha YZF-R1 [2011],World Superbikes,
513,Rider,Eugene Laverty,39.480464905406436,0.594148437482761,23/09/2011 13:00:00,0,Yamaha YZF-R1 [2011],World Superbikes,
513,Rider,Eugene Laverty,39.47761565139562,0.592505439921533,23/09/2011 13:00:00,1,Yamaha YZF-R1 [2011],World Superbikes,
513,Rider,Eugene Laverty,39.475999479128795,0.5909095189364701,24/09/2011 13:00:00,0,Yamaha YZF-R1 [2011],World Superbikes,
513,Rider,Eugene Laverty,39.472525193134295,0.5893335874150087,24/09/2011 13:00:00,1,Yamaha YZF-R1 [2011],World Superbikes,
513,Rider,Eugene Laverty,39.468963189018524,0.5877971380791807,24/09/2011 13:00:00,2,Yamaha YZF-R1 [2011],World Superbikes,
513,Rider,Eugene Laverty,39.46588161252168,0.5862922291651074,30/09/2011 13:00:00,0,Yamaha YZF-R1 [2011],World Superbikes,
513,Rider,Eugene Laverty,39.4614056775558,0.5848177220280426,30/09/2011 13:00:00,1,Yamaha YZF-R1 [2011],World Superbikes,
513,Rider,Eugene Laverty,39.457685711900425,0.5833863855801023,01/10/2011 13:00:00,0,Yamaha YZF-R1 [2011],World Superbikes,
513,Rider,Eugene Laverty,39.453720986236874,0.5819944022240541,01/10/2011 13:00:00,1,Yamaha YZF-R1 [2011],World Superbikes,
513,Rider,Eugene Laverty,39.449900813465625,0.5806400027735961,01/10/2011 13:00:00,2,Yamaha YZF-R1 [2011],World Superbikes,
513,Rider,Eugene Laverty,39.44503785076659,0.5793099020010039,14/10/2011 13:00:00,0,Yamaha YZF-R1 [2011],World Superbikes,
513,Rider,Eugene Laverty,39.438645364742456,0.5780085634214831,14/10/2011 13:00:00,1,Yamaha YZF-R1 [2011],World Superbikes,
513,Rider,Eugene Laverty,39.432651486045,0.5767474741565548,15/10/2011 13:00:00,0,Yamaha YZF-R1 [2011],World Superbikes,
513,Rider,Eugene Laverty,39.425648995363396,0.5755175456462264,15/10/2011 13:00:00,1,Yamaha YZF-R1 [2011],World Superbikes,
513,Rider,Eugene Laverty,39.41671068175978,0.574298292641734,15/10/2011 13:00:00,2,Yamaha YZF-R1 [2011],World Superbikes,
513,Rider,Eugene Laverty,39.40715943177888,0.5731026314152601,23/02/2012 13:00:00,0,Aprilia RSV4 Factory [2012],World Superbikes,
513,Rider,Eugene Laverty,39.40025305311749,0.5719394790905861,24/02/2012 13:00:00,0,Aprilia RSV4 Factory [2012],World Superbikes,
513,Rider,Eugene Laverty,39.39374559426813,0.5708148795615885,30/03/2012 13:00:00,0,Aprilia RSV4 Factory [2012],World Superbikes,
513,Rider,Eugene Laverty,39.387140247915234,0.5697273009299155,30/03/2012 13:00:00,1,Aprilia RSV4 Factory [2012],World Superbikes,
513,Rider,Eugene Laverty,39.37995122262652,0.5686746994965083,31/03/2012 13:00:00,0,Aprilia RSV4 Factory [2012],World Superbikes,
513,Rider,Eugene Laverty,39.37356874352853,0.567654647446288,31/03/2012 13:00:00,1,Aprilia RSV4 Factory [2012],World Superbikes,
513,Rider,Eugene Laverty,39.368611661623866,0.5666572388003176,20/04/2012 13:00:00,0,Aprilia RSV4 Factory [2012],World Superbikes,
513,Rider,Eugene Laverty,39.36415319845019,0.5656955055149678,20/04/2012 13:00:00,1,Aprilia RSV4 Factory [2012],World Superbikes,
513,Rider,Eugene Laverty,39.35999494097721,0.5647683835264905,21/04/2012 13:00:00,0,Aprilia RSV4 Factory [2012],World Superbikes,
513,Rider,Eugene Laverty,39.35776999624593,0.5638675679266946,04/05/2012 13:00:00,0,Aprilia RSV4 Factory [2012],World Superbikes,
513,Rider,Eugene Laverty,39.35454149857626,0.5629979321996994,04/05/2012 13:00:00,1,Aprilia RSV4 Factory [2012],World Superbikes,
513,Rider,Eugene Laverty,39.34901007135399,0.5621385119865827,05/05/2012 13:00:00,0,Aprilia RSV4 Factory [2012],World Superbikes,
513,Rider,Eugene Laverty,39.34403624483712,0.5613087048040281,11/05/2012 13:00:00,0,Aprilia RSV4 Factory [2012],World Superbikes,
513,Rider,Eugene Laverty,39.34067959670898,0.5605084233313814,11/05/2012 13:00:00,1,Aprilia RSV4 Factory [2012],World Superbikes,
513,Rider,Eugene Laverty,39.33844914535389,0.5597380401636772,12/05/2012 13:00:00,0,Aprilia RSV4 Factory [2012],World Superbikes,
513,Rider,Eugene Laverty,39.33694369600629,0.5589956892037208,12/05/2012 13:00:00,1,Aprilia RSV4 Factory [2012],World Superbikes,
513,Rider,Eugene Laverty,39.337478745507624,0.5582580432694069,26/05/2012 13:00:00,0,Aprilia RSV4 Factory [2012],World Superbikes,
513,Rider,Eugene Laverty,39.33773749987526,0.5575504386423358,26/05/2012 13:00:00,1,Aprilia RSV4 Factory [2012],World Superbikes,
513,Rider,Eugene Laverty,39.33716289030437,0.5568709862207986,27/05/2012 13:00:00,0,Aprilia RSV4 Factory [2012],World Superbikes,
513,Rider,Eugene Laverty,39.33487173637785,0.5562094523546256,27/05/2012 13:00:00,1,Aprilia RSV4 Factory [2012],World Superbikes,
513,Rider,Eugene Laverty,39.33295914815991,0.555570287071479,27/05/2012 13:00:00,2,Aprilia RSV4 Factory [2012],World Superbikes,
513,Rider,Eugene Laverty,39.33254934627238,0.5549266467619768,08/06/2012 13:00:00,0,Aprilia RSV4 Factory [2012],World Superbikes,
513,Rider,Eugene Laverty,39.33293548924845,0.5543117423709166,08/06/2012 13:00:00,1,Aprilia RSV4 Factory [2012],World Superbikes,
513,Rider,Eugene Laverty,39.33360942711584,0.5537261092093524,09/06/2012 13:00:00,0,Aprilia RSV4 Factory [2012],World Superbikes,
513,Rider,Eugene Laverty,39.3344982289347,0.553166792080012,09/06/2012 13:00:00,1,Aprilia RSV4 Factory [2012],World Superbikes,
513,Rider,Eugene Laverty,39.33636711820298,0.5526190781690375,29/06/2012 13:00:00,0,Aprilia RSV4 Factory [2012],World Superbikes,
513,Rider,Eugene Laverty,39.337186979055865,0.5520950545897081,29/06/2012 13:00:00,1,Aprilia RSV4 Factory [2012],World Superbikes,
513,Rider,Eugene Laverty,39.33716123181,0.5515953102091862,30/06/2012 13:00:00,0,Aprilia RSV4 Factory [2012],World Superbikes,
513,Rider,Eugene Laverty,39.33706899530513,0.5511200725128028,30/06/2012 13:00:00,1,Aprilia RSV4 Factory [2012],World Superbikes,
513,Rider,Eugene Laverty,39.33575777066436,0.5506635367657168,30/06/2012 13:00:00,2,Aprilia RSV4 Factory [2012],World Superbikes,
513,Rider,Eugene Laverty,39.33355940624609,0.5502200792956621,20/07/2012 13:00:00,0,Aprilia RSV4 Factory [2012],World Superbikes,
513,Rider,Eugene Laverty,39.33004388420766,0.5497964925844454,20/07/2012 13:00:00,1,Aprilia RSV4 Factory [2012],World Superbikes,
513,Rider,Eugene Laverty,39.32829892604671,0.5493971111890547,21/07/2012 13:00:00,0,Aprilia RSV4 Factory [2012],World Superbikes,
513,Rider,Eugene Laverty,39.32500609423326,0.5490119908465251,21/07/2012 13:00:00,1,Aprilia RSV4 Factory [2012],World Superbikes,
513,Rider,Eugene Laverty,39.320624098500694,0.5486400731759642,03/08/2012 13:00:00,0,Aprilia RSV4 Factory [2012],World Superbikes,
513,Rider,Eugene Laverty,39.31607338740281,0.5482931127925967,03/08/2012 13:00:00,1,Aprilia RSV4 Factory [2012],World Superbikes,
513,Rider,Eugene Laverty,39.31148983814396,0.5479714042672212,04/08/2012 13:00:00,0,Aprilia RSV4 Factory [2012],World Superbikes,
513,Rider,Eugene Laverty,39.30847742891931,0.5476677123235745,23/08/2012 13:00:00,0,Aprilia RSV4 Factory [2012],World Superbikes,
513,Rider,Eugene Laverty,39.307350334802436,0.54738482534023,24/08/2012 13:00:00,0,Aprilia RSV4 Factory [2012],World Superbikes,
513,Rider,Eugene Laverty,39.30654499886162,0.5471262159401,24/08/2012 13:00:00,1,Aprilia RSV4 Factory [2012],World Superbikes,
513,Rider,Eugene Laverty,39.30456043751098,0.5468830800123406,24/08/2012 13:00:00,2,Aprilia RSV4 Factory [2012],World Superbikes,
513,Rider,Eugene Laverty,39.300952029721415,0.5466490051527736,24/08/2012 13:00:00,3,Aprilia RSV4 Factory [2012],World Superbikes,
513,Rider,Eugene Laverty,39.296360917571135,0.5464241587453,07/09/2012 13:00:00,0,Aprilia RSV4 Factory [2012],World Superbikes,
513,Rider,Eugene Laverty,39.290685929591824,0.5462183468206047,07/09/2012 13:00:00,1,Aprilia RSV4 Factory [2012],World Superbikes,
513,Rider,Eugene Laverty,39.28540661153199,0.5460349732915952,08/09/2012 13:00:00,0,Aprilia RSV4 Factory [2012],World Superbikes,
513,Rider,Eugene Laverty,39.28050914311526,0.5458718350213997,08/09/2012 13:00:00,1,Aprilia RSV4 Factory [2012],World Superbikes,
513,Rider,Eugene Laverty,39.27449906029696,0.5457219387454098,08/09/2012 13:00:00,2,Aprilia RSV4 Factory [2012],World Superbikes,
513,Rider,Eugene Laverty,39.2680091122691,0.5455829492457105,21/09/2012 13:00:00,0,Aprilia RSV4 Factory [2012],World Superbikes,
513,Rider,Eugene Laverty,39.25978960653697,0.5454571402729573,21/09/2012 13:00:00,1,Aprilia RSV4 Factory [2012],World Superbikes,
513,Rider,Eugene Laverty,39.2508289723478,0.5453516893562389,22/09/2012 13:00:00,0,Aprilia RSV4 Factory [2012],World Superbikes,
513,Rider,Eugene Laverty,39.24056372542585,0.5452625342042148,22/09/2012 13:00:00,1,Aprilia RSV4 Factory [2012],World Superbikes,
513,Rider,Eugene Laverty,39.22907258790661,0.5451859847599776,22/09/2012 13:00:00,2,Aprilia RSV4 Factory [2012],World Superbikes,
513,Rider,Eugene Laverty,39.21662692955952,0.5451174555438164,05/10/2012 13:00:00,0,Aprilia RSV4 Factory [2012],World Superbikes,
513,Rider,Eugene Laverty,39.204912951338684,0.5450698002143035,05/10/2012 13:00:00,1,Aprilia RSV4 Factory [2012],World Superbikes,
513,Rider,Eugene Laverty,39.19369367904546,0.5450427777214493,06/10/2012 13:00:00,0,Aprilia RSV4 Factory [2012],World Superbikes,
513,Rider,Eugene Laverty,39.18146337196645,0.5450329608027318,06/10/2012 13:00:00,1,Aprilia RSV4 Factory [2012],World Superbikes,
513,Rider,Eugene Laverty,39.168040545028504,0.5450349328784225,06/10/2012 13:00:00,2,Aprilia RSV4 Factory [2012],World Superbikes,
513,Rider,Eugene Laverty,39.153658727858414,0.5450447069961482,21/02/2013 13:00:00,0,Aprilia RSV4 Factory [2013],World Superbikes,
513,Rider,Eugene Laverty,39.13832782667217,0.5450662897785212,22/02/2013 13:00:00,0,Aprilia RSV4 Factory [2013],World Superbikes,
513,Rider,Eugene Laverty,39.12257386078981,0.5451051727899169,22/02/2013 13:00:00,1,Aprilia RSV4 Factory [2013],World Superbikes,
513,Rider,Eugene Laverty,39.10618496494518,0.5451575386207085,22/02/2013 13:00:00,2,Aprilia RSV4 Factory [2013],World Superbikes,
513,Rider,Eugene Laverty,39.08797992071402,0.5452037027764557,22/02/2013 13:00:00,3,Aprilia RSV4 Factory [2013],World Superbikes,
513,Rider,Eugene Laverty,39.06899415904313,0.5452590040792425,26/04/2013 13:00:00,0,Aprilia RSV4 Factory [2013],World Superbikes,
513,Rider,Eugene Laverty,39.049456499105176,0.545326639725993,26/04/2013 13:00:00,1,Aprilia RSV4 Factory [2013],World Superbikes,
513,Rider,Eugene Laverty,39.03096527298692,0.5454122671150178,27/04/2013 13:00:00,0,Aprilia RSV4 Factory [2013],World Superbikes,
513,Rider,Eugene Laverty,39.01303927820145,0.5455148707961619,27/04/2013 13:00:00,1,Aprilia RSV4 Factory [2013],World Superbikes,
513,Rider,Eugene Laverty,38.99510223318473,0.545631619355299,27/04/2013 13:00:00,2,Aprilia RSV4 Factory [2013],World Superbikes,
513,Rider,Eugene Laverty,38.976811827839484,0.5457560488940028,10/05/2013 13:00:00,0,Aprilia RSV4 Factory [2013],World Superbikes,
513,Rider,Eugene Laverty,38.959035450971655,0.5458992728041178,10/05/2013 13:00:00,1,Aprilia RSV4 Factory [2013],World Superbikes,
513,Rider,Eugene Laverty,38.94094221200189,0.5460602466862217,11/05/2013 13:00:00,0,Aprilia RSV4 Factory [2013],World Superbikes,
513,Rider,Eugene Laverty,38.92165672606592,0.5462311232115401,11/05/2013 13:00:00,1,Aprilia RSV4 Factory [2013],World Superbikes,
513,Rider,Eugene Laverty,38.90212265428354,0.5464188019607353,11/05/2013 13:00:00,2,Aprilia RSV4 Factory [2013],World Superbikes,
513,Rider,Eugene Laverty,38.88150811755323,0.5466109223300858,24/05/2013 13:00:00,0,Aprilia RSV4 Factory [2013],World Superbikes,
513,Rider,Eugene Laverty,38.86175692354288,0.5468241572770627,24/05/2013 13:00:00,1,Aprilia RSV4 Factory [2013],World Superbikes,
513,Rider,Eugene Laverty,38.84280991804704,0.5470589150235022,25/05/2013 13:00:00,0,Aprilia RSV4 Factory [2013],World Superbikes,
513,Rider,Eugene Laverty,38.825359116579165,0.547312288678503,25/05/2013 13:00:00,1,Aprilia RSV4 Factory [2013],World Superbikes,
513,Rider,Eugene Laverty,38.80720007911447,0.5475794517875845,25/05/2013 13:00:00,2,Aprilia RSV4 Factory [2013],World Superbikes,
513,Rider,Eugene Laverty,38.78845849254927,0.5478578594965302,07/06/2013 13:00:00,0,Aprilia RSV4 Factory [2013],World Superbikes,
513,Rider,Eugene Laverty,38.76844136170962,0.5481477721527969,07/06/2013 13:00:00,1,Aprilia RSV4 Factory [2013],World Superbikes,
513,Rider,Eugene Laverty,38.747170384373305,0.5484507657316492,08/06/2013 13:00:00,0,Aprilia RSV4 Factory [2013],World Superbikes,
513,Rider,Eugene Laverty,38.726705635278684,0.5487762417913729,08/06/2013 13:00:00,1,Aprilia RSV4 Factory [2013],World Superbikes,
513,Rider,Eugene Laverty,38.70508330511957,0.5491093000361166,28/06/2013 13:00:00,0,Aprilia RSV4 Factory [2013],World Superbikes,
513,Rider,Eugene Laverty,38.684237255159644,0.5494659288891054,28/06/2013 13:00:00,1,Aprilia RSV4 Factory [2013],World Superbikes,
513,Rider,Eugene Laverty,38.66350916670695,0.5498453962628225,29/06/2013 13:00:00,0,Aprilia RSV4 Factory [2013],World Superbikes,
513,Rider,Eugene Laverty,38.64391075350339,0.55024744468522,29/06/2013 13:00:00,1,Aprilia RSV4 Factory [2013],World Superbikes,
513,Rider,Eugene Laverty,38.62437277381604,0.5506702105414965,29/06/2013 13:00:00,2,Aprilia RSV4 Factory [2013],World Superbikes,
513,Rider,Eugene Laverty,38.60511133522136,0.5511079425443816,18/07/2013 13:00:00,0,Aprilia RSV4 Factory [2013],World Superbikes,
513,Rider,Eugene Laverty,38.58569752621357,0.5515682175295464,19/07/2013 13:00:00,0,Aprilia RSV4 Factory [2013],World Superbikes,
513,Rider,Eugene Laverty,38.566497286824216,0.5520531275351167,19/07/2013 13:00:00,1,Aprilia RSV4 Factory [2013],World Superbikes,
513,Rider,Eugene Laverty,38.54725065540879,0.5525611081966716,19/07/2013 13:00:00,2,Aprilia RSV4 Factory [2013],World Superbikes,
513,Rider,Eugene Laverty,38.528039635549,0.5530909435998637,19/07/2013 13:00:00,3,Aprilia RSV4 Factory [2013],World Superbikes,
513,Rider,Eugene Laverty,38.508454146665294,0.5536381439483289,02/08/2013 13:00:00,0,Aprilia RSV4 Factory [2013],World Superbikes,
513,Rider,Eugene Laverty,38.489016861917186,0.5542104861972249,02/08/2013 13:00:00,1,Aprilia RSV4 Factory [2013],World Superbikes,
513,Rider,Eugene Laverty,38.46872885774144,0.554804065493634,03/08/2013 13:00:00,0,Aprilia RSV4 Factory [2013],World Superbikes,
513,Rider,Eugene Laverty,38.44834617493764,0.5554227673563013,03/08/2013 13:00:00,1,Aprilia RSV4 Factory [2013],World Superbikes,
513,Rider,Eugene Laverty,38.42763209243261,0.5560625763395352,03/08/2013 13:00:00,2,Aprilia RSV4 Factory [2013],World Superbikes,
513,Rider,Eugene Laverty,38.405381066311556,0.5567009641082588,30/08/2013 13:00:00,0,Aprilia RSV4 Factory [2013],World Superbikes,
513,Rider,Eugene Laverty,38.383775253275886,0.5573660624732693,30/08/2013 13:00:00,1,Aprilia RSV4 Factory [2013],World Superbikes,
513,Rider,Eugene Laverty,38.36248802045772,0.5580575375575737,31/08/2013 13:00:00,0,Aprilia RSV4 Factory [2013],World Superbikes,
513,Rider,Eugene Laverty,38.34283286442825,0.5587740257749422,12/09/2013 13:00:00,0,Aprilia RSV4 Factory [2013],World Superbikes,
513,Rider,Eugene Laverty,38.32265042777392,0.5595096038690865,13/09/2013 13:00:00,0,Aprilia RSV4 Factory [2013],World Superbikes,
513,Rider,Eugene Laverty,38.30458284883333,0.5602355512113596,13/09/2013 13:00:00,1,Aprilia RSV4 Factory [2013],World Superbikes,
513,Rider,Eugene Laverty,38.286457845525554,0.5609826623727039,13/09/2013 13:00:00,2,Aprilia RSV4 Factory [2013],World Superbikes,
513,Rider,Eugene Laverty,38.26664036071536,0.5617308903907758,13/09/2013 13:00:00,3,Aprilia RSV4 Factory [2013],World Superbikes,
513,Rider,Eugene Laverty,38.24688384241586,0.5624983622795997,27/09/2013 13:00:00,0,Aprilia RSV4 Factory [2013],World Superbikes,
513,Rider,Eugene Laverty,38.22539527995138,0.5632703926916414,27/09/2013 13:00:00,1,Aprilia RSV4 Factory [2013],World Superbikes,
513,Rider,Eugene Laverty,38.20478181088795,0.5640717389998501,28/09/2013 13:00:00,0,Aprilia RSV4 Factory [2013],World Superbikes,
513,Rider,Eugene Laverty,38.1824848839893,0.5648778231689008,28/09/2013 13:00:00,1,Aprilia RSV4 Factory [2013],World Superbikes,
513,Rider,Eugene Laverty,38.15993302417645,0.5657084805653366,28/09/2013 13:00:00,2,Aprilia RSV4 Factory [2013],World Superbikes,
513,Rider,Eugene Laverty,38.136874330629226,0.5665578463977957,04/10/2013 13:00:00,0,Aprilia RSV4 Factory [2013],World Superbikes,
513,Rider,Eugene Laverty,38.11405809839482,0.5674361112475425,04/10/2013 13:00:00,1,Aprilia RSV4 Factory [2013],World Superbikes,
513,Rider,Eugene Laverty,38.093024244228346,0.5683476752277289,05/10/2013 13:00:00,0,Aprilia RSV4 Factory [2013],World Superbikes,
513,Rider,Eugene Laverty,38.070973547498674,0.5692746586094715,05/10/2013 13:00:00,1,Aprilia RSV4 Factory [2013],World Superbikes,
513,Rider,Eugene Laverty,38.04925267907745,0.5702215138375184,18/10/2013 13:00:00,0,Aprilia RSV4 Factory [2013],World Superbikes,
513,Rider,Eugene Laverty,38.02689758130943,0.5711970192676158,18/10/2013 13:00:00,1,Aprilia RSV4 Factory [2013],World Superbikes,
513,Rider,Eugene Laverty,38.003919122920784,0.5722015899832521,19/10/2013 13:00:00,0,Aprilia RSV4 Factory [2013],World Superbikes,
513,Rider,Eugene Laverty,37.98195243632741,0.5732389340898802,19/10/2013 13:00:00,1,Aprilia RSV4 Factory [2013],World Superbikes,
513,Rider,Eugene Laverty,37.958358142397266,0.5742845490274684,19/10/2013 13:00:00,2,Aprilia RSV4 Factory [2013],World Superbikes,
513,Rider,Eugene Laverty,37.932967799426606,0.5753356330270756,21/02/2014 13:00:00,1,Suzuki GSX-R 1000 [2014],World Superbikes,
513,Rider,Eugene Laverty,37.906012145184484,0.5764128881155808,12/04/2014 13:00:00,1,Suzuki GSX-R 1000 [2014],World Superbikes,
513,Rider,Eugene Laverty,37.87862273354938,0.5775161062208339,26/04/2014 13:00:00,1,Suzuki GSX-R 1000 [2014],World Superbikes,
513,Rider,Eugene Laverty,37.850892299649466,0.5786462714499172,10/05/2014 13:00:00,1,Suzuki GSX-R 1000 [2014],World Superbikes,
513,Rider,Eugene Laverty,37.82285157393169,0.5798029825509422,23/05/2014 13:00:00,1,Suzuki GSX-R 1000 [2014],World Superbikes,
513,Rider,Eugene Laverty,37.795168457958276,0.5809799938320456,06/06/2014 13:00:00,1,Suzuki GSX-R 1000 [2014],World Superbikes,
513,Rider,Eugene Laverty,37.76681752269926,0.5821865368182725,21/06/2014 13:00:00,1,Suzuki GSX-R 1000 [2014],World Superbikes,
513,Rider,Eugene Laverty,37.73844650937087,0.5834208110511807,05/07/2014 13:00:00,1,Suzuki GSX-R 1000 [2014],World Superbikes,
513,Rider,Eugene Laverty,37.70955641155152,0.5846839373691866,12/07/2014 13:00:00,1,Suzuki GSX-R 1000 [2014],World Superbikes,
513,Rider,Eugene Laverty,37.67974062208145,0.58597788690627,06/09/2014 13:00:00,1,Suzuki GSX-R 1000 [2014],World Superbikes,
513,Rider,Eugene Laverty,37.6488965696506,0.5873031416049096,04/10/2014 13:00:00,1,Suzuki GSX-R 1000 [2014],World Superbikes,
513,Rider,Eugene Laverty,37.617951960834986,0.5886585109988088,01/11/2014 13:00:00,1,Suzuki GSX-R 1000 [2014],World Superbikes,
513,Rider,Eugene Laverty,37.586967627373326,0.5900439340317668,24/02/2017 13:00:00,0,Aprilia RSV4 RF [2017],World Superbikes,
513,Rider,Eugene Laverty,37.55687429571796,0.591454648439196,10/03/2017 13:00:00,1,Aprilia RSV4 RF [2017],World Superbikes,
513,Rider,Eugene Laverty,37.52762732813295,0.5929004694374888,31/03/2017 13:00:00,1,Aprilia RSV4 RF [2017],World Superbikes,
513,Rider,Eugene Laverty,37.49998991814782,0.5943817531321925,16/06/2017 13:00:00,1,Aprilia RSV4 RF [2017],World Superbikes,
513,Rider,Eugene Laverty,37.47445919468791,0.5958948666209867,08/07/2017 13:00:00,1,Aprilia RSV4 RF [2017],World Superbikes,
513,Rider,Eugene Laverty,37.44916099317021,0.5974430169006906,18/08/2017 13:00:00,1,Aprilia RSV4 RF [2017],World Superbikes,
513,Rider,Eugene Laverty,37.42492621528502,0.5990290568259625,15/09/2017 13:00:00,1,Aprilia RSV4 RF [2017],World Superbikes,
513,Rider,Eugene Laverty,37.39974947283712,0.6006402140630099,29/09/2017 13:00:00,1,Aprilia RSV4 RF [2017],World Superbikes,
513,Rider,Eugene Laverty,37.37586076458736,0.6022923185669978,20/10/2017 13:00:00,1,Aprilia RSV4 RF [2017],World Superbikes,
513,Rider,Eugene Laverty,37.35271825237406,0.6039843813150323,03/11/2017 13:00:00,1,Aprilia RSV4 RF [2017],World Superbikes,
513,Rider,Eugene Laverty,37.32992804701954,0.6057186719016538,23/02/2018 13:00:00,1,Aprilia RSV4 RF [2018],World Superbikes,
513,Rider,Eugene Laverty,37.306146626334616,0.607484834998313,23/03/2018 13:00:00,1,Aprilia RSV4 RF [2018],World Superbikes,
513,Rider,Eugene Laverty,37.28350124823955,0.6092960408044588,11/05/2018 13:00:00,0,Aprilia RSV4 RF [2018],World Superbikes,
513,Rider,Eugene Laverty,37.26081605258677,0.6111343250197413,11/05/2018 13:00:00,1,Aprilia RSV4 RF [2018],World Superbikes,
513,Rider,Eugene Laverty,37.23876893397036,0.6130179837774401,25/05/2018 13:00:00,1,Aprilia RSV4 RF [2018],World Superbikes,
513,Rider,Eugene Laverty,37.21746801372014,0.614948867351905,08/06/2018 13:00:00,0,Aprilia RSV4 RF [2018],World Superbikes,
513,Rider,Eugene Laverty,37.1956493050868,0.6168742211702458,08/06/2018 13:00:00,1,Aprilia RSV4 RF [2018],World Superbikes,
513,Rider,Eugene Laverty,37.17414383431167,0.618844885718563,23/06/2018 13:00:00,1,Aprilia RSV4 RF [2018],World Superbikes,
513,Rider,Eugene Laverty,37.15245029920233,0.6208601651564315,06/07/2018 13:00:00,1,Aprilia RSV4 RF [2018],World Superbikes,
513,Rider,Eugene Laverty,37.130243536012834,0.6229165851586554,14/09/2018 13:00:00,1,Aprilia RSV4 RF [2018],World Superbikes,
513,Rider,Eugene Laverty,37.106272085716924,0.6249966735851921,28/09/2018 13:00:00,0,Aprilia RSV4 RF [2018],World Superbikes,
513,Rider,Eugene Laverty,37.08293686053091,0.6271133853994246,12/10/2018 13:00:00,1,Aprilia RSV4 RF [2018],World Superbikes,
513,Rider,Eugene Laverty,37.05894651216929,0.6292756873344908,26/10/2018 13:00:00,1,Aprilia RSV4 RF [2018],World Superbikes,
513,Rider,Eugene Laverty,37.03481262080609,0.631487449127804,22/02/2019 13:00:00,0,Ducati Panigale V4 R [2019],World Superbikes,
513,Rider,Eugene Laverty,37.01131003525354,0.6337547572949009,15/03/2019 13:00:00,0,Ducati Panigale V4 R [2019],World Superbikes,
513,Rider,Eugene Laverty,36.987630886436804,0.6360777556803356,05/04/2019 13:00:00,0,Ducati Panigale V4 R [2019],World Superbikes,
513,Rider,Eugene Laverty,36.963352608596246,0.6384580734012736,12/04/2019 13:00:00,0,Ducati Panigale V4 R [2019],World Superbikes,
513,Rider,Eugene Laverty,36.94015079187933,0.6408945794541595,13/07/2019 13:00:00,0,Ducati Panigale V4 R [2019],World Superbikes,
513,Rider,Eugene Laverty,36.91719154075604,0.6433903314487793,06/09/2019 13:00:00,0,Ducati Panigale V4 R [2019],World Superbikes,
513,Rider,Eugene Laverty,36.895408866872216,0.6459441765911423,27/09/2019 13:00:00,0,Ducati Panigale V4 R [2019],World Superbikes,
513,Rider,Eugene Laverty,36.873544467045996,0.6485600705420241,11/10/2019 13:00:00,0,Ducati Panigale V4 R [2019],World Superbikes,
513,Rider,Eugene Laverty,36.85309545329496,0.6512361999840063,25/10/2019 13:00:00,0,Ducati Panigale V4 R [2019],World Superbikes,
513,Rider,Eugene Laverty,36.83421262367064,0.653973506429644,28/02/2020 13:00:00,0,BMW S1000 RR [2020],World Superbikes,
513,Rider,Eugene Laverty,36.815816815427674,0.6567690387713803,31/07/2020 13:00:00,0,BMW S1000 RR [2020],World Superbikes,
513,Rider,Eugene Laverty,36.79720316666966,0.6596261121903163,07/08/2020 13:00:00,0,BMW S1000 RR [2020],World Superbikes,
513,Rider,Eugene Laverty,36.778011801783855,0.6625455180753572,28/08/2020 13:00:00,0,BMW S1000 RR [2020],World Superbikes,
513,Rider,Eugene Laverty,36.760397413578744,0.6655254304832627,04/09/2020 13:00:00,0,BMW S1000 RR [2020],World Superbikes,
513,Rider,Eugene Laverty,36.7438020279046,0.6685666939530024,18/09/2020 13:00:00,0,BMW S1000 RR [2020],World Superbikes,
513,Rider,Eugene Laverty,36.727498394407434,0.6716714452103002,02/10/2020 13:00:00,0,BMW S1000 RR [2020],World Superbikes,
513,Rider,Eugene Laverty,36.70836872415232,0.6748241582849526,16/10/2020 13:00:00,0,BMW S1000 RR [2020],World Superbikes,
513,Rider,Eugene Laverty,36.68993104853403,0.6780437383512754,21/05/2021 13:00:00,0,BMW S1000 RR [2021],World Superbikes,
513,Rider,Eugene Laverty,36.67176580155603,0.681288502370442,28/05/2021 13:00:00,0,BMW M 1000 RR [2021],World Superbikes,
513,Rider,Eugene Laverty,36.653783597395275,0.6846074047002091,11/06/2021 13:00:00,0,BMW M 1000 RR [2021],World Superbikes,
513,Rider,Eugene Laverty,36.638786436257945,0.6879844713695117,02/07/2021 13:00:00,0,BMW M 1000 RR [2021],World Superbikes,
513,Rider,Eugene Laverty,36.6243686212964,0.691433516434296,24/09/2021 13:00:00,0,BMW M 1000 RR [2021],World Superbikes,
513,Rider,Eugene Laverty,36.611099173407,0.6949570967379634,01/10/2021 13:00:00,0,BMW M 1000 RR [2021],World Superbikes,
513,Rider,Eugene Laverty,36.59880398400957,0.6985549544296444,16/10/2021 13:00:00,0,BMW M 1000 RR [2021],World Superbikes,
513,Rider,Eugene Laverty,36.58684828785757,0.7022301590128572,08/04/2022 13:00:00,0,BMW M 1000 RR [2022],World Superbikes,
513,Rider,Eugene Laverty,36.57519994172473,0.7059857142276682,20/05/2022 13:00:00,0,BMW M 1000 RR [2022],World Superbikes,
513,Rider,Eugene Laverty,36.56285616172293,0.7098209964555354,10/06/2022 13:00:00,0,BMW M 1000 RR [2022],World Superbikes,
513,Rider,Eugene Laverty,36.55176969105381,0.7137380691348724,15/07/2022 13:00:00,0,BMW M 1000 RR [2022],World Superbikes,
513,Rider,Eugene Laverty,36.54205930306973,0.7177373243795843,29/07/2022 13:00:00,0,BMW M 1000 RR [2022],World Superbikes,
513,Rider,Eugene Laverty,36.53419889256664,0.7218197053675258,09/09/2022 13:00:00,0,BMW M 1000 RR [2022],World Superbikes,
513,Rider,Eugene Laverty,36.52696715069973,0.7259860589078304,23/09/2022 13:00:00,0,BMW M 1000 RR [2022],World Superbikes,
513,Rider,Eugene Laverty,36.52063778380867,0.7302371780130748,07/10/2022 13:00:00,0,BMW M 1000 RR [2022],World Superbikes,
513,Rider,Eugene Laverty,36.51484850073383,0.734578357938949,22/10/2022 13:00:00,0,BMW M 1000 RR [2022],World Superbikes,
513,Rider,Eugene Laverty,36.5103366488586,0.7390009193950964,11/11/2022 13:00:00,0,BMW M 1000 RR [2022],World Superbikes,
513,Rider,Eugene Laverty,36.508979901566924,0.7434898308524184,18/11/2022 13:00:00,0,BMW M 1000 RR [2022],World Superbikes,
514,Bike,Yamaha YZF-R1 [2011],25.648154502571664,0.8848379382145669,24/02/2011 13:00:00,0,,World Superbikes,
514,Bike,Yamaha YZF-R1 [2011],25.648160216146785,0.8811472820877695,25/02/2011 13:00:00,0,,World Superbikes,
514,Bike,Yamaha YZF-R1 [2011],25.649548042260477,0.8775949186008021,25/02/2011 13:00:00,1,,World Superbikes,
514,Bike,Yamaha YZF-R1 [2011],25.65130377244151,0.8741771274335485,25/02/2011 13:00:00,2,,World Superbikes,
514,Bike,Yamaha YZF-R1 [2011],25.653331448028382,0.8708888244082459,25/02/2011 13:00:00,3,,World Superbikes,
514,Bike,Yamaha YZF-R1 [2011],25.65640592823052,0.8677061587429408,25/03/2011 13:00:00,0,,World Superbikes,
514,Bike,Yamaha YZF-R1 [2011],25.658407402259392,0.8646471314959232,25/03/2011 13:00:00,1,,World Superbikes,
514,Bike,Yamaha YZF-R1 [2011],25.66177751577392,0.8617238648487479,26/03/2011 13:00:00,0,,World Superbikes,
514,Bike,Yamaha YZF-R1 [2011],25.66568675549728,0.8589308423637152,26/03/2011 13:00:00,1,,World Superbikes,
514,Bike,Yamaha YZF-R1 [2011],25.67060176705285,0.8562628539341706,15/04/2011 13:00:00,0,,World Superbikes,
514,Bike,Yamaha YZF-R1 [2011],25.67509492124085,0.8537245014777268,15/04/2011 13:00:00,1,,World Superbikes,
514,Bike,Yamaha YZF-R1 [2011],25.680875772948923,0.8513179224877371,16/04/2011 13:00:00,0,,World Superbikes,
514,Bike,Yamaha YZF-R1 [2011],25.685044458323148,0.8490181421061707,16/04/2011 13:00:00,1,,World Superbikes,
514,Bike,Yamaha YZF-R1 [2011],25.68910160288999,0.8468412579854001,16/04/2011 13:00:00,2,,World Superbikes,
514,Bike,Yamaha YZF-R1 [2011],25.693718452954304,0.8447637267138602,06/05/2011 13:00:00,0,,World Superbikes,
514,Bike,Yamaha YZF-R1 [2011],25.697940960511268,0.8428142231099978,06/05/2011 13:00:00,1,,World Superbikes,
514,Bike,Yamaha YZF-R1 [2011],25.701884627802542,0.8409951423854243,07/05/2011 13:00:00,0,,World Superbikes,
514,Bike,Yamaha YZF-R1 [2011],25.70594866678784,0.8393045961991789,07/05/2011 13:00:00,1,,World Superbikes,
514,Bike,Yamaha YZF-R1 [2011],25.708521064028318,0.8377128662696087,07/05/2011 13:00:00,2,,World Superbikes,
514,Bike,Yamaha YZF-R1 [2011],25.71087925957208,0.8362277060267531,28/05/2011 13:00:00,0,,World Superbikes,
514,Bike,Yamaha YZF-R1 [2011],25.713853054157532,0.8348717591837493,28/05/2011 13:00:00,1,,World Superbikes,
514,Bike,Yamaha YZF-R1 [2011],25.71827396656466,0.8336454162631277,29/05/2011 13:00:00,0,,World Superbikes,
514,Bike,Yamaha YZF-R1 [2011],25.721910696054376,0.8325395921687233,29/05/2011 13:00:00,1,,World Superbikes,
514,Bike,Yamaha YZF-R1 [2011],25.725511073597545,0.8315512680975814,29/05/2011 13:00:00,2,,World Superbikes,
514,Bike,Yamaha YZF-R1 [2011],25.72883368008936,0.8306709952838484,10/06/2011 13:00:00,0,,World Superbikes,
514,Bike,Yamaha YZF-R1 [2011],25.73148727796942,0.8299130543398928,10/06/2011 13:00:00,1,,World Superbikes,
514,Bike,Yamaha YZF-R1 [2011],25.734217430730524,0.8292827575716263,11/06/2011 13:00:00,0,,World Superbikes,
514,Bike,Yamaha YZF-R1 [2011],25.737084273833887,0.828778221858802,11/06/2011 13:00:00,1,,World Superbikes,
514,Bike,Yamaha YZF-R1 [2011],25.740751617313112,0.8283906230819358,11/06/2011 13:00:00,2,,World Superbikes,
514,Bike,Yamaha YZF-R1 [2011],25.744355227564853,0.8281129984941983,17/06/2011 13:00:00,0,,World Superbikes,
514,Bike,Yamaha YZF-R1 [2011],25.747338070388132,0.8279425774502215,17/06/2011 13:00:00,1,,World Superbikes,
514,Bike,Yamaha YZF-R1 [2011],25.750975903288897,0.8278992147547877,18/06/2011 13:00:00,0,,World Superbikes,
514,Bike,Yamaha YZF-R1 [2011],25.754407344468866,0.8279617354782315,18/06/2011 13:00:00,1,,World Superbikes,
514,Bike,Yamaha YZF-R1 [2011],25.757895000446,0.8281391651085059,18/06/2011 13:00:00,2,,World Superbikes,
514,Bike,Yamaha YZF-R1 [2011],25.761033510050595,0.8284064176046444,08/07/2011 13:00:00,0,,World Superbikes,
514,Bike,Yamaha YZF-R1 [2011],25.763332918819184,0.8287920461739943,08/07/2011 13:00:00,1,,World Superbikes,
514,Bike,Yamaha YZF-R1 [2011],25.766266101125844,0.8293039182561734,09/07/2011 13:00:00,0,,World Superbikes,
514,Bike,Yamaha YZF-R1 [2011],25.76872526513738,0.8299210279914084,09/07/2011 13:00:00,1,,World Superbikes,
514,Bike,Yamaha YZF-R1 [2011],25.77097598540238,0.8306521638638654,09/07/2011 13:00:00,2,,World Superbikes,
514,Bike,Yamaha YZF-R1 [2011],25.772600150921246,0.8314880899374387,29/07/2011 13:00:00,0,,World Superbikes,
514,Bike,Yamaha YZF-R1 [2011],25.775077977614767,0.8324520862507117,29/07/2011 13:00:00,1,,World Superbikes,
514,Bike,Yamaha YZF-R1 [2011],25.77792973812081,0.8335441301341743,30/07/2011 13:00:00,0,,World Superbikes,
514,Bike,Yamaha YZF-R1 [2011],25.780038590698943,0.8347423535051085,30/07/2011 13:00:00,1,,World Superbikes,
514,Bike,Yamaha YZF-R1 [2011],25.782454367063874,0.8360583380545253,30/07/2011 13:00:00,2,,World Superbikes,
514,Bike,Yamaha YZF-R1 [2011],25.78500869239373,0.8374840335113841,02/09/2011 13:00:00,0,,World Superbikes,
514,Bike,Yamaha YZF-R1 [2011],25.786620448548415,0.8390267370632534,02/09/2011 13:00:00,1,,World Superbikes,
514,Bike,Yamaha YZF-R1 [2011],25.788251991387433,0.8406888736621322,03/09/2011 13:00:00,0,,World Superbikes,
514,Bike,Yamaha YZF-R1 [2011],25.789247252018562,0.842470334479089,03/09/2011 13:00:00,1,,World Superbikes,
514,Bike,Yamaha YZF-R1 [2011],25.78930905832284,0.8443620644525739,03/09/2011 13:00:00,2,,World Superbikes,
514,Bike,Yamaha YZF-R1 [2011],25.788727868476528,0.8463564410985865,23/09/2011 13:00:00,0,,World Superbikes,
514,Bike,Yamaha YZF-R1 [2011],25.789318237025455,0.848480208445421,23/09/2011 13:00:00,1,,World Superbikes,
514,Bike,Yamaha YZF-R1 [2011],25.790648898882985,0.8507356056891068,24/09/2011 13:00:00,0,,World Superbikes,
514,Bike,Yamaha YZF-R1 [2011],25.791502035821743,0.8531028772466986,24/09/2011 13:00:00,1,,World Superbikes,
514,Bike,Yamaha YZF-R1 [2011],25.79295934018703,0.8555937814815943,24/09/2011 13:00:00,2,,World Superbikes,
514,Bike,Yamaha YZF-R1 [2011],25.79489707217125,0.8581989331802935,30/09/2011 13:00:00,0,,World Superbikes,
514,Bike,Yamaha YZF-R1 [2011],25.797145559570126,0.8609267898410178,30/09/2011 13:00:00,1,,World Superbikes,
514,Bike,Yamaha YZF-R1 [2011],25.798916364807944,0.863769005824922,01/10/2011 13:00:00,0,,World Superbikes,
514,Bike,Yamaha YZF-R1 [2011],25.801214418840402,0.8667430768547069,01/10/2011 13:00:00,1,,World Superbikes,
514,Bike,Yamaha YZF-R1 [2011],25.803857390297708,0.8698470424468354,01/10/2011 13:00:00,2,,World Superbikes,
514,Bike,Yamaha YZF-R1 [2011],25.80692539286322,0.8730528469969854,14/10/2011 13:00:00,0,,World Superbikes,
514,Bike,Yamaha YZF-R1 [2011],25.809384734790825,0.876387821631547,14/10/2011 13:00:00,1,,World Superbikes,
514,Bike,Yamaha YZF-R1 [2011],25.811572210275322,0.8798571718605266,15/10/2011 13:00:00,0,,World Superbikes,
514,Bike,Yamaha YZF-R1 [2011],25.812289945072266,0.8834390194362958,15/10/2011 13:00:00,1,,World Superbikes,
514,Bike,Yamaha YZF-R1 [2011],25.812514437954707,0.8871355917618704,15/10/2011 13:00:00,2,,World Superbikes,
515,Bike,Aprilia RSV4 Factory [2011],26.807192460917165,0.899599218874548,24/02/2011 13:00:00,0,,World Superbikes,
515,Bike,Aprilia RSV4 Factory [2011],26.80774073199511,0.8959783509408076,25/02/2011 13:00:00,0,,World Superbikes,
515,Bike,Aprilia RSV4 Factory [2011],26.808269663276818,0.8924909195977578,25/02/2011 13:00:00,1,,World Superbikes,
515,Bike,Aprilia RSV4 Factory [2011],26.80771667249546,0.8891249658873588,25/02/2011 13:00:00,2,,World Superbikes,
515,Bike,Aprilia RSV4 Factory [2011],26.806184775530575,0.8858767225039602,25/02/2011 13:00:00,3,,World Superbikes,
515,Bike,Aprilia RSV4 Factory [2011],26.803889205151023,0.8827386062752399,25/03/2011 13:00:00,0,,World Superbikes,
515,Bike,Aprilia RSV4 Factory [2011],26.80073568157761,0.8797199283932754,25/03/2011 13:00:00,1,,World Superbikes,
515,Bike,Aprilia RSV4 Factory [2011],26.79810975842296,0.8768381556857908,26/03/2011 13:00:00,0,,World Superbikes,
515,Bike,Aprilia RSV4 Factory [2011],26.796000203812067,0.8740936254672352,26/03/2011 13:00:00,1,,World Superbikes,
515,Bike,Aprilia RSV4 Factory [2011],26.794232585327357,0.8714808137609127,26/03/2011 13:00:00,2,,World Superbikes,
515,Bike,Aprilia RSV4 Factory [2011],26.793261841197836,0.868983258042049,15/04/2011 13:00:00,0,,World Superbikes,
515,Bike,Aprilia RSV4 Factory [2011],26.792032474887833,0.8666145624325532,15/04/2011 13:00:00,1,,World Superbikes,
515,Bike,Aprilia RSV4 Factory [2011],26.79105603171692,0.8643842316485499,16/04/2011 13:00:00,0,,World Superbikes,
515,Bike,Aprilia RSV4 Factory [2011],26.789955485406658,0.8622877903591283,16/04/2011 13:00:00,1,,World Superbikes,
515,Bike,Aprilia RSV4 Factory [2011],26.789047160242927,0.8603172042176291,16/04/2011 13:00:00,2,,World Superbikes,
515,Bike,Aprilia RSV4 Factory [2011],26.789050450653257,0.858464222748255,06/05/2011 13:00:00,0,,World Superbikes,
515,Bike,Aprilia RSV4 Factory [2011],26.788541228623195,0.8567399310546115,06/05/2011 13:00:00,1,,World Superbikes,
515,Bike,Aprilia RSV4 Factory [2011],26.788189533650275,0.8551516863864528,07/05/2011 13:00:00,0,,World Superbikes,
515,Bike,Aprilia RSV4 Factory [2011],26.786420446942117,0.8536741485052647,07/05/2011 13:00:00,1,,World Superbikes,
515,Bike,Aprilia RSV4 Factory [2011],26.784785298218978,0.8523185493009556,07/05/2011 13:00:00,2,,World Superbikes,
515,Bike,Aprilia RSV4 Factory [2011],26.781794963545998,0.8510413942190783,28/05/2011 13:00:00,0,,World Superbikes,
515,Bike,Aprilia RSV4 Factory [2011],26.777383898359396,0.8498855227547661,28/05/2011 13:00:00,1,,World Superbikes,
515,Bike,Aprilia RSV4 Factory [2011],26.7718062754549,0.848847645575951,29/05/2011 13:00:00,0,,World Superbikes,
515,Bike,Aprilia RSV4 Factory [2011],26.765690839900657,0.8479187889935187,29/05/2011 13:00:00,1,,World Superbikes,
515,Bike,Aprilia RSV4 Factory [2011],26.760040534358108,0.8471072712708984,29/05/2011 13:00:00,2,,World Superbikes,
515,Bike,Aprilia RSV4 Factory [2011],26.7560780916599,0.846397704899411,10/06/2011 13:00:00,0,,World Superbikes,
515,Bike,Aprilia RSV4 Factory [2011],26.751764757116327,0.8458105325195855,10/06/2011 13:00:00,1,,World Superbikes,
515,Bike,Aprilia RSV4 Factory [2011],26.74723503202292,0.845346383097554,11/06/2011 13:00:00,0,,World Superbikes,
515,Bike,Aprilia RSV4 Factory [2011],26.743675362347183,0.8450029466486882,11/06/2011 13:00:00,1,,World Superbikes,
515,Bike,Aprilia RSV4 Factory [2011],26.740283624921204,0.8447823274934769,11/06/2011 13:00:00,2,,World Superbikes,
515,Bike,Aprilia RSV4 Factory [2011],26.738351668843315,0.8446694102937728,17/06/2011 13:00:00,0,,World Superbikes,
515,Bike,Aprilia RSV4 Factory [2011],26.735957137098843,0.8446837870897653,17/06/2011 13:00:00,1,,World Superbikes,
515,Bike,Aprilia RSV4 Factory [2011],26.732781110106117,0.8448221514488646,18/06/2011 13:00:00,0,,World Superbikes,
515,Bike,Aprilia RSV4 Factory [2011],26.729189462033297,0.8450852711911354,18/06/2011 13:00:00,1,,World Superbikes,
515,Bike,Aprilia RSV4 Factory [2011],26.724641445705558,0.845451166933518,18/06/2011 13:00:00,2,,World Superbikes,
515,Bike,Aprilia RSV4 Factory [2011],26.719193152976214,0.8459243525494525,08/07/2011 13:00:00,0,,World Superbikes,
515,Bike,Aprilia RSV4 Factory [2011],26.713903341244606,0.8465265609911142,08/07/2011 13:00:00,1,,World Superbikes,
515,Bike,Aprilia RSV4 Factory [2011],26.707458543607665,0.8472386501323931,09/07/2011 13:00:00,0,,World Superbikes,
515,Bike,Aprilia RSV4 Factory [2011],26.700790403792467,0.8480753891764293,09/07/2011 13:00:00,1,,World Superbikes,
515,Bike,Aprilia RSV4 Factory [2011],26.6942655841317,0.8490314162784159,09/07/2011 13:00:00,2,,World Superbikes,
515,Bike,Aprilia RSV4 Factory [2011],26.68723658436206,0.8500808162301579,29/07/2011 13:00:00,0,,World Superbikes,
515,Bike,Aprilia RSV4 Factory [2011],26.67988812044754,0.8512605453591907,29/07/2011 13:00:00,1,,World Superbikes,
515,Bike,Aprilia RSV4 Factory [2011],26.673266483848934,0.8525727353250729,30/07/2011 13:00:00,0,,World Superbikes,
515,Bike,Aprilia RSV4 Factory [2011],26.667319847275934,0.8540142499129857,30/07/2011 13:00:00,1,,World Superbikes,
515,Bike,Aprilia RSV4 Factory [2011],26.661796790210985,0.8555660966153302,30/07/2011 13:00:00,2,,World Superbikes,
515,Bike,Aprilia RSV4 Factory [2011],26.655276802749682,0.857236099186087,02/09/2011 13:00:00,0,,World Superbikes,
515,Bike,Aprilia RSV4 Factory [2011],26.649506862377955,0.8590381107873436,02/09/2011 13:00:00,1,,World Superbikes,
515,Bike,Aprilia RSV4 Factory [2011],26.64317372635131,0.860973318643602,03/09/2011 13:00:00,0,,World Superbikes,
515,Bike,Aprilia RSV4 Factory [2011],26.63789852077622,0.863035694966114,23/09/2011 13:00:00,0,,World Superbikes,
515,Bike,Aprilia RSV4 Factory [2011],26.633484273906156,0.8652358336853484,23/09/2011 13:00:00,1,,World Superbikes,
515,Bike,Aprilia RSV4 Factory [2011],26.628913401574746,0.8675722483195542,24/09/2011 13:00:00,0,,World Superbikes,
515,Bike,Aprilia RSV4 Factory [2011],26.625200798308107,0.8700395495482021,24/09/2011 13:00:00,1,,World Superbikes,
515,Bike,Aprilia RSV4 Factory [2011],26.62232015313364,0.8726297052497916,30/09/2011 13:00:00,0,,World Superbikes,
515,Bike,Aprilia RSV4 Factory [2011],26.621234729508682,0.8753474656685345,30/09/2011 13:00:00,1,,World Superbikes,
515,Bike,Aprilia RSV4 Factory [2011],26.620888221779264,0.8782011852643024,01/10/2011 13:00:00,0,,World Superbikes,
515,Bike,Aprilia RSV4 Factory [2011],26.619278772597703,0.8811872695216881,01/10/2011 13:00:00,1,,World Superbikes,
515,Bike,Aprilia RSV4 Factory [2011],26.6168376065402,0.8843065170762973,01/10/2011 13:00:00,2,,World Superbikes,
515,Bike,Aprilia RSV4 Factory [2011],26.61353546772104,0.8875493425461715,14/10/2011 13:00:00,0,,World Superbikes,
515,Bike,Aprilia RSV4 Factory [2011],26.610492862192807,0.890932745643743,14/10/2011 13:00:00,1,,World Superbikes,
515,Bike,Aprilia RSV4 Factory [2011],26.608784607314103,0.8944586855234166,15/10/2011 13:00:00,0,,World Superbikes,
515,Bike,Aprilia RSV4 Factory [2011],26.606825907086154,0.8981256159570843,15/10/2011 13:00:00,1,,World Superbikes,
516,Bike,BMW S1000 RR [2011],22.106523565240657,0.8995712732775119,24/02/2011 13:00:00,0,,World Superbikes,
516,Bike,BMW S1000 RR [2011],22.106583732338052,0.895950620182035,25/02/2011 13:00:00,0,,World Superbikes,
516,Bike,BMW S1000 RR [2011],22.107149495437255,0.8924704251714773,25/02/2011 13:00:00,1,,World Superbikes,
516,Bike,BMW S1000 RR [2011],22.10759162704462,0.889122148067836,25/02/2011 13:00:00,2,,World Superbikes,
516,Bike,BMW S1000 RR [2011],22.10751957984035,0.885907036787338,25/02/2011 13:00:00,3,,World Superbikes,
516,Bike,BMW S1000 RR [2011],22.1074876252142,0.8828110275454044,25/03/2011 13:00:00,0,,World Superbikes,
516,Bike,BMW S1000 RR [2011],22.10715743435882,0.8798533007835357,25/03/2011 13:00:00,1,,World Superbikes,
516,Bike,BMW S1000 RR [2011],22.106483433948025,0.8770375034032718,26/03/2011 13:00:00,0,,World Superbikes,
516,Bike,BMW S1000 RR [2011],22.10469026223357,0.8743531384581694,26/03/2011 13:00:00,1,,World Superbikes,
516,Bike,BMW S1000 RR [2011],22.102681722427985,0.87179409628635,26/03/2011 13:00:00,2,,World Superbikes,
516,Bike,BMW S1000 RR [2011],22.0992008994214,0.8693460426107368,15/04/2011 13:00:00,0,,World Superbikes,
516,Bike,BMW S1000 RR [2011],22.09524274205664,0.8670214593990732,15/04/2011 13:00:00,1,,World Superbikes,
516,Bike,BMW S1000 RR [2011],22.09057239428977,0.8648182539355174,16/04/2011 13:00:00,0,,World Superbikes,
516,Bike,BMW S1000 RR [2011],22.085750994945638,0.8627320743234397,16/04/2011 13:00:00,1,,World Superbikes,
516,Bike,BMW S1000 RR [2011],22.08236688797282,0.8607531756610907,06/05/2011 13:00:00,0,,World Superbikes,
516,Bike,BMW S1000 RR [2011],22.078208422052967,0.8588965836264804,06/05/2011 13:00:00,1,,World Superbikes,
516,Bike,BMW S1000 RR [2011],22.07375042637051,0.8571576441783781,07/05/2011 13:00:00,0,,World Superbikes,
516,Bike,BMW S1000 RR [2011],22.06830172660162,0.8555477507639411,07/05/2011 13:00:00,1,,World Superbikes,
516,Bike,BMW S1000 RR [2011],22.06254469865268,0.8540649205911579,07/05/2011 13:00:00,2,,World Superbikes,
516,Bike,BMW S1000 RR [2011],22.056735363728357,0.8526964307443549,28/05/2011 13:00:00,0,,World Superbikes,
516,Bike,BMW S1000 RR [2011],22.051063116783105,0.8514582875546178,28/05/2011 13:00:00,1,,World Superbikes,
516,Bike,BMW S1000 RR [2011],22.045331972680852,0.8503476885560545,29/05/2011 13:00:00,0,,World Superbikes,
516,Bike,BMW S1000 RR [2011],22.039161442133775,0.8493672673966838,29/05/2011 13:00:00,1,,World Superbikes,
516,Bike,BMW S1000 RR [2011],22.033074739441094,0.8485008908091686,29/05/2011 13:00:00,2,,World Superbikes,
516,Bike,BMW S1000 RR [2011],22.027492992798244,0.847718061090152,10/06/2011 13:00:00,0,,World Superbikes,
516,Bike,BMW S1000 RR [2011],22.02213720046909,0.847057750532055,10/06/2011 13:00:00,1,,World Superbikes,
516,Bike,BMW S1000 RR [2011],22.016555785879078,0.8465286925370993,11/06/2011 13:00:00,0,,World Superbikes,
516,Bike,BMW S1000 RR [2011],22.010125075645078,0.8461282843381976,11/06/2011 13:00:00,1,,World Superbikes,
516,Bike,BMW S1000 RR [2011],22.003509944940312,0.8458505031816458,11/06/2011 13:00:00,2,,World Superbikes,
516,Bike,BMW S1000 RR [2011],21.996797737173836,0.8456864879085995,17/06/2011 13:00:00,0,,World Superbikes,
516,Bike,BMW S1000 RR [2011],21.99023616556628,0.8456533774273474,17/06/2011 13:00:00,1,,World Superbikes,
516,Bike,BMW S1000 RR [2011],21.98438473105247,0.8457398959485735,18/06/2011 13:00:00,0,,World Superbikes,
516,Bike,BMW S1000 RR [2011],21.979395051839557,0.8459441330509333,18/06/2011 13:00:00,1,,World Superbikes,
516,Bike,BMW S1000 RR [2011],21.972464377881117,0.8462694309268456,18/06/2011 13:00:00,2,,World Superbikes,
516,Bike,BMW S1000 RR [2011],21.96649969667746,0.8466564940965979,08/07/2011 13:00:00,0,,World Superbikes,
516,Bike,BMW S1000 RR [2011],21.95994532838273,0.8471739871709061,08/07/2011 13:00:00,1,,World Superbikes,
516,Bike,BMW S1000 RR [2011],21.953491289760596,0.8478200017052954,09/07/2011 13:00:00,0,,World Superbikes,
516,Bike,BMW S1000 RR [2011],21.947545115211827,0.8485861480949031,09/07/2011 13:00:00,1,,World Superbikes,
516,Bike,BMW S1000 RR [2011],21.94136016996133,0.8494691689738527,29/07/2011 13:00:00,0,,World Superbikes,
516,Bike,BMW S1000 RR [2011],21.935441174482992,0.8504833795072966,29/07/2011 13:00:00,1,,World Superbikes,
516,Bike,BMW S1000 RR [2011],21.92985056033704,0.8516298133345238,30/07/2011 13:00:00,0,,World Superbikes,
516,Bike,BMW S1000 RR [2011],21.924368249200178,0.8528985241513334,30/07/2011 13:00:00,1,,World Superbikes,
516,Bike,BMW S1000 RR [2011],21.919261143642764,0.8542873364084529,02/09/2011 13:00:00,0,,World Superbikes,
516,Bike,BMW S1000 RR [2011],21.91494451646131,0.8558026553117172,02/09/2011 13:00:00,1,,World Superbikes,
516,Bike,BMW S1000 RR [2011],21.911495061070674,0.8574454637722472,03/09/2011 13:00:00,0,,World Superbikes,
516,Bike,BMW S1000 RR [2011],21.908084122708654,0.8592091342848805,03/09/2011 13:00:00,1,,World Superbikes,
516,Bike,BMW S1000 RR [2011],21.90473182780264,0.8610963084641782,03/09/2011 13:00:00,2,,World Superbikes,
516,Bike,BMW S1000 RR [2011],21.901867639434013,0.8630887274777937,23/09/2011 13:00:00,0,,World Superbikes,
516,Bike,BMW S1000 RR [2011],21.8996606855223,0.8652038719308568,23/09/2011 13:00:00,1,,World Superbikes,
516,Bike,BMW S1000 RR [2011],21.89807477266767,0.8674448871527162,24/09/2011 13:00:00,0,,World Superbikes,
516,Bike,BMW S1000 RR [2011],21.897236472492363,0.8698118534154712,24/09/2011 13:00:00,1,,World Superbikes,
516,Bike,BMW S1000 RR [2011],21.89577984887909,0.8723076538355947,24/09/2011 13:00:00,2,,World Superbikes,
516,Bike,BMW S1000 RR [2011],21.894438627202625,0.8749144523265219,30/09/2011 13:00:00,0,,World Superbikes,
516,Bike,BMW S1000 RR [2011],21.893247319524015,0.8776513814514763,30/09/2011 13:00:00,1,,World Superbikes,
516,Bike,BMW S1000 RR [2011],21.891407432456685,0.88051837273025,01/10/2011 13:00:00,0,,World Superbikes,
516,Bike,BMW S1000 RR [2011],21.890469208071273,0.8835060071712147,01/10/2011 13:00:00,1,,World Superbikes,
516,Bike,BMW S1000 RR [2011],21.88987824779393,0.8866064013273892,01/10/2011 13:00:00,2,,World Superbikes,
516,Bike,BMW S1000 RR [2011],21.889815131329666,0.8898216677130777,14/10/2011 13:00:00,0,,World Superbikes,
516,Bike,BMW S1000 RR [2011],21.890059923594915,0.8931762722679457,14/10/2011 13:00:00,1,,World Superbikes,
516,Bike,BMW S1000 RR [2011],21.89048991820558,0.8966659491239364,15/10/2011 13:00:00,0,,World Superbikes,
516,Bike,BMW S1000 RR [2011],21.890475599450028,0.9002945543238478,15/10/2011 13:00:00,1,,World Superbikes,
517,Bike,Suzuki GSX-R 1000 K9 [2011],24.889695967894056,0.9648383342881384,24/02/2011 13:00:00,0,,World Superbikes,
517,Bike,Suzuki GSX-R 1000 K9 [2011],24.888584806362296,0.9614939423242026,25/02/2011 13:00:00,0,,World Superbikes,
517,Bike,Suzuki GSX-R 1000 K9 [2011],24.88701893368644,0.9583006075550441,25/02/2011 13:00:00,1,,World Superbikes,
517,Bike,Suzuki GSX-R 1000 K9 [2011],24.885026427977348,0.9552527736137842,25/02/2011 13:00:00,2,,World Superbikes,
517,Bike,Suzuki GSX-R 1000 K9 [2011],24.883102250066685,0.9523367725294415,25/03/2011 13:00:00,0,,World Superbikes,
517,Bike,Suzuki GSX-R 1000 K9 [2011],24.88298183446623,0.9495638466305144,25/03/2011 13:00:00,1,,World Superbikes,
517,Bike,Suzuki GSX-R 1000 K9 [2011],24.882566045192,0.9469495402169826,26/03/2011 13:00:00,0,,World Superbikes,
517,Bike,Suzuki GSX-R 1000 K9 [2011],24.882668576498794,0.9444863202292026,26/03/2011 13:00:00,1,,World Superbikes,
517,Bike,Suzuki GSX-R 1000 K9 [2011],24.883932878382716,0.9421527133950627,15/04/2011 13:00:00,0,,World Superbikes,
517,Bike,Suzuki GSX-R 1000 K9 [2011],24.883810557052136,0.9399690582730897,15/04/2011 13:00:00,1,,World Superbikes,
517,Bike,Suzuki GSX-R 1000 K9 [2011],24.885813473657443,0.937925745891642,16/04/2011 13:00:00,0,,World Superbikes,
517,Bike,Suzuki GSX-R 1000 K9 [2011],24.88868635152188,0.9360280576456822,06/05/2011 13:00:00,0,,World Superbikes,
517,Bike,Suzuki GSX-R 1000 K9 [2011],24.891640418714747,0.9342857962692559,06/05/2011 13:00:00,1,,World Superbikes,
517,Bike,Suzuki GSX-R 1000 K9 [2011],24.894605968915194,0.9326978121196906,07/05/2011 13:00:00,0,,World Superbikes,
517,Bike,Suzuki GSX-R 1000 K9 [2011],24.8960505759916,0.9312545597209128,07/05/2011 13:00:00,1,,World Superbikes,
517,Bike,Suzuki GSX-R 1000 K9 [2011],24.89675997543107,0.9299551699783215,07/05/2011 13:00:00,2,,World Superbikes,
517,Bike,Suzuki GSX-R 1000 K9 [2011],24.898194038403055,0.9287774270913508,28/05/2011 13:00:00,0,,World Superbikes,
517,Bike,Suzuki GSX-R 1000 K9 [2011],24.899224977546922,0.92774224617995,28/05/2011 13:00:00,1,,World Superbikes,
517,Bike,Suzuki GSX-R 1000 K9 [2011],24.901013029198992,0.926845354134772,29/05/2011 13:00:00,0,,World Superbikes,
517,Bike,Suzuki GSX-R 1000 K9 [2011],24.90426676171415,0.9260536992501981,10/06/2011 13:00:00,0,,World Superbikes,
517,Bike,Suzuki GSX-R 1000 K9 [2011],24.9060377694592,0.9254078884425749,10/06/2011 13:00:00,1,,World Superbikes,
517,Bike,Suzuki GSX-R 1000 K9 [2011],24.90617392226439,0.9249041123368921,11/06/2011 13:00:00,0,,World Superbikes,
517,Bike,Suzuki GSX-R 1000 K9 [2011],24.907148230149396,0.9245428021144815,17/06/2011 13:00:00,0,,World Superbikes,
517,Bike,Suzuki GSX-R 1000 K9 [2011],24.90763832500185,0.9243307748736107,17/06/2011 13:00:00,1,,World Superbikes,
517,Bike,Suzuki GSX-R 1000 K9 [2011],24.90803921509586,0.9242701733452663,18/06/2011 13:00:00,0,,World Superbikes,
517,Bike,Suzuki GSX-R 1000 K9 [2011],24.90753284638475,0.924355086425287,18/06/2011 13:00:00,1,,World Superbikes,
517,Bike,Suzuki GSX-R 1000 K9 [2011],24.908537040317956,0.9245591414503391,08/07/2011 13:00:00,0,,World Superbikes,
517,Bike,Suzuki GSX-R 1000 K9 [2011],24.909183094581774,0.9249121308246311,08/07/2011 13:00:00,1,,World Superbikes,
517,Bike,Suzuki GSX-R 1000 K9 [2011],24.907895461774864,0.9254000664236738,09/07/2011 13:00:00,0,,World Superbikes,
517,Bike,Suzuki GSX-R 1000 K9 [2011],24.907570176730406,0.9260335650732792,09/07/2011 13:00:00,1,,World Superbikes,
517,Bike,Suzuki GSX-R 1000 K9 [2011],24.907187194105344,0.926805331051437,09/07/2011 13:00:00,2,,World Superbikes,
517,Bike,Suzuki GSX-R 1000 K9 [2011],24.906813474684668,0.9277046730623685,29/07/2011 13:00:00,0,,World Superbikes,
517,Bike,Suzuki GSX-R 1000 K9 [2011],24.905814285699837,0.9287175063066987,29/07/2011 13:00:00,1,,World Superbikes,
517,Bike,Suzuki GSX-R 1000 K9 [2011],24.90393579678018,0.9298360686450086,30/07/2011 13:00:00,0,,World Superbikes,
517,Bike,Suzuki GSX-R 1000 K9 [2011],24.90075738020431,0.9310938198384149,30/07/2011 13:00:00,1,,World Superbikes,
517,Bike,Suzuki GSX-R 1000 K9 [2011],24.896754360703,0.9324935287358298,30/07/2011 13:00:00,2,,World Superbikes,
517,Bike,Suzuki GSX-R 1000 K9 [2011],24.891724054556096,0.934011330244418,02/09/2011 13:00:00,0,,World Superbikes,
517,Bike,Suzuki GSX-R 1000 K9 [2011],24.884991688866133,0.9356714800163545,02/09/2011 13:00:00,1,,World Superbikes,
517,Bike,Suzuki GSX-R 1000 K9 [2011],24.878093862666848,0.9374836347858795,03/09/2011 13:00:00,0,,World Superbikes,
517,Bike,Suzuki GSX-R 1000 K9 [2011],24.871882240345027,0.9394426966408986,03/09/2011 13:00:00,1,,World Superbikes,
517,Bike,Suzuki GSX-R 1000 K9 [2011],24.867725178827367,0.9415022534270049,23/09/2011 13:00:00,0,,World Superbikes,
517,Bike,Suzuki GSX-R 1000 K9 [2011],24.862239188563642,0.9437097795329321,23/09/2011 13:00:00,1,,World Superbikes,
517,Bike,Suzuki GSX-R 1000 K9 [2011],24.85502030790061,0.9460631292867003,24/09/2011 13:00:00,0,,World Superbikes,
517,Bike,Suzuki GSX-R 1000 K9 [2011],24.84676425743971,0.9485662318179237,24/09/2011 13:00:00,1,,World Superbikes,
517,Bike,Suzuki GSX-R 1000 K9 [2011],24.83973376887112,0.9511991942793427,30/09/2011 13:00:00,0,,World Superbikes,
517,Bike,Suzuki GSX-R 1000 K9 [2011],24.834054989764816,0.9539824320851297,30/09/2011 13:00:00,1,,World Superbikes,
517,Bike,Suzuki GSX-R 1000 K9 [2011],24.82877843598055,0.9569209944219352,01/10/2011 13:00:00,0,,World Superbikes,
517,Bike,Suzuki GSX-R 1000 K9 [2011],24.824824204847054,0.9600009877827723,14/10/2011 13:00:00,0,,World Superbikes,
517,Bike,Suzuki GSX-R 1000 K9 [2011],24.822307809606144,0.9632112724105234,14/10/2011 13:00:00,1,,World Superbikes,
517,Bike,Suzuki GSX-R 1000 K9 [2011],24.821067749246893,0.9665535858417097,15/10/2011 13:00:00,0,,World Superbikes,
518,Rider,Joan Lascorz,38.06661649716363,0.9596286515573953,24/02/2011 13:00:00,0,Kawasaki ZX 10R [2011],World Superbikes,
518,Rider,Joan Lascorz,38.066867553457065,0.9562699249232905,25/02/2011 13:00:00,0,Kawasaki ZX 10R [2011],World Superbikes,
518,Rider,Joan Lascorz,38.06586947989409,0.9530663263516563,25/02/2011 13:00:00,1,Kawasaki ZX 10R [2011],World Superbikes,
518,Rider,Joan Lascorz,38.06520211291582,0.9500093976043604,25/03/2011 13:00:00,0,Kawasaki ZX 10R [2011],World Superbikes,
518,Rider,Joan Lascorz,38.06384012333963,0.9471069180990868,25/03/2011 13:00:00,1,Kawasaki ZX 10R [2011],World Superbikes,
518,Rider,Joan Lascorz,38.061011955208805,0.9443577279650285,26/03/2011 13:00:00,0,Kawasaki ZX 10R [2011],World Superbikes,
518,Rider,Joan Lascorz,38.056235921581525,0.9417565370466688,26/03/2011 13:00:00,1,Kawasaki ZX 10R [2011],World Superbikes,
518,Rider,Joan Lascorz,38.05277078668575,0.9392502621166403,15/04/2011 13:00:00,0,Kawasaki ZX 10R [2011],World Superbikes,
518,Rider,Joan Lascorz,38.04903419951057,0.9368951845719165,15/04/2011 13:00:00,1,Kawasaki ZX 10R [2011],World Superbikes,
518,Rider,Joan Lascorz,38.04479702764699,0.934692917691177,16/04/2011 13:00:00,0,Kawasaki ZX 10R [2011],World Superbikes,
518,Rider,Joan Lascorz,38.04021796261643,0.9326379327360316,16/04/2011 13:00:00,1,Kawasaki ZX 10R [2011],World Superbikes,
518,Rider,Joan Lascorz,38.03618578224524,0.9307089662371552,06/05/2011 13:00:00,0,Kawasaki ZX 10R [2011],World Superbikes,
518,Rider,Joan Lascorz,38.03241020439228,0.92892815888499,06/05/2011 13:00:00,1,Kawasaki ZX 10R [2011],World Superbikes,
518,Rider,Joan Lascorz,38.0262672937154,0.9272879922589857,07/05/2011 13:00:00,0,Kawasaki ZX 10R [2011],World Superbikes,
518,Rider,Joan Lascorz,38.02022030997743,0.9257920315960421,28/05/2011 13:00:00,0,Kawasaki ZX 10R [2011],World Superbikes,
518,Rider,Joan Lascorz,38.015012481082564,0.9244404151332534,28/05/2011 13:00:00,1,Kawasaki ZX 10R [2011],World Superbikes,
518,Rider,Joan Lascorz,38.010515161695636,0.9232352040646439,10/06/2011 13:00:00,0,Kawasaki ZX 10R [2011],World Superbikes,
518,Rider,Joan Lascorz,38.006676403956206,0.9221767452370656,10/06/2011 13:00:00,1,Kawasaki ZX 10R [2011],World Superbikes,
518,Rider,Joan Lascorz,38.000960174842774,0.9212626408760166,11/06/2011 13:00:00,0,Kawasaki ZX 10R [2011],World Superbikes,
518,Rider,Joan Lascorz,37.99343012432547,0.9204931425748667,11/06/2011 13:00:00,1,Kawasaki ZX 10R [2011],World Superbikes,
518,Rider,Joan Lascorz,37.98719015393905,0.9198164761836005,17/06/2011 13:00:00,0,Kawasaki ZX 10R [2011],World Superbikes,
518,Rider,Joan Lascorz,37.980741776601675,0.9192878929184545,17/06/2011 13:00:00,1,Kawasaki ZX 10R [2011],World Superbikes,
518,Rider,Joan Lascorz,37.973791977461595,0.9189076902677795,18/06/2011 13:00:00,0,Kawasaki ZX 10R [2011],World Superbikes,
518,Rider,Joan Lascorz,37.966347605037924,0.9186731686723602,18/06/2011 13:00:00,1,Kawasaki ZX 10R [2011],World Superbikes,
518,Rider,Joan Lascorz,37.958579899767045,0.918576357054547,18/06/2011 13:00:00,2,Kawasaki ZX 10R [2011],World Superbikes,
518,Rider,Joan Lascorz,37.951174164475276,0.9185848471438116,08/07/2011 13:00:00,0,Kawasaki ZX 10R [2011],World Superbikes,
518,Rider,Joan Lascorz,37.94540099786478,0.9187348368679853,08/07/2011 13:00:00,1,Kawasaki ZX 10R [2011],World Superbikes,
518,Rider,Joan Lascorz,37.94111044103197,0.9190258223171175,29/07/2011 13:00:00,0,Kawasaki ZX 10R [2011],World Superbikes,
518,Rider,Joan Lascorz,37.938285970528966,0.9194495290985366,29/07/2011 13:00:00,1,Kawasaki ZX 10R [2011],World Superbikes,
518,Rider,Joan Lascorz,37.93688560117578,0.9200051852490652,02/09/2011 13:00:00,0,Kawasaki ZX 10R [2011],World Superbikes,
518,Rider,Joan Lascorz,37.93495949700356,0.9207078329533195,02/09/2011 13:00:00,1,Kawasaki ZX 10R [2011],World Superbikes,
518,Rider,Joan Lascorz,37.932781417521916,0.9215566904179704,03/09/2011 13:00:00,0,Kawasaki ZX 10R [2011],World Superbikes,
518,Rider,Joan Lascorz,37.93248117590311,0.9225097878709573,23/09/2011 13:00:00,0,Kawasaki ZX 10R [2011],World Superbikes,
518,Rider,Joan Lascorz,37.93294964817513,0.9236119575752786,23/09/2011 13:00:00,1,Kawasaki ZX 10R [2011],World Superbikes,
518,Rider,Joan Lascorz,37.93478849963277,0.9248583321046349,30/09/2011 13:00:00,0,Kawasaki ZX 10R [2011],World Superbikes,
518,Rider,Joan Lascorz,37.936320006733396,0.9262511260678948,30/09/2011 13:00:00,1,Kawasaki ZX 10R [2011],World Superbikes,
518,Rider,Joan Lascorz,37.93866739056805,0.9277805422230553,01/10/2011 13:00:00,0,Kawasaki ZX 10R [2011],World Superbikes,
518,Rider,Joan Lascorz,37.940641983113295,0.9294563174227075,01/10/2011 13:00:00,1,Kawasaki ZX 10R [2011],World Superbikes,
518,Rider,Joan Lascorz,37.9428054038362,0.9312636911179734,14/10/2011 13:00:00,0,Kawasaki ZX 10R [2011],World Superbikes,
518,Rider,Joan Lascorz,37.943411777033226,0.9332192617307496,14/10/2011 13:00:00,1,Kawasaki ZX 10R [2011],World Superbikes,
518,Rider,Joan Lascorz,37.94335347636759,0.9353260449737406,15/10/2011 13:00:00,0,Kawasaki ZX 10R [2011],World Superbikes,
518,Rider,Joan Lascorz,37.942246503141554,0.9375804044161187,15/10/2011 13:00:00,1,Kawasaki ZX 10R [2011],World Superbikes,
518,Rider,Joan Lascorz,37.94038889343277,0.9399778212932481,15/10/2011 13:00:00,2,Kawasaki ZX 10R [2011],World Superbikes,
518,Rider,Joan Lascorz,37.93864725758964,0.9424916921647287,23/02/2012 13:00:00,0,Kawasaki ZX-10R [2012],World Superbikes,
518,Rider,Joan Lascorz,37.93655935841812,0.945158737441421,24/02/2012 13:00:00,0,Kawasaki ZX-10R [2012],World Superbikes,
518,Rider,Joan Lascorz,37.9354248278892,0.9479801825290118,30/03/2012 13:00:00,0,Kawasaki ZX-10R [2012],World Superbikes,
518,Rider,Joan Lascorz,37.932314483487055,0.9509421199006748,30/03/2012 13:00:00,1,Kawasaki ZX-10R [2012],World Superbikes,
518,Rider,Joan Lascorz,37.92906994699884,0.9540601853572783,31/03/2012 13:00:00,0,Kawasaki ZX-10R [2012],World Superbikes,
518,Rider,Joan Lascorz,37.92621278089639,0.9573294710988467,31/03/2012 13:00:00,1,Kawasaki ZX-10R [2012],World Superbikes,
518,Rider,Joan Lascorz,37.92356397322362,0.9607445224104189,31/03/2012 13:00:00,2,Kawasaki ZX-10R [2012],World Superbikes,
519,Bike,Kawasaki ZX 10R [2011],20.59512744415266,0.9226072303783691,24/02/2011 13:00:00,0,,World Superbikes,
519,Bike,Kawasaki ZX 10R [2011],20.594916285705423,0.9190733883532338,25/02/2011 13:00:00,0,,World Superbikes,
519,Bike,Kawasaki ZX 10R [2011],20.594423336101055,0.9156648434041698,25/02/2011 13:00:00,1,,World Superbikes,
519,Bike,Kawasaki ZX 10R [2011],20.59424530292283,0.9123984510627624,25/02/2011 13:00:00,2,,World Superbikes,
519,Bike,Kawasaki ZX 10R [2011],20.595385681380385,0.9092643831971826,25/03/2011 13:00:00,0,,World Superbikes,
519,Bike,Kawasaki ZX 10R [2011],20.597028001909575,0.9062509454812994,25/03/2011 13:00:00,1,,World Superbikes,
519,Bike,Kawasaki ZX 10R [2011],20.598314767376095,0.9033511452578479,26/03/2011 13:00:00,0,,World Superbikes,
519,Bike,Kawasaki ZX 10R [2011],20.59763567450924,0.9005748019995032,26/03/2011 13:00:00,1,,World Superbikes,
519,Bike,Kawasaki ZX 10R [2011],20.597643576592112,0.8979115100810956,26/03/2011 13:00:00,2,,World Superbikes,
519,Bike,Kawasaki ZX 10R [2011],20.597120425836312,0.8953723563704393,15/04/2011 13:00:00,0,,World Superbikes,
519,Bike,Kawasaki ZX 10R [2011],20.597069125851327,0.89295574203979,15/04/2011 13:00:00,1,,World Superbikes,
519,Bike,Kawasaki ZX 10R [2011],20.597535505000423,0.8906636105138572,16/04/2011 13:00:00,0,,World Superbikes,
519,Bike,Kawasaki ZX 10R [2011],20.597827595766283,0.8885105263874467,16/04/2011 13:00:00,1,,World Superbikes,
519,Bike,Kawasaki ZX 10R [2011],20.598380822327325,0.8864827674196969,16/04/2011 13:00:00,2,,World Superbikes,
519,Bike,Kawasaki ZX 10R [2011],20.59988035240685,0.8845715195441626,06/05/2011 13:00:00,0,,World Superbikes,
519,Bike,Kawasaki ZX 10R [2011],20.601801897243273,0.8827865357296547,06/05/2011 13:00:00,1,,World Superbikes,
519,Bike,Kawasaki ZX 10R [2011],20.603286739534788,0.8811308301047382,07/05/2011 13:00:00,0,,World Superbikes,
519,Bike,Kawasaki ZX 10R [2011],20.605632431709537,0.8796080924519504,28/05/2011 13:00:00,0,,World Superbikes,
519,Bike,Kawasaki ZX 10R [2011],20.60830063303232,0.8782056302596606,28/05/2011 13:00:00,1,,World Superbikes,
519,Bike,Kawasaki ZX 10R [2011],20.610949246230465,0.8769275253776163,29/05/2011 13:00:00,0,,World Superbikes,
519,Bike,Kawasaki ZX 10R [2011],20.614631791679187,0.8757852276141714,29/05/2011 13:00:00,1,,World Superbikes,
519,Bike,Kawasaki ZX 10R [2011],20.619631493763503,0.8747701790854968,10/06/2011 13:00:00,0,,World Superbikes,
519,Bike,Kawasaki ZX 10R [2011],20.625302602008908,0.8738870838339261,10/06/2011 13:00:00,1,,World Superbikes,
519,Bike,Kawasaki ZX 10R [2011],20.631358452662838,0.8731247971500302,11/06/2011 13:00:00,0,,World Superbikes,
519,Bike,Kawasaki ZX 10R [2011],20.6359209801661,0.872490998328166,11/06/2011 13:00:00,1,,World Superbikes,
519,Bike,Kawasaki ZX 10R [2011],20.640473174842935,0.8719571352877342,11/06/2011 13:00:00,2,,World Superbikes,
519,Bike,Kawasaki ZX 10R [2011],20.643219693555004,0.871513237125793,17/06/2011 13:00:00,0,,World Superbikes,
519,Bike,Kawasaki ZX 10R [2011],20.645898840796626,0.8712017276853241,17/06/2011 13:00:00,1,,World Superbikes,
519,Bike,Kawasaki ZX 10R [2011],20.64841676120268,0.8710186240369097,18/06/2011 13:00:00,0,,World Superbikes,
519,Bike,Kawasaki ZX 10R [2011],20.65014516611541,0.8709699919005034,18/06/2011 13:00:00,1,,World Superbikes,
519,Bike,Kawasaki ZX 10R [2011],20.651988520061444,0.8710234052307618,18/06/2011 13:00:00,2,,World Superbikes,
519,Bike,Kawasaki ZX 10R [2011],20.654219230532274,0.8711832015343713,08/07/2011 13:00:00,0,,World Superbikes,
519,Bike,Kawasaki ZX 10R [2011],20.656829995170877,0.8714752709994985,08/07/2011 13:00:00,1,,World Superbikes,
519,Bike,Kawasaki ZX 10R [2011],20.659408444702642,0.8719012609558191,09/07/2011 13:00:00,0,,World Superbikes,
519,Bike,Kawasaki ZX 10R [2011],20.660936332238546,0.8724596132141298,09/07/2011 13:00:00,1,,World Superbikes,
519,Bike,Kawasaki ZX 10R [2011],20.661648744599205,0.873125740095567,09/07/2011 13:00:00,2,,World Superbikes,
519,Bike,Kawasaki ZX 10R [2011],20.66428983179205,0.8738841028959211,29/07/2011 13:00:00,0,,World Superbikes,
519,Bike,Kawasaki ZX 10R [2011],20.667305016273858,0.8747635342573163,29/07/2011 13:00:00,1,,World Superbikes,
519,Bike,Kawasaki ZX 10R [2011],20.670383084925874,0.8757648963786415,30/07/2011 13:00:00,0,,World Superbikes,
519,Bike,Kawasaki ZX 10R [2011],20.671483200968556,0.8769000244786427,30/07/2011 13:00:00,1,,World Superbikes,
519,Bike,Kawasaki ZX 10R [2011],20.67310904814823,0.8780866711038339,02/09/2011 13:00:00,0,,World Superbikes,
519,Bike,Kawasaki ZX 10R [2011],20.674751004343022,0.8794016215512469,02/09/2011 13:00:00,1,,World Superbikes,
519,Bike,Kawasaki ZX 10R [2011],20.675980172983245,0.8808458580991425,03/09/2011 13:00:00,0,,World Superbikes,
519,Bike,Kawasaki ZX 10R [2011],20.677216230260164,0.8824117500491244,03/09/2011 13:00:00,1,,World Superbikes,
519,Bike,Kawasaki ZX 10R [2011],20.678250466973047,0.8840946694709788,03/09/2011 13:00:00,2,,World Superbikes,
519,Bike,Kawasaki ZX 10R [2011],20.6798968651917,0.8858944664325338,23/09/2011 13:00:00,0,,World Superbikes,
519,Bike,Kawasaki ZX 10R [2011],20.68168303674896,0.8878298269674575,23/09/2011 13:00:00,1,,World Superbikes,
519,Bike,Kawasaki ZX 10R [2011],20.683458562461908,0.8898898533421363,24/09/2011 13:00:00,0,,World Superbikes,
519,Bike,Kawasaki ZX 10R [2011],20.68560745302005,0.8920888572021256,24/09/2011 13:00:00,1,,World Superbikes,
519,Bike,Kawasaki ZX 10R [2011],20.68663793735129,0.8944108817024691,24/09/2011 13:00:00,2,,World Superbikes,
519,Bike,Kawasaki ZX 10R [2011],20.687798611039174,0.896856078308131,30/09/2011 13:00:00,0,,World Superbikes,
519,Bike,Kawasaki ZX 10R [2011],20.688669413089734,0.8994260588084954,30/09/2011 13:00:00,1,,World Superbikes,
519,Bike,Kawasaki ZX 10R [2011],20.69015904206102,0.9021166723151449,01/10/2011 13:00:00,0,,World Superbikes,
519,Bike,Kawasaki ZX 10R [2011],20.691189705723588,0.9049360587080589,01/10/2011 13:00:00,1,,World Superbikes,
519,Bike,Kawasaki ZX 10R [2011],20.691461474336712,0.9078688580887554,01/10/2011 13:00:00,2,,World Superbikes,
519,Bike,Kawasaki ZX 10R [2011],20.692484538588218,0.9109282955268861,14/10/2011 13:00:00,0,,World Superbikes,
519,Bike,Kawasaki ZX 10R [2011],20.692688365808603,0.9141005597194033,14/10/2011 13:00:00,1,,World Superbikes,
519,Bike,Kawasaki ZX 10R [2011],20.69230681749112,0.9173868249061662,15/10/2011 13:00:00,0,,World Superbikes,
519,Bike,Kawasaki ZX 10R [2011],20.69222739787414,0.9207916907419682,15/10/2011 13:00:00,1,,World Superbikes,
519,Bike,Kawasaki ZX 10R [2011],20.69254216979151,0.9243346633479861,15/10/2011 13:00:00,2,,World Superbikes,
520,Bike,Honda CBR1000RR [2011],18.030894140667918,0.9706054102446844,24/02/2011 13:00:00,0,,World Superbikes,
520,Bike,Honda CBR1000RR [2011],18.030728867832288,0.9672883718406936,25/02/2011 13:00:00,0,,World Superbikes,
520,Bike,Honda CBR1000RR [2011],18.02977347302931,0.9641286339696974,25/02/2011 13:00:00,1,,World Superbikes,
520,Bike,Honda CBR1000RR [2011],18.029489636966062,0.9610962792818118,25/02/2011 13:00:00,2,,World Superbikes,
520,Bike,Honda CBR1000RR [2011],18.03161730326779,0.9581792519888579,25/03/2011 13:00:00,0,,World Superbikes,
520,Bike,Honda CBR1000RR [2011],18.03392245379311,0.9554167922911331,25/03/2011 13:00:00,1,,World Superbikes,
520,Bike,Honda CBR1000RR [2011],18.034648935399343,0.9527913746017722,26/03/2011 13:00:00,0,,World Superbikes,
520,Bike,Honda CBR1000RR [2011],18.035866607411556,0.9502897434523512,26/03/2011 13:00:00,1,,World Superbikes,
520,Bike,Honda CBR1000RR [2011],18.036582591606944,0.9479346714185087,26/03/2011 13:00:00,2,,World Superbikes,
520,Bike,Honda CBR1000RR [2011],18.039124476574834,0.9456848626376451,15/04/2011 13:00:00,0,,World Superbikes,
520,Bike,Honda CBR1000RR [2011],18.041570461734395,0.9435893832468447,15/04/2011 13:00:00,1,,World Superbikes,
520,Bike,Honda CBR1000RR [2011],18.04205398051943,0.9416290999134909,16/04/2011 13:00:00,0,,World Superbikes,
520,Bike,Honda CBR1000RR [2011],18.04258736721371,0.9398156149137226,16/04/2011 13:00:00,1,,World Superbikes,
520,Bike,Honda CBR1000RR [2011],18.04212241393959,0.9381416588261255,16/04/2011 13:00:00,2,,World Superbikes,
520,Bike,Honda CBR1000RR [2011],18.04177867921032,0.9366042239156817,06/05/2011 13:00:00,0,,World Superbikes,
520,Bike,Honda CBR1000RR [2011],18.0414078893144,0.935183334446016,06/05/2011 13:00:00,1,,World Superbikes,
520,Bike,Honda CBR1000RR [2011],18.04120073264209,0.9338991238727316,07/05/2011 13:00:00,0,,World Superbikes,
520,Bike,Honda CBR1000RR [2011],18.041047307825966,0.9327668130354987,07/05/2011 13:00:00,1,,World Superbikes,
520,Bike,Honda CBR1000RR [2011],18.040463357792863,0.9317762475160524,07/05/2011 13:00:00,2,,World Superbikes,
520,Bike,Honda CBR1000RR [2011],18.03943025676431,0.9309152110072627,28/05/2011 13:00:00,0,,World Superbikes,
520,Bike,Honda CBR1000RR [2011],18.037951385720795,0.9302048253999818,28/05/2011 13:00:00,1,,World Superbikes,
520,Bike,Honda CBR1000RR [2011],18.036109596691595,0.9296475305962478,29/05/2011 13:00:00,0,,World Superbikes,
520,Bike,Honda CBR1000RR [2011],18.035050778338018,0.9292301316235007,10/06/2011 13:00:00,0,,World Superbikes,
520,Bike,Honda CBR1000RR [2011],18.034550285179364,0.9289629933073575,10/06/2011 13:00:00,1,,World Superbikes,
520,Bike,Honda CBR1000RR [2011],18.034439829524224,0.9288485544456395,11/06/2011 13:00:00,0,,World Superbikes,
520,Bike,Honda CBR1000RR [2011],18.03526696073554,0.9288546261564813,11/06/2011 13:00:00,1,,World Superbikes,
520,Bike,Honda CBR1000RR [2011],18.03787926271482,0.9289906308902223,17/06/2011 13:00:00,0,,World Superbikes,
520,Bike,Honda CBR1000RR [2011],18.039972802643295,0.9292775515448166,17/06/2011 13:00:00,1,,World Superbikes,
520,Bike,Honda CBR1000RR [2011],18.042464590410486,0.9297073355412013,08/07/2011 13:00:00,0,,World Superbikes,
520,Bike,Honda CBR1000RR [2011],18.045986344244216,0.9302417602883275,08/07/2011 13:00:00,1,,World Superbikes,
520,Bike,Honda CBR1000RR [2011],18.050517255146936,0.9308793884891209,29/07/2011 13:00:00,0,,World Superbikes,
520,Bike,Honda CBR1000RR [2011],18.055138023613853,0.9316340219576862,29/07/2011 13:00:00,1,,World Superbikes,
520,Bike,Honda CBR1000RR [2011],18.060201634301947,0.9325021640905496,02/09/2011 13:00:00,0,,World Superbikes,
520,Bike,Honda CBR1000RR [2011],18.06589216483993,0.9334913287768718,02/09/2011 13:00:00,1,,World Superbikes,
520,Bike,Honda CBR1000RR [2011],18.07216661486937,0.9346004858569157,03/09/2011 13:00:00,0,,World Superbikes,
520,Bike,Honda CBR1000RR [2011],18.07962637677346,0.9358572031631317,03/09/2011 13:00:00,1,,World Superbikes,
520,Bike,Honda CBR1000RR [2011],18.08808607746712,0.9372518572995765,23/09/2011 13:00:00,0,,World Superbikes,
520,Bike,Honda CBR1000RR [2011],18.095674785161687,0.93877777626289,23/09/2011 13:00:00,1,,World Superbikes,
520,Bike,Honda CBR1000RR [2011],18.10323136438441,0.9404432480072278,24/09/2011 13:00:00,0,,World Superbikes,
520,Bike,Honda CBR1000RR [2011],18.110814968154493,0.942258519404755,24/09/2011 13:00:00,1,,World Superbikes,
520,Bike,Honda CBR1000RR [2011],18.117953880912623,0.9442166131223723,24/09/2011 13:00:00,2,,World Superbikes,
520,Bike,Honda CBR1000RR [2011],18.124119528938184,0.9462948413753305,30/09/2011 13:00:00,0,,World Superbikes,
520,Bike,Honda CBR1000RR [2011],18.130248146660712,0.9485240275614214,30/09/2011 13:00:00,1,,World Superbikes,
520,Bike,Honda CBR1000RR [2011],18.13676647567584,0.9509092583135235,01/10/2011 13:00:00,0,,World Superbikes,
520,Bike,Honda CBR1000RR [2011],18.143552835127625,0.9534479990226347,01/10/2011 13:00:00,1,,World Superbikes,
520,Bike,Honda CBR1000RR [2011],18.149950256132993,0.9561343017925703,01/10/2011 13:00:00,2,,World Superbikes,
520,Bike,Honda CBR1000RR [2011],18.15461684423979,0.9589261620487595,14/10/2011 13:00:00,0,,World Superbikes,
520,Bike,Honda CBR1000RR [2011],18.159174021080606,0.9618608960361158,14/10/2011 13:00:00,1,,World Superbikes,
520,Bike,Honda CBR1000RR [2011],18.162689535702526,0.9649265767432219,15/10/2011 13:00:00,0,,World Superbikes,
520,Bike,Honda CBR1000RR [2011],18.165601291935445,0.968142775009857,15/10/2011 13:00:00,1,,World Superbikes,
520,Bike,Honda CBR1000RR [2011],18.16809076125734,0.9715067041632673,15/10/2011 13:00:00,2,,World Superbikes,
521,Rider,Joshua Waters,29.359856590106066,2.082076103962653,24/02/2011 13:00:00,0,Suzuki GSX-R 1000 K9 [2011],World Superbikes,
521,Rider,Joshua Waters,29.358719088602616,2.0809869298687858,25/02/2011 13:00:00,0,Suzuki GSX-R 1000 K9 [2011],World Superbikes,
521,Rider,Joshua Waters,29.356472798627422,2.080266610596629,25/02/2011 13:00:00,1,Suzuki GSX-R 1000 K9 [2011],World Superbikes,
521,Rider,Joshua Waters,29.352698312274786,2.0799069018386276,25/02/2011 13:00:00,2,Suzuki GSX-R 1000 K9 [2011],World Superbikes,
521,Rider,Joshua Waters,29.348677426584803,2.079856438155815,28/05/2011 13:00:00,0,Suzuki GSX-R 1000 K9 [2011],World Superbikes,
521,Rider,Joshua Waters,29.34414970103732,2.080169110857538,28/05/2011 13:00:00,1,Suzuki GSX-R 1000 K9 [2011],World Superbikes,
521,Rider,Joshua Waters,29.339276648967093,2.0808468783213816,29/05/2011 13:00:00,0,Suzuki GSX-R 1000 K9 [2011],World Superbikes,
521,Rider,Joshua Waters,29.33557303014752,2.081756598692824,14/10/2011 13:00:00,0,Suzuki GSX-R 1000 K9 [2011],World Superbikes,
521,Rider,Joshua Waters,29.333530262309548,2.0829405454606498,14/10/2011 13:00:00,1,Suzuki GSX-R 1000 K9 [2011],World Superbikes,
522,Rider,Marco Melandri,39.82014455182899,0.7333804103879993,24/02/2011 13:00:00,0,Yamaha YZF-R1 [2011],World Superbikes,
522,Rider,Marco Melandri,39.822597713072376,0.7288348442350948,25/02/2011 13:00:00,0,Yamaha YZF-R1 [2011],World Superbikes,
522,Rider,Marco Melandri,39.82554896372363,0.724387939349933,25/02/2011 13:00:00,1,Yamaha YZF-R1 [2011],World Superbikes,
522,Rider,Marco Melandri,39.82960509941705,0.7200349243191208,25/02/2011 13:00:00,2,Yamaha YZF-R1 [2011],World Superbikes,
522,Rider,Marco Melandri,39.834398106006866,0.7157703056172405,25/02/2011 13:00:00,3,Yamaha YZF-R1 [2011],World Superbikes,
522,Rider,Marco Melandri,39.84102889664537,0.7115625498403719,25/03/2011 13:00:00,0,Yamaha YZF-R1 [2011],World Superbikes,
522,Rider,Marco Melandri,39.84624747419957,0.7074326068591646,25/03/2011 13:00:00,1,Yamaha YZF-R1 [2011],World Superbikes,
522,Rider,Marco Melandri,39.852685636153176,0.703395118276588,26/03/2011 13:00:00,0,Yamaha YZF-R1 [2011],World Superbikes,
522,Rider,Marco Melandri,39.85880018061673,0.6994453808255637,26/03/2011 13:00:00,1,Yamaha YZF-R1 [2011],World Superbikes,
522,Rider,Marco Melandri,39.8659204969125,0.69557700010854,15/04/2011 13:00:00,0,Yamaha YZF-R1 [2011],World Superbikes,
522,Rider,Marco Melandri,39.8720687347116,0.6917895660600959,15/04/2011 13:00:00,1,Yamaha YZF-R1 [2011],World Superbikes,
522,Rider,Marco Melandri,39.880376286665964,0.6880851537411078,16/04/2011 13:00:00,0,Yamaha YZF-R1 [2011],World Superbikes,
522,Rider,Marco Melandri,39.88741297999587,0.6844537171664907,16/04/2011 13:00:00,1,Yamaha YZF-R1 [2011],World Superbikes,
522,Rider,Marco Melandri,39.893920034232465,0.6808981912167897,16/04/2011 13:00:00,2,Yamaha YZF-R1 [2011],World Superbikes,
522,Rider,Marco Melandri,39.90214501533076,0.6773892830189797,06/05/2011 13:00:00,0,Yamaha YZF-R1 [2011],World Superbikes,
522,Rider,Marco Melandri,39.910475738897944,0.6739625747869676,06/05/2011 13:00:00,1,Yamaha YZF-R1 [2011],World Superbikes,
522,Rider,Marco Melandri,39.918301770090196,0.6706151005400958,07/05/2011 13:00:00,0,Yamaha YZF-R1 [2011],World Superbikes,
522,Rider,Marco Melandri,39.92670368370305,0.6673462085021027,07/05/2011 13:00:00,1,Yamaha YZF-R1 [2011],World Superbikes,
522,Rider,Marco Melandri,39.933333653052756,0.6641224855772843,07/05/2011 13:00:00,2,Yamaha YZF-R1 [2011],World Superbikes,
522,Rider,Marco Melandri,39.940467942302575,0.6609617770858741,28/05/2011 13:00:00,0,Yamaha YZF-R1 [2011],World Superbikes,
522,Rider,Marco Melandri,39.94866082914554,0.6578770938338702,28/05/2011 13:00:00,1,Yamaha YZF-R1 [2011],World Superbikes,
522,Rider,Marco Melandri,39.95816815550444,0.6548680952186345,29/05/2011 13:00:00,0,Yamaha YZF-R1 [2011],World Superbikes,
522,Rider,Marco Melandri,39.9670934561846,0.6519277601367943,29/05/2011 13:00:00,1,Yamaha YZF-R1 [2011],World Superbikes,
522,Rider,Marco Melandri,39.97682158972457,0.6490541777712171,29/05/2011 13:00:00,2,Yamaha YZF-R1 [2011],World Superbikes,
522,Rider,Marco Melandri,39.98610034097095,0.6462356133677902,10/06/2011 13:00:00,0,Yamaha YZF-R1 [2011],World Superbikes,
522,Rider,Marco Melandri,39.99435195681069,0.6434800362966957,10/06/2011 13:00:00,1,Yamaha YZF-R1 [2011],World Superbikes,
522,Rider,Marco Melandri,40.00233561838945,0.6407923559011189,11/06/2011 13:00:00,0,Yamaha YZF-R1 [2011],World Superbikes,
522,Rider,Marco Melandri,40.01012228964661,0.6381712348036156,11/06/2011 13:00:00,1,Yamaha YZF-R1 [2011],World Superbikes,
522,Rider,Marco Melandri,40.01812788290758,0.6356110651436743,11/06/2011 13:00:00,2,Yamaha YZF-R1 [2011],World Superbikes,
522,Rider,Marco Melandri,40.02606974294107,0.633103940324314,17/06/2011 13:00:00,0,Yamaha YZF-R1 [2011],World Superbikes,
522,Rider,Marco Melandri,40.03212053232437,0.6306319884596954,17/06/2011 13:00:00,1,Yamaha YZF-R1 [2011],World Superbikes,
522,Rider,Marco Melandri,40.038498980903206,0.6282235798176637,18/06/2011 13:00:00,0,Yamaha YZF-R1 [2011],World Superbikes,
522,Rider,Marco Melandri,40.04637882137103,0.6258763145322572,18/06/2011 13:00:00,1,Yamaha YZF-R1 [2011],World Superbikes,
522,Rider,Marco Melandri,40.05502403897504,0.623585218139662,18/06/2011 13:00:00,2,Yamaha YZF-R1 [2011],World Superbikes,
522,Rider,Marco Melandri,40.062082817543626,0.6213187708079118,08/07/2011 13:00:00,0,Yamaha YZF-R1 [2011],World Superbikes,
522,Rider,Marco Melandri,40.068195660382116,0.6191046307661527,08/07/2011 13:00:00,1,Yamaha YZF-R1 [2011],World Superbikes,
522,Rider,Marco Melandri,40.07414730211278,0.616947555918822,09/07/2011 13:00:00,0,Yamaha YZF-R1 [2011],World Superbikes,
522,Rider,Marco Melandri,40.07819868207819,0.6148187354592847,09/07/2011 13:00:00,1,Yamaha YZF-R1 [2011],World Superbikes,
522,Rider,Marco Melandri,40.082646594544485,0.6127392551129173,09/07/2011 13:00:00,2,Yamaha YZF-R1 [2011],World Superbikes,
522,Rider,Marco Melandri,40.0860476853903,0.6106966237161978,29/07/2011 13:00:00,0,Yamaha YZF-R1 [2011],World Superbikes,
522,Rider,Marco Melandri,40.09095618905959,0.6087093809456885,29/07/2011 13:00:00,1,Yamaha YZF-R1 [2011],World Superbikes,
522,Rider,Marco Melandri,40.09580485565601,0.6067756381595178,30/07/2011 13:00:00,0,Yamaha YZF-R1 [2011],World Superbikes,
522,Rider,Marco Melandri,40.100927430280805,0.6048922176163358,30/07/2011 13:00:00,1,Yamaha YZF-R1 [2011],World Superbikes,
522,Rider,Marco Melandri,40.10715262259385,0.6030559579844321,30/07/2011 13:00:00,2,Yamaha YZF-R1 [2011],World Superbikes,
522,Rider,Marco Melandri,40.11431049265528,0.6012587803071962,02/09/2011 13:00:00,0,Yamaha YZF-R1 [2011],World Superbikes,
522,Rider,Marco Melandri,40.12020327888485,0.5994993551822152,02/09/2011 13:00:00,1,Yamaha YZF-R1 [2011],World Superbikes,
522,Rider,Marco Melandri,40.12751491376025,0.5977890742103634,03/09/2011 13:00:00,0,Yamaha YZF-R1 [2011],World Superbikes,
522,Rider,Marco Melandri,40.13442896441577,0.5961221354315956,03/09/2011 13:00:00,1,Yamaha YZF-R1 [2011],World Superbikes,
522,Rider,Marco Melandri,40.14071601345344,0.5944927930469484,03/09/2011 13:00:00,2,Yamaha YZF-R1 [2011],World Superbikes,
522,Rider,Marco Melandri,40.14670688367524,0.5928945352163144,23/09/2011 13:00:00,0,Yamaha YZF-R1 [2011],World Superbikes,
522,Rider,Marco Melandri,40.15259065996306,0.5913409445030242,23/09/2011 13:00:00,1,Yamaha YZF-R1 [2011],World Superbikes,
522,Rider,Marco Melandri,40.15872194112406,0.5898331712783875,24/09/2011 13:00:00,0,Yamaha YZF-R1 [2011],World Superbikes,
522,Rider,Marco Melandri,40.1657562861752,0.5883691304297828,24/09/2011 13:00:00,1,Yamaha YZF-R1 [2011],World Superbikes,
522,Rider,Marco Melandri,40.17408668420069,0.5869431511001811,30/09/2011 13:00:00,0,Yamaha YZF-R1 [2011],World Superbikes,
522,Rider,Marco Melandri,40.18443295152453,0.5855593239759728,30/09/2011 13:00:00,1,Yamaha YZF-R1 [2011],World Superbikes,
522,Rider,Marco Melandri,40.19306788521574,0.5841915330980009,01/10/2011 13:00:00,0,Yamaha YZF-R1 [2011],World Superbikes,
522,Rider,Marco Melandri,40.20300207650442,0.5828646148250997,01/10/2011 13:00:00,1,Yamaha YZF-R1 [2011],World Superbikes,
522,Rider,Marco Melandri,40.21348154975047,0.5815754688763934,01/10/2011 13:00:00,2,Yamaha YZF-R1 [2011],World Superbikes,
522,Rider,Marco Melandri,40.225853875140736,0.5802983330940693,14/10/2011 13:00:00,0,Yamaha YZF-R1 [2011],World Superbikes,
522,Rider,Marco Melandri,40.23853840258028,0.5790623190876882,14/10/2011 13:00:00,1,Yamaha YZF-R1 [2011],World Superbikes,
522,Rider,Marco Melandri,40.25028058980695,0.577860374415338,15/10/2011 13:00:00,0,Yamaha YZF-R1 [2011],World Superbikes,
522,Rider,Marco Melandri,40.26009190764266,0.5766711714037769,15/10/2011 13:00:00,1,Yamaha YZF-R1 [2011],World Superbikes,
522,Rider,Marco Melandri,40.27085256457134,0.5755159664820677,15/10/2011 13:00:00,2,Yamaha YZF-R1 [2011],World Superbikes,
522,Rider,Marco Melandri,40.28161466922487,0.5743864650800279,23/02/2012 13:00:00,0,BMW S1000 RR [2012],World Superbikes,
522,Rider,Marco Melandri,40.29264138035798,0.5732958737182792,24/02/2012 13:00:00,0,BMW S1000 RR [2012],World Superbikes,
522,Rider,Marco Melandri,40.30463706964481,0.5722443512563566,30/03/2012 13:00:00,0,BMW S1000 RR [2012],World Superbikes,
522,Rider,Marco Melandri,40.317728486912365,0.571230962527543,30/03/2012 13:00:00,1,BMW S1000 RR [2012],World Superbikes,
522,Rider,Marco Melandri,40.33017916591912,0.5702521175779349,31/03/2012 13:00:00,0,BMW S1000 RR [2012],World Superbikes,
522,Rider,Marco Melandri,40.34239976394461,0.5693062144502873,31/03/2012 13:00:00,1,BMW S1000 RR [2012],World Superbikes,
522,Rider,Marco Melandri,40.35461215567875,0.5683903679030552,31/03/2012 13:00:00,2,BMW S1000 RR [2012],World Superbikes,
522,Rider,Marco Melandri,40.367309510770326,0.5674961267103746,20/04/2012 13:00:00,0,BMW S1000 RR [2012],World Superbikes,
522,Rider,Marco Melandri,40.38018945395325,0.5666373253389976,20/04/2012 13:00:00,1,BMW S1000 RR [2012],World Superbikes,
522,Rider,Marco Melandri,40.3933753762981,0.5658134713402208,21/04/2012 13:00:00,0,BMW S1000 RR [2012],World Superbikes,
522,Rider,Marco Melandri,40.40728472320944,0.5650208625637696,04/05/2012 13:00:00,0,BMW S1000 RR [2012],World Superbikes,
522,Rider,Marco Melandri,40.41983769770541,0.5642545459213669,04/05/2012 13:00:00,1,BMW S1000 RR [2012],World Superbikes,
522,Rider,Marco Melandri,40.43274915204893,0.563521996042155,05/05/2012 13:00:00,0,BMW S1000 RR [2012],World Superbikes,
522,Rider,Marco Melandri,40.44352635490372,0.5627979053028935,05/05/2012 13:00:00,1,BMW S1000 RR [2012],World Superbikes,
522,Rider,Marco Melandri,40.453478610880616,0.562093087397672,11/05/2012 13:00:00,0,BMW S1000 RR [2012],World Superbikes,
522,Rider,Marco Melandri,40.464354647012215,0.561420126595372,11/05/2012 13:00:00,1,BMW S1000 RR [2012],World Superbikes,
522,Rider,Marco Melandri,40.474653478806346,0.5607763232969425,12/05/2012 13:00:00,0,BMW S1000 RR [2012],World Superbikes,
522,Rider,Marco Melandri,40.48287385186272,0.5601408970152969,12/05/2012 13:00:00,1,BMW S1000 RR [2012],World Superbikes,
522,Rider,Marco Melandri,40.49014278802961,0.5595287276434413,12/05/2012 13:00:00,2,BMW S1000 RR [2012],World Superbikes,
522,Rider,Marco Melandri,40.49681417465399,0.5589332876280112,26/05/2012 13:00:00,0,BMW S1000 RR [2012],World Superbikes,
522,Rider,Marco Melandri,40.502297285208975,0.5583629767130502,26/05/2012 13:00:00,1,BMW S1000 RR [2012],World Superbikes,
522,Rider,Marco Melandri,40.5066426653751,0.5578173882107896,27/05/2012 13:00:00,0,BMW S1000 RR [2012],World Superbikes,
522,Rider,Marco Melandri,40.51102470014914,0.5572988639767136,27/05/2012 13:00:00,1,BMW S1000 RR [2012],World Superbikes,
522,Rider,Marco Melandri,40.51638423888921,0.5568017202055013,08/06/2012 13:00:00,0,BMW S1000 RR [2012],World Superbikes,
522,Rider,Marco Melandri,40.52090104136696,0.5563307538662899,08/06/2012 13:00:00,1,BMW S1000 RR [2012],World Superbikes,
522,Rider,Marco Melandri,40.52626449713488,0.5558903379182236,09/06/2012 13:00:00,0,BMW S1000 RR [2012],World Superbikes,
522,Rider,Marco Melandri,40.533152548141096,0.5554757694010217,29/06/2012 13:00:00,0,BMW S1000 RR [2012],World Superbikes,
522,Rider,Marco Melandri,40.537969229024306,0.5550671810654015,29/06/2012 13:00:00,1,BMW S1000 RR [2012],World Superbikes,
522,Rider,Marco Melandri,40.54054149432589,0.5546639744907411,30/06/2012 13:00:00,0,BMW S1000 RR [2012],World Superbikes,
522,Rider,Marco Melandri,40.54201734638772,0.5542823522025982,30/06/2012 13:00:00,1,BMW S1000 RR [2012],World Superbikes,
522,Rider,Marco Melandri,40.541547427448194,0.553904005448943,30/06/2012 13:00:00,2,BMW S1000 RR [2012],World Superbikes,
522,Rider,Marco Melandri,40.54119898875392,0.5535424922379579,20/07/2012 13:00:00,0,BMW S1000 RR [2012],World Superbikes,
522,Rider,Marco Melandri,40.53942581100401,0.553199039557234,20/07/2012 13:00:00,1,BMW S1000 RR [2012],World Superbikes,
522,Rider,Marco Melandri,40.540537801095276,0.5528759288687595,21/07/2012 13:00:00,0,BMW S1000 RR [2012],World Superbikes,
522,Rider,Marco Melandri,40.53971758604576,0.5525555629431522,21/07/2012 13:00:00,1,BMW S1000 RR [2012],World Superbikes,
522,Rider,Marco Melandri,40.53880557201577,0.5522543247140363,03/08/2012 13:00:00,0,BMW S1000 RR [2012],World Superbikes,
522,Rider,Marco Melandri,40.538786203457484,0.5519815293384457,03/08/2012 13:00:00,1,BMW S1000 RR [2012],World Superbikes,
522,Rider,Marco Melandri,40.537891239810136,0.5517307794606547,04/08/2012 13:00:00,0,BMW S1000 RR [2012],World Superbikes,
522,Rider,Marco Melandri,40.53654316111884,0.551503782936554,04/08/2012 13:00:00,1,BMW S1000 RR [2012],World Superbikes,
522,Rider,Marco Melandri,40.53564710303907,0.5512939073681966,23/08/2012 13:00:00,0,BMW S1000 RR [2012],World Superbikes,
522,Rider,Marco Melandri,40.53410460250434,0.5511063331463961,24/08/2012 13:00:00,0,BMW S1000 RR [2012],World Superbikes,
522,Rider,Marco Melandri,40.53332054416746,0.5509452938587773,24/08/2012 13:00:00,1,BMW S1000 RR [2012],World Superbikes,
522,Rider,Marco Melandri,40.533832979320294,0.5508076852767474,24/08/2012 13:00:00,2,BMW S1000 RR [2012],World Superbikes,
522,Rider,Marco Melandri,40.53517399119193,0.5506875435449767,24/08/2012 13:00:00,3,BMW S1000 RR [2012],World Superbikes,
522,Rider,Marco Melandri,40.53660453754011,0.5505814465567873,07/09/2012 13:00:00,0,BMW S1000 RR [2012],World Superbikes,
522,Rider,Marco Melandri,40.5390059901087,0.5505010090240787,07/09/2012 13:00:00,1,BMW S1000 RR [2012],World Superbikes,
522,Rider,Marco Melandri,40.53988543291986,0.5504365374344229,08/09/2012 13:00:00,0,BMW S1000 RR [2012],World Superbikes,
522,Rider,Marco Melandri,40.54001406401004,0.5503926373803117,08/09/2012 13:00:00,1,BMW S1000 RR [2012],World Superbikes,
522,Rider,Marco Melandri,40.5387844736577,0.5503587826679542,08/09/2012 13:00:00,2,BMW S1000 RR [2012],World Superbikes,
522,Rider,Marco Melandri,40.53686063778285,0.5503366033408382,21/09/2012 13:00:00,0,BMW S1000 RR [2012],World Superbikes,
522,Rider,Marco Melandri,40.53286146573213,0.5503177561118144,21/09/2012 13:00:00,1,BMW S1000 RR [2012],World Superbikes,
522,Rider,Marco Melandri,40.52773811810269,0.5503176780815782,22/09/2012 13:00:00,0,BMW S1000 RR [2012],World Superbikes,
522,Rider,Marco Melandri,40.52238755164005,0.5503404084000152,22/09/2012 13:00:00,1,BMW S1000 RR [2012],World Superbikes,
522,Rider,Marco Melandri,40.516435960421866,0.5503815168220084,22/09/2012 13:00:00,2,BMW S1000 RR [2012],World Superbikes,
522,Rider,Marco Melandri,40.51020466353646,0.5504356974972684,05/10/2012 13:00:00,0,BMW S1000 RR [2012],World Superbikes,
522,Rider,Marco Melandri,40.50282438435577,0.550507129288294,05/10/2012 13:00:00,1,BMW S1000 RR [2012],World Superbikes,
522,Rider,Marco Melandri,40.49323006263295,0.5505810751841278,06/10/2012 13:00:00,0,BMW S1000 RR [2012],World Superbikes,
522,Rider,Marco Melandri,40.4842331279232,0.5506782447080829,06/10/2012 13:00:00,1,BMW S1000 RR [2012],World Superbikes,
522,Rider,Marco Melandri,40.47466372558027,0.5507931539860271,06/10/2012 13:00:00,2,BMW S1000 RR [2012],World Superbikes,
522,Rider,Marco Melandri,40.46482094461326,0.5509212505470737,21/02/2013 13:00:00,0,BMW S1000 RR [2013],World Superbikes,
522,Rider,Marco Melandri,40.4541072567756,0.5510686624125717,22/02/2013 13:00:00,0,BMW S1000 RR [2013],World Superbikes,
522,Rider,Marco Melandri,40.44298522806273,0.5512380222401008,22/02/2013 13:00:00,1,BMW S1000 RR [2013],World Superbikes,
522,Rider,Marco Melandri,40.43044389117615,0.5514183757707578,22/02/2013 13:00:00,2,BMW S1000 RR [2013],World Superbikes,
522,Rider,Marco Melandri,40.41697118645054,0.5516146369104462,22/02/2013 13:00:00,3,BMW S1000 RR [2013],World Superbikes,
522,Rider,Marco Melandri,40.40350647207083,0.551828243775831,12/04/2013 13:00:00,0,BMW S1000 RR [2013],World Superbikes,
522,Rider,Marco Melandri,40.389187304850374,0.552059315686992,12/04/2013 13:00:00,1,BMW S1000 RR [2013],World Superbikes,
522,Rider,Marco Melandri,40.375065950076554,0.5523117710294926,13/04/2013 13:00:00,0,BMW S1000 RR [2013],World Superbikes,
522,Rider,Marco Melandri,40.36060121782317,0.5525850137906622,13/04/2013 13:00:00,1,BMW S1000 RR [2013],World Superbikes,
522,Rider,Marco Melandri,40.347096367289346,0.5528767358978709,13/04/2013 13:00:00,2,BMW S1000 RR [2013],World Superbikes,
522,Rider,Marco Melandri,40.33476714775563,0.5531809604943537,10/05/2013 13:00:00,0,BMW S1000 RR [2013],World Superbikes,
522,Rider,Marco Melandri,40.32042724110182,0.5534879406839144,10/05/2013 13:00:00,1,BMW S1000 RR [2013],World Superbikes,
522,Rider,Marco Melandri,40.30516031499523,0.5538146918502137,11/05/2013 13:00:00,0,BMW S1000 RR [2013],World Superbikes,
522,Rider,Marco Melandri,40.29013713342492,0.5541643527775739,11/05/2013 13:00:00,1,BMW S1000 RR [2013],World Superbikes,
522,Rider,Marco Melandri,40.27575197418555,0.5545359059248368,11/05/2013 13:00:00,2,BMW S1000 RR [2013],World Superbikes,
522,Rider,Marco Melandri,40.261398822575416,0.5549248186990595,24/05/2013 13:00:00,0,BMW S1000 RR [2013],World Superbikes,
522,Rider,Marco Melandri,40.24594155202641,0.5553337154407637,24/05/2013 13:00:00,1,BMW S1000 RR [2013],World Superbikes,
522,Rider,Marco Melandri,40.22977405602806,0.5557660360840194,25/05/2013 13:00:00,0,BMW S1000 RR [2013],World Superbikes,
522,Rider,Marco Melandri,40.21373820975628,0.556224169165201,25/05/2013 13:00:00,1,BMW S1000 RR [2013],World Superbikes,
522,Rider,Marco Melandri,40.19828970777049,0.5567055551260602,25/05/2013 13:00:00,2,BMW S1000 RR [2013],World Superbikes,
522,Rider,Marco Melandri,40.183190298754056,0.5572055275775225,07/06/2013 13:00:00,0,BMW S1000 RR [2013],World Superbikes,
522,Rider,Marco Melandri,40.16797921911394,0.5577306107261135,07/06/2013 13:00:00,1,BMW S1000 RR [2013],World Superbikes,
522,Rider,Marco Melandri,40.15194314026767,0.558280203354463,08/06/2013 13:00:00,0,BMW S1000 RR [2013],World Superbikes,
522,Rider,Marco Melandri,40.13572495621895,0.5588577867143436,08/06/2013 13:00:00,1,BMW S1000 RR [2013],World Superbikes,
522,Rider,Marco Melandri,40.11899741804964,0.5594572080527516,28/06/2013 13:00:00,0,BMW S1000 RR [2013],World Superbikes,
522,Rider,Marco Melandri,40.102127782580894,0.5600854855638369,28/06/2013 13:00:00,1,BMW S1000 RR [2013],World Superbikes,
522,Rider,Marco Melandri,40.08455213158389,0.5607396706211418,29/06/2013 13:00:00,0,BMW S1000 RR [2013],World Superbikes,
522,Rider,Marco Melandri,40.06560496835979,0.5614115175183326,29/06/2013 13:00:00,1,BMW S1000 RR [2013],World Superbikes,
522,Rider,Marco Melandri,40.04729422754887,0.5621094364501477,29/06/2013 13:00:00,2,BMW S1000 RR [2013],World Superbikes,
522,Rider,Marco Melandri,40.02991246973146,0.5628244178790093,18/07/2013 13:00:00,0,BMW S1000 RR [2013],World Superbikes,
522,Rider,Marco Melandri,40.01147367837001,0.5635640765117804,19/07/2013 13:00:00,0,BMW S1000 RR [2013],World Superbikes,
522,Rider,Marco Melandri,39.99121837841601,0.5643110325537909,19/07/2013 13:00:00,1,BMW S1000 RR [2013],World Superbikes,
522,Rider,Marco Melandri,39.97157417213195,0.5650889346065231,19/07/2013 13:00:00,2,BMW S1000 RR [2013],World Superbikes,
522,Rider,Marco Melandri,39.95137765315842,0.5658944028762348,19/07/2013 13:00:00,3,BMW S1000 RR [2013],World Superbikes,
522,Rider,Marco Melandri,39.93120721984297,0.5667260418972807,02/08/2013 13:00:00,0,BMW S1000 RR [2013],World Superbikes,
522,Rider,Marco Melandri,39.91137503142376,0.5675905587448834,02/08/2013 13:00:00,1,BMW S1000 RR [2013],World Superbikes,
522,Rider,Marco Melandri,39.89255440793495,0.5684874063494618,03/08/2013 13:00:00,0,BMW S1000 RR [2013],World Superbikes,
522,Rider,Marco Melandri,39.87623083858176,0.5693998748328232,30/08/2013 13:00:00,0,BMW S1000 RR [2013],World Superbikes,
522,Rider,Marco Melandri,39.86053192586734,0.5703455117593245,30/08/2013 13:00:00,1,BMW S1000 RR [2013],World Superbikes,
522,Rider,Marco Melandri,39.84460439920452,0.5713239928837877,31/08/2013 13:00:00,0,BMW S1000 RR [2013],World Superbikes,
522,Rider,Marco Melandri,39.82848421946324,0.5723348035489463,31/08/2013 13:00:00,1,BMW S1000 RR [2013],World Superbikes,
522,Rider,Marco Melandri,39.811601580835465,0.5733682650329178,12/09/2013 13:00:00,0,BMW S1000 RR [2013],World Superbikes,
522,Rider,Marco Melandri,39.79350136341039,0.574423975450639,13/09/2013 13:00:00,1,BMW S1000 RR [2013],World Superbikes,
522,Rider,Marco Melandri,39.77412176662538,0.5754990472752023,13/09/2013 13:00:00,2,BMW S1000 RR [2013],World Superbikes,
522,Rider,Marco Melandri,39.75515604124531,0.576603431799644,13/09/2013 13:00:00,3,BMW S1000 RR [2013],World Superbikes,
522,Rider,Marco Melandri,39.73727692137818,0.577734281090525,27/09/2013 13:00:00,0,BMW S1000 RR [2013],World Superbikes,
522,Rider,Marco Melandri,39.71883009237626,0.5788988417469016,27/09/2013 13:00:00,1,BMW S1000 RR [2013],World Superbikes,
522,Rider,Marco Melandri,39.698467328137355,0.5800775807638641,28/09/2013 13:00:00,0,BMW S1000 RR [2013],World Superbikes,
522,Rider,Marco Melandri,39.677542419604755,0.5812902802176808,28/09/2013 13:00:00,1,BMW S1000 RR [2013],World Superbikes,
522,Rider,Marco Melandri,39.65645431839093,0.5825365848358212,28/09/2013 13:00:00,2,BMW S1000 RR [2013],World Superbikes,
522,Rider,Marco Melandri,39.636362538624724,0.583810194217776,04/10/2013 13:00:00,0,BMW S1000 RR [2013],World Superbikes,
522,Rider,Marco Melandri,39.6171493306119,0.5851237444702818,04/10/2013 13:00:00,1,BMW S1000 RR [2013],World Superbikes,
522,Rider,Marco Melandri,39.596267904043366,0.5864499514677498,05/10/2013 13:00:00,0,BMW S1000 RR [2013],World Superbikes,
522,Rider,Marco Melandri,39.57576375319209,0.58781512707672,05/10/2013 13:00:00,1,BMW S1000 RR [2013],World Superbikes,
522,Rider,Marco Melandri,39.55672390088641,0.5892110854258099,18/10/2013 13:00:00,0,BMW S1000 RR [2013],World Superbikes,
522,Rider,Marco Melandri,39.53639056343087,0.5906400188753522,18/10/2013 13:00:00,1,BMW S1000 RR [2013],World Superbikes,
522,Rider,Marco Melandri,39.516114623023206,0.5921105516913395,19/10/2013 13:00:00,0,BMW S1000 RR [2013],World Superbikes,
522,Rider,Marco Melandri,39.49416506145922,0.5935993577722288,19/10/2013 13:00:00,1,BMW S1000 RR [2013],World Superbikes,
522,Rider,Marco Melandri,39.47286733966452,0.5951260819067522,19/10/2013 13:00:00,2,BMW S1000 RR [2013],World Superbikes,
522,Rider,Marco Melandri,39.45123868172432,0.5966874188639246,21/02/2014 13:00:00,1,Aprilia RSV4 Factory [2014],World Superbikes,
522,Rider,Marco Melandri,39.42925823131427,0.5982838644887754,12/04/2014 13:00:00,1,Aprilia RSV4 Factory [2014],World Superbikes,
522,Rider,Marco Melandri,39.40808646086497,0.5999193796081643,26/04/2014 13:00:00,0,Aprilia RSV4 Factory [2014],World Superbikes,
522,Rider,Marco Melandri,39.38705226556358,0.6015709339432658,26/04/2014 13:00:00,1,Aprilia RSV4 Factory [2014],World Superbikes,
522,Rider,Marco Melandri,39.36584800924421,0.6032613026393482,10/05/2014 13:00:00,1,Aprilia RSV4 Factory [2014],World Superbikes,
522,Rider,Marco Melandri,39.344741028132574,0.6049926637151564,23/05/2014 13:00:00,1,Aprilia RSV4 Factory [2014],World Superbikes,
522,Rider,Marco Melandri,39.323376277024295,0.6067645914990029,06/06/2014 13:00:00,1,Aprilia RSV4 Factory [2014],World Superbikes,
522,Rider,Marco Melandri,39.30225986314226,0.6085790372331653,21/06/2014 13:00:00,1,Aprilia RSV4 Factory [2014],World Superbikes,
522,Rider,Marco Melandri,39.28136643881635,0.610436817134167,05/07/2014 13:00:00,1,Aprilia RSV4 Factory [2014],World Superbikes,
522,Rider,Marco Melandri,39.26043557159067,0.6123358813559424,12/07/2014 13:00:00,1,Aprilia RSV4 Factory [2014],World Superbikes,
522,Rider,Marco Melandri,39.23975995643033,0.6142790361196186,06/09/2014 13:00:00,1,Aprilia RSV4 Factory [2014],World Superbikes,
522,Rider,Marco Melandri,39.21896331027917,0.6162663913827371,04/10/2014 13:00:00,1,Aprilia RSV4 Factory [2014],World Superbikes,
522,Rider,Marco Melandri,39.1986222883241,0.6183000276122949,01/11/2014 13:00:00,0,Aprilia RSV4 Factory [2014],World Superbikes,
522,Rider,Marco Melandri,39.177864198989745,0.620322199512484,01/11/2014 13:00:00,1,Aprilia RSV4 Factory [2014],World Superbikes,
522,Rider,Marco Melandri,39.15826011573586,0.62239212955962,24/02/2017 13:00:00,1,Ducati 1199 Panigale R [2017],World Superbikes,
522,Rider,Marco Melandri,39.13805514624319,0.6245010613174787,10/03/2017 13:00:00,1,Ducati 1199 Panigale R [2017],World Superbikes,
522,Rider,Marco Melandri,39.117168562244046,0.6266510601233002,31/03/2017 13:00:00,1,Ducati 1199 Panigale R [2017],World Superbikes,
522,Rider,Marco Melandri,39.09609436626013,0.628845378287742,16/06/2017 13:00:00,1,Ducati 1199 Panigale R [2017],World Superbikes,
522,Rider,Marco Melandri,39.07441926615379,0.6310807735469688,08/07/2017 13:00:00,1,Ducati 1199 Panigale R [2017],World Superbikes,
522,Rider,Marco Melandri,39.05253648434465,0.6333623094494765,18/08/2017 13:00:00,1,Ducati 1199 Panigale R [2017],World Superbikes,
522,Rider,Marco Melandri,39.030545678717125,0.6356928415431028,15/09/2017 13:00:00,1,Ducati 1199 Panigale R [2017],World Superbikes,
522,Rider,Marco Melandri,39.0090850075801,0.6380732854667827,29/09/2017 13:00:00,1,Ducati 1199 Panigale R [2017],World Superbikes,
522,Rider,Marco Melandri,38.990061721836526,0.6404919517377367,20/10/2017 13:00:00,1,Ducati 1199 Panigale R [2017],World Superbikes,
522,Rider,Marco Melandri,38.969241811813745,0.6429396274898805,03/11/2017 13:00:00,1,Ducati 1199 Panigale R [2017],World Superbikes,
522,Rider,Marco Melandri,38.94963185490266,0.6454416436612171,23/02/2018 13:00:00,1,Ducati 1199 Panigale R [2018],World Superbikes,
522,Rider,Marco Melandri,38.92913984297137,0.6479974846387099,23/03/2018 13:00:00,1,Ducati 1199 Panigale R [2018],World Superbikes,
522,Rider,Marco Melandri,38.90912094122556,0.6506147281931529,13/04/2018 13:00:00,1,Ducati 1199 Panigale R [2018],World Superbikes,
522,Rider,Marco Melandri,38.88718917872416,0.6532653792268244,20/04/2018 13:00:00,1,Ducati 1199 Panigale R [2018],World Superbikes,
522,Rider,Marco Melandri,38.86519648987398,0.6559781660517752,11/05/2018 13:00:00,1,Ducati 1199 Panigale R [2018],World Superbikes,
522,Rider,Marco Melandri,38.8427654203496,0.6587505797785032,25/05/2018 13:00:00,1,Ducati 1199 Panigale R [2018],World Superbikes,
522,Rider,Marco Melandri,38.82256787502313,0.6615673191657023,08/06/2018 13:00:00,1,Ducati 1199 Panigale R [2018],World Superbikes,
522,Rider,Marco Melandri,38.801531561087074,0.6644402377798598,23/06/2018 13:00:00,1,Ducati 1199 Panigale R [2018],World Superbikes,
522,Rider,Marco Melandri,38.781959335193115,0.6673751966035463,06/07/2018 13:00:00,1,Ducati 1199 Panigale R [2018],World Superbikes,
522,Rider,Marco Melandri,38.76321852376106,0.6703765494681512,14/09/2018 13:00:00,1,Ducati 1199 Panigale R [2018],World Superbikes,
522,Rider,Marco Melandri,38.743634365529296,0.6734391192085865,28/09/2018 13:00:00,1,Ducati 1199 Panigale R [2018],World Superbikes,
522,Rider,Marco Melandri,38.72634628959723,0.6765515188804365,12/10/2018 13:00:00,1,Ducati 1199 Panigale R [2018],World Superbikes,
522,Rider,Marco Melandri,38.706955804971805,0.6797091796813699,26/10/2018 13:00:00,1,Ducati 1199 Panigale R [2018],World Superbikes,
522,Rider,Marco Melandri,38.688610196685545,0.6829375974362678,22/02/2019 13:00:00,0,Yamaha YZF-R1 [2019],World Superbikes,
522,Rider,Marco Melandri,38.670477577937575,0.6862398289490796,15/03/2019 13:00:00,0,Yamaha YZF-R1 [2019],World Superbikes,
522,Rider,Marco Melandri,38.651940106071464,0.6896158573783173,05/04/2019 13:00:00,0,Yamaha YZF-R1 [2019],World Superbikes,
522,Rider,Marco Melandri,38.63436477466507,0.6930667726494144,12/04/2019 13:00:00,0,Yamaha YZF-R1 [2019],World Superbikes,
522,Rider,Marco Melandri,38.61877210133586,0.6965879853364829,10/05/2019 13:00:00,0,Yamaha YZF-R1 [2019],World Superbikes,
522,Rider,Marco Melandri,38.604143084875766,0.7001852810898804,07/06/2019 13:00:00,0,Yamaha YZF-R1 [2019],World Superbikes,
522,Rider,Marco Melandri,38.58807100202828,0.703854679285948,21/06/2019 13:00:00,0,Yamaha YZF-R1 [2019],World Superbikes,
522,Rider,Marco Melandri,38.57321367669609,0.7076038554024373,05/07/2019 13:00:00,0,Yamaha YZF-R1 [2019],World Superbikes,
522,Rider,Marco Melandri,38.558592685834775,0.7114340321256628,13/07/2019 13:00:00,0,Yamaha YZF-R1 [2019],World Superbikes,
522,Rider,Marco Melandri,38.546148856321985,0.715338716196066,06/09/2019 13:00:00,0,Yamaha YZF-R1 [2019],World Superbikes,
522,Rider,Marco Melandri,38.5335837782406,0.7193279159931529,27/09/2019 13:00:00,0,Yamaha YZF-R1 [2019],World Superbikes,
522,Rider,Marco Melandri,38.5219307990179,0.7234048839854247,11/10/2019 13:00:00,0,Yamaha YZF-R1 [2019],World Superbikes,
522,Rider,Marco Melandri,38.51065364645191,0.7275706271638329,25/10/2019 13:00:00,0,Yamaha YZF-R1 [2019],World Superbikes,
522,Rider,Marco Melandri,38.501215016478376,0.731819009327219,31/07/2020 13:00:00,0,Ducati Panigale V4 R [2020],World Superbikes,
522,Rider,Marco Melandri,38.493916968250836,0.7361456787068256,07/08/2020 13:00:00,0,Ducati Panigale V4 R [2020],World Superbikes,
522,Rider,Marco Melandri,38.488810448827,0.7405520298239093,28/08/2020 13:00:00,0,Ducati Panigale V4 R [2020],World Superbikes,
522,Rider,Marco Melandri,38.485763469375094,0.7450405490792185,04/09/2020 13:00:00,0,Ducati Panigale V4 R [2020],World Superbikes,
523,Bike,Aprilia RS Cube [2011],27.62773045489592,0.9202169854694009,24/02/2011 13:00:00,0,,World Superbikes,
523,Bike,Aprilia RS Cube [2011],27.62885202030122,0.9166931676533087,25/02/2011 13:00:00,0,,World Superbikes,
523,Bike,Aprilia RS Cube [2011],27.629717202770117,0.9133184949079118,25/02/2011 13:00:00,1,,World Superbikes,
523,Bike,Aprilia RS Cube [2011],27.63206075421812,0.9100797319048051,25/03/2011 13:00:00,0,,World Superbikes,
523,Bike,Aprilia RS Cube [2011],27.634863807686013,0.9069886554246092,25/03/2011 13:00:00,1,,World Superbikes,
523,Bike,Aprilia RS Cube [2011],27.63717853763828,0.904044934031882,26/03/2011 13:00:00,0,,World Superbikes,
523,Bike,Aprilia RS Cube [2011],27.639682054753663,0.9012449226703441,26/03/2011 13:00:00,1,,World Superbikes,
523,Bike,Aprilia RS Cube [2011],27.641538054626853,0.8985824485840744,26/03/2011 13:00:00,2,,World Superbikes,
523,Bike,Aprilia RS Cube [2011],27.64322931472622,0.8960470535932347,15/04/2011 13:00:00,0,,World Superbikes,
523,Bike,Aprilia RS Cube [2011],27.644988864309855,0.8936557759017875,15/04/2011 13:00:00,1,,World Superbikes,
523,Bike,Aprilia RS Cube [2011],27.645640233807157,0.8914042568686859,16/04/2011 13:00:00,0,,World Superbikes,
523,Bike,Aprilia RS Cube [2011],27.64485995485477,0.8892871135746171,16/04/2011 13:00:00,1,,World Superbikes,
523,Bike,Aprilia RS Cube [2011],27.644244131209405,0.8873025686452771,16/04/2011 13:00:00,2,,World Superbikes,
523,Bike,Aprilia RS Cube [2011],27.642936780800273,0.885443110768171,06/05/2011 13:00:00,0,,World Superbikes,
523,Bike,Aprilia RS Cube [2011],27.640978833230296,0.8837251774506505,06/05/2011 13:00:00,1,,World Superbikes,
523,Bike,Aprilia RS Cube [2011],27.63812292614279,0.8821480429295806,07/05/2011 13:00:00,0,,World Superbikes,
523,Bike,Aprilia RS Cube [2011],27.63568304190118,0.8807098725165041,07/05/2011 13:00:00,1,,World Superbikes,
523,Bike,Aprilia RS Cube [2011],27.633532032277348,0.8794048339941676,07/05/2011 13:00:00,2,,World Superbikes,
523,Bike,Aprilia RS Cube [2011],27.632993713409977,0.8781883615624767,28/05/2011 13:00:00,0,,World Superbikes,
523,Bike,Aprilia RS Cube [2011],27.632734243032807,0.8771121851950834,28/05/2011 13:00:00,1,,World Superbikes,
523,Bike,Aprilia RS Cube [2011],27.632636798846352,0.8761766860216965,29/05/2011 13:00:00,0,,World Superbikes,
523,Bike,Aprilia RS Cube [2011],27.631638735758106,0.8753759389311827,29/05/2011 13:00:00,1,,World Superbikes,
523,Bike,Aprilia RS Cube [2011],27.631138789233376,0.8747050249733844,10/06/2011 13:00:00,0,,World Superbikes,
523,Bike,Aprilia RS Cube [2011],27.630244890981903,0.874172934570344,10/06/2011 13:00:00,1,,World Superbikes,
523,Bike,Aprilia RS Cube [2011],27.63105457363698,0.8737766703172883,17/06/2011 13:00:00,0,,World Superbikes,
523,Bike,Aprilia RS Cube [2011],27.630445499880583,0.873508334155876,17/06/2011 13:00:00,1,,World Superbikes,
523,Bike,Aprilia RS Cube [2011],27.63050387620915,0.8733788099755572,18/06/2011 13:00:00,0,,World Superbikes,
523,Bike,Aprilia RS Cube [2011],27.631272038233867,0.8733856910236183,18/06/2011 13:00:00,1,,World Superbikes,
523,Bike,Aprilia RS Cube [2011],27.632813571156813,0.8735195263299882,08/07/2011 13:00:00,0,,World Superbikes,
523,Bike,Aprilia RS Cube [2011],27.63538889639763,0.8737908575634942,08/07/2011 13:00:00,1,,World Superbikes,
523,Bike,Aprilia RS Cube [2011],27.63660742588636,0.8741925562750309,09/07/2011 13:00:00,0,,World Superbikes,
523,Bike,Aprilia RS Cube [2011],27.639616759676663,0.8747205642127034,29/07/2011 13:00:00,0,,World Superbikes,
523,Bike,Aprilia RS Cube [2011],27.64421645307638,0.8753831411783592,29/07/2011 13:00:00,1,,World Superbikes,
523,Bike,Aprilia RS Cube [2011],27.64890996625819,0.8761856478452686,30/07/2011 13:00:00,0,,World Superbikes,
523,Bike,Aprilia RS Cube [2011],27.652980220379863,0.8771209079461044,30/07/2011 13:00:00,1,,World Superbikes,
523,Bike,Aprilia RS Cube [2011],27.6566937359931,0.8781872363768727,30/07/2011 13:00:00,2,,World Superbikes,
523,Bike,Aprilia RS Cube [2011],27.661978795957864,0.8793412045908936,02/09/2011 13:00:00,0,,World Superbikes,
523,Bike,Aprilia RS Cube [2011],27.667955111684677,0.8806331517482616,02/09/2011 13:00:00,1,,World Superbikes,
523,Bike,Aprilia RS Cube [2011],27.672449780430334,0.8820545469956911,03/09/2011 13:00:00,0,,World Superbikes,
523,Bike,Aprilia RS Cube [2011],27.67709117587979,0.8836111559589288,03/09/2011 13:00:00,1,,World Superbikes,
523,Bike,Aprilia RS Cube [2011],27.680862098183393,0.8852954753714506,03/09/2011 13:00:00,2,,World Superbikes,
523,Bike,Aprilia RS Cube [2011],27.684197979835773,0.8870976448664865,23/09/2011 13:00:00,0,,World Superbikes,
523,Bike,Aprilia RS Cube [2011],27.687737892607426,0.8890411178659631,23/09/2011 13:00:00,1,,World Superbikes,
523,Bike,Aprilia RS Cube [2011],27.690387385889416,0.8911229398944842,24/09/2011 13:00:00,0,,World Superbikes,
523,Bike,Aprilia RS Cube [2011],27.691261644122083,0.8933296138048551,24/09/2011 13:00:00,1,,World Superbikes,
523,Bike,Aprilia RS Cube [2011],27.68985625790692,0.8956420062390349,24/09/2011 13:00:00,2,,World Superbikes,
523,Bike,Aprilia RS Cube [2011],27.687530292512296,0.8980745634231168,30/09/2011 13:00:00,0,,World Superbikes,
523,Bike,Aprilia RS Cube [2011],27.685171332838642,0.9006481839728406,30/09/2011 13:00:00,1,,World Superbikes,
523,Bike,Aprilia RS Cube [2011],27.68247606990825,0.9033657666819105,01/10/2011 13:00:00,0,,World Superbikes,
523,Bike,Aprilia RS Cube [2011],27.67925608510269,0.9062244914974193,01/10/2011 13:00:00,1,,World Superbikes,
523,Bike,Aprilia RS Cube [2011],27.67657926015056,0.9092164181425126,14/10/2011 13:00:00,0,,World Superbikes,
523,Bike,Aprilia RS Cube [2011],27.673766048740582,0.9123550326476156,14/10/2011 13:00:00,1,,World Superbikes,
523,Bike,Aprilia RS Cube [2011],27.671815872202224,0.9156417142526831,15/10/2011 13:00:00,0,,World Superbikes,
523,Bike,Aprilia RS Cube [2011],27.67024593895836,0.9190728519413291,15/10/2011 13:00:00,1,,World Superbikes,
523,Bike,Aprilia RS Cube [2011],27.668366109913578,0.9226439022198747,15/10/2011 13:00:00,2,,World Superbikes,
524,Rider,Bryan Staring,28.513838028132238,2.165778827373631,24/02/2011 13:00:00,0,Kawasaki ZX 10R [2011],World Superbikes,
524,Rider,Bryan Staring,28.513171073016768,2.164764805947027,25/02/2011 13:00:00,0,Kawasaki ZX 10R [2011],World Superbikes,
524,Rider,Bryan Staring,28.511401479705658,2.1641282038357987,23/02/2012 13:00:00,0,Kawasaki ZX-10R [2012],World Superbikes,
524,Rider,Bryan Staring,28.508668908704763,2.1638777618728695,24/02/2012 13:00:00,0,Kawasaki ZX-10R [2012],World Superbikes,
524,Rider,Bryan Staring,28.50549399390074,2.164009646131658,05/07/2014 13:00:00,0,Kawasaki ZX-10R [2014],World Superbikes,
524,Rider,Bryan Staring,28.502578529448385,2.1644592091362846,12/07/2014 13:00:00,0,Kawasaki ZX-10R [2014],World Superbikes,
524,Rider,Bryan Staring,28.49979435081618,2.165238645479688,06/09/2014 13:00:00,0,Kawasaki ZX-10R [2014],World Superbikes,
524,Rider,Bryan Staring,28.49827562301913,2.1663335959312557,01/11/2014 13:00:00,0,Kawasaki ZX-10R [2014],World Superbikes,
525,Rider,Maxime Berger,29.624628861941787,0.8612315802632136,24/02/2011 13:00:00,0,Ducati 1098R [2011],World Superbikes,
525,Rider,Maxime Berger,29.6259068251391,0.8574234449430256,25/02/2011 13:00:00,0,Ducati 1098R [2011],World Superbikes,
525,Rider,Maxime Berger,29.628188281876696,0.8537416918025016,25/03/2011 13:00:00,0,Ducati 1098R [2011],World Superbikes,
525,Rider,Maxime Berger,29.630036239296338,0.8501920154982764,25/03/2011 13:00:00,1,Ducati 1098R [2011],World Superbikes,
525,Rider,Maxime Berger,29.6296889263532,0.8467682315843136,26/03/2011 13:00:00,0,Ducati 1098R [2011],World Superbikes,
525,Rider,Maxime Berger,29.630126828131168,0.8434502699949026,15/04/2011 13:00:00,0,Ducati 1098R [2011],World Superbikes,
525,Rider,Maxime Berger,29.631235250377124,0.8402571300759255,15/04/2011 13:00:00,1,Ducati 1098R [2011],World Superbikes,
525,Rider,Maxime Berger,29.632398076065822,0.8371915471713253,06/05/2011 13:00:00,0,Ducati 1098R [2011],World Superbikes,
525,Rider,Maxime Berger,29.632433816119097,0.8342556944758794,06/05/2011 13:00:00,1,Ducati 1098R [2011],World Superbikes,
525,Rider,Maxime Berger,29.632856129515748,0.831440192707123,07/05/2011 13:00:00,0,Ducati 1098R [2011],World Superbikes,
525,Rider,Maxime Berger,29.634572151649255,0.8287040633486905,28/05/2011 13:00:00,0,Ducati 1098R [2011],World Superbikes,
525,Rider,Maxime Berger,29.637984027087015,0.8260745846605174,28/05/2011 13:00:00,1,Ducati 1098R [2011],World Superbikes,
525,Rider,Maxime Berger,29.64207891821314,0.8235663633870896,10/06/2011 13:00:00,0,Ducati 1098R [2011],World Superbikes,
525,Rider,Maxime Berger,29.647548270329434,0.8211773917061715,10/06/2011 13:00:00,1,Ducati 1098R [2011],World Superbikes,
525,Rider,Maxime Berger,29.652054728235964,0.8189146280396912,11/06/2011 13:00:00,0,Ducati 1098R [2011],World Superbikes,
525,Rider,Maxime Berger,29.65690291501697,0.8167632240066025,17/06/2011 13:00:00,0,Ducati 1098R [2011],World Superbikes,
525,Rider,Maxime Berger,29.661098506425915,0.8147349982562503,17/06/2011 13:00:00,1,Ducati 1098R [2011],World Superbikes,
525,Rider,Maxime Berger,29.663720143938985,0.8128276262692118,18/06/2011 13:00:00,0,Ducati 1098R [2011],World Superbikes,
525,Rider,Maxime Berger,29.667108953924423,0.8110276870234584,08/07/2011 13:00:00,0,Ducati 1098R [2011],World Superbikes,
525,Rider,Maxime Berger,29.670231631811955,0.8093485494907094,08/07/2011 13:00:00,1,Ducati 1098R [2011],World Superbikes,
525,Rider,Maxime Berger,29.67265112876335,0.8077911588301516,09/07/2011 13:00:00,0,Ducati 1098R [2011],World Superbikes,
525,Rider,Maxime Berger,29.674945222072434,0.8063506409795299,09/07/2011 13:00:00,1,Ducati 1098R [2011],World Superbikes,
525,Rider,Maxime Berger,29.678964143264754,0.8049817419704342,29/07/2011 13:00:00,0,Ducati 1098R [2011],World Superbikes,
525,Rider,Maxime Berger,29.680408756322734,0.8037206157877621,29/07/2011 13:00:00,1,Ducati 1098R [2011],World Superbikes,
525,Rider,Maxime Berger,29.679874890528957,0.8025758129601421,30/07/2011 13:00:00,0,Ducati 1098R [2011],World Superbikes,
525,Rider,Maxime Berger,29.680937011750082,0.8015094621349159,02/09/2011 13:00:00,0,Ducati 1098R [2011],World Superbikes,
525,Rider,Maxime Berger,29.680583658146876,0.8005607757160168,02/09/2011 13:00:00,1,Ducati 1098R [2011],World Superbikes,
525,Rider,Maxime Berger,29.680483349033054,0.7997273620889152,03/09/2011 13:00:00,0,Ducati 1098R [2011],World Superbikes,
525,Rider,Maxime Berger,29.680932155432014,0.7990004629097917,23/09/2011 13:00:00,0,Ducati 1098R [2011],World Superbikes,
525,Rider,Maxime Berger,29.68030747279172,0.7983911001631259,23/09/2011 13:00:00,1,Ducati 1098R [2011],World Superbikes,
525,Rider,Maxime Berger,29.679811610374532,0.7978986991150729,24/09/2011 13:00:00,0,Ducati 1098R [2011],World Superbikes,
525,Rider,Maxime Berger,29.67830824632423,0.7975211672102842,24/09/2011 13:00:00,1,Ducati 1098R [2011],World Superbikes,
525,Rider,Maxime Berger,29.678077383230956,0.7972114912156957,30/09/2011 13:00:00,0,Ducati 1098R [2011],World Superbikes,
525,Rider,Maxime Berger,29.67751746847435,0.7970175460561155,30/09/2011 13:00:00,1,Ducati 1098R [2011],World Superbikes,
525,Rider,Maxime Berger,29.67639320816015,0.7969401222901379,01/10/2011 13:00:00,0,Ducati 1098R [2011],World Superbikes,
525,Rider,Maxime Berger,29.67420032048059,0.7969779483848906,01/10/2011 13:00:00,1,Ducati 1098R [2011],World Superbikes,
525,Rider,Maxime Berger,29.67244691734735,0.797110765751964,14/10/2011 13:00:00,0,Ducati 1098R [2011],World Superbikes,
525,Rider,Maxime Berger,29.67091823897239,0.79736007768783,14/10/2011 13:00:00,1,Ducati 1098R [2011],World Superbikes,
525,Rider,Maxime Berger,29.669378374115418,0.7977272459264749,15/10/2011 13:00:00,0,Ducati 1098R [2011],World Superbikes,
525,Rider,Maxime Berger,29.668038808366074,0.7982044415305617,23/02/2012 13:00:00,0,Ducati 1098R [2012],World Superbikes,
525,Rider,Maxime Berger,29.66669570924465,0.7988008073394294,24/02/2012 13:00:00,0,Ducati 1098R [2012],World Superbikes,
525,Rider,Maxime Berger,29.663853454951383,0.7995166279944259,30/03/2012 13:00:00,0,Ducati 1098R [2012],World Superbikes,
525,Rider,Maxime Berger,29.66086795065699,0.8003512721620566,30/03/2012 13:00:00,1,Ducati 1098R [2012],World Superbikes,
525,Rider,Maxime Berger,29.657042797293016,0.8013069055959958,31/03/2012 13:00:00,0,Ducati 1098R [2012],World Superbikes,
525,Rider,Maxime Berger,29.65318737378363,0.8023736006000668,20/04/2012 13:00:00,0,Ducati 1098R [2012],World Superbikes,
525,Rider,Maxime Berger,29.648058975180767,0.8035608850162281,20/04/2012 13:00:00,1,Ducati 1098R [2012],World Superbikes,
525,Rider,Maxime Berger,29.64275144583936,0.8048680477651411,21/04/2012 13:00:00,0,Ducati 1098R [2012],World Superbikes,
525,Rider,Maxime Berger,29.63833769678412,0.8062779637092901,04/05/2012 13:00:00,0,Ducati 1098R [2012],World Superbikes,
525,Rider,Maxime Berger,29.63471185548565,0.8078021386122314,04/05/2012 13:00:00,1,Ducati 1098R [2012],World Superbikes,
525,Rider,Maxime Berger,29.631963648191665,0.809438838902195,11/05/2012 13:00:00,0,Ducati 1098R [2012],World Superbikes,
525,Rider,Maxime Berger,29.62916895482962,0.8111946658170465,11/05/2012 13:00:00,1,Ducati 1098R [2012],World Superbikes,
525,Rider,Maxime Berger,29.626622925343334,0.8130673817182592,12/05/2012 13:00:00,0,Ducati 1098R [2012],World Superbikes,
525,Rider,Maxime Berger,29.624745133795944,0.8150432772704799,26/05/2012 13:00:00,0,Ducati 1098R [2012],World Superbikes,
525,Rider,Maxime Berger,29.622890961243886,0.8171410408352717,26/05/2012 13:00:00,1,Ducati 1098R [2012],World Superbikes,
525,Rider,Maxime Berger,29.620383616687917,0.819363186864907,27/05/2012 13:00:00,0,Ducati 1098R [2012],World Superbikes,
525,Rider,Maxime Berger,29.618220467609316,0.8216965271157687,08/06/2012 13:00:00,0,Ducati 1098R [2012],World Superbikes,
525,Rider,Maxime Berger,29.617504482811547,0.824143940161958,08/06/2012 13:00:00,1,Ducati 1098R [2012],World Superbikes,
525,Rider,Maxime Berger,29.616854877642563,0.8267167280836779,29/06/2012 13:00:00,0,Ducati 1098R [2012],World Superbikes,
525,Rider,Maxime Berger,29.616346886878386,0.8294139208095161,29/06/2012 13:00:00,1,Ducati 1098R [2012],World Superbikes,
525,Rider,Maxime Berger,29.616860716235543,0.8322307750412153,20/07/2012 13:00:00,0,Ducati 1098R [2012],World Superbikes,
525,Rider,Maxime Berger,29.61753284327233,0.8351700709537289,20/07/2012 13:00:00,1,Ducati 1098R [2012],World Superbikes,
525,Rider,Maxime Berger,29.61876519326999,0.8382333511323714,03/08/2012 13:00:00,0,Ducati 1098R [2012],World Superbikes,
525,Rider,Maxime Berger,29.618737647359858,0.8414274750883652,03/08/2012 13:00:00,1,Ducati 1098R [2012],World Superbikes,
525,Rider,Maxime Berger,29.617044241090838,0.8447519853057944,04/08/2012 13:00:00,0,Ducati 1098R [2012],World Superbikes,
525,Rider,Maxime Berger,29.61512427791598,0.8481997657223646,07/09/2012 13:00:00,0,Ducati 1098R [2012],World Superbikes,
525,Rider,Maxime Berger,29.613690599246826,0.8517733503062388,05/10/2012 13:00:00,0,Ducati 1098R [2012],World Superbikes,
525,Rider,Maxime Berger,29.612275807513118,0.8554739422246644,05/10/2012 13:00:00,1,Ducati 1098R [2012],World Superbikes,
525,Rider,Maxime Berger,29.61150988448922,0.859297208024507,06/10/2012 13:00:00,0,Ducati 1098R [2012],World Superbikes,
526,Rider,Mark Aitchison,29.383195829724787,0.9059994004500675,24/02/2011 13:00:00,0,Kawasaki ZX 10R [2011],World Superbikes,
526,Rider,Mark Aitchison,29.384229889126733,0.90238528334007,25/02/2011 13:00:00,0,Kawasaki ZX 10R [2011],World Superbikes,
526,Rider,Mark Aitchison,29.386560987946577,0.8988584264011305,25/03/2011 13:00:00,0,Kawasaki ZX 10R [2011],World Superbikes,
526,Rider,Mark Aitchison,29.389941151468296,0.8954077513366246,25/03/2011 13:00:00,1,Kawasaki ZX 10R [2011],World Superbikes,
526,Rider,Mark Aitchison,29.394267144168296,0.8920273503010047,15/04/2011 13:00:00,0,Kawasaki ZX 10R [2011],World Superbikes,
526,Rider,Mark Aitchison,29.399857884571194,0.8887310769070506,15/04/2011 13:00:00,1,Kawasaki ZX 10R [2011],World Superbikes,
526,Rider,Mark Aitchison,29.406653099331795,0.8855161486314652,06/05/2011 13:00:00,0,Kawasaki ZX 10R [2011],World Superbikes,
526,Rider,Mark Aitchison,29.414188515550638,0.8823981736931731,06/05/2011 13:00:00,1,Kawasaki ZX 10R [2011],World Superbikes,
526,Rider,Mark Aitchison,29.421995160122727,0.879399555121912,28/05/2011 13:00:00,0,Kawasaki ZX 10R [2011],World Superbikes,
526,Rider,Mark Aitchison,29.4296740445189,0.8765258959720411,28/05/2011 13:00:00,1,Kawasaki ZX 10R [2011],World Superbikes,
526,Rider,Mark Aitchison,29.435429172988677,0.8737914018136661,10/06/2011 13:00:00,0,Kawasaki ZX 10R [2011],World Superbikes,
526,Rider,Mark Aitchison,29.441476156316423,0.8711846305866103,10/06/2011 13:00:00,1,Kawasaki ZX 10R [2011],World Superbikes,
526,Rider,Mark Aitchison,29.448908232163088,0.868665017858087,17/06/2011 13:00:00,0,Kawasaki ZX 10R [2011],World Superbikes,
526,Rider,Mark Aitchison,29.45531474326201,0.8662798475850348,17/06/2011 13:00:00,1,Kawasaki ZX 10R [2011],World Superbikes,
526,Rider,Mark Aitchison,29.460369154433046,0.8640287311914332,18/06/2011 13:00:00,0,Kawasaki ZX 10R [2011],World Superbikes,
526,Rider,Mark Aitchison,29.463480230294927,0.8619105622918588,18/06/2011 13:00:00,1,Kawasaki ZX 10R [2011],World Superbikes,
526,Rider,Mark Aitchison,29.467143009314476,0.8598419509717421,08/07/2011 13:00:00,0,Kawasaki ZX 10R [2011],World Superbikes,
526,Rider,Mark Aitchison,29.469889143199882,0.8579055276256663,08/07/2011 13:00:00,1,Kawasaki ZX 10R [2011],World Superbikes,
526,Rider,Mark Aitchison,29.471753283648905,0.8561011017360345,09/07/2011 13:00:00,0,Kawasaki ZX 10R [2011],World Superbikes,
526,Rider,Mark Aitchison,29.47138087497909,0.8544256013868369,09/07/2011 13:00:00,1,Kawasaki ZX 10R [2011],World Superbikes,
526,Rider,Mark Aitchison,29.470632797223153,0.8528487790203052,29/07/2011 13:00:00,0,Kawasaki ZX 10R [2011],World Superbikes,
526,Rider,Mark Aitchison,29.468792534855226,0.8514012294273221,29/07/2011 13:00:00,1,Kawasaki ZX 10R [2011],World Superbikes,
526,Rider,Mark Aitchison,29.46499817537213,0.8500863355405935,30/07/2011 13:00:00,0,Kawasaki ZX 10R [2011],World Superbikes,
526,Rider,Mark Aitchison,29.459225863279702,0.848898914160812,30/07/2011 13:00:00,1,Kawasaki ZX 10R [2011],World Superbikes,
526,Rider,Mark Aitchison,29.453979282324273,0.8477589294086493,02/09/2011 13:00:00,0,Kawasaki ZX 10R [2011],World Superbikes,
526,Rider,Mark Aitchison,29.448223271702936,0.8467378925536687,02/09/2011 13:00:00,1,Kawasaki ZX 10R [2011],World Superbikes,
526,Rider,Mark Aitchison,29.44107673781848,0.8458443274987554,03/09/2011 13:00:00,0,Kawasaki ZX 10R [2011],World Superbikes,
526,Rider,Mark Aitchison,29.431926870564272,0.8450761899211612,03/09/2011 13:00:00,1,Kawasaki ZX 10R [2011],World Superbikes,
526,Rider,Mark Aitchison,29.422008176451907,0.8444046119693326,23/09/2011 13:00:00,0,Kawasaki ZX 10R [2011],World Superbikes,
526,Rider,Mark Aitchison,29.411032927026522,0.8438638802768642,23/09/2011 13:00:00,1,Kawasaki ZX 10R [2011],World Superbikes,
526,Rider,Mark Aitchison,29.39954087000609,0.8434497521530273,30/09/2011 13:00:00,0,Kawasaki ZX 10R [2011],World Superbikes,
526,Rider,Mark Aitchison,29.386555766540113,0.8431628171206931,30/09/2011 13:00:00,1,Kawasaki ZX 10R [2011],World Superbikes,
526,Rider,Mark Aitchison,29.373266531692124,0.8429858581019585,01/10/2011 13:00:00,0,Kawasaki ZX 10R [2011],World Superbikes,
526,Rider,Mark Aitchison,29.359769829595006,0.842909471724004,14/10/2011 13:00:00,0,Kawasaki ZX 10R [2011],World Superbikes,
526,Rider,Mark Aitchison,29.344320275830146,0.8429631767174618,14/10/2011 13:00:00,1,Kawasaki ZX 10R [2011],World Superbikes,
526,Rider,Mark Aitchison,29.326742790725575,0.8431471225692952,15/10/2011 13:00:00,0,Kawasaki ZX 10R [2011],World Superbikes,
526,Rider,Mark Aitchison,29.309849031288177,0.8433878150907819,23/02/2012 13:00:00,0,BMW S1000 RR [2012],World Superbikes,
526,Rider,Mark Aitchison,29.294252558597826,0.8437315692777463,24/02/2012 13:00:00,0,BMW S1000 RR [2012],World Superbikes,
526,Rider,Mark Aitchison,29.280120068063674,0.8441778552766676,30/03/2012 13:00:00,0,BMW S1000 RR [2012],World Superbikes,
526,Rider,Mark Aitchison,29.26657954083949,0.8447473544956974,30/03/2012 13:00:00,1,BMW S1000 RR [2012],World Superbikes,
526,Rider,Mark Aitchison,29.25325898688863,0.8454431875443567,20/04/2012 13:00:00,0,BMW S1000 RR [2012],World Superbikes,
526,Rider,Mark Aitchison,29.24109020419122,0.8462525583797593,20/04/2012 13:00:00,1,BMW S1000 RR [2012],World Superbikes,
526,Rider,Mark Aitchison,29.22918439780404,0.8471858560846612,04/05/2012 13:00:00,0,BMW S1000 RR [2012],World Superbikes,
526,Rider,Mark Aitchison,29.21874928265739,0.8482237160383466,04/05/2012 13:00:00,1,BMW S1000 RR [2012],World Superbikes,
526,Rider,Mark Aitchison,29.208340185906334,0.8493874013924059,12/04/2013 13:00:00,0,Ducati 1098R [2013],World Superbikes,
526,Rider,Mark Aitchison,29.19947811941007,0.8506300610106567,12/04/2013 13:00:00,1,Ducati 1098R [2013],World Superbikes,
526,Rider,Mark Aitchison,29.191524775513468,0.8519703225949617,26/04/2013 13:00:00,0,Ducati 1098R [2013],World Superbikes,
526,Rider,Mark Aitchison,29.18191096254952,0.853427251557265,26/04/2013 13:00:00,1,Ducati 1098R [2013],World Superbikes,
526,Rider,Mark Aitchison,29.17380308506805,0.8549580016953248,10/05/2013 13:00:00,0,Ducati 1098R [2013],World Superbikes,
526,Rider,Mark Aitchison,29.16752835189331,0.8565690152553194,10/05/2013 13:00:00,1,Ducati 1098R [2013],World Superbikes,
526,Rider,Mark Aitchison,29.16184150023611,0.8582811766512832,02/08/2013 13:00:00,0,Kawasaki ZX-10R [2013],World Superbikes,
526,Rider,Mark Aitchison,29.15686943045486,0.8601038300770002,02/08/2013 13:00:00,1,Kawasaki ZX-10R [2013],World Superbikes,
526,Rider,Mark Aitchison,29.152746241100377,0.8620375367581725,30/08/2013 13:00:00,0,Kawasaki ZX-10R [2013],World Superbikes,
526,Rider,Mark Aitchison,29.149366171723255,0.8640861136813863,30/08/2013 13:00:00,1,Kawasaki ZX-10R [2013],World Superbikes,
526,Rider,Mark Aitchison,29.146332865877955,0.8662613094087945,12/09/2013 13:00:00,0,Kawasaki ZX-10R [2013],World Superbikes,
526,Rider,Mark Aitchison,29.143771399356844,0.8685531969447989,13/09/2013 13:00:00,1,Kawasaki ZX-10R [2013],World Superbikes,
526,Rider,Mark Aitchison,29.14167283132331,0.8709623204350001,13/09/2013 13:00:00,2,Kawasaki ZX-10R [2013],World Superbikes,
526,Rider,Mark Aitchison,29.13994317220002,0.8734800805779416,27/09/2013 13:00:00,0,Kawasaki ZX-10R [2013],World Superbikes,
526,Rider,Mark Aitchison,29.139057729259797,0.8761243210261548,27/09/2013 13:00:00,1,Kawasaki ZX-10R [2013],World Superbikes,
526,Rider,Mark Aitchison,29.13794822199768,0.8789001913882664,28/09/2013 13:00:00,0,Kawasaki ZX-10R [2013],World Superbikes,
526,Rider,Mark Aitchison,29.137611442886072,0.8817936683329001,04/10/2013 13:00:00,0,Kawasaki ZX-10R [2013],World Superbikes,
526,Rider,Mark Aitchison,29.13833209942584,0.8848133227786042,04/10/2013 13:00:00,1,Kawasaki ZX-10R [2013],World Superbikes,
526,Rider,Mark Aitchison,29.139437288157495,0.8879662629619588,18/10/2013 13:00:00,0,Kawasaki ZX-10R [2013],World Superbikes,
526,Rider,Mark Aitchison,29.14043630911803,0.8912551906277373,18/10/2013 13:00:00,1,Kawasaki ZX-10R [2013],World Superbikes,
526,Rider,Mark Aitchison,29.141786906860766,0.8946818000349135,19/10/2013 13:00:00,0,Kawasaki ZX-10R [2013],World Superbikes,
526,Rider,Mark Aitchison,29.140864849606707,0.8982423411698017,19/10/2013 13:00:00,1,Kawasaki ZX-10R [2013],World Superbikes,
526,Rider,Mark Aitchison,29.139523728734193,0.9019265966066888,19/10/2013 13:00:00,2,Kawasaki ZX-10R [2013],World Superbikes,
527,Rider,Barry Veneman,29.6034645180081,3.5779628569984006,15/04/2011 13:00:00,0,BMW S1000 RR [2011],World Superbikes,
527,Rider,Barry Veneman,29.603260834406257,3.577971976492643,15/04/2011 13:00:00,1,BMW S1000 RR [2011],World Superbikes,
528,Rider,Alex Lowes,40.59803319977088,0.7674043395127585,08/07/2011 13:00:00,0,Honda CBR1000RR [2011],World Superbikes,
528,Rider,Alex Lowes,40.60198533558792,0.7630600586037848,08/07/2011 13:00:00,1,Honda CBR1000RR [2011],World Superbikes,
528,Rider,Alex Lowes,40.60825141653823,0.7588032342310148,29/07/2011 13:00:00,0,Honda CBR1000RR [2011],World Superbikes,
528,Rider,Alex Lowes,40.6148353784309,0.754651920161687,29/07/2011 13:00:00,1,Honda CBR1000RR [2011],World Superbikes,
528,Rider,Alex Lowes,40.62244455953915,0.7505995885353065,21/02/2014 13:00:00,1,Suzuki GSX-R 1000 [2014],World Superbikes,
528,Rider,Alex Lowes,40.629250115344185,0.746636922580311,12/04/2014 13:00:00,1,Suzuki GSX-R 1000 [2014],World Superbikes,
528,Rider,Alex Lowes,40.63644791407041,0.7427590806447899,26/04/2014 13:00:00,1,Suzuki GSX-R 1000 [2014],World Superbikes,
528,Rider,Alex Lowes,40.64410446818834,0.7389660892123576,10/05/2014 13:00:00,1,Suzuki GSX-R 1000 [2014],World Superbikes,
528,Rider,Alex Lowes,40.65362914346648,0.7352333146927791,23/05/2014 13:00:00,1,Suzuki GSX-R 1000 [2014],World Superbikes,
528,Rider,Alex Lowes,40.662120314674944,0.7315852282337252,06/06/2014 13:00:00,0,Suzuki GSX-R 1000 [2014],World Superbikes,
528,Rider,Alex Lowes,40.66959571375335,0.7279784170469416,06/06/2014 13:00:00,1,Suzuki GSX-R 1000 [2014],World Superbikes,
528,Rider,Alex Lowes,40.6774912414792,0.7244522631906218,21/06/2014 13:00:00,1,Suzuki GSX-R 1000 [2014],World Superbikes,
528,Rider,Alex Lowes,40.68668544047756,0.7209968914395519,05/07/2014 13:00:00,1,Suzuki GSX-R 1000 [2014],World Superbikes,
528,Rider,Alex Lowes,40.697530245560614,0.7176085413619038,12/07/2014 13:00:00,1,Suzuki GSX-R 1000 [2014],World Superbikes,
528,Rider,Alex Lowes,40.709559554319306,0.7142902476377011,06/09/2014 13:00:00,1,Suzuki GSX-R 1000 [2014],World Superbikes,
528,Rider,Alex Lowes,40.722016037613095,0.7110482224887487,04/10/2014 13:00:00,1,Suzuki GSX-R 1000 [2014],World Superbikes,
528,Rider,Alex Lowes,40.73458258264631,0.7078823096704271,01/11/2014 13:00:00,1,Suzuki GSX-R 1000 [2014],World Superbikes,
528,Rider,Alex Lowes,40.7485442415351,0.7047794298015106,20/02/2015 13:00:00,1,Suzuki GSX-R 1000 [2015],World Superbikes,
528,Rider,Alex Lowes,40.76224097055624,0.7017531532448574,20/03/2015 13:00:00,1,Suzuki GSX-R 1000 [2015],World Superbikes,
528,Rider,Alex Lowes,40.77442554465024,0.6988005933528688,18/04/2015 13:00:00,1,Suzuki GSX-R 1000 [2015],World Superbikes,
528,Rider,Alex Lowes,40.786398073127764,0.6959239004370444,09/05/2015 13:00:00,1,Suzuki GSX-R 1000 [2015],World Superbikes,
528,Rider,Alex Lowes,40.80031283421162,0.6931134401851103,22/05/2015 13:00:00,1,Suzuki GSX-R 1000 [2015],World Superbikes,
528,Rider,Alex Lowes,40.81365293651173,0.6903736530852792,06/06/2015 13:00:00,0,Suzuki GSX-R 1000 [2015],World Superbikes,
528,Rider,Alex Lowes,40.82597562558753,0.6876642106521529,06/06/2015 13:00:00,1,Suzuki GSX-R 1000 [2015],World Superbikes,
528,Rider,Alex Lowes,40.837315044904734,0.6850251326493896,20/06/2015 13:00:00,1,Suzuki GSX-R 1000 [2015],World Superbikes,
528,Rider,Alex Lowes,40.84853670552903,0.6824580182092409,18/07/2015 13:00:00,1,Suzuki GSX-R 1000 [2015],World Superbikes,
528,Rider,Alex Lowes,40.860174541870386,0.679958571173052,31/07/2015 13:00:00,0,Suzuki GSX-R 1000 [2015],World Superbikes,
528,Rider,Alex Lowes,40.87172060156398,0.6775137566710461,31/07/2015 13:00:00,1,Suzuki GSX-R 1000 [2015],World Superbikes,
528,Rider,Alex Lowes,40.88262913934567,0.675139095919189,19/09/2015 13:00:00,1,Suzuki GSX-R 1000 [2015],World Superbikes,
528,Rider,Alex Lowes,40.89434227963105,0.672832730758306,03/10/2015 13:00:00,1,Suzuki GSX-R 1000 [2015],World Superbikes,
528,Rider,Alex Lowes,40.90763159766285,0.6705881825368535,17/10/2015 13:00:00,1,Suzuki GSX-R 1000 [2015],World Superbikes,
528,Rider,Alex Lowes,40.9214598673572,0.6684035695265956,26/02/2016 13:00:00,0,Yamaha YZF-R1 [2016],World Superbikes,
528,Rider,Alex Lowes,40.93440255111668,0.6662399217498731,26/02/2016 13:00:00,1,Yamaha YZF-R1 [2016],World Superbikes,
528,Rider,Alex Lowes,40.94705629932284,0.6641413372050748,11/03/2016 13:00:00,1,Yamaha YZF-R1 [2016],World Superbikes,
528,Rider,Alex Lowes,40.96020543794993,0.6621056166257263,01/04/2016 13:00:00,1,Yamaha YZF-R1 [2016],World Superbikes,
528,Rider,Alex Lowes,40.97234323430872,0.6601316656489581,15/04/2016 13:00:00,1,Yamaha YZF-R1 [2016],World Superbikes,
528,Rider,Alex Lowes,40.9867141888786,0.658203538047858,29/04/2016 13:00:00,0,Yamaha YZF-R1 [2016],World Superbikes,
528,Rider,Alex Lowes,41.00203360628515,0.6563277202981236,13/05/2016 13:00:00,1,Yamaha YZF-R1 [2016],World Superbikes,
528,Rider,Alex Lowes,41.01583464588762,0.654502247889502,17/06/2016 13:00:00,1,Yamaha YZF-R1 [2016],World Superbikes,
528,Rider,Alex Lowes,41.02914604276314,0.6527369600365106,09/07/2016 13:00:00,1,Yamaha YZF-R1 [2016],World Superbikes,
528,Rider,Alex Lowes,41.043973757367645,0.6510309457184399,16/09/2016 13:00:00,1,Yamaha YZF-R1 [2016],World Superbikes,
528,Rider,Alex Lowes,41.06110774608983,0.6493665456525548,30/09/2016 13:00:00,1,Yamaha YZF-R1 [2016],World Superbikes,
528,Rider,Alex Lowes,41.08010405563061,0.6477563590211011,14/10/2016 13:00:00,1,Yamaha YZF-R1 [2016],World Superbikes,
528,Rider,Alex Lowes,41.098554806214835,0.6462018387697264,29/10/2016 13:00:00,1,Yamaha YZF-R1 [2016],World Superbikes,
528,Rider,Alex Lowes,41.117026096035175,0.644707166298034,24/02/2017 13:00:00,1,Yamaha YZF-R1 [2017],World Superbikes,
528,Rider,Alex Lowes,41.135415690639896,0.6432674188200259,10/03/2017 13:00:00,1,Yamaha YZF-R1 [2017],World Superbikes,
528,Rider,Alex Lowes,41.15315096256557,0.6418813987748574,31/03/2017 13:00:00,1,Yamaha YZF-R1 [2017],World Superbikes,
528,Rider,Alex Lowes,41.17344067480357,0.6405337425821263,16/06/2017 13:00:00,1,Yamaha YZF-R1 [2017],World Superbikes,
528,Rider,Alex Lowes,41.19431662115798,0.6392417655018833,08/07/2017 13:00:00,1,Yamaha YZF-R1 [2017],World Superbikes,
528,Rider,Alex Lowes,41.21615638012766,0.6380039300774828,18/08/2017 13:00:00,1,Yamaha YZF-R1 [2017],World Superbikes,
528,Rider,Alex Lowes,41.238457156854544,0.636821657269678,15/09/2017 13:00:00,1,Yamaha YZF-R1 [2017],World Superbikes,
528,Rider,Alex Lowes,41.26049328928071,0.6356906193563461,29/09/2017 13:00:00,1,Yamaha YZF-R1 [2017],World Superbikes,
528,Rider,Alex Lowes,41.2824721241879,0.6346153250370686,20/10/2017 13:00:00,1,Yamaha YZF-R1 [2017],World Superbikes,
528,Rider,Alex Lowes,41.303358866753,0.6335882622586884,03/11/2017 13:00:00,1,Yamaha YZF-R1 [2017],World Superbikes,
528,Rider,Alex Lowes,41.32272953365162,0.6326035784372874,23/02/2018 13:00:00,1,Yamaha YZF-R1 [2018],World Superbikes,
528,Rider,Alex Lowes,41.34109706597474,0.6316718845656291,23/03/2018 13:00:00,1,Yamaha YZF-R1 [2018],World Superbikes,
528,Rider,Alex Lowes,41.3592217565261,0.6307961768383127,13/04/2018 13:00:00,1,Yamaha YZF-R1 [2018],World Superbikes,
528,Rider,Alex Lowes,41.37703284980991,0.6299723424518054,20/04/2018 13:00:00,1,Yamaha YZF-R1 [2018],World Superbikes,
528,Rider,Alex Lowes,41.39258685901836,0.62918143233794,11/05/2018 13:00:00,0,Yamaha YZF-R1 [2018],World Superbikes,
528,Rider,Alex Lowes,41.40652980146089,0.6284122898791104,11/05/2018 13:00:00,1,Yamaha YZF-R1 [2018],World Superbikes,
528,Rider,Alex Lowes,41.421490400893866,0.6276934351460068,25/05/2018 13:00:00,1,Yamaha YZF-R1 [2018],World Superbikes,
528,Rider,Alex Lowes,41.435840581718224,0.6270277101701098,08/06/2018 13:00:00,1,Yamaha YZF-R1 [2018],World Superbikes,
528,Rider,Alex Lowes,41.449265797390986,0.6264104306397542,23/06/2018 13:00:00,1,Yamaha YZF-R1 [2018],World Superbikes,
528,Rider,Alex Lowes,41.46210460850215,0.6258432664909862,06/07/2018 13:00:00,1,Yamaha YZF-R1 [2018],World Superbikes,
528,Rider,Alex Lowes,41.47705584200612,0.6253079645379511,14/09/2018 13:00:00,1,Yamaha YZF-R1 [2018],World Superbikes,
528,Rider,Alex Lowes,41.49393955387027,0.6248032365759029,28/09/2018 13:00:00,1,Yamaha YZF-R1 [2018],World Superbikes,
528,Rider,Alex Lowes,41.51039728487164,0.6243500927368639,12/10/2018 13:00:00,1,Yamaha YZF-R1 [2018],World Superbikes,
528,Rider,Alex Lowes,41.52658160308321,0.6239473197996722,26/10/2018 13:00:00,1,Yamaha YZF-R1 [2018],World Superbikes,
528,Rider,Alex Lowes,41.54140877998978,0.6235892786826567,22/02/2019 13:00:00,0,Yamaha YZF-R1 [2019],World Superbikes,
528,Rider,Alex Lowes,41.555900440726255,0.6232800643208593,15/03/2019 13:00:00,0,Yamaha YZF-R1 [2019],World Superbikes,
528,Rider,Alex Lowes,41.56937243556593,0.6230159861363874,05/04/2019 13:00:00,0,Yamaha YZF-R1 [2019],World Superbikes,
528,Rider,Alex Lowes,41.582369930690184,0.6228009504030294,12/04/2019 13:00:00,0,Yamaha YZF-R1 [2019],World Superbikes,
528,Rider,Alex Lowes,41.59493184219296,0.6226363359346601,10/05/2019 13:00:00,0,Yamaha YZF-R1 [2019],World Superbikes,
528,Rider,Alex Lowes,41.607233318987156,0.6225210346316196,07/06/2019 13:00:00,0,Yamaha YZF-R1 [2019],World Superbikes,
528,Rider,Alex Lowes,41.61895660952907,0.6224536601183199,21/06/2019 13:00:00,0,Yamaha YZF-R1 [2019],World Superbikes,
528,Rider,Alex Lowes,41.630127017732825,0.6224329783223906,05/07/2019 13:00:00,0,Yamaha YZF-R1 [2019],World Superbikes,
528,Rider,Alex Lowes,41.64185184886678,0.6224635690197793,13/07/2019 13:00:00,0,Yamaha YZF-R1 [2019],World Superbikes,
528,Rider,Alex Lowes,41.65406852569933,0.6225459856978496,06/09/2019 13:00:00,0,Yamaha YZF-R1 [2019],World Superbikes,
528,Rider,Alex Lowes,41.66598332670427,0.6226780401703713,27/09/2019 13:00:00,0,Yamaha YZF-R1 [2019],World Superbikes,
528,Rider,Alex Lowes,41.6782058767577,0.6228625136034398,11/10/2019 13:00:00,0,Yamaha YZF-R1 [2019],World Superbikes,
528,Rider,Alex Lowes,41.690260122212166,0.6230968156071554,25/10/2019 13:00:00,0,Yamaha YZF-R1 [2019],World Superbikes,
528,Rider,Alex Lowes,41.700953582945715,0.6233701869856534,28/02/2020 13:00:00,0,Kawasaki ZX-10RR [2020],World Superbikes,
528,Rider,Alex Lowes,41.71212654023104,0.6236893396416519,31/07/2020 13:00:00,0,Kawasaki ZX-10RR [2020],World Superbikes,
528,Rider,Alex Lowes,41.72482011157954,0.6240561908083582,07/08/2020 13:00:00,0,Kawasaki ZX-10RR [2020],World Superbikes,
528,Rider,Alex Lowes,41.736511357906636,0.624462958255194,28/08/2020 13:00:00,0,Kawasaki ZX-10RR [2020],World Superbikes,
528,Rider,Alex Lowes,41.747780392901426,0.6249147270978074,04/09/2020 13:00:00,0,Kawasaki ZX-10RR [2020],World Superbikes,
528,Rider,Alex Lowes,41.75960911198307,0.6254147874819046,18/09/2020 13:00:00,0,Kawasaki ZX-10RR [2020],World Superbikes,
528,Rider,Alex Lowes,41.771942217507984,0.6259624029281291,02/10/2020 13:00:00,0,Kawasaki ZX-10RR [2020],World Superbikes,
528,Rider,Alex Lowes,41.783841187374136,0.6265548665139188,16/10/2020 13:00:00,0,Kawasaki ZX-10RR [2020],World Superbikes,
528,Rider,Alex Lowes,41.796217009227234,0.6271964349235578,21/05/2021 13:00:00,0,Kawasaki ZX-10RR [2021],World Superbikes,
528,Rider,Alex Lowes,41.80803377240574,0.6278844666519096,28/05/2021 13:00:00,0,Kawasaki ZX-10RR [2021],World Superbikes,
528,Rider,Alex Lowes,41.82093481684886,0.628626591288588,11/06/2021 13:00:00,0,Kawasaki ZX-10RR [2021],World Superbikes,
528,Rider,Alex Lowes,41.83389715033688,0.6294199369234263,02/07/2021 13:00:00,0,Kawasaki ZX-10RR [2021],World Superbikes,
528,Rider,Alex Lowes,41.84641984803508,0.6302639572592273,23/07/2021 13:00:00,0,Kawasaki ZX-10RR [2021],World Superbikes,
528,Rider,Alex Lowes,41.859028589157546,0.6311583920954731,06/08/2021 13:00:00,0,Kawasaki ZX-10RR [2021],World Superbikes,
528,Rider,Alex Lowes,41.87257189888942,0.6321061914464084,20/08/2021 13:00:00,0,Kawasaki ZX-10RR [2021],World Superbikes,
528,Rider,Alex Lowes,41.88644586682887,0.6331074838516809,03/09/2021 13:00:00,0,Kawasaki ZX-10RR [2021],World Superbikes,
528,Rider,Alex Lowes,41.89977082411044,0.6341581084583447,17/09/2021 13:00:00,0,Kawasaki ZX-10RR [2021],World Superbikes,
528,Rider,Alex Lowes,41.91291693740115,0.6352595439505595,24/09/2021 13:00:00,0,Kawasaki ZX-10RR [2021],World Superbikes,
528,Rider,Alex Lowes,41.924808140142616,0.6364026033237478,16/10/2021 13:00:00,0,Kawasaki ZX-10RR [2021],World Superbikes,
528,Rider,Alex Lowes,41.936380054837834,0.6375972115760774,08/04/2022 13:00:00,0,Kawasaki ZX-10RR [2022],World Superbikes,
528,Rider,Alex Lowes,41.94776194581156,0.6388437095915656,22/04/2022 13:00:00,0,Kawasaki ZX-10RR [2022],World Superbikes,
528,Rider,Alex Lowes,41.95765361890184,0.6401334144708407,20/05/2022 13:00:00,0,Kawasaki ZX-10RR [2022],World Superbikes,
528,Rider,Alex Lowes,41.96823043781741,0.641479038936318,10/06/2022 13:00:00,0,Kawasaki ZX-10RR [2022],World Superbikes,
528,Rider,Alex Lowes,41.97821108170571,0.6428755891682579,15/07/2022 13:00:00,0,Kawasaki ZX-10RR [2022],World Superbikes,
528,Rider,Alex Lowes,41.98672932547304,0.6443169781248259,29/07/2022 13:00:00,0,Kawasaki ZX-10RR [2022],World Superbikes,
528,Rider,Alex Lowes,41.994951696724,0.6458136642405852,09/09/2022 13:00:00,0,Kawasaki ZX-10RR [2022],World Superbikes,
528,Rider,Alex Lowes,42.00320669933265,0.6473685954100513,23/09/2022 13:00:00,0,Kawasaki ZX-10RR [2022],World Superbikes,
528,Rider,Alex Lowes,42.01018121531443,0.6489745583280898,07/10/2022 13:00:00,0,Kawasaki ZX-10RR [2022],World Superbikes,
528,Rider,Alex Lowes,42.0162140628035,0.6506320134754499,22/10/2022 13:00:00,0,Kawasaki ZX-10RR [2022],World Superbikes,
528,Rider,Alex Lowes,42.022912557264554,0.6523517412114893,11/11/2022 13:00:00,0,Kawasaki ZX-10RR [2022],World Superbikes,
528,Rider,Alex Lowes,42.028969518970506,0.6541259742971165,18/11/2022 13:00:00,0,Kawasaki ZX-10RR [2022],World Superbikes,
528,Rider,Alex Lowes,42.03398741901191,0.6559528754155254,24/02/2023 13:00:00,0,Kawasaki ZX-10RR [2023],World Superbikes,
528,Rider,Alex Lowes,42.03867469944284,0.657844152342487,03/03/2023 13:00:00,0,Kawasaki ZX-10RR [2023],World Superbikes,
528,Rider,Alex Lowes,42.04333401531023,0.6598000156389304,21/04/2023 13:00:00,0,Kawasaki ZX-10RR [2023],World Superbikes,
528,Rider,Alex Lowes,42.04667455912763,0.6618175185917502,05/05/2023 13:00:00,0,Kawasaki ZX-10RR [2023],World Superbikes,
528,Rider,Alex Lowes,42.049302430253064,0.6639005551741156,02/06/2023 13:00:00,0,Kawasaki ZX-10RR [2023],World Superbikes,
528,Rider,Alex Lowes,42.051937083449545,0.666051122591846,30/06/2023 13:00:00,0,Kawasaki ZX-10RR [2023],World Superbikes,
528,Rider,Alex Lowes,42.0533711257881,0.6682665806124554,14/07/2023 13:00:00,0,Kawasaki ZX-10RR [2023],World Superbikes,
528,Rider,Alex Lowes,42.05500747670525,0.6705517349886757,28/07/2023 13:00:00,0,Kawasaki ZX-10RR [2023],World Superbikes,
528,Rider,Alex Lowes,42.05711644791322,0.6729060673295407,08/09/2023 13:00:00,0,Kawasaki ZX-10RR [2023],World Superbikes,
528,Rider,Alex Lowes,42.05884824490509,0.6753310291728442,29/09/2023 13:00:00,0,Kawasaki ZX-10RR [2023],World Superbikes,
528,Rider,Alex Lowes,42.05859447845158,0.6778167365786538,27/10/2023 13:00:00,0,Kawasaki ZX-10RR [2023],World Superbikes,
528,Rider,Alex Lowes,42.05681085207061,0.6803684320170783,23/02/2024 13:00:00,0,Kawasaki ZX-10RR [2024],World Superbikes,
528,Rider,Alex Lowes,42.05437270001458,0.6829860319220703,22/03/2024 13:00:00,0,Kawasaki ZX-10RR [2024],World Superbikes,
528,Rider,Alex Lowes,42.05222830666144,0.6856781782627277,19/04/2024 13:00:00,0,Kawasaki ZX-10RR [2024],World Superbikes,
528,Rider,Alex Lowes,42.050079860339956,0.688439971353898,14/06/2024 13:00:00,0,Kawasaki ZX-10RR [2024],World Superbikes,
528,Rider,Alex Lowes,42.04743450740858,0.6912731596697814,12/07/2024 13:00:00,0,Kawasaki ZX-10RR [2024],World Superbikes,
528,Rider,Alex Lowes,42.04549735545308,0.6941842904520047,19/07/2024 13:00:00,0,Kawasaki ZX-10RR [2024],World Superbikes,
528,Rider,Alex Lowes,42.04278142999598,0.6971662915333473,10/08/2024 13:00:00,0,Kawasaki ZX-10RR [2024],World Superbikes,
528,Rider,Alex Lowes,42.038861611651924,0.7002131875450306,06/09/2024 13:00:00,0,Kawasaki ZX-10RR [2024],World Superbikes,
528,Rider,Alex Lowes,42.03320331574532,0.7033039811516475,20/09/2024 13:00:00,0,Kawasaki ZX-10RR [2024],World Superbikes,
528,Rider,Alex Lowes,42.0274019090515,0.7064701251515736,27/09/2024 13:00:00,0,Kawasaki ZX-10RR [2024],World Superbikes,
528,Rider,Alex Lowes,42.021701427637645,0.7097167823438173,11/10/2024 13:00:00,0,Kawasaki ZX-10RR [2024],World Superbikes,
528,Rider,Alex Lowes,42.016850979940855,0.7130474003587646,18/10/2024 13:00:00,0,Kawasaki ZX-10RR [2024],World Superbikes,
528,Rider,Alex Lowes,42.01126783592069,0.7164511166393905,21/02/2025 13:00:00,0,Bimota KB998 Rimini [2025],World Superbikes,
528,Rider,Alex Lowes,42.00656196456435,0.7199393461162183,28/03/2025 13:00:00,0,Bimota KB998 Rimini [2025],World Superbikes,
528,Rider,Alex Lowes,42.00659837627299,0.7234960241495576,11/04/2025 13:00:00,0,Bimota KB998 Rimini [2025],World Superbikes,
528,Rider,Alex Lowes,42.0071871020068,0.7271398198880504,02/05/2025 13:00:00,0,Bimota KB998 Rimini [2025],World Superbikes,
528,Rider,Alex Lowes,42.00960623996036,0.7308716167397583,16/05/2025 13:00:00,0,Bimota KB998 Rimini [2025],World Superbikes,
528,Rider,Alex Lowes,42.011489584546254,0.7346855746654651,13/06/2025 13:00:00,0,Bimota KB998 Rimini [2025],World Superbikes,
528,Rider,Alex Lowes,42.01292662162997,0.7385877198266079,11/07/2025 13:00:00,0,Bimota KB998 Rimini [2025],World Superbikes,
528,Rider,Alex Lowes,42.013237876536046,0.7425684632996475,25/07/2025 13:00:00,0,Bimota KB998 Rimini [2025],World Superbikes,
528,Rider,Alex Lowes,42.01487665150181,0.7466418679637398,05/09/2025 13:00:00,0,Bimota KB998 Rimini [2025],World Superbikes,
528,Rider,Alex Lowes,42.01584027917756,0.7508005413061649,26/09/2025 13:00:00,0,Bimota KB998 Rimini [2025],World Superbikes,
528,Rider,Alex Lowes,42.015601316562716,0.7550419492331522,10/10/2025 13:00:00,0,Bimota KB998 Rimini [2025],World Superbikes,
528,Rider,Alex Lowes,42.01483703968814,0.7593698247599325,17/10/2025 13:00:00,0,Bimota KB998 Rimini [2025],World Superbikes,
528,Rider,Alex Lowes,42.01338973940376,0.7637866256829019,20/02/2026 13:00:00,0,Bimota KB998 Rimini [2026],World Superbikes,
529,Rider,Viktor Kispataki,22.390628256414765,3.8637731661642807,08/07/2011 13:00:00,0,Honda CBR1000RR [2011],World Superbikes,
529,Rider,Viktor Kispataki,22.390798423015188,3.8635164052241247,08/07/2011 13:00:00,1,Honda CBR1000RR [2011],World Superbikes,
529,Rider,Viktor Kispataki,22.391372051081895,3.863503261105641,20/07/2012 13:00:00,0,Honda CBR1000RR [2012],World Superbikes,
530,Rider,Jon Kirkham,16.11857904760395,4.363800897664023,29/07/2011 13:00:00,0,Suzuki GSX-R 1000 K9 [2011],World Superbikes,
530,Rider,Jon Kirkham,16.118583826216913,4.363802242980712,29/07/2011 13:00:00,1,Suzuki GSX-R 1000 K9 [2011],World Superbikes,
531,Rider,Xavi Forés,32.220715428981386,0.9028162147107316,23/09/2011 13:00:00,0,BMW S1000 RR [2011],World Superbikes,
531,Rider,Xavi Forés,32.22336529617874,0.8991719381111537,23/09/2011 13:00:00,1,BMW S1000 RR [2011],World Superbikes,
531,Rider,Xavi Forés,32.22808494591125,0.8956330057062394,30/09/2011 13:00:00,0,BMW S1000 RR [2011],World Superbikes,
531,Rider,Xavi Forés,32.23364764987647,0.8922111486254287,30/09/2011 13:00:00,1,BMW S1000 RR [2011],World Superbikes,
531,Rider,Xavi Forés,32.240187150391435,0.8889016317896006,14/10/2011 13:00:00,0,BMW S1000 RR [2011],World Superbikes,
531,Rider,Xavi Forés,32.247239282259244,0.8857203722095842,14/10/2011 13:00:00,1,BMW S1000 RR [2011],World Superbikes,
531,Rider,Xavi Forés,32.255232301659426,0.8826583350065773,18/10/2013 13:00:00,0,Ducati Panigale R [2013],World Superbikes,
531,Rider,Xavi Forés,32.263100939292514,0.8797078768821452,18/10/2013 13:00:00,1,Ducati Panigale R [2013],World Superbikes,
531,Rider,Xavi Forés,32.270989797537155,0.8768693671300738,19/10/2013 13:00:00,0,Ducati Panigale R [2013],World Superbikes,
531,Rider,Xavi Forés,32.27847665735342,0.8741380477397067,19/10/2013 13:00:00,1,Ducati Panigale R [2013],World Superbikes,
531,Rider,Xavi Forés,32.28560810158353,0.8715078249816929,19/10/2013 13:00:00,2,Ducati Panigale R [2013],World Superbikes,
531,Rider,Xavi Forés,32.29316242407299,0.8689601408047734,04/10/2014 13:00:00,1,Ducati 1199 Panigale R [2014],World Superbikes,
531,Rider,Xavi Forés,32.30176787369875,0.8665230099573668,11/04/2015 13:00:00,1,Ducati Panigale R [2015],World Superbikes,
531,Rider,Xavi Forés,32.31020628981253,0.8641979962456128,18/04/2015 13:00:00,1,Ducati Panigale R [2015],World Superbikes,
531,Rider,Xavi Forés,32.318995846053284,0.8619924049308735,17/10/2015 13:00:00,1,Ducati Panigale R [2015],World Superbikes,
531,Rider,Xavi Forés,32.326715183800445,0.8598957228192189,26/02/2016 13:00:00,0,Ducati 1199 Panigale R [2016],World Superbikes,
531,Rider,Xavi Forés,32.33431777004506,0.8579025250457034,11/03/2016 13:00:00,0,Ducati 1199 Panigale R [2016],World Superbikes,
531,Rider,Xavi Forés,32.34283157385589,0.8560310687324393,01/04/2016 13:00:00,1,Ducati 1199 Panigale R [2016],World Superbikes,
531,Rider,Xavi Forés,32.35142768856546,0.8542775732961915,15/04/2016 13:00:00,1,Ducati 1199 Panigale R [2016],World Superbikes,
531,Rider,Xavi Forés,32.35987191279426,0.852643335659405,29/04/2016 13:00:00,0,Ducati 1199 Panigale R [2016],World Superbikes,
531,Rider,Xavi Forés,32.36785219973632,0.851111371109622,13/05/2016 13:00:00,0,Ducati 1199 Panigale R [2016],World Superbikes,
531,Rider,Xavi Forés,32.376699330569494,0.8496892967865517,27/05/2016 13:00:00,0,Ducati 1199 Panigale R [2016],World Superbikes,
531,Rider,Xavi Forés,32.38463348038683,0.8483658350011604,27/05/2016 13:00:00,1,Ducati 1199 Panigale R [2016],World Superbikes,
531,Rider,Xavi Forés,32.394140008119116,0.847135055720998,17/06/2016 13:00:00,1,Ducati 1199 Panigale R [2016],World Superbikes,
531,Rider,Xavi Forés,32.40189351596982,0.8460137962689486,09/07/2016 13:00:00,1,Ducati 1199 Panigale R [2016],World Superbikes,
531,Rider,Xavi Forés,32.40867846933257,0.8450075240664452,16/09/2016 13:00:00,0,Ducati 1199 Panigale R [2016],World Superbikes,
531,Rider,Xavi Forés,32.414965207141286,0.8440922317962047,30/09/2016 13:00:00,1,Ducati 1199 Panigale R [2016],World Superbikes,
531,Rider,Xavi Forés,32.42183420434193,0.84329012591074,14/10/2016 13:00:00,1,Ducati 1199 Panigale R [2016],World Superbikes,
531,Rider,Xavi Forés,32.42863560952122,0.8426028460612794,29/10/2016 13:00:00,1,Ducati 1199 Panigale R [2016],World Superbikes,
531,Rider,Xavi Forés,32.43491188098754,0.8420325095140747,24/02/2017 13:00:00,1,Ducati 1199 Panigale R [2017],World Superbikes,
531,Rider,Xavi Forés,32.441271597468216,0.8415715222502841,10/03/2017 13:00:00,1,Ducati 1199 Panigale R [2017],World Superbikes,
531,Rider,Xavi Forés,32.447513580437544,0.8412197668797895,31/03/2017 13:00:00,1,Ducati 1199 Panigale R [2017],World Superbikes,
531,Rider,Xavi Forés,32.452801340491476,0.8409765748079271,16/06/2017 13:00:00,1,Ducati 1199 Panigale R [2017],World Superbikes,
531,Rider,Xavi Forés,32.458114920498346,0.8408428172601994,08/07/2017 13:00:00,1,Ducati 1199 Panigale R [2017],World Superbikes,
531,Rider,Xavi Forés,32.46312916446604,0.8408185713969999,18/08/2017 13:00:00,0,Ducati 1199 Panigale R [2017],World Superbikes,
531,Rider,Xavi Forés,32.467413344878175,0.8408891038505266,18/08/2017 13:00:00,1,Ducati 1199 Panigale R [2017],World Superbikes,
531,Rider,Xavi Forés,32.473412565901874,0.8410393217103765,15/09/2017 13:00:00,0,Ducati 1199 Panigale R [2017],World Superbikes,
531,Rider,Xavi Forés,32.478909996344036,0.8412831529587806,15/09/2017 13:00:00,1,Ducati 1199 Panigale R [2017],World Superbikes,
531,Rider,Xavi Forés,32.485512182168314,0.8416264736494865,29/09/2017 13:00:00,1,Ducati 1199 Panigale R [2017],World Superbikes,
531,Rider,Xavi Forés,32.490954217062885,0.8420807921278204,20/10/2017 13:00:00,0,Ducati 1199 Panigale R [2017],World Superbikes,
531,Rider,Xavi Forés,32.495772393005694,0.842630699833227,20/10/2017 13:00:00,1,Ducati 1199 Panigale R [2017],World Superbikes,
531,Rider,Xavi Forés,32.50229122900425,0.8432606917727496,03/11/2017 13:00:00,1,Ducati 1199 Panigale R [2017],World Superbikes,
531,Rider,Xavi Forés,32.50776063257529,0.8440025660207028,23/02/2018 13:00:00,1,Ducati 1199 Panigale R [2018],World Superbikes,
531,Rider,Xavi Forés,32.51243627942278,0.84485978471248,23/03/2018 13:00:00,1,Ducati 1199 Panigale R [2018],World Superbikes,
531,Rider,Xavi Forés,32.515933457005914,0.8458338326753735,13/04/2018 13:00:00,1,Ducati 1199 Panigale R [2018],World Superbikes,
531,Rider,Xavi Forés,32.518041314125405,0.8469178584650696,20/04/2018 13:00:00,1,Ducati 1199 Panigale R [2018],World Superbikes,
531,Rider,Xavi Forés,32.51831859997262,0.848114252430799,11/05/2018 13:00:00,1,Ducati 1199 Panigale R [2018],World Superbikes,
531,Rider,Xavi Forés,32.517326713981014,0.8494260606921313,25/05/2018 13:00:00,0,Ducati 1199 Panigale R [2018],World Superbikes,
531,Rider,Xavi Forés,32.51827558343074,0.8508526619858516,08/06/2018 13:00:00,0,Ducati 1199 Panigale R [2018],World Superbikes,
531,Rider,Xavi Forés,32.5189097902804,0.8523868751872432,23/06/2018 13:00:00,1,Ducati 1199 Panigale R [2018],World Superbikes,
531,Rider,Xavi Forés,32.519234963167996,0.8540373023318286,06/07/2018 13:00:00,1,Ducati 1199 Panigale R [2018],World Superbikes,
531,Rider,Xavi Forés,32.51804552275659,0.8558013570703012,14/09/2018 13:00:00,1,Ducati 1199 Panigale R [2018],World Superbikes,
531,Rider,Xavi Forés,32.516174776222556,0.8576842105731778,28/09/2018 13:00:00,1,Ducati 1199 Panigale R [2018],World Superbikes,
531,Rider,Xavi Forés,32.51286214534777,0.859683143199654,12/10/2018 13:00:00,1,Ducati 1199 Panigale R [2018],World Superbikes,
531,Rider,Xavi Forés,32.50815395942483,0.8617986105691837,26/10/2018 13:00:00,0,Ducati 1199 Panigale R [2018],World Superbikes,
531,Rider,Xavi Forés,32.50319041400724,0.8639994791736288,26/10/2018 13:00:00,1,Ducati 1199 Panigale R [2018],World Superbikes,
531,Rider,Xavi Forés,32.497338475954066,0.8663207029812425,28/02/2020 13:00:00,0,Kawasaki ZX-10RR [2020],World Superbikes,
531,Rider,Xavi Forés,32.49088505802904,0.8687566966527995,31/07/2020 13:00:00,0,Kawasaki ZX-10RR [2020],World Superbikes,
531,Rider,Xavi Forés,32.48483344897773,0.8713077620400788,07/08/2020 13:00:00,0,Kawasaki ZX-10RR [2020],World Superbikes,
531,Rider,Xavi Forés,32.47889497253876,0.8739757035746846,28/08/2020 13:00:00,0,Kawasaki ZX-10RR [2020],World Superbikes,
531,Rider,Xavi Forés,32.472698346364425,0.8767628953150548,04/09/2020 13:00:00,0,Kawasaki ZX-10RR [2020],World Superbikes,
531,Rider,Xavi Forés,32.466705167574204,0.879667264261597,18/09/2020 13:00:00,0,Kawasaki ZX-10RR [2020],World Superbikes,
531,Rider,Xavi Forés,32.46100730918624,0.8826881672505812,02/10/2020 13:00:00,0,Kawasaki ZX-10RR [2020],World Superbikes,
531,Rider,Xavi Forés,32.45548540216162,0.8858263597399492,16/10/2020 13:00:00,0,Kawasaki ZX-10RR [2020],World Superbikes,
531,Rider,Xavi Forés,32.449196691762936,0.889086610849844,20/05/2022 13:00:00,0,Ducati Panigale V4 R [2022],World Superbikes,
531,Rider,Xavi Forés,32.444848586776935,0.8924703707438485,22/10/2022 13:00:00,0,Ducati Panigale V4 R [2022],World Superbikes,
531,Rider,Xavi Forés,32.441726670367224,0.8959796720937191,11/11/2022 13:00:00,0,Ducati Panigale V4 R [2022],World Superbikes,
531,Rider,Xavi Forés,32.43960339357245,0.8996135371750156,18/11/2022 13:00:00,0,Ducati Panigale V4 R [2022],World Superbikes,
532,Rider,Davide Giugliano,36.39414421335748,0.7436425445373872,14/10/2011 13:00:00,0,Ducati 1098R [2011],World Superbikes,
532,Rider,Davide Giugliano,36.39731154430892,0.7391602429316134,14/10/2011 13:00:00,1,Ducati 1098R [2011],World Superbikes,
532,Rider,Davide Giugliano,36.39974050493369,0.7347764481063169,15/10/2011 13:00:00,0,Ducati 1098R [2011],World Superbikes,
532,Rider,Davide Giugliano,36.40441859822319,0.7304749094831245,23/02/2012 13:00:00,0,Ducati 1098R [2012],World Superbikes,
532,Rider,Davide Giugliano,36.40767270712699,0.7262659972677543,24/02/2012 13:00:00,0,Ducati 1098R [2012],World Superbikes,
532,Rider,Davide Giugliano,36.413267026932004,0.7221497322396541,30/03/2012 13:00:00,0,Ducati 1098R [2012],World Superbikes,
532,Rider,Davide Giugliano,36.41906547902749,0.718130768854107,30/03/2012 13:00:00,1,Ducati 1098R [2012],World Superbikes,
532,Rider,Davide Giugliano,36.42564109092518,0.7142088584327579,31/03/2012 13:00:00,0,Ducati 1098R [2012],World Superbikes,
532,Rider,Davide Giugliano,36.432187719027276,0.7103775705059828,31/03/2012 13:00:00,1,Ducati 1098R [2012],World Superbikes,
532,Rider,Davide Giugliano,36.44066813324895,0.7066067103189668,20/04/2012 13:00:00,0,Ducati 1098R [2012],World Superbikes,
532,Rider,Davide Giugliano,36.45110135066691,0.702924923584904,20/04/2012 13:00:00,1,Ducati 1098R [2012],World Superbikes,
532,Rider,Davide Giugliano,36.46307304374504,0.6993322632993249,04/05/2012 13:00:00,0,Ducati 1098R [2012],World Superbikes,
532,Rider,Davide Giugliano,36.475137001524786,0.6958296539471965,04/05/2012 13:00:00,1,Ducati 1098R [2012],World Superbikes,
532,Rider,Davide Giugliano,36.488799847959775,0.6924130985081365,05/05/2012 13:00:00,0,Ducati 1098R [2012],World Superbikes,
532,Rider,Davide Giugliano,36.502404452269204,0.689080375263739,05/05/2012 13:00:00,1,Ducati 1098R [2012],World Superbikes,
532,Rider,Davide Giugliano,36.517440287297525,0.6857904322610147,11/05/2012 13:00:00,0,Ducati 1098R [2012],World Superbikes,
532,Rider,Davide Giugliano,36.53246438296196,0.6825849970446977,11/05/2012 13:00:00,1,Ducati 1098R [2012],World Superbikes,
532,Rider,Davide Giugliano,36.5478568781071,0.679462967997225,12/05/2012 13:00:00,0,Ducati 1098R [2012],World Superbikes,
532,Rider,Davide Giugliano,36.56445721202741,0.6764169187122917,26/05/2012 13:00:00,0,Ducati 1098R [2012],World Superbikes,
532,Rider,Davide Giugliano,36.580089356653446,0.673450340933836,26/05/2012 13:00:00,1,Ducati 1098R [2012],World Superbikes,
532,Rider,Davide Giugliano,36.597397924887915,0.6705629078016828,27/05/2012 13:00:00,0,Ducati 1098R [2012],World Superbikes,
532,Rider,Davide Giugliano,36.61465651798357,0.6677516642379538,27/05/2012 13:00:00,1,Ducati 1098R [2012],World Superbikes,
532,Rider,Davide Giugliano,36.63158038926815,0.6650119248788106,27/05/2012 13:00:00,2,Ducati 1098R [2012],World Superbikes,
532,Rider,Davide Giugliano,36.64785120586379,0.6623353149281958,08/06/2012 13:00:00,0,Ducati 1098R [2012],World Superbikes,
532,Rider,Davide Giugliano,36.663208310135666,0.6597332027978868,08/06/2012 13:00:00,1,Ducati 1098R [2012],World Superbikes,
532,Rider,Davide Giugliano,36.67711134348258,0.657198170971434,09/06/2012 13:00:00,0,Ducati 1098R [2012],World Superbikes,
532,Rider,Davide Giugliano,36.68981937061257,0.6547287908794901,09/06/2012 13:00:00,1,Ducati 1098R [2012],World Superbikes,
532,Rider,Davide Giugliano,36.702265477628295,0.6523202263427726,29/06/2012 13:00:00,0,Ducati 1098R [2012],World Superbikes,
532,Rider,Davide Giugliano,36.71505168209288,0.6499857638762717,29/06/2012 13:00:00,1,Ducati 1098R [2012],World Superbikes,
532,Rider,Davide Giugliano,36.72799578563492,0.6477239224450998,30/06/2012 13:00:00,0,Ducati 1098R [2012],World Superbikes,
532,Rider,Davide Giugliano,36.741553590823884,0.6455298990926119,30/06/2012 13:00:00,1,Ducati 1098R [2012],World Superbikes,
532,Rider,Davide Giugliano,36.75639752805207,0.6433911673975085,20/07/2012 13:00:00,0,Ducati 1098R [2012],World Superbikes,
532,Rider,Davide Giugliano,36.7689742230973,0.6412976225832528,20/07/2012 13:00:00,1,Ducati 1098R [2012],World Superbikes,
532,Rider,Davide Giugliano,36.7803380210111,0.6392628448008394,21/07/2012 13:00:00,0,Ducati 1098R [2012],World Superbikes,
532,Rider,Davide Giugliano,36.791599088131605,0.6372930081115478,21/07/2012 13:00:00,1,Ducati 1098R [2012],World Superbikes,
532,Rider,Davide Giugliano,36.80212893286354,0.6353797839351605,03/08/2012 13:00:00,0,Ducati 1098R [2012],World Superbikes,
532,Rider,Davide Giugliano,36.81457272395743,0.6335284986067068,03/08/2012 13:00:00,1,Ducati 1098R [2012],World Superbikes,
532,Rider,Davide Giugliano,36.82757634575034,0.631743240831778,04/08/2012 13:00:00,0,Ducati 1098R [2012],World Superbikes,
532,Rider,Davide Giugliano,36.83885638843616,0.6300100499758445,04/08/2012 13:00:00,1,Ducati 1098R [2012],World Superbikes,
532,Rider,Davide Giugliano,36.85000141053587,0.6283313494362376,23/08/2012 13:00:00,0,Ducati 1098R [2012],World Superbikes,
532,Rider,Davide Giugliano,36.858901448917926,0.6266905437965485,24/08/2012 13:00:00,0,Ducati 1098R [2012],World Superbikes,
532,Rider,Davide Giugliano,36.86790294975996,0.6251124260260291,24/08/2012 13:00:00,1,Ducati 1098R [2012],World Superbikes,
532,Rider,Davide Giugliano,36.87602946680738,0.6235895020284227,24/08/2012 13:00:00,2,Ducati 1098R [2012],World Superbikes,
532,Rider,Davide Giugliano,36.88331590435487,0.6221185548563747,24/08/2012 13:00:00,3,Ducati 1098R [2012],World Superbikes,
532,Rider,Davide Giugliano,36.89206525308224,0.6206705979800677,07/09/2012 13:00:00,0,Ducati 1098R [2012],World Superbikes,
532,Rider,Davide Giugliano,36.89895497902176,0.6192699966670834,07/09/2012 13:00:00,1,Ducati 1098R [2012],World Superbikes,
532,Rider,Davide Giugliano,36.9052461914181,0.6179261656987883,08/09/2012 13:00:00,0,Ducati 1098R [2012],World Superbikes,
532,Rider,Davide Giugliano,36.912805909975184,0.6166322043635775,08/09/2012 13:00:00,1,Ducati 1098R [2012],World Superbikes,
532,Rider,Davide Giugliano,36.921167848107,0.6153883598979368,21/09/2012 13:00:00,0,Ducati 1098R [2012],World Superbikes,
532,Rider,Davide Giugliano,36.930951208448654,0.614201188614231,21/09/2012 13:00:00,1,Ducati 1098R [2012],World Superbikes,
532,Rider,Davide Giugliano,36.94084522789912,0.613070937534425,22/09/2012 13:00:00,0,Ducati 1098R [2012],World Superbikes,
532,Rider,Davide Giugliano,36.95125771563284,0.6119932609895365,22/09/2012 13:00:00,1,Ducati 1098R [2012],World Superbikes,
532,Rider,Davide Giugliano,36.96262616872261,0.6109625271078151,05/10/2012 13:00:00,0,Ducati 1098R [2012],World Superbikes,
532,Rider,Davide Giugliano,36.9729538462298,0.6099818762250593,05/10/2012 13:00:00,1,Ducati 1098R [2012],World Superbikes,
532,Rider,Davide Giugliano,36.983245150411314,0.6090542472835497,06/10/2012 13:00:00,0,Ducati 1098R [2012],World Superbikes,
532,Rider,Davide Giugliano,36.99565215196995,0.6081687938460287,21/02/2013 13:00:00,0,Aprilia RSV4 Factory [2013],World Superbikes,
532,Rider,Davide Giugliano,37.0083388831097,0.6073356503756888,22/02/2013 13:00:00,0,Aprilia RSV4 Factory [2013],World Superbikes,
532,Rider,Davide Giugliano,37.02176059310577,0.6065539298253234,22/02/2013 13:00:00,1,Aprilia RSV4 Factory [2013],World Superbikes,
532,Rider,Davide Giugliano,37.035609684587726,0.6058225611345889,22/02/2013 13:00:00,2,Aprilia RSV4 Factory [2013],World Superbikes,
532,Rider,Davide Giugliano,37.05068242619172,0.6051353137292171,12/04/2013 13:00:00,0,Aprilia RSV4 Factory [2013],World Superbikes,
532,Rider,Davide Giugliano,37.06639293365365,0.6044975035201997,12/04/2013 13:00:00,1,Aprilia RSV4 Factory [2013],World Superbikes,
532,Rider,Davide Giugliano,37.08159262781881,0.6039050673645902,13/04/2013 13:00:00,0,Aprilia RSV4 Factory [2013],World Superbikes,
532,Rider,Davide Giugliano,37.09697277387834,0.6033607538119148,13/04/2013 13:00:00,1,Aprilia RSV4 Factory [2013],World Superbikes,
532,Rider,Davide Giugliano,37.11195774472923,0.6028609344674419,13/04/2013 13:00:00,2,Aprilia RSV4 Factory [2013],World Superbikes,
532,Rider,Davide Giugliano,37.12766512561102,0.6024011295447997,26/04/2013 13:00:00,0,Aprilia RSV4 Factory [2013],World Superbikes,
532,Rider,Davide Giugliano,37.14286478966707,0.6019858114896041,26/04/2013 13:00:00,1,Aprilia RSV4 Factory [2013],World Superbikes,
532,Rider,Davide Giugliano,37.156062403160114,0.601592952166803,27/04/2013 13:00:00,0,Aprilia RSV4 Factory [2013],World Superbikes,
532,Rider,Davide Giugliano,37.16788606457498,0.6012336737111657,27/04/2013 13:00:00,1,Aprilia RSV4 Factory [2013],World Superbikes,
532,Rider,Davide Giugliano,37.180013760656266,0.6009179201728974,27/04/2013 13:00:00,2,Aprilia RSV4 Factory [2013],World Superbikes,
532,Rider,Davide Giugliano,37.192834464285795,0.6006380615116884,10/05/2013 13:00:00,0,Aprilia RSV4 Factory [2013],World Superbikes,
532,Rider,Davide Giugliano,37.20522303951313,0.6004038063191647,10/05/2013 13:00:00,1,Aprilia RSV4 Factory [2013],World Superbikes,
532,Rider,Davide Giugliano,37.21829701958285,0.6002160585367456,11/05/2013 13:00:00,0,Aprilia RSV4 Factory [2013],World Superbikes,
532,Rider,Davide Giugliano,37.23065667560806,0.600071886627234,11/05/2013 13:00:00,1,Aprilia RSV4 Factory [2013],World Superbikes,
532,Rider,Davide Giugliano,37.24274204320429,0.5999727780100496,11/05/2013 13:00:00,2,Aprilia RSV4 Factory [2013],World Superbikes,
532,Rider,Davide Giugliano,37.255222857953164,0.5999126180832967,24/05/2013 13:00:00,0,Aprilia RSV4 Factory [2013],World Superbikes,
532,Rider,Davide Giugliano,37.26722555864077,0.5998990598133223,24/05/2013 13:00:00,1,Aprilia RSV4 Factory [2013],World Superbikes,
532,Rider,Davide Giugliano,37.279268450931426,0.599934255196748,25/05/2013 13:00:00,0,Aprilia RSV4 Factory [2013],World Superbikes,
532,Rider,Davide Giugliano,37.290709798974746,0.600015117207566,25/05/2013 13:00:00,1,Aprilia RSV4 Factory [2013],World Superbikes,
532,Rider,Davide Giugliano,37.30153926382208,0.6001390487002016,25/05/2013 13:00:00,2,Aprilia RSV4 Factory [2013],World Superbikes,
532,Rider,Davide Giugliano,37.31358953293154,0.600295900834383,07/06/2013 13:00:00,0,Aprilia RSV4 Factory [2013],World Superbikes,
532,Rider,Davide Giugliano,37.325200111175405,0.6004983065880112,07/06/2013 13:00:00,1,Aprilia RSV4 Factory [2013],World Superbikes,
532,Rider,Davide Giugliano,37.336838811046974,0.6007486734807593,08/06/2013 13:00:00,0,Aprilia RSV4 Factory [2013],World Superbikes,
532,Rider,Davide Giugliano,37.34809832643295,0.6010476701740759,08/06/2013 13:00:00,1,Aprilia RSV4 Factory [2013],World Superbikes,
532,Rider,Davide Giugliano,37.361236051958066,0.6013852888234246,28/06/2013 13:00:00,0,Aprilia RSV4 Factory [2013],World Superbikes,
532,Rider,Davide Giugliano,37.37402125019914,0.6017719181609145,28/06/2013 13:00:00,1,Aprilia RSV4 Factory [2013],World Superbikes,
532,Rider,Davide Giugliano,37.38534726750297,0.6021975230680343,29/06/2013 13:00:00,0,Aprilia RSV4 Factory [2013],World Superbikes,
532,Rider,Davide Giugliano,37.39635884697546,0.6026717082239506,29/06/2013 13:00:00,1,Aprilia RSV4 Factory [2013],World Superbikes,
532,Rider,Davide Giugliano,37.40774072273556,0.6031928565192282,29/06/2013 13:00:00,2,Aprilia RSV4 Factory [2013],World Superbikes,
532,Rider,Davide Giugliano,37.41834145353648,0.6037520164306589,18/07/2013 13:00:00,0,Aprilia RSV4 Factory [2013],World Superbikes,
532,Rider,Davide Giugliano,37.42747594353645,0.6043487994919927,19/07/2013 13:00:00,0,Aprilia RSV4 Factory [2013],World Superbikes,
532,Rider,Davide Giugliano,37.43549239276114,0.6049870811825169,19/07/2013 13:00:00,1,Aprilia RSV4 Factory [2013],World Superbikes,
532,Rider,Davide Giugliano,37.44295775383257,0.6056732128228833,19/07/2013 13:00:00,2,Aprilia RSV4 Factory [2013],World Superbikes,
532,Rider,Davide Giugliano,37.4505178230505,0.606407768033627,19/07/2013 13:00:00,3,Aprilia RSV4 Factory [2013],World Superbikes,
532,Rider,Davide Giugliano,37.45642319910433,0.6071647681620591,02/08/2013 13:00:00,0,Aprilia RSV4 Factory [2013],World Superbikes,
532,Rider,Davide Giugliano,37.461370830833985,0.6079674335939196,02/08/2013 13:00:00,1,Aprilia RSV4 Factory [2013],World Superbikes,
532,Rider,Davide Giugliano,37.46557474020019,0.6088196373265912,03/08/2013 13:00:00,0,Aprilia RSV4 Factory [2013],World Superbikes,
532,Rider,Davide Giugliano,37.4689540230822,0.6097208176346289,03/08/2013 13:00:00,1,Aprilia RSV4 Factory [2013],World Superbikes,
532,Rider,Davide Giugliano,37.47347129018831,0.6106682530582792,03/08/2013 13:00:00,2,Aprilia RSV4 Factory [2013],World Superbikes,
532,Rider,Davide Giugliano,37.47976519071153,0.6116410015255115,30/08/2013 13:00:00,0,Aprilia RSV4 Factory [2013],World Superbikes,
532,Rider,Davide Giugliano,37.48733687434267,0.6126655785288309,30/08/2013 13:00:00,1,Aprilia RSV4 Factory [2013],World Superbikes,
532,Rider,Davide Giugliano,37.493922961226765,0.6137395994651991,31/08/2013 13:00:00,0,Aprilia RSV4 Factory [2013],World Superbikes,
532,Rider,Davide Giugliano,37.502781252744306,0.6148528268144935,12/09/2013 13:00:00,0,Aprilia RSV4 Factory [2013],World Superbikes,
532,Rider,Davide Giugliano,37.51281635956096,0.616015183284852,13/09/2013 13:00:00,1,Aprilia RSV4 Factory [2013],World Superbikes,
532,Rider,Davide Giugliano,37.523401517294964,0.6172275203919931,13/09/2013 13:00:00,2,Aprilia RSV4 Factory [2013],World Superbikes,
532,Rider,Davide Giugliano,37.53281758646873,0.6184805088609985,13/09/2013 13:00:00,3,Aprilia RSV4 Factory [2013],World Superbikes,
532,Rider,Davide Giugliano,37.54167073801686,0.6197758751967711,27/09/2013 13:00:00,0,Aprilia RSV4 Factory [2013],World Superbikes,
532,Rider,Davide Giugliano,37.55066466683052,0.6211267225637512,27/09/2013 13:00:00,1,Aprilia RSV4 Factory [2013],World Superbikes,
532,Rider,Davide Giugliano,37.56013087902788,0.6225337548594736,28/09/2013 13:00:00,0,Aprilia RSV4 Factory [2013],World Superbikes,
532,Rider,Davide Giugliano,37.570729291638436,0.6239965567981565,28/09/2013 13:00:00,1,Aprilia RSV4 Factory [2013],World Superbikes,
532,Rider,Davide Giugliano,37.5820573097289,0.6255118125381904,28/09/2013 13:00:00,2,Aprilia RSV4 Factory [2013],World Superbikes,
532,Rider,Davide Giugliano,37.59406557854826,0.6270757851282792,04/10/2013 13:00:00,0,Aprilia RSV4 Factory [2013],World Superbikes,
532,Rider,Davide Giugliano,37.60652214679165,0.6286973051546724,04/10/2013 13:00:00,1,Aprilia RSV4 Factory [2013],World Superbikes,
532,Rider,Davide Giugliano,37.618159352902765,0.6303652308849758,05/10/2013 13:00:00,0,Aprilia RSV4 Factory [2013],World Superbikes,
532,Rider,Davide Giugliano,37.63065641190622,0.6320916133360359,05/10/2013 13:00:00,1,Aprilia RSV4 Factory [2013],World Superbikes,
532,Rider,Davide Giugliano,37.642828695925076,0.6338620331683456,18/10/2013 13:00:00,0,Aprilia RSV4 Factory [2013],World Superbikes,
532,Rider,Davide Giugliano,37.653233558482995,0.6356673479423911,18/10/2013 13:00:00,1,Aprilia RSV4 Factory [2013],World Superbikes,
532,Rider,Davide Giugliano,37.66193645027425,0.6375082407798042,19/10/2013 13:00:00,0,Aprilia RSV4 Factory [2013],World Superbikes,
532,Rider,Davide Giugliano,37.67022545153196,0.6394076379508314,19/10/2013 13:00:00,1,Aprilia RSV4 Factory [2013],World Superbikes,
532,Rider,Davide Giugliano,37.678552438334435,0.6413652087596599,19/10/2013 13:00:00,2,Aprilia RSV4 Factory [2013],World Superbikes,
532,Rider,Davide Giugliano,37.68627676869452,0.6433737937905661,21/02/2014 13:00:00,1,Ducati 1199 Panigale R [2014],World Superbikes,
532,Rider,Davide Giugliano,37.69302480343225,0.6454310608830905,12/04/2014 13:00:00,1,Ducati 1199 Panigale R [2014],World Superbikes,
532,Rider,Davide Giugliano,37.69937939811655,0.6475459046089559,26/04/2014 13:00:00,1,Ducati 1199 Panigale R [2014],World Superbikes,
532,Rider,Davide Giugliano,37.70608266314865,0.6497198105542225,10/05/2014 13:00:00,1,Ducati 1199 Panigale R [2014],World Superbikes,
532,Rider,Davide Giugliano,37.712016753036096,0.651950775134485,23/05/2014 13:00:00,1,Ducati 1199 Panigale R [2014],World Superbikes,
532,Rider,Davide Giugliano,37.7164411937084,0.654217612072069,06/06/2014 13:00:00,1,Ducati 1199 Panigale R [2014],World Superbikes,
532,Rider,Davide Giugliano,37.72020215804682,0.656540589236883,21/06/2014 13:00:00,1,Ducati 1199 Panigale R [2014],World Superbikes,
532,Rider,Davide Giugliano,37.722760021434844,0.658914205983364,05/07/2014 13:00:00,1,Ducati 1199 Panigale R [2014],World Superbikes,
532,Rider,Davide Giugliano,37.726481660042644,0.6613489517578047,12/07/2014 13:00:00,1,Ducati 1199 Panigale R [2014],World Superbikes,
532,Rider,Davide Giugliano,37.72990759605456,0.6638454472346399,06/09/2014 13:00:00,1,Ducati 1199 Panigale R [2014],World Superbikes,
532,Rider,Davide Giugliano,37.73223669216328,0.6663999285817067,04/10/2014 13:00:00,1,Ducati 1199 Panigale R [2014],World Superbikes,
532,Rider,Davide Giugliano,37.73330445327366,0.6690088378740707,01/11/2014 13:00:00,1,Ducati 1199 Panigale R [2014],World Superbikes,
532,Rider,Davide Giugliano,37.73262920430704,0.6716608062876125,09/05/2015 13:00:00,1,Ducati Panigale R [2015],World Superbikes,
532,Rider,Davide Giugliano,37.73041696817322,0.6743506013014128,22/05/2015 13:00:00,1,Ducati Panigale R [2015],World Superbikes,
532,Rider,Davide Giugliano,37.72795885602173,0.6771009058954952,06/06/2015 13:00:00,1,Ducati Panigale R [2015],World Superbikes,
532,Rider,Davide Giugliano,37.72404922194072,0.6798894402502415,20/06/2015 13:00:00,1,Ducati Panigale R [2015],World Superbikes,
532,Rider,Davide Giugliano,37.71976585086589,0.6827436474521866,18/07/2015 13:00:00,1,Ducati Panigale R [2015],World Superbikes,
532,Rider,Davide Giugliano,37.71472713578524,0.6856590636030875,26/02/2016 13:00:00,1,Ducati 1199 Panigale R [2016],World Superbikes,
532,Rider,Davide Giugliano,37.70825251527541,0.6886352044961316,11/03/2016 13:00:00,1,Ducati 1199 Panigale R [2016],World Superbikes,
532,Rider,Davide Giugliano,37.702053573718324,0.6916834404642687,01/04/2016 13:00:00,1,Ducati 1199 Panigale R [2016],World Superbikes,
532,Rider,Davide Giugliano,37.695982076911505,0.6948071814851741,15/04/2016 13:00:00,1,Ducati 1199 Panigale R [2016],World Superbikes,
532,Rider,Davide Giugliano,37.689047752733174,0.6980023869469215,29/04/2016 13:00:00,1,Ducati 1199 Panigale R [2016],World Superbikes,
532,Rider,Davide Giugliano,37.6808490513711,0.7012639656965072,13/05/2016 13:00:00,1,Ducati 1199 Panigale R [2016],World Superbikes,
532,Rider,Davide Giugliano,37.67393707421675,0.7046023041047372,27/05/2016 13:00:00,1,Ducati 1199 Panigale R [2016],World Superbikes,
532,Rider,Davide Giugliano,37.66717773058645,0.70801461384962,17/06/2016 13:00:00,1,Ducati 1199 Panigale R [2016],World Superbikes,
532,Rider,Davide Giugliano,37.66096495319583,0.7115081867422912,09/07/2016 13:00:00,1,Ducati 1199 Panigale R [2016],World Superbikes,
532,Rider,Davide Giugliano,37.65388823543551,0.7150736818733923,16/09/2016 13:00:00,0,Ducati 1199 Panigale R [2016],World Superbikes,
532,Rider,Davide Giugliano,37.645416127250954,0.7186758453321558,16/09/2016 13:00:00,1,Ducati 1199 Panigale R [2016],World Superbikes,
532,Rider,Davide Giugliano,37.637627166611686,0.7223628702087133,14/10/2016 13:00:00,1,Ducati 1199 Panigale R [2016],World Superbikes,
532,Rider,Davide Giugliano,37.628892865494294,0.7261254031934499,29/10/2016 13:00:00,0,Ducati 1199 Panigale R [2016],World Superbikes,
532,Rider,Davide Giugliano,37.62005438336697,0.7299554200060202,29/10/2016 13:00:00,1,Ducati 1199 Panigale R [2016],World Superbikes,
532,Rider,Davide Giugliano,37.612988710823586,0.7338639765522961,18/08/2017 13:00:00,0,Honda CBR1000RR SP2 [2017],World Superbikes,
532,Rider,Davide Giugliano,37.606625426366136,0.737853112457391,29/09/2017 13:00:00,0,Honda CBR1000RR SP2 [2017],World Superbikes,
532,Rider,Davide Giugliano,37.59994032737837,0.7419109060800465,29/09/2017 13:00:00,1,Honda CBR1000RR SP2 [2017],World Superbikes,
532,Rider,Davide Giugliano,37.592266668871936,0.7460561957364462,20/10/2017 13:00:00,0,Honda CBR1000RR SP2 [2017],World Superbikes,
532,Rider,Davide Giugliano,37.585722297869594,0.7502855171483301,03/11/2017 13:00:00,0,Honda CBR1000RR SP2 [2017],World Superbikes,
532,Rider,Davide Giugliano,37.58005084136628,0.7545963331756972,13/04/2018 13:00:00,0,Aprilia RSV4 RF [2018],World Superbikes,
532,Rider,Davide Giugliano,37.57595841547466,0.7589968893609736,20/04/2018 13:00:00,0,Aprilia RSV4 RF [2018],World Superbikes,
533,Rider,Santiago Barragán,14.856276925559015,2.8170252247653003,14/10/2011 13:00:00,0,Kawasaki ZX 10R [2011],World Superbikes,
533,Rider,Santiago Barragán,14.855437763648286,2.8161761205769342,14/10/2011 13:00:00,1,Kawasaki ZX 10R [2011],World Superbikes,
533,Rider,Santiago Barragán,14.85476577748217,2.815425157763295,20/03/2015 13:00:00,0,Kawasaki ZX-10R [2015],World Superbikes,
533,Rider,Santiago Barragán,14.85472493236176,2.8148825780482096,11/04/2015 13:00:00,0,Kawasaki ZX-10R [2015],World Superbikes,
533,Rider,Santiago Barragán,14.855165447480184,2.8145257411584375,18/04/2015 13:00:00,0,Kawasaki ZX-10R [2015],World Superbikes,
533,Rider,Santiago Barragán,14.856245132065572,2.8143784720663088,09/05/2015 13:00:00,0,Kawasaki ZX-10R [2015],World Superbikes,
533,Rider,Santiago Barragán,14.856694474458173,2.814545656346132,22/05/2015 13:00:00,0,Kawasaki ZX-10R [2015],World Superbikes,
533,Rider,Santiago Barragán,14.857566733121969,2.814890227960722,06/06/2015 13:00:00,0,Kawasaki ZX-10R [2015],World Superbikes,
533,Rider,Santiago Barragán,14.857624194815086,2.81561073501462,18/07/2015 13:00:00,0,Kawasaki ZX-10R [2015],World Superbikes,
534,Bike,Honda CBR1000RR [2012],14.943998687251696,0.900799559032541,23/02/2012 13:00:00,0,,World Superbikes,
534,Bike,Honda CBR1000RR [2012],14.94150288034863,0.897168662258972,24/02/2012 13:00:00,0,,World Superbikes,
534,Bike,Honda CBR1000RR [2012],14.938772552741796,0.8936813317060828,30/03/2012 13:00:00,0,,World Superbikes,
534,Bike,Honda CBR1000RR [2012],14.936237812777696,0.8903019129508883,30/03/2012 13:00:00,1,,World Superbikes,
534,Bike,Honda CBR1000RR [2012],14.934245686522308,0.8870281266691425,31/03/2012 13:00:00,0,,World Superbikes,
534,Bike,Honda CBR1000RR [2012],14.932352577223995,0.8838922642158051,31/03/2012 13:00:00,1,,World Superbikes,
534,Bike,Honda CBR1000RR [2012],14.930832384997407,0.8808889727647254,31/03/2012 13:00:00,2,,World Superbikes,
534,Bike,Honda CBR1000RR [2012],14.930374411710627,0.8779973991912277,20/04/2012 13:00:00,0,,World Superbikes,
534,Bike,Honda CBR1000RR [2012],14.929950660093677,0.8752370550990249,20/04/2012 13:00:00,1,,World Superbikes,
534,Bike,Honda CBR1000RR [2012],14.930044001567566,0.8725899939838335,21/04/2012 13:00:00,0,,World Superbikes,
534,Bike,Honda CBR1000RR [2012],14.929890126109289,0.8700766673502642,21/04/2012 13:00:00,1,,World Superbikes,
534,Bike,Honda CBR1000RR [2012],14.92863934696284,0.867670168468202,04/05/2012 13:00:00,0,,World Superbikes,
534,Bike,Honda CBR1000RR [2012],14.927899600190285,0.8653947355511605,04/05/2012 13:00:00,1,,World Superbikes,
534,Bike,Honda CBR1000RR [2012],14.927716543665332,0.863226433994442,05/05/2012 13:00:00,0,,World Superbikes,
534,Bike,Honda CBR1000RR [2012],14.927324108284356,0.8611898760269072,05/05/2012 13:00:00,1,,World Superbikes,
534,Bike,Honda CBR1000RR [2012],14.927002639938774,0.8592703798841179,11/05/2012 13:00:00,0,,World Superbikes,
534,Bike,Honda CBR1000RR [2012],14.925417847583837,0.8574761185186193,11/05/2012 13:00:00,1,,World Superbikes,
534,Bike,Honda CBR1000RR [2012],14.923796319252812,0.855811201734769,12/05/2012 13:00:00,0,,World Superbikes,
534,Bike,Honda CBR1000RR [2012],14.921372621898398,0.8542735064537695,12/05/2012 13:00:00,1,,World Superbikes,
534,Bike,Honda CBR1000RR [2012],14.918945406918894,0.8528625725799192,12/05/2012 13:00:00,2,,World Superbikes,
534,Bike,Honda CBR1000RR [2012],14.917257105543603,0.8515643161213752,26/05/2012 13:00:00,0,,World Superbikes,
534,Bike,Honda CBR1000RR [2012],14.915950809657975,0.8503905634857736,26/05/2012 13:00:00,1,,World Superbikes,
534,Bike,Honda CBR1000RR [2012],14.91473079092203,0.8493419304299928,27/05/2012 13:00:00,0,,World Superbikes,
534,Bike,Honda CBR1000RR [2012],14.9132906084057,0.8484217432380821,27/05/2012 13:00:00,1,,World Superbikes,
534,Bike,Honda CBR1000RR [2012],14.911552683033834,0.8476250055573263,27/05/2012 13:00:00,2,,World Superbikes,
534,Bike,Honda CBR1000RR [2012],14.909930643170327,0.8469427941636083,08/06/2012 13:00:00,0,,World Superbikes,
534,Bike,Honda CBR1000RR [2012],14.907455039122413,0.8463816997203578,08/06/2012 13:00:00,1,,World Superbikes,
534,Bike,Honda CBR1000RR [2012],14.90460301084925,0.8459458840876387,09/06/2012 13:00:00,0,,World Superbikes,
534,Bike,Honda CBR1000RR [2012],14.900389355357053,0.8456208694130438,09/06/2012 13:00:00,1,,World Superbikes,
534,Bike,Honda CBR1000RR [2012],14.89523278312236,0.8453963603610063,29/06/2012 13:00:00,0,,World Superbikes,
534,Bike,Honda CBR1000RR [2012],14.890479842999476,0.8453012555469089,29/06/2012 13:00:00,1,,World Superbikes,
534,Bike,Honda CBR1000RR [2012],14.885919703844037,0.8453352594457613,30/06/2012 13:00:00,0,,World Superbikes,
534,Bike,Honda CBR1000RR [2012],14.881808519941638,0.8454985619047307,30/06/2012 13:00:00,1,,World Superbikes,
534,Bike,Honda CBR1000RR [2012],14.877892963191785,0.8457869068897311,30/06/2012 13:00:00,2,,World Superbikes,
534,Bike,Honda CBR1000RR [2012],14.874492599335715,0.8461885415418262,20/07/2012 13:00:00,0,,World Superbikes,
534,Bike,Honda CBR1000RR [2012],14.871417497969485,0.8466946127783284,20/07/2012 13:00:00,1,,World Superbikes,
534,Bike,Honda CBR1000RR [2012],14.868423717671414,0.8473315290946573,21/07/2012 13:00:00,0,,World Superbikes,
534,Bike,Honda CBR1000RR [2012],14.866575616678483,0.8480966347668997,21/07/2012 13:00:00,1,,World Superbikes,
534,Bike,Honda CBR1000RR [2012],14.864974535295715,0.8489828958003264,03/08/2012 13:00:00,0,,World Superbikes,
534,Bike,Honda CBR1000RR [2012],14.864461560262406,0.8499923690785516,03/08/2012 13:00:00,1,,World Superbikes,
534,Bike,Honda CBR1000RR [2012],14.864628349069278,0.8511255329344429,04/08/2012 13:00:00,0,,World Superbikes,
534,Bike,Honda CBR1000RR [2012],14.865486162545757,0.8523894917239041,23/08/2012 13:00:00,0,,World Superbikes,
534,Bike,Honda CBR1000RR [2012],14.86561725622643,0.8537858938892292,24/08/2012 13:00:00,0,,World Superbikes,
534,Bike,Honda CBR1000RR [2012],14.865832817786881,0.8553106871562749,24/08/2012 13:00:00,1,,World Superbikes,
534,Bike,Honda CBR1000RR [2012],14.865231057469272,0.856963180705683,24/08/2012 13:00:00,2,,World Superbikes,
534,Bike,Honda CBR1000RR [2012],14.864996172405101,0.8587094269826686,24/08/2012 13:00:00,3,,World Superbikes,
534,Bike,Honda CBR1000RR [2012],14.865288519086668,0.8605703651208234,07/09/2012 13:00:00,0,,World Superbikes,
534,Bike,Honda CBR1000RR [2012],14.865575899131288,0.8625603968175091,07/09/2012 13:00:00,1,,World Superbikes,
534,Bike,Honda CBR1000RR [2012],14.864749040788396,0.864663033146546,08/09/2012 13:00:00,0,,World Superbikes,
534,Bike,Honda CBR1000RR [2012],14.864315875254153,0.8668990277406312,08/09/2012 13:00:00,1,,World Superbikes,
534,Bike,Honda CBR1000RR [2012],14.864021736470661,0.8692636194886231,08/09/2012 13:00:00,2,,World Superbikes,
534,Bike,Honda CBR1000RR [2012],14.863910704466893,0.8717467637880478,21/09/2012 13:00:00,0,,World Superbikes,
534,Bike,Honda CBR1000RR [2012],14.863384898268949,0.8743612120725911,21/09/2012 13:00:00,1,,World Superbikes,
534,Bike,Honda CBR1000RR [2012],14.862617021654463,0.8771112137643114,22/09/2012 13:00:00,0,,World Superbikes,
534,Bike,Honda CBR1000RR [2012],14.862369543361774,0.8799964872879451,22/09/2012 13:00:00,1,,World Superbikes,
534,Bike,Honda CBR1000RR [2012],14.862429326664353,0.8830145290509241,22/09/2012 13:00:00,2,,World Superbikes,
534,Bike,Honda CBR1000RR [2012],14.863607615398227,0.8861437293652006,05/10/2012 13:00:00,0,,World Superbikes,
534,Bike,Honda CBR1000RR [2012],14.864709121106934,0.8894013054328518,05/10/2012 13:00:00,1,,World Superbikes,
534,Bike,Honda CBR1000RR [2012],14.865825620469337,0.8927796556827067,06/10/2012 13:00:00,0,,World Superbikes,
534,Bike,Honda CBR1000RR [2012],14.865484375453411,0.8962835286631331,06/10/2012 13:00:00,1,,World Superbikes,
534,Bike,Honda CBR1000RR [2012],14.865886699383207,0.8999212599833479,06/10/2012 13:00:00,2,,World Superbikes,
535,Bike,Ducati 1098R [2012],23.780284317469093,0.901381208253278,23/02/2012 13:00:00,0,,World Superbikes,
535,Bike,Ducati 1098R [2012],23.779589739299034,0.8977684093218508,24/02/2012 13:00:00,0,,World Superbikes,
535,Bike,Ducati 1098R [2012],23.77860270001687,0.8942952499358898,30/03/2012 13:00:00,0,,World Superbikes,
535,Bike,Ducati 1098R [2012],23.777477298178546,0.8909563151151766,30/03/2012 13:00:00,1,,World Superbikes,
535,Bike,Ducati 1098R [2012],23.77605788374214,0.887755283863128,31/03/2012 13:00:00,0,,World Superbikes,
535,Bike,Ducati 1098R [2012],23.77422343308975,0.8846808441103774,31/03/2012 13:00:00,1,,World Superbikes,
535,Bike,Ducati 1098R [2012],23.772531946196406,0.8817262731602764,31/03/2012 13:00:00,2,,World Superbikes,
535,Bike,Ducati 1098R [2012],23.77012249115587,0.8788866105164888,20/04/2012 13:00:00,0,,World Superbikes,
535,Bike,Ducati 1098R [2012],23.76780772901779,0.8761746332570247,20/04/2012 13:00:00,1,,World Superbikes,
535,Bike,Ducati 1098R [2012],23.76497125063143,0.8735957241955545,21/04/2012 13:00:00,0,,World Superbikes,
535,Bike,Ducati 1098R [2012],23.761818519549426,0.8711370673604044,21/04/2012 13:00:00,1,,World Superbikes,
535,Bike,Ducati 1098R [2012],23.75866030127359,0.8687958811455688,04/05/2012 13:00:00,0,,World Superbikes,
535,Bike,Ducati 1098R [2012],23.75627206302459,0.866589956821555,04/05/2012 13:00:00,1,,World Superbikes,
535,Bike,Ducati 1098R [2012],23.754452907093544,0.8645190645284772,05/05/2012 13:00:00,0,,World Superbikes,
535,Bike,Ducati 1098R [2012],23.75211919424315,0.8625774246646318,05/05/2012 13:00:00,1,,World Superbikes,
535,Bike,Ducati 1098R [2012],23.749934055412222,0.8607350099532766,11/05/2012 13:00:00,0,,World Superbikes,
535,Bike,Ducati 1098R [2012],23.747635386505056,0.8590191563040931,11/05/2012 13:00:00,1,,World Superbikes,
535,Bike,Ducati 1098R [2012],23.74531743692577,0.8574275418416034,12/05/2012 13:00:00,0,,World Superbikes,
535,Bike,Ducati 1098R [2012],23.743238240512607,0.8559592818845683,12/05/2012 13:00:00,1,,World Superbikes,
535,Bike,Ducati 1098R [2012],23.741248214418594,0.8546136828572871,12/05/2012 13:00:00,2,,World Superbikes,
535,Bike,Ducati 1098R [2012],23.740211604744648,0.8533682579356783,26/05/2012 13:00:00,0,,World Superbikes,
535,Bike,Ducati 1098R [2012],23.739027943920615,0.8522342695156997,26/05/2012 13:00:00,1,,World Superbikes,
535,Bike,Ducati 1098R [2012],23.737496942512962,0.8512148436347996,27/05/2012 13:00:00,0,,World Superbikes,
535,Bike,Ducati 1098R [2012],23.73552641195913,0.8503125958577719,27/05/2012 13:00:00,1,,World Superbikes,
535,Bike,Ducati 1098R [2012],23.732875221355293,0.8495119296089162,27/05/2012 13:00:00,2,,World Superbikes,
535,Bike,Ducati 1098R [2012],23.729510291807333,0.8488170358844582,08/06/2012 13:00:00,0,,World Superbikes,
535,Bike,Ducati 1098R [2012],23.725798121053167,0.8482468991956258,08/06/2012 13:00:00,1,,World Superbikes,
535,Bike,Ducati 1098R [2012],23.721392488913448,0.8478046458178926,09/06/2012 13:00:00,0,,World Superbikes,
535,Bike,Ducati 1098R [2012],23.716936804999392,0.8474841308524551,09/06/2012 13:00:00,1,,World Superbikes,
535,Bike,Ducati 1098R [2012],23.71304196835673,0.8472698794807076,29/06/2012 13:00:00,0,,World Superbikes,
535,Bike,Ducati 1098R [2012],23.70990942717401,0.8471863083759483,29/06/2012 13:00:00,1,,World Superbikes,
535,Bike,Ducati 1098R [2012],23.707202077497904,0.8472313456865137,30/06/2012 13:00:00,0,,World Superbikes,
535,Bike,Ducati 1098R [2012],23.70469010893396,0.8473858967530352,30/06/2012 13:00:00,1,,World Superbikes,
535,Bike,Ducati 1098R [2012],23.703342826107367,0.8476537120234413,30/06/2012 13:00:00,2,,World Superbikes,
535,Bike,Ducati 1098R [2012],23.703730768328256,0.8480284739345149,20/07/2012 13:00:00,0,,World Superbikes,
535,Bike,Ducati 1098R [2012],23.70391124418118,0.8485224526071349,20/07/2012 13:00:00,1,,World Superbikes,
535,Bike,Ducati 1098R [2012],23.703608186259828,0.8491385426472979,21/07/2012 13:00:00,0,,World Superbikes,
535,Bike,Ducati 1098R [2012],23.703273479819917,0.849881283305575,21/07/2012 13:00:00,1,,World Superbikes,
535,Bike,Ducati 1098R [2012],23.703020543663243,0.8507328239415521,03/08/2012 13:00:00,0,,World Superbikes,
535,Bike,Ducati 1098R [2012],23.702483300449035,0.8517048744033425,03/08/2012 13:00:00,1,,World Superbikes,
535,Bike,Ducati 1098R [2012],23.702126184605593,0.8528061309335456,04/08/2012 13:00:00,0,,World Superbikes,
535,Bike,Ducati 1098R [2012],23.700673052770046,0.8540233481255016,04/08/2012 13:00:00,1,,World Superbikes,
535,Bike,Ducati 1098R [2012],23.69899712809375,0.8553522643074911,23/08/2012 13:00:00,0,,World Superbikes,
535,Bike,Ducati 1098R [2012],23.696044889562693,0.8568023453224466,24/08/2012 13:00:00,0,,World Superbikes,
535,Bike,Ducati 1098R [2012],23.692683846613612,0.858374069718652,24/08/2012 13:00:00,1,,World Superbikes,
535,Bike,Ducati 1098R [2012],23.689600659508653,0.8600702377655567,24/08/2012 13:00:00,2,,World Superbikes,
535,Bike,Ducati 1098R [2012],23.685851515898953,0.861872389446205,24/08/2012 13:00:00,3,,World Superbikes,
535,Bike,Ducati 1098R [2012],23.682132654711932,0.8637553544031908,07/09/2012 13:00:00,0,,World Superbikes,
535,Bike,Ducati 1098R [2012],23.678241253216168,0.8657582816783768,07/09/2012 13:00:00,1,,World Superbikes,
535,Bike,Ducati 1098R [2012],23.674813739489974,0.8678873544815955,08/09/2012 13:00:00,0,,World Superbikes,
535,Bike,Ducati 1098R [2012],23.671343487286098,0.8701463319892127,08/09/2012 13:00:00,1,,World Superbikes,
535,Bike,Ducati 1098R [2012],23.668250959763004,0.87252677868511,08/09/2012 13:00:00,2,,World Superbikes,
535,Bike,Ducati 1098R [2012],23.666530736476396,0.8750229816081851,21/09/2012 13:00:00,0,,World Superbikes,
535,Bike,Ducati 1098R [2012],23.66571346614014,0.8776496522089554,21/09/2012 13:00:00,1,,World Superbikes,
535,Bike,Ducati 1098R [2012],23.66584217929187,0.8804054433361799,22/09/2012 13:00:00,0,,World Superbikes,
535,Bike,Ducati 1098R [2012],23.666129649416476,0.8832920481697512,22/09/2012 13:00:00,1,,World Superbikes,
535,Bike,Ducati 1098R [2012],23.667003339706266,0.8862989601325783,22/09/2012 13:00:00,2,,World Superbikes,
535,Bike,Ducati 1098R [2012],23.66726950375559,0.8894125722161139,05/10/2012 13:00:00,0,,World Superbikes,
535,Bike,Ducati 1098R [2012],23.66715549318601,0.8926590576668255,05/10/2012 13:00:00,1,,World Superbikes,
535,Bike,Ducati 1098R [2012],23.666950979649894,0.8960388589346969,06/10/2012 13:00:00,0,,World Superbikes,
535,Bike,Ducati 1098R [2012],23.66770154927915,0.8995419257815878,06/10/2012 13:00:00,1,,World Superbikes,
535,Bike,Ducati 1098R [2012],23.668085661102175,0.9031702702084596,06/10/2012 13:00:00,2,,World Superbikes,
536,Bike,Aprilia RSV4 Factory [2012],21.32442343876421,0.8990989901850418,23/02/2012 13:00:00,0,,World Superbikes,
536,Bike,Aprilia RSV4 Factory [2012],21.32485074554626,0.8954769009445079,24/02/2012 13:00:00,0,,World Superbikes,
536,Bike,Aprilia RSV4 Factory [2012],21.324995592002406,0.8919933131161081,30/03/2012 13:00:00,0,,World Superbikes,
536,Bike,Aprilia RSV4 Factory [2012],21.324945185745957,0.8886519335254591,30/03/2012 13:00:00,1,,World Superbikes,
536,Bike,Aprilia RSV4 Factory [2012],21.325342076623464,0.885453692305544,31/03/2012 13:00:00,0,,World Superbikes,
536,Bike,Aprilia RSV4 Factory [2012],21.325877088635455,0.8823915864501941,31/03/2012 13:00:00,1,,World Superbikes,
536,Bike,Aprilia RSV4 Factory [2012],21.326601259974737,0.8794523935842031,31/03/2012 13:00:00,2,,World Superbikes,
536,Bike,Aprilia RSV4 Factory [2012],21.327363434669554,0.8766342744099028,20/04/2012 13:00:00,0,,World Superbikes,
536,Bike,Aprilia RSV4 Factory [2012],21.328824452967964,0.8739568606735336,20/04/2012 13:00:00,1,,World Superbikes,
536,Bike,Aprilia RSV4 Factory [2012],21.331047336590732,0.8714188736678742,21/04/2012 13:00:00,0,,World Superbikes,
536,Bike,Aprilia RSV4 Factory [2012],21.33449940487833,0.8690106708058918,04/05/2012 13:00:00,0,,World Superbikes,
536,Bike,Aprilia RSV4 Factory [2012],21.337295835294096,0.8667396153741247,04/05/2012 13:00:00,1,,World Superbikes,
536,Bike,Aprilia RSV4 Factory [2012],21.33873365818883,0.8645908571710875,05/05/2012 13:00:00,0,,World Superbikes,
536,Bike,Aprilia RSV4 Factory [2012],21.34108834929239,0.8625630286265462,05/05/2012 13:00:00,1,,World Superbikes,
536,Bike,Aprilia RSV4 Factory [2012],21.34388970885964,0.8606494791005893,11/05/2012 13:00:00,0,,World Superbikes,
536,Bike,Aprilia RSV4 Factory [2012],21.347390256882363,0.8588699707512256,11/05/2012 13:00:00,1,,World Superbikes,
536,Bike,Aprilia RSV4 Factory [2012],21.351266440108162,0.8572249275220429,12/05/2012 13:00:00,0,,World Superbikes,
536,Bike,Aprilia RSV4 Factory [2012],21.356249918059333,0.855699545206286,12/05/2012 13:00:00,1,,World Superbikes,
536,Bike,Aprilia RSV4 Factory [2012],21.36207730618399,0.8542844984367403,12/05/2012 13:00:00,2,,World Superbikes,
536,Bike,Aprilia RSV4 Factory [2012],21.36771379869336,0.8529847090606552,26/05/2012 13:00:00,0,,World Superbikes,
536,Bike,Aprilia RSV4 Factory [2012],21.37288352469918,0.8518172734890292,26/05/2012 13:00:00,1,,World Superbikes,
536,Bike,Aprilia RSV4 Factory [2012],21.377789602255238,0.8507831104237971,27/05/2012 13:00:00,0,,World Superbikes,
536,Bike,Aprilia RSV4 Factory [2012],21.382303158437434,0.8498732526724901,27/05/2012 13:00:00,1,,World Superbikes,
536,Bike,Aprilia RSV4 Factory [2012],21.387423283076267,0.8490806197462101,27/05/2012 13:00:00,2,,World Superbikes,
536,Bike,Aprilia RSV4 Factory [2012],21.39378779498577,0.848381591051912,08/06/2012 13:00:00,0,,World Superbikes,
536,Bike,Aprilia RSV4 Factory [2012],21.40070296960515,0.8478107004035698,08/06/2012 13:00:00,1,,World Superbikes,
536,Bike,Aprilia RSV4 Factory [2012],21.408712217294948,0.8473715464227549,09/06/2012 13:00:00,0,,World Superbikes,
536,Bike,Aprilia RSV4 Factory [2012],21.41725768675187,0.8470630637717711,09/06/2012 13:00:00,1,,World Superbikes,
536,Bike,Aprilia RSV4 Factory [2012],21.426783243658203,0.8468627410878609,29/06/2012 13:00:00,0,,World Superbikes,
536,Bike,Aprilia RSV4 Factory [2012],21.435227846382798,0.8467882701664428,29/06/2012 13:00:00,1,,World Superbikes,
536,Bike,Aprilia RSV4 Factory [2012],21.44334917778761,0.8468444009713855,30/06/2012 13:00:00,0,,World Superbikes,
536,Bike,Aprilia RSV4 Factory [2012],21.45041131887359,0.847023712240256,30/06/2012 13:00:00,1,,World Superbikes,
536,Bike,Aprilia RSV4 Factory [2012],21.4562277282982,0.8473230783505303,30/06/2012 13:00:00,2,,World Superbikes,
536,Bike,Aprilia RSV4 Factory [2012],21.46171243269846,0.8477184721769953,20/07/2012 13:00:00,0,,World Superbikes,
536,Bike,Aprilia RSV4 Factory [2012],21.467008828136528,0.8482423361578831,20/07/2012 13:00:00,1,,World Superbikes,
536,Bike,Aprilia RSV4 Factory [2012],21.47293638916626,0.8488976919552121,21/07/2012 13:00:00,0,,World Superbikes,
536,Bike,Aprilia RSV4 Factory [2012],21.478634324941183,0.8496753640263408,21/07/2012 13:00:00,1,,World Superbikes,
536,Bike,Aprilia RSV4 Factory [2012],21.484113927026055,0.8505673945269436,03/08/2012 13:00:00,0,,World Superbikes,
536,Bike,Aprilia RSV4 Factory [2012],21.489728084487737,0.8515919911689389,03/08/2012 13:00:00,1,,World Superbikes,
536,Bike,Aprilia RSV4 Factory [2012],21.496067161038038,0.8527495035879604,04/08/2012 13:00:00,0,,World Superbikes,
536,Bike,Aprilia RSV4 Factory [2012],21.50392500136409,0.8540239922691371,23/08/2012 13:00:00,0,,World Superbikes,
536,Bike,Aprilia RSV4 Factory [2012],21.51246059150949,0.8554297395693665,24/08/2012 13:00:00,0,,World Superbikes,
536,Bike,Aprilia RSV4 Factory [2012],21.520422931533712,0.8569639503182478,24/08/2012 13:00:00,1,,World Superbikes,
536,Bike,Aprilia RSV4 Factory [2012],21.52787477293455,0.8586186186950258,24/08/2012 13:00:00,2,,World Superbikes,
536,Bike,Aprilia RSV4 Factory [2012],21.534569965455656,0.8603914409142869,24/08/2012 13:00:00,3,,World Superbikes,
536,Bike,Aprilia RSV4 Factory [2012],21.54127444380627,0.8622746303440537,07/09/2012 13:00:00,0,,World Superbikes,
536,Bike,Aprilia RSV4 Factory [2012],21.5474001484088,0.8642905582597452,07/09/2012 13:00:00,1,,World Superbikes,
536,Bike,Aprilia RSV4 Factory [2012],21.553166062006763,0.8664390041471887,08/09/2012 13:00:00,0,,World Superbikes,
536,Bike,Aprilia RSV4 Factory [2012],21.558120860678795,0.8687108682127169,08/09/2012 13:00:00,1,,World Superbikes,
536,Bike,Aprilia RSV4 Factory [2012],21.563099641390775,0.8711068903707146,08/09/2012 13:00:00,2,,World Superbikes,
536,Bike,Aprilia RSV4 Factory [2012],21.56689827375185,0.8736071395095332,21/09/2012 13:00:00,0,,World Superbikes,
536,Bike,Aprilia RSV4 Factory [2012],21.57005020428706,0.87624043009866,21/09/2012 13:00:00,1,,World Superbikes,
536,Bike,Aprilia RSV4 Factory [2012],21.572424146777564,0.8789986632336985,22/09/2012 13:00:00,0,,World Superbikes,
536,Bike,Aprilia RSV4 Factory [2012],21.57322447003232,0.8818804864730697,22/09/2012 13:00:00,1,,World Superbikes,
536,Bike,Aprilia RSV4 Factory [2012],21.573293689622346,0.8848918956508394,22/09/2012 13:00:00,2,,World Superbikes,
536,Bike,Aprilia RSV4 Factory [2012],21.573505594913225,0.888009866445153,05/10/2012 13:00:00,0,,World Superbikes,
536,Bike,Aprilia RSV4 Factory [2012],21.574519891070725,0.8912648438585437,05/10/2012 13:00:00,1,,World Superbikes,
536,Bike,Aprilia RSV4 Factory [2012],21.57586422195828,0.8946578993207248,06/10/2012 13:00:00,0,,World Superbikes,
536,Bike,Aprilia RSV4 Factory [2012],21.576078115432978,0.8981776456174265,06/10/2012 13:00:00,1,,World Superbikes,
536,Bike,Aprilia RSV4 Factory [2012],21.576278827298474,0.9018269537809678,06/10/2012 13:00:00,2,,World Superbikes,
537,Bike,Kawasaki ZX-10R [2012],21.84351705263785,0.9307131086007318,23/02/2012 13:00:00,0,,World Superbikes,
537,Bike,Kawasaki ZX-10R [2012],21.842964310205495,0.9272303862714968,24/02/2012 13:00:00,0,,World Superbikes,
537,Bike,Kawasaki ZX-10R [2012],21.842120868267934,0.9238800551338624,30/03/2012 13:00:00,0,,World Superbikes,
537,Bike,Kawasaki ZX-10R [2012],21.84099669947142,0.9206683507061677,30/03/2012 13:00:00,1,,World Superbikes,
537,Bike,Kawasaki ZX-10R [2012],21.839806713703613,0.9175840127749237,31/03/2012 13:00:00,0,,World Superbikes,
537,Bike,Kawasaki ZX-10R [2012],21.838735746856685,0.9146388652802648,31/03/2012 13:00:00,1,,World Superbikes,
537,Bike,Kawasaki ZX-10R [2012],21.837100877515034,0.9118069031410703,31/03/2012 13:00:00,2,,World Superbikes,
537,Bike,Kawasaki ZX-10R [2012],21.83557697667762,0.9090606456357948,20/04/2012 13:00:00,0,,World Superbikes,
537,Bike,Kawasaki ZX-10R [2012],21.8336906399591,0.9064525106351733,20/04/2012 13:00:00,1,,World Superbikes,
537,Bike,Kawasaki ZX-10R [2012],21.831533708982853,0.9039837006893605,21/04/2012 13:00:00,0,,World Superbikes,
537,Bike,Kawasaki ZX-10R [2012],21.829333433518592,0.9016562116440217,21/04/2012 13:00:00,1,,World Superbikes,
537,Bike,Kawasaki ZX-10R [2012],21.82608942929585,0.8994064655726347,04/05/2012 13:00:00,0,,World Superbikes,
537,Bike,Kawasaki ZX-10R [2012],21.823155110871614,0.8972741814056585,04/05/2012 13:00:00,1,,World Superbikes,
537,Bike,Kawasaki ZX-10R [2012],21.81960162078143,0.8952557748153348,05/05/2012 13:00:00,0,,World Superbikes,
537,Bike,Kawasaki ZX-10R [2012],21.81581128997349,0.8933594098847459,05/05/2012 13:00:00,1,,World Superbikes,
537,Bike,Kawasaki ZX-10R [2012],21.811733974465945,0.8915781569812977,11/05/2012 13:00:00,0,,World Superbikes,
537,Bike,Kawasaki ZX-10R [2012],21.808708724271547,0.8898993961873286,11/05/2012 13:00:00,1,,World Superbikes,
537,Bike,Kawasaki ZX-10R [2012],21.806377064779397,0.888320257291875,12/05/2012 13:00:00,0,,World Superbikes,
537,Bike,Kawasaki ZX-10R [2012],21.803935035347134,0.8868723497436851,12/05/2012 13:00:00,1,,World Superbikes,
537,Bike,Kawasaki ZX-10R [2012],21.801896253312247,0.8855566053775565,12/05/2012 13:00:00,2,,World Superbikes,
537,Bike,Kawasaki ZX-10R [2012],21.7988274639109,0.8843158558906242,26/05/2012 13:00:00,0,,World Superbikes,
537,Bike,Kawasaki ZX-10R [2012],21.796364402670605,0.8832121262291901,26/05/2012 13:00:00,1,,World Superbikes,
537,Bike,Kawasaki ZX-10R [2012],21.794652023001387,0.8822430894097931,27/05/2012 13:00:00,0,,World Superbikes,
537,Bike,Kawasaki ZX-10R [2012],21.79348416726681,0.8814092258526773,27/05/2012 13:00:00,1,,World Superbikes,
537,Bike,Kawasaki ZX-10R [2012],21.792718781697673,0.8807047469754788,27/05/2012 13:00:00,2,,World Superbikes,
537,Bike,Kawasaki ZX-10R [2012],21.792203691854823,0.8801189543219087,08/06/2012 13:00:00,0,,World Superbikes,
537,Bike,Kawasaki ZX-10R [2012],21.792128439749632,0.8796662150180894,08/06/2012 13:00:00,1,,World Superbikes,
537,Bike,Kawasaki ZX-10R [2012],21.79236790088195,0.8793302069830718,09/06/2012 13:00:00,0,,World Superbikes,
537,Bike,Kawasaki ZX-10R [2012],21.79210391967615,0.8791039798549951,09/06/2012 13:00:00,1,,World Superbikes,
537,Bike,Kawasaki ZX-10R [2012],21.790930273651426,0.8789467583952919,29/06/2012 13:00:00,0,,World Superbikes,
537,Bike,Kawasaki ZX-10R [2012],21.79034491267978,0.8789158758964235,29/06/2012 13:00:00,1,,World Superbikes,
537,Bike,Kawasaki ZX-10R [2012],21.789971144269707,0.879012343982157,30/06/2012 13:00:00,0,,World Superbikes,
537,Bike,Kawasaki ZX-10R [2012],21.79057181721398,0.8792352785173709,30/06/2012 13:00:00,1,,World Superbikes,
537,Bike,Kawasaki ZX-10R [2012],21.791594341348386,0.8795892200124341,30/06/2012 13:00:00,2,,World Superbikes,
537,Bike,Kawasaki ZX-10R [2012],21.791574708040976,0.88001812325511,20/07/2012 13:00:00,0,,World Superbikes,
537,Bike,Kawasaki ZX-10R [2012],21.791919875458113,0.8805770279704901,20/07/2012 13:00:00,1,,World Superbikes,
537,Bike,Kawasaki ZX-10R [2012],21.791549557648153,0.8812542196762444,21/07/2012 13:00:00,0,,World Superbikes,
537,Bike,Kawasaki ZX-10R [2012],21.791285426403242,0.8820621703816595,21/07/2012 13:00:00,1,,World Superbikes,
537,Bike,Kawasaki ZX-10R [2012],21.79077457439313,0.8829408846419542,03/08/2012 13:00:00,0,,World Superbikes,
537,Bike,Kawasaki ZX-10R [2012],21.7902708729447,0.8839334116994028,03/08/2012 13:00:00,1,,World Superbikes,
537,Bike,Kawasaki ZX-10R [2012],21.789539997312502,0.8850301240497611,04/08/2012 13:00:00,0,,World Superbikes,
537,Bike,Kawasaki ZX-10R [2012],21.789132275265278,0.8862657267757706,04/08/2012 13:00:00,1,,World Superbikes,
537,Bike,Kawasaki ZX-10R [2012],21.791165300496658,0.8876085971579363,23/08/2012 13:00:00,0,,World Superbikes,
537,Bike,Kawasaki ZX-10R [2012],21.793793032739856,0.8890560299744973,24/08/2012 13:00:00,0,,World Superbikes,
537,Bike,Kawasaki ZX-10R [2012],21.796474096565394,0.8906073790710965,24/08/2012 13:00:00,1,,World Superbikes,
537,Bike,Kawasaki ZX-10R [2012],21.799338504633557,0.8922599259803519,24/08/2012 13:00:00,2,,World Superbikes,
537,Bike,Kawasaki ZX-10R [2012],21.80247481900475,0.89403798001056,24/08/2012 13:00:00,3,,World Superbikes,
537,Bike,Kawasaki ZX-10R [2012],21.80532827959551,0.8959252123751391,07/09/2012 13:00:00,0,,World Superbikes,
537,Bike,Kawasaki ZX-10R [2012],21.80838610250514,0.8979385618679728,07/09/2012 13:00:00,1,,World Superbikes,
537,Bike,Kawasaki ZX-10R [2012],21.811718678818636,0.9000797618867555,08/09/2012 13:00:00,0,,World Superbikes,
537,Bike,Kawasaki ZX-10R [2012],21.81470504228919,0.9023577062585535,08/09/2012 13:00:00,1,,World Superbikes,
537,Bike,Kawasaki ZX-10R [2012],21.817055835493967,0.9047450373177356,08/09/2012 13:00:00,2,,World Superbikes,
537,Bike,Kawasaki ZX-10R [2012],21.81997189761493,0.9072303128970443,21/09/2012 13:00:00,0,,World Superbikes,
537,Bike,Kawasaki ZX-10R [2012],21.822608574284267,0.9098543867391176,21/09/2012 13:00:00,1,,World Superbikes,
537,Bike,Kawasaki ZX-10R [2012],21.82443064123402,0.9126154275213562,22/09/2012 13:00:00,0,,World Superbikes,
537,Bike,Kawasaki ZX-10R [2012],21.8267413871749,0.9154944642694213,22/09/2012 13:00:00,1,,World Superbikes,
537,Bike,Kawasaki ZX-10R [2012],21.829182074868182,0.9184658954268596,22/09/2012 13:00:00,2,,World Superbikes,
537,Bike,Kawasaki ZX-10R [2012],21.83049810459882,0.9215185393240627,05/10/2012 13:00:00,0,,World Superbikes,
537,Bike,Kawasaki ZX-10R [2012],21.832211995387965,0.9246858985528386,05/10/2012 13:00:00,1,,World Superbikes,
537,Bike,Kawasaki ZX-10R [2012],21.8335211294271,0.9279926110363024,06/10/2012 13:00:00,0,,World Superbikes,
537,Bike,Kawasaki ZX-10R [2012],21.835055280798016,0.9314395498123912,06/10/2012 13:00:00,1,,World Superbikes,
537,Bike,Kawasaki ZX-10R [2012],21.836488289134348,0.9349690529536131,06/10/2012 13:00:00,2,,World Superbikes,
538,Bike,BMW S1000 RR [2012],21.488871942777617,0.9009429988640106,23/02/2012 13:00:00,0,,World Superbikes,
538,Bike,BMW S1000 RR [2012],21.489401483380004,0.8973096854225878,24/02/2012 13:00:00,0,,World Superbikes,
538,Bike,BMW S1000 RR [2012],21.490710540678705,0.8937992151454983,30/03/2012 13:00:00,0,,World Superbikes,
538,Bike,BMW S1000 RR [2012],21.492449117497454,0.8904307575377297,30/03/2012 13:00:00,1,,World Superbikes,
538,Bike,BMW S1000 RR [2012],21.493985731276165,0.8872023159663348,31/03/2012 13:00:00,0,,World Superbikes,
538,Bike,BMW S1000 RR [2012],21.495788500594742,0.8840974871272925,31/03/2012 13:00:00,1,,World Superbikes,
538,Bike,BMW S1000 RR [2012],21.49742214514726,0.8811246750897898,31/03/2012 13:00:00,2,,World Superbikes,
538,Bike,BMW S1000 RR [2012],21.49911267819481,0.878272097257019,20/04/2012 13:00:00,0,,World Superbikes,
538,Bike,BMW S1000 RR [2012],21.500880721472406,0.8755561691390013,20/04/2012 13:00:00,1,,World Superbikes,
538,Bike,BMW S1000 RR [2012],21.502242034383837,0.8729754344861882,21/04/2012 13:00:00,0,,World Superbikes,
538,Bike,BMW S1000 RR [2012],21.50392734864802,0.8705200185155496,21/04/2012 13:00:00,1,,World Superbikes,
538,Bike,BMW S1000 RR [2012],21.50620701264394,0.8681743484953381,04/05/2012 13:00:00,0,,World Superbikes,
538,Bike,BMW S1000 RR [2012],21.507426086868566,0.8659516926978366,04/05/2012 13:00:00,1,,World Superbikes,
538,Bike,BMW S1000 RR [2012],21.508361839268165,0.863864470640673,05/05/2012 13:00:00,0,,World Superbikes,
538,Bike,BMW S1000 RR [2012],21.509388590498183,0.8618983808859847,05/05/2012 13:00:00,1,,World Superbikes,
538,Bike,BMW S1000 RR [2012],21.509590394850303,0.8600478540738159,11/05/2012 13:00:00,0,,World Superbikes,
538,Bike,BMW S1000 RR [2012],21.509411623552033,0.8583314517415723,11/05/2012 13:00:00,1,,World Superbikes,
538,Bike,BMW S1000 RR [2012],21.50861313673493,0.8567471626577535,12/05/2012 13:00:00,0,,World Superbikes,
538,Bike,BMW S1000 RR [2012],21.507076478172205,0.8552854963758358,12/05/2012 13:00:00,1,,World Superbikes,
538,Bike,BMW S1000 RR [2012],21.505035095271662,0.8539366465123409,12/05/2012 13:00:00,2,,World Superbikes,
538,Bike,BMW S1000 RR [2012],21.502101437717975,0.8526960222537683,26/05/2012 13:00:00,0,,World Superbikes,
538,Bike,BMW S1000 RR [2012],21.499026373770246,0.8515765340411179,26/05/2012 13:00:00,1,,World Superbikes,
538,Bike,BMW S1000 RR [2012],21.495991072589494,0.8505757952176614,27/05/2012 13:00:00,0,,World Superbikes,
538,Bike,BMW S1000 RR [2012],21.49366039899904,0.849702089936978,27/05/2012 13:00:00,1,,World Superbikes,
538,Bike,BMW S1000 RR [2012],21.49206915919372,0.848946202949037,08/06/2012 13:00:00,0,,World Superbikes,
538,Bike,BMW S1000 RR [2012],21.490681071290016,0.8483097780349789,08/06/2012 13:00:00,1,,World Superbikes,
538,Bike,BMW S1000 RR [2012],21.48965789423352,0.8477940520634316,09/06/2012 13:00:00,0,,World Superbikes,
538,Bike,BMW S1000 RR [2012],21.488800659698313,0.8474074581449967,09/06/2012 13:00:00,1,,World Superbikes,
538,Bike,BMW S1000 RR [2012],21.48753840131186,0.8471344033453985,29/06/2012 13:00:00,0,,World Superbikes,
538,Bike,BMW S1000 RR [2012],21.48545406900101,0.8469730340808204,29/06/2012 13:00:00,1,,World Superbikes,
538,Bike,BMW S1000 RR [2012],21.482577124365687,0.846922868314848,30/06/2012 13:00:00,0,,World Superbikes,
538,Bike,BMW S1000 RR [2012],21.47941014570672,0.846999021713169,30/06/2012 13:00:00,1,,World Superbikes,
538,Bike,BMW S1000 RR [2012],21.475730158278445,0.8471875645180974,30/06/2012 13:00:00,2,,World Superbikes,
538,Bike,BMW S1000 RR [2012],21.471943598136825,0.8474917591601402,20/07/2012 13:00:00,0,,World Superbikes,
538,Bike,BMW S1000 RR [2012],21.46806930468139,0.8479090686053979,20/07/2012 13:00:00,1,,World Superbikes,
538,Bike,BMW S1000 RR [2012],21.465212768799066,0.8484373787297425,21/07/2012 13:00:00,0,,World Superbikes,
538,Bike,BMW S1000 RR [2012],21.461447413350253,0.8490822846010709,21/07/2012 13:00:00,1,,World Superbikes,
538,Bike,BMW S1000 RR [2012],21.45782798405168,0.8498470255488895,03/08/2012 13:00:00,0,,World Superbikes,
538,Bike,BMW S1000 RR [2012],21.454710167266278,0.8507473415126802,03/08/2012 13:00:00,1,,World Superbikes,
538,Bike,BMW S1000 RR [2012],21.451778722685702,0.8517775081288165,04/08/2012 13:00:00,0,,World Superbikes,
538,Bike,BMW S1000 RR [2012],21.449131245900773,0.8529336568292154,04/08/2012 13:00:00,1,,World Superbikes,
538,Bike,BMW S1000 RR [2012],21.44658591128269,0.8542100796205103,23/08/2012 13:00:00,0,,World Superbikes,
538,Bike,BMW S1000 RR [2012],21.44432327194208,0.8556185216174415,24/08/2012 13:00:00,0,,World Superbikes,
538,Bike,BMW S1000 RR [2012],21.44302946235426,0.857157661995902,24/08/2012 13:00:00,1,,World Superbikes,
538,Bike,BMW S1000 RR [2012],21.442485803081222,0.8588273345966858,24/08/2012 13:00:00,2,,World Superbikes,
538,Bike,BMW S1000 RR [2012],21.44253859851821,0.8606201431968206,24/08/2012 13:00:00,3,,World Superbikes,
538,Bike,BMW S1000 RR [2012],21.44242963672004,0.8625299636864768,07/09/2012 13:00:00,0,,World Superbikes,
538,Bike,BMW S1000 RR [2012],21.44282131540233,0.8645618746558419,07/09/2012 13:00:00,1,,World Superbikes,
538,Bike,BMW S1000 RR [2012],21.44325771208281,0.8667129190353515,08/09/2012 13:00:00,0,,World Superbikes,
538,Bike,BMW S1000 RR [2012],21.444052418732724,0.8689891273766062,08/09/2012 13:00:00,1,,World Superbikes,
538,Bike,BMW S1000 RR [2012],21.44534901711368,0.8713714554586951,08/09/2012 13:00:00,2,,World Superbikes,
538,Bike,BMW S1000 RR [2012],21.4459513699721,0.8738699306656877,21/09/2012 13:00:00,0,,World Superbikes,
538,Bike,BMW S1000 RR [2012],21.446029565854804,0.8764870074988634,21/09/2012 13:00:00,1,,World Superbikes,
538,Bike,BMW S1000 RR [2012],21.445967145224387,0.8792345362211281,22/09/2012 13:00:00,0,,World Superbikes,
538,Bike,BMW S1000 RR [2012],21.446372407393454,0.8821101575426087,22/09/2012 13:00:00,1,,World Superbikes,
538,Bike,BMW S1000 RR [2012],21.446709818877487,0.8851167799062932,22/09/2012 13:00:00,2,,World Superbikes,
538,Bike,BMW S1000 RR [2012],21.44714004119573,0.8882437774313257,05/10/2012 13:00:00,0,,World Superbikes,
538,Bike,BMW S1000 RR [2012],21.447296763121564,0.891493255279092,05/10/2012 13:00:00,1,,World Superbikes,
538,Bike,BMW S1000 RR [2012],21.44746336570111,0.8948583963118868,06/10/2012 13:00:00,0,,World Superbikes,
538,Bike,BMW S1000 RR [2012],21.44743563690426,0.8983630946026187,06/10/2012 13:00:00,1,,World Superbikes,
538,Bike,BMW S1000 RR [2012],21.44742884899995,0.901994491827754,06/10/2012 13:00:00,2,,World Superbikes,
539,Bike,Suzuki GSX-R 1000 K9 [2012],22.28665089822846,0.9567820920069798,23/02/2012 13:00:00,0,,World Superbikes,
539,Bike,Suzuki GSX-R 1000 K9 [2012],22.286513824590017,0.9534128507694692,24/02/2012 13:00:00,0,,World Superbikes,
539,Bike,Suzuki GSX-R 1000 K9 [2012],22.286301424958125,0.950192582361468,30/03/2012 13:00:00,0,,World Superbikes,
539,Bike,Suzuki GSX-R 1000 K9 [2012],22.286129628073446,0.9471281259369361,30/03/2012 13:00:00,1,,World Superbikes,
539,Bike,Suzuki GSX-R 1000 K9 [2012],22.286285556859827,0.9442138100740624,31/03/2012 13:00:00,0,,World Superbikes,
539,Bike,Suzuki GSX-R 1000 K9 [2012],22.28793497547071,0.9414350498510016,20/04/2012 13:00:00,0,,World Superbikes,
539,Bike,Suzuki GSX-R 1000 K9 [2012],22.288473013643124,0.9388060926509262,20/04/2012 13:00:00,1,,World Superbikes,
539,Bike,Suzuki GSX-R 1000 K9 [2012],22.29059988490912,0.9363189555597938,21/04/2012 13:00:00,0,,World Superbikes,
539,Bike,Suzuki GSX-R 1000 K9 [2012],22.29180715349797,0.9339733481548783,21/04/2012 13:00:00,1,,World Superbikes,
539,Bike,Suzuki GSX-R 1000 K9 [2012],22.293982816650498,0.9317064846310832,04/05/2012 13:00:00,0,,World Superbikes,
539,Bike,Suzuki GSX-R 1000 K9 [2012],22.295968076974177,0.929592195705333,04/05/2012 13:00:00,1,,World Superbikes,
539,Bike,Suzuki GSX-R 1000 K9 [2012],22.299079832280434,0.92762098680011,05/05/2012 13:00:00,0,,World Superbikes,
539,Bike,Suzuki GSX-R 1000 K9 [2012],22.302004931597086,0.9257953801417403,11/05/2012 13:00:00,0,,World Superbikes,
539,Bike,Suzuki GSX-R 1000 K9 [2012],22.303467865448642,0.9241179130309531,11/05/2012 13:00:00,1,,World Superbikes,
539,Bike,Suzuki GSX-R 1000 K9 [2012],22.30371682961436,0.9225892534863259,12/05/2012 13:00:00,0,,World Superbikes,
539,Bike,Suzuki GSX-R 1000 K9 [2012],22.303076616553188,0.921207585696129,12/05/2012 13:00:00,1,,World Superbikes,
539,Bike,Suzuki GSX-R 1000 K9 [2012],22.30210023976656,0.9199669480520366,12/05/2012 13:00:00,2,,World Superbikes,
539,Bike,Suzuki GSX-R 1000 K9 [2012],22.30148356882305,0.9188446555557762,26/05/2012 13:00:00,0,,World Superbikes,
539,Bike,Suzuki GSX-R 1000 K9 [2012],22.300915306408577,0.9178703969263711,26/05/2012 13:00:00,1,,World Superbikes,
539,Bike,Suzuki GSX-R 1000 K9 [2012],22.30044483179392,0.9170411728431576,27/05/2012 13:00:00,0,,World Superbikes,
539,Bike,Suzuki GSX-R 1000 K9 [2012],22.30179038239893,0.9163142280359625,08/06/2012 13:00:00,0,,World Superbikes,
539,Bike,Suzuki GSX-R 1000 K9 [2012],22.30316491271899,0.9157359304501286,08/06/2012 13:00:00,1,,World Superbikes,
539,Bike,Suzuki GSX-R 1000 K9 [2012],22.304506899607862,0.915305952891931,09/06/2012 13:00:00,0,,World Superbikes,
539,Bike,Suzuki GSX-R 1000 K9 [2012],22.306781495418576,0.9150167007707374,29/06/2012 13:00:00,0,,World Superbikes,
539,Bike,Suzuki GSX-R 1000 K9 [2012],22.308484470985164,0.9148770970318386,29/06/2012 13:00:00,1,,World Superbikes,
539,Bike,Suzuki GSX-R 1000 K9 [2012],22.31054972797886,0.9148787320548522,30/06/2012 13:00:00,0,,World Superbikes,
539,Bike,Suzuki GSX-R 1000 K9 [2012],22.313577948501006,0.9150158623487181,20/07/2012 13:00:00,0,,World Superbikes,
539,Bike,Suzuki GSX-R 1000 K9 [2012],22.316469003014287,0.9152997030241456,20/07/2012 13:00:00,1,,World Superbikes,
539,Bike,Suzuki GSX-R 1000 K9 [2012],22.319178044702703,0.9157320531141624,21/07/2012 13:00:00,0,,World Superbikes,
539,Bike,Suzuki GSX-R 1000 K9 [2012],22.322910106900736,0.9162844119484735,03/08/2012 13:00:00,0,,World Superbikes,
539,Bike,Suzuki GSX-R 1000 K9 [2012],22.32547550704527,0.9169832042540307,03/08/2012 13:00:00,1,,World Superbikes,
539,Bike,Suzuki GSX-R 1000 K9 [2012],22.325973795329354,0.9178211249213278,04/08/2012 13:00:00,0,,World Superbikes,
539,Bike,Suzuki GSX-R 1000 K9 [2012],22.325839360316834,0.9188029823052714,04/08/2012 13:00:00,1,,World Superbikes,
539,Bike,Suzuki GSX-R 1000 K9 [2012],22.32395106505495,0.919912952866466,23/08/2012 13:00:00,0,,World Superbikes,
539,Bike,Suzuki GSX-R 1000 K9 [2012],22.322911491412327,0.9211657102926787,24/08/2012 13:00:00,0,,World Superbikes,
539,Bike,Suzuki GSX-R 1000 K9 [2012],22.321598347655303,0.9225663019820409,24/08/2012 13:00:00,1,,World Superbikes,
539,Bike,Suzuki GSX-R 1000 K9 [2012],22.32001173094656,0.9241113199163054,24/08/2012 13:00:00,2,,World Superbikes,
539,Bike,Suzuki GSX-R 1000 K9 [2012],22.31946580897855,0.9257699641707038,07/09/2012 13:00:00,0,,World Superbikes,
539,Bike,Suzuki GSX-R 1000 K9 [2012],22.318838760670808,0.9275764627816747,07/09/2012 13:00:00,1,,World Superbikes,
539,Bike,Suzuki GSX-R 1000 K9 [2012],22.317950048847507,0.9295313319087618,08/09/2012 13:00:00,0,,World Superbikes,
539,Bike,Suzuki GSX-R 1000 K9 [2012],22.317954018614092,0.9316059520832106,08/09/2012 13:00:00,1,,World Superbikes,
539,Bike,Suzuki GSX-R 1000 K9 [2012],22.316881198537224,0.9338227717951512,08/09/2012 13:00:00,2,,World Superbikes,
539,Bike,Suzuki GSX-R 1000 K9 [2012],22.316176971835237,0.9361552083271136,21/09/2012 13:00:00,0,,World Superbikes,
539,Bike,Suzuki GSX-R 1000 K9 [2012],22.315566400082517,0.9386358852494388,21/09/2012 13:00:00,1,,World Superbikes,
539,Bike,Suzuki GSX-R 1000 K9 [2012],22.315034699327406,0.9412679782565923,22/09/2012 13:00:00,0,,World Superbikes,
539,Bike,Suzuki GSX-R 1000 K9 [2012],22.314731661895,0.9440468641874324,22/09/2012 13:00:00,1,,World Superbikes,
539,Bike,Suzuki GSX-R 1000 K9 [2012],22.314431831231136,0.9469700470212081,05/10/2012 13:00:00,0,,World Superbikes,
539,Bike,Suzuki GSX-R 1000 K9 [2012],22.31395318589887,0.9500470934324436,05/10/2012 13:00:00,1,,World Superbikes,
539,Bike,Suzuki GSX-R 1000 K9 [2012],22.31407183088318,0.9532766669989056,06/10/2012 13:00:00,0,,World Superbikes,
539,Bike,Suzuki GSX-R 1000 K9 [2012],22.314172058791424,0.9566594037777826,06/10/2012 13:00:00,1,,World Superbikes,
540,Rider,Chaz Davies,36.545263638026924,0.7344964210507828,23/02/2012 13:00:00,0,Aprilia RSV4 Factory [2012],World Superbikes,
540,Rider,Chaz Davies,36.54673050568702,0.7299587635246613,24/02/2012 13:00:00,0,Aprilia RSV4 Factory [2012],World Superbikes,
540,Rider,Chaz Davies,36.54857424092117,0.7255209990319237,30/03/2012 13:00:00,0,Aprilia RSV4 Factory [2012],World Superbikes,
540,Rider,Chaz Davies,36.55092971862578,0.7211813209586047,30/03/2012 13:00:00,1,Aprilia RSV4 Factory [2012],World Superbikes,
540,Rider,Chaz Davies,36.553961910528,0.716939002125902,20/04/2012 13:00:00,0,Aprilia RSV4 Factory [2012],World Superbikes,
540,Rider,Chaz Davies,36.55677614606526,0.71279282924138,20/04/2012 13:00:00,1,Aprilia RSV4 Factory [2012],World Superbikes,
540,Rider,Chaz Davies,36.56049677471086,0.7087398232264654,21/04/2012 13:00:00,0,Aprilia RSV4 Factory [2012],World Superbikes,
540,Rider,Chaz Davies,36.56474245994443,0.7047746289698292,04/05/2012 13:00:00,0,Aprilia RSV4 Factory [2012],World Superbikes,
540,Rider,Chaz Davies,36.56822590288959,0.7009010409352571,04/05/2012 13:00:00,1,Aprilia RSV4 Factory [2012],World Superbikes,
540,Rider,Chaz Davies,36.57106863257028,0.6971174161818825,05/05/2012 13:00:00,0,Aprilia RSV4 Factory [2012],World Superbikes,
540,Rider,Chaz Davies,36.57610422198057,0.6933913237750229,11/05/2012 13:00:00,0,Aprilia RSV4 Factory [2012],World Superbikes,
540,Rider,Chaz Davies,36.58153132766654,0.6897516618122826,11/05/2012 13:00:00,1,Aprilia RSV4 Factory [2012],World Superbikes,
540,Rider,Chaz Davies,36.586489846849126,0.6861978965957549,12/05/2012 13:00:00,0,Aprilia RSV4 Factory [2012],World Superbikes,
540,Rider,Chaz Davies,36.59359072525291,0.6826989200286274,26/05/2012 13:00:00,0,Aprilia RSV4 Factory [2012],World Superbikes,
540,Rider,Chaz Davies,36.60050276988484,0.6792838662078372,26/05/2012 13:00:00,1,Aprilia RSV4 Factory [2012],World Superbikes,
540,Rider,Chaz Davies,36.607455745432546,0.6759521306777067,27/05/2012 13:00:00,0,Aprilia RSV4 Factory [2012],World Superbikes,
540,Rider,Chaz Davies,36.61444601843701,0.6726979537748216,27/05/2012 13:00:00,1,Aprilia RSV4 Factory [2012],World Superbikes,
540,Rider,Chaz Davies,36.62259921363051,0.6695020370768953,08/06/2012 13:00:00,0,Aprilia RSV4 Factory [2012],World Superbikes,
540,Rider,Chaz Davies,36.63278276563196,0.6663807157453991,08/06/2012 13:00:00,1,Aprilia RSV4 Factory [2012],World Superbikes,
540,Rider,Chaz Davies,36.64496613405402,0.6633320752185112,29/06/2012 13:00:00,0,Aprilia RSV4 Factory [2012],World Superbikes,
540,Rider,Chaz Davies,36.65648526083885,0.6603611570613194,29/06/2012 13:00:00,1,Aprilia RSV4 Factory [2012],World Superbikes,
540,Rider,Chaz Davies,36.668252061632586,0.6574664345133613,30/06/2012 13:00:00,0,Aprilia RSV4 Factory [2012],World Superbikes,
540,Rider,Chaz Davies,36.67845392723107,0.6546414172314065,30/06/2012 13:00:00,1,Aprilia RSV4 Factory [2012],World Superbikes,
540,Rider,Chaz Davies,36.687516707118846,0.651884266595487,30/06/2012 13:00:00,2,Aprilia RSV4 Factory [2012],World Superbikes,
540,Rider,Chaz Davies,36.697663143225064,0.6491539711808336,20/07/2012 13:00:00,0,Aprilia RSV4 Factory [2012],World Superbikes,
540,Rider,Chaz Davies,36.70729073233452,0.6464941755985381,20/07/2012 13:00:00,1,Aprilia RSV4 Factory [2012],World Superbikes,
540,Rider,Chaz Davies,36.71701811797829,0.6439054219705252,21/07/2012 13:00:00,0,Aprilia RSV4 Factory [2012],World Superbikes,
540,Rider,Chaz Davies,36.725938994860535,0.6413828803205013,21/07/2012 13:00:00,1,Aprilia RSV4 Factory [2012],World Superbikes,
540,Rider,Chaz Davies,36.73551236828177,0.6389147214123208,03/08/2012 13:00:00,0,Aprilia RSV4 Factory [2012],World Superbikes,
540,Rider,Chaz Davies,36.74396748735849,0.6365121900983157,04/08/2012 13:00:00,0,Aprilia RSV4 Factory [2012],World Superbikes,
540,Rider,Chaz Davies,36.75446154310228,0.6341493780794212,23/08/2012 13:00:00,0,Aprilia RSV4 Factory [2012],World Superbikes,
540,Rider,Chaz Davies,36.763870055914076,0.6318495067951455,24/08/2012 13:00:00,0,Aprilia RSV4 Factory [2012],World Superbikes,
540,Rider,Chaz Davies,36.77226297656803,0.6296111539334763,24/08/2012 13:00:00,1,Aprilia RSV4 Factory [2012],World Superbikes,
540,Rider,Chaz Davies,36.78171894660905,0.627431334042341,07/09/2012 13:00:00,0,Aprilia RSV4 Factory [2012],World Superbikes,
540,Rider,Chaz Davies,36.79083148515771,0.625314127048191,07/09/2012 13:00:00,1,Aprilia RSV4 Factory [2012],World Superbikes,
540,Rider,Chaz Davies,36.79963220564795,0.6232578523098821,08/09/2012 13:00:00,0,Aprilia RSV4 Factory [2012],World Superbikes,
540,Rider,Chaz Davies,36.80611277035272,0.62124080398154,08/09/2012 13:00:00,1,Aprilia RSV4 Factory [2012],World Superbikes,
540,Rider,Chaz Davies,36.81333857612983,0.6192729984248926,21/09/2012 13:00:00,0,Aprilia RSV4 Factory [2012],World Superbikes,
540,Rider,Chaz Davies,36.82042601852395,0.6173644114060026,21/09/2012 13:00:00,1,Aprilia RSV4 Factory [2012],World Superbikes,
540,Rider,Chaz Davies,36.8280582508791,0.6155134599761276,22/09/2012 13:00:00,0,Aprilia RSV4 Factory [2012],World Superbikes,
540,Rider,Chaz Davies,36.83302643157021,0.6136982189533978,22/09/2012 13:00:00,1,Aprilia RSV4 Factory [2012],World Superbikes,
540,Rider,Chaz Davies,36.837013369587105,0.6119337087794886,22/09/2012 13:00:00,2,Aprilia RSV4 Factory [2012],World Superbikes,
540,Rider,Chaz Davies,36.84222279238696,0.6101840485672599,05/10/2012 13:00:00,0,Aprilia RSV4 Factory [2012],World Superbikes,
540,Rider,Chaz Davies,36.84904928570072,0.6084828457834428,05/10/2012 13:00:00,1,Aprilia RSV4 Factory [2012],World Superbikes,
540,Rider,Chaz Davies,36.85691279697296,0.6068326477948021,06/10/2012 13:00:00,0,Aprilia RSV4 Factory [2012],World Superbikes,
540,Rider,Chaz Davies,36.86442992248004,0.605233677787792,06/10/2012 13:00:00,1,Aprilia RSV4 Factory [2012],World Superbikes,
540,Rider,Chaz Davies,36.87165855454398,0.6036813113690197,06/10/2012 13:00:00,2,Aprilia RSV4 Factory [2012],World Superbikes,
540,Rider,Chaz Davies,36.88012949734362,0.6021408222828205,21/02/2013 13:00:00,0,BMW S1000 RR [2013],World Superbikes,
540,Rider,Chaz Davies,36.88762067461608,0.6006488747193413,22/02/2013 13:00:00,0,BMW S1000 RR [2013],World Superbikes,
540,Rider,Chaz Davies,36.89555421845932,0.5992046048557695,22/02/2013 13:00:00,1,BMW S1000 RR [2013],World Superbikes,
540,Rider,Chaz Davies,36.90357281121103,0.5978069919473703,22/02/2013 13:00:00,2,BMW S1000 RR [2013],World Superbikes,
540,Rider,Chaz Davies,36.91333271545038,0.5964290166014544,12/04/2013 13:00:00,0,BMW S1000 RR [2013],World Superbikes,
540,Rider,Chaz Davies,36.920597626595764,0.5950758124544239,12/04/2013 13:00:00,1,BMW S1000 RR [2013],World Superbikes,
540,Rider,Chaz Davies,36.92641668867858,0.5937610618208893,13/04/2013 13:00:00,0,BMW S1000 RR [2013],World Superbikes,
540,Rider,Chaz Davies,36.93091635299056,0.5924858709074213,13/04/2013 13:00:00,1,BMW S1000 RR [2013],World Superbikes,
540,Rider,Chaz Davies,36.93372571845423,0.5912456334117957,13/04/2013 13:00:00,2,BMW S1000 RR [2013],World Superbikes,
540,Rider,Chaz Davies,36.93497778423681,0.5900315385535287,26/04/2013 13:00:00,0,BMW S1000 RR [2013],World Superbikes,
540,Rider,Chaz Davies,36.937687158716116,0.5888573433362705,26/04/2013 13:00:00,1,BMW S1000 RR [2013],World Superbikes,
540,Rider,Chaz Davies,36.94017756552784,0.5877239126404634,27/04/2013 13:00:00,0,BMW S1000 RR [2013],World Superbikes,
540,Rider,Chaz Davies,36.94430872191296,0.5866229838779217,10/05/2013 13:00:00,0,BMW S1000 RR [2013],World Superbikes,
540,Rider,Chaz Davies,36.94963330187422,0.5855589138490886,10/05/2013 13:00:00,1,BMW S1000 RR [2013],World Superbikes,
540,Rider,Chaz Davies,36.95576215415018,0.5845319093952213,11/05/2013 13:00:00,0,BMW S1000 RR [2013],World Superbikes,
540,Rider,Chaz Davies,36.96090710177938,0.583542780895429,11/05/2013 13:00:00,1,BMW S1000 RR [2013],World Superbikes,
540,Rider,Chaz Davies,36.96575209277953,0.5825912449181685,11/05/2013 13:00:00,2,BMW S1000 RR [2013],World Superbikes,
540,Rider,Chaz Davies,36.972055815083394,0.5816474847493316,24/05/2013 13:00:00,0,BMW S1000 RR [2013],World Superbikes,
540,Rider,Chaz Davies,36.978045923468834,0.5807434158737709,24/05/2013 13:00:00,1,BMW S1000 RR [2013],World Superbikes,
540,Rider,Chaz Davies,36.98322768820962,0.5798785344006677,25/05/2013 13:00:00,0,BMW S1000 RR [2013],World Superbikes,
540,Rider,Chaz Davies,36.9864179885279,0.5790419818066862,25/05/2013 13:00:00,1,BMW S1000 RR [2013],World Superbikes,
540,Rider,Chaz Davies,36.98872442421853,0.5782402502811017,25/05/2013 13:00:00,2,BMW S1000 RR [2013],World Superbikes,
540,Rider,Chaz Davies,36.99117730317289,0.5774659993253571,07/06/2013 13:00:00,0,BMW S1000 RR [2013],World Superbikes,
540,Rider,Chaz Davies,36.99319513560987,0.5767279638360061,07/06/2013 13:00:00,1,BMW S1000 RR [2013],World Superbikes,
540,Rider,Chaz Davies,36.99518158277868,0.576026875450923,08/06/2013 13:00:00,0,BMW S1000 RR [2013],World Superbikes,
540,Rider,Chaz Davies,36.995361420116375,0.5753574118223235,08/06/2013 13:00:00,1,BMW S1000 RR [2013],World Superbikes,
540,Rider,Chaz Davies,36.99741159827666,0.5747004562394479,28/06/2013 13:00:00,0,BMW S1000 RR [2013],World Superbikes,
540,Rider,Chaz Davies,36.99985878680717,0.5740799364833997,28/06/2013 13:00:00,1,BMW S1000 RR [2013],World Superbikes,
540,Rider,Chaz Davies,37.00224925236998,0.5734960834099821,29/06/2013 13:00:00,0,BMW S1000 RR [2013],World Superbikes,
540,Rider,Chaz Davies,37.00515058509446,0.5729463032252103,29/06/2013 13:00:00,1,BMW S1000 RR [2013],World Superbikes,
540,Rider,Chaz Davies,37.00881367402823,0.5724245426664524,18/07/2013 13:00:00,0,BMW S1000 RR [2013],World Superbikes,
540,Rider,Chaz Davies,37.01271783639171,0.5719381136387716,19/07/2013 13:00:00,0,BMW S1000 RR [2013],World Superbikes,
540,Rider,Chaz Davies,37.01576379808563,0.5714867612506186,19/07/2013 13:00:00,1,BMW S1000 RR [2013],World Superbikes,
540,Rider,Chaz Davies,37.018614853886135,0.5710702797482291,19/07/2013 13:00:00,2,BMW S1000 RR [2013],World Superbikes,
540,Rider,Chaz Davies,37.01959310174982,0.5706766809289322,19/07/2013 13:00:00,3,BMW S1000 RR [2013],World Superbikes,
540,Rider,Chaz Davies,37.01894564905355,0.5703059276156505,02/08/2013 13:00:00,0,BMW S1000 RR [2013],World Superbikes,
540,Rider,Chaz Davies,37.01905476621083,0.5699689884358395,02/08/2013 13:00:00,1,BMW S1000 RR [2013],World Superbikes,
540,Rider,Chaz Davies,37.01936472303513,0.569666046665825,03/08/2013 13:00:00,0,BMW S1000 RR [2013],World Superbikes,
540,Rider,Chaz Davies,37.01790911118578,0.5693908253539944,03/08/2013 13:00:00,1,BMW S1000 RR [2013],World Superbikes,
540,Rider,Chaz Davies,37.016607128108504,0.5691445247906763,03/08/2013 13:00:00,2,BMW S1000 RR [2013],World Superbikes,
540,Rider,Chaz Davies,37.01502606144005,0.5689254298960469,30/08/2013 13:00:00,0,BMW S1000 RR [2013],World Superbikes,
540,Rider,Chaz Davies,37.010946172317965,0.5687198939006286,30/08/2013 13:00:00,1,BMW S1000 RR [2013],World Superbikes,
540,Rider,Chaz Davies,37.004381773676826,0.568529549275285,31/08/2013 13:00:00,0,BMW S1000 RR [2013],World Superbikes,
540,Rider,Chaz Davies,36.99737299906747,0.5683709774567639,31/08/2013 13:00:00,1,BMW S1000 RR [2013],World Superbikes,
540,Rider,Chaz Davies,36.99069256280577,0.5682347376804852,12/09/2013 13:00:00,0,BMW S1000 RR [2013],World Superbikes,
540,Rider,Chaz Davies,36.98420881795879,0.5681266532646753,13/09/2013 13:00:00,1,BMW S1000 RR [2013],World Superbikes,
540,Rider,Chaz Davies,36.97872472706877,0.5680451256700619,13/09/2013 13:00:00,2,BMW S1000 RR [2013],World Superbikes,
540,Rider,Chaz Davies,36.972325696333165,0.5679884528056953,13/09/2013 13:00:00,3,BMW S1000 RR [2013],World Superbikes,
540,Rider,Chaz Davies,36.96698186869406,0.5679485777778845,27/09/2013 13:00:00,0,BMW S1000 RR [2013],World Superbikes,
540,Rider,Chaz Davies,36.96222537783179,0.5679414857920938,27/09/2013 13:00:00,1,BMW S1000 RR [2013],World Superbikes,
540,Rider,Chaz Davies,36.956699694951425,0.5679644187283455,28/09/2013 13:00:00,0,BMW S1000 RR [2013],World Superbikes,
540,Rider,Chaz Davies,36.949322620171195,0.568009536037616,28/09/2013 13:00:00,1,BMW S1000 RR [2013],World Superbikes,
540,Rider,Chaz Davies,36.93955648201942,0.568066087801424,28/09/2013 13:00:00,2,BMW S1000 RR [2013],World Superbikes,
540,Rider,Chaz Davies,36.92942374140047,0.5681462929003296,04/10/2013 13:00:00,0,BMW S1000 RR [2013],World Superbikes,
540,Rider,Chaz Davies,36.91802927630305,0.5682510917924427,04/10/2013 13:00:00,1,BMW S1000 RR [2013],World Superbikes,
540,Rider,Chaz Davies,36.908135041547034,0.5683882402137074,05/10/2013 13:00:00,0,BMW S1000 RR [2013],World Superbikes,
540,Rider,Chaz Davies,36.897808964404845,0.5685546744154057,05/10/2013 13:00:00,1,BMW S1000 RR [2013],World Superbikes,
540,Rider,Chaz Davies,36.88894300875072,0.5687363791733543,18/10/2013 13:00:00,0,BMW S1000 RR [2013],World Superbikes,
540,Rider,Chaz Davies,36.88038230945688,0.5689511359004067,18/10/2013 13:00:00,1,BMW S1000 RR [2013],World Superbikes,
540,Rider,Chaz Davies,36.8717068707385,0.5691976611007034,19/10/2013 13:00:00,0,BMW S1000 RR [2013],World Superbikes,
540,Rider,Chaz Davies,36.86296174571567,0.5694757650544396,19/10/2013 13:00:00,1,BMW S1000 RR [2013],World Superbikes,
540,Rider,Chaz Davies,36.855667371710986,0.5697752671152727,21/02/2014 13:00:00,1,Ducati 1199 Panigale R [2014],World Superbikes,
540,Rider,Chaz Davies,36.850328836677996,0.5700920961190302,12/04/2014 13:00:00,1,Ducati 1199 Panigale R [2014],World Superbikes,
540,Rider,Chaz Davies,36.845057914719334,0.5704355588157713,26/04/2014 13:00:00,0,Ducati 1199 Panigale R [2014],World Superbikes,
540,Rider,Chaz Davies,36.838596175620026,0.5707690631566792,26/04/2014 13:00:00,1,Ducati 1199 Panigale R [2014],World Superbikes,
540,Rider,Chaz Davies,36.834568582902754,0.5711135297919551,10/05/2014 13:00:00,1,Ducati 1199 Panigale R [2014],World Superbikes,
540,Rider,Chaz Davies,36.829945967428145,0.5714839499024691,23/05/2014 13:00:00,1,Ducati 1199 Panigale R [2014],World Superbikes,
540,Rider,Chaz Davies,36.827506306563,0.5718628305083842,06/06/2014 13:00:00,1,Ducati 1199 Panigale R [2014],World Superbikes,
540,Rider,Chaz Davies,36.8258884144584,0.572269166846077,21/06/2014 13:00:00,1,Ducati 1199 Panigale R [2014],World Superbikes,
540,Rider,Chaz Davies,36.824729169670675,0.5727034323135841,05/07/2014 13:00:00,1,Ducati 1199 Panigale R [2014],World Superbikes,
540,Rider,Chaz Davies,36.82274770684572,0.5731600763275911,12/07/2014 13:00:00,1,Ducati 1199 Panigale R [2014],World Superbikes,
540,Rider,Chaz Davies,36.81990477776236,0.573639687084589,06/09/2014 13:00:00,1,Ducati 1199 Panigale R [2014],World Superbikes,
540,Rider,Chaz Davies,36.817554371155865,0.5741475240161981,04/10/2014 13:00:00,1,Ducati 1199 Panigale R [2014],World Superbikes,
540,Rider,Chaz Davies,36.814633649820756,0.5746819231931446,01/11/2014 13:00:00,1,Ducati 1199 Panigale R [2014],World Superbikes,
540,Rider,Chaz Davies,36.81115768632149,0.5752438866920534,20/02/2015 13:00:00,1,Ducati Panigale R [2015],World Superbikes,
540,Rider,Chaz Davies,36.806994083325485,0.5758205753176027,20/03/2015 13:00:00,1,Ducati Panigale R [2015],World Superbikes,
540,Rider,Chaz Davies,36.80343817051921,0.5764264089868348,11/04/2015 13:00:00,1,Ducati Panigale R [2015],World Superbikes,
540,Rider,Chaz Davies,36.79908619539552,0.5770501712918074,18/04/2015 13:00:00,1,Ducati Panigale R [2015],World Superbikes,
540,Rider,Chaz Davies,36.7948306481658,0.5777003294869718,09/05/2015 13:00:00,1,Ducati Panigale R [2015],World Superbikes,
540,Rider,Chaz Davies,36.790510342692556,0.5783758462789258,22/05/2015 13:00:00,1,Ducati Panigale R [2015],World Superbikes,
540,Rider,Chaz Davies,36.78708928591692,0.5790788908196354,06/06/2015 13:00:00,1,Ducati Panigale R [2015],World Superbikes,
540,Rider,Chaz Davies,36.78329772185834,0.579807368544147,20/06/2015 13:00:00,1,Ducati Panigale R [2015],World Superbikes,
540,Rider,Chaz Davies,36.78180332344108,0.5805603966246102,18/07/2015 13:00:00,1,Ducati Panigale R [2015],World Superbikes,
540,Rider,Chaz Davies,36.77869734890877,0.5813211372949103,31/07/2015 13:00:00,1,Ducati Panigale R [2015],World Superbikes,
540,Rider,Chaz Davies,36.7762829779415,0.582114142581034,19/09/2015 13:00:00,1,Ducati Panigale R [2015],World Superbikes,
540,Rider,Chaz Davies,36.774736542625874,0.5829404400799157,03/10/2015 13:00:00,1,Ducati Panigale R [2015],World Superbikes,
540,Rider,Chaz Davies,36.773418125569044,0.583797347976577,17/10/2015 13:00:00,1,Ducati Panigale R [2015],World Superbikes,
540,Rider,Chaz Davies,36.77228703318286,0.5846819784631404,26/02/2016 13:00:00,1,Ducati 1199 Panigale R [2016],World Superbikes,
540,Rider,Chaz Davies,36.77212875921724,0.5855989346129333,11/03/2016 13:00:00,1,Ducati 1199 Panigale R [2016],World Superbikes,
540,Rider,Chaz Davies,36.77133092039794,0.586546919433293,01/04/2016 13:00:00,1,Ducati 1199 Panigale R [2016],World Superbikes,
540,Rider,Chaz Davies,36.7698534816756,0.5875290428960503,15/04/2016 13:00:00,1,Ducati 1199 Panigale R [2016],World Superbikes,
540,Rider,Chaz Davies,36.768424104983104,0.5885466085876511,29/04/2016 13:00:00,1,Ducati 1199 Panigale R [2016],World Superbikes,
540,Rider,Chaz Davies,36.76498037788211,0.5895793107704014,13/05/2016 13:00:00,1,Ducati 1199 Panigale R [2016],World Superbikes,
540,Rider,Chaz Davies,36.76140151783283,0.5906468733941639,27/05/2016 13:00:00,1,Ducati 1199 Panigale R [2016],World Superbikes,
540,Rider,Chaz Davies,36.75652110630929,0.5917392442358933,17/06/2016 13:00:00,1,Ducati 1199 Panigale R [2016],World Superbikes,
540,Rider,Chaz Davies,36.75261684826995,0.5928682122685878,09/07/2016 13:00:00,1,Ducati 1199 Panigale R [2016],World Superbikes,
540,Rider,Chaz Davies,36.74816277666434,0.5940313802365564,16/09/2016 13:00:00,1,Ducati 1199 Panigale R [2016],World Superbikes,
540,Rider,Chaz Davies,36.74168264601789,0.5952120231051305,30/09/2016 13:00:00,1,Ducati 1199 Panigale R [2016],World Superbikes,
540,Rider,Chaz Davies,36.734252750427984,0.5964241528081183,14/10/2016 13:00:00,1,Ducati 1199 Panigale R [2016],World Superbikes,
540,Rider,Chaz Davies,36.726905196536585,0.597674849967934,29/10/2016 13:00:00,1,Ducati 1199 Panigale R [2016],World Superbikes,
540,Rider,Chaz Davies,36.71857856515885,0.5989622742564926,24/02/2017 13:00:00,1,Ducati 1199 Panigale R [2017],World Superbikes,
540,Rider,Chaz Davies,36.709674411613776,0.6002827407694376,10/03/2017 13:00:00,1,Ducati 1199 Panigale R [2017],World Superbikes,
540,Rider,Chaz Davies,36.700453402445646,0.6016396565619626,31/03/2017 13:00:00,1,Ducati 1199 Panigale R [2017],World Superbikes,
540,Rider,Chaz Davies,36.68909362108654,0.6030140214420272,16/06/2017 13:00:00,1,Ducati 1199 Panigale R [2017],World Superbikes,
540,Rider,Chaz Davies,36.67718557356586,0.604423290322325,08/07/2017 13:00:00,1,Ducati 1199 Panigale R [2017],World Superbikes,
540,Rider,Chaz Davies,36.664209194718346,0.6058651847501505,18/08/2017 13:00:00,1,Ducati 1199 Panigale R [2017],World Superbikes,
540,Rider,Chaz Davies,36.651323808569714,0.607347669185689,15/09/2017 13:00:00,1,Ducati 1199 Panigale R [2017],World Superbikes,
540,Rider,Chaz Davies,36.63988816797574,0.6088672993800127,29/09/2017 13:00:00,1,Ducati 1199 Panigale R [2017],World Superbikes,
540,Rider,Chaz Davies,36.62884897203703,0.6104306191934555,20/10/2017 13:00:00,1,Ducati 1199 Panigale R [2017],World Superbikes,
540,Rider,Chaz Davies,36.61845911438511,0.6120348656832472,03/11/2017 13:00:00,1,Ducati 1199 Panigale R [2017],World Superbikes,
540,Rider,Chaz Davies,36.60856839939978,0.6136826274215738,23/02/2018 13:00:00,1,Ducati 1199 Panigale R [2018],World Superbikes,
540,Rider,Chaz Davies,36.598036776580464,0.6153763056529629,23/03/2018 13:00:00,1,Ducati 1199 Panigale R [2018],World Superbikes,
540,Rider,Chaz Davies,36.58806889627319,0.6171170571293225,13/04/2018 13:00:00,1,Ducati 1199 Panigale R [2018],World Superbikes,
540,Rider,Chaz Davies,36.579869685845225,0.6188929844226236,20/04/2018 13:00:00,1,Ducati 1199 Panigale R [2018],World Superbikes,
540,Rider,Chaz Davies,36.57203118188313,0.6207178066921477,11/05/2018 13:00:00,1,Ducati 1199 Panigale R [2018],World Superbikes,
540,Rider,Chaz Davies,36.56291968578973,0.6225854610609797,25/05/2018 13:00:00,0,Ducati 1199 Panigale R [2018],World Superbikes,
540,Rider,Chaz Davies,36.55304567023329,0.6244867873473269,25/05/2018 13:00:00,1,Ducati 1199 Panigale R [2018],World Superbikes,
540,Rider,Chaz Davies,36.54377431840939,0.6264379244912422,08/06/2018 13:00:00,1,Ducati 1199 Panigale R [2018],World Superbikes,
540,Rider,Chaz Davies,36.53536597630302,0.6284374449073755,23/06/2018 13:00:00,1,Ducati 1199 Panigale R [2018],World Superbikes,
540,Rider,Chaz Davies,36.5246143260673,0.630469236154798,06/07/2018 13:00:00,1,Ducati 1199 Panigale R [2018],World Superbikes,
540,Rider,Chaz Davies,36.51399669828277,0.6325543466734027,14/09/2018 13:00:00,0,Ducati 1199 Panigale R [2018],World Superbikes,
540,Rider,Chaz Davies,36.503993881958564,0.6346847842951197,28/09/2018 13:00:00,1,Ducati 1199 Panigale R [2018],World Superbikes,
540,Rider,Chaz Davies,36.49387123185429,0.6368706897350663,12/10/2018 13:00:00,1,Ducati 1199 Panigale R [2018],World Superbikes,
540,Rider,Chaz Davies,36.48440162222193,0.6391080755064154,26/10/2018 13:00:00,1,Ducati 1199 Panigale R [2018],World Superbikes,
540,Rider,Chaz Davies,36.47677786566219,0.6413811218475264,22/02/2019 13:00:00,0,Ducati Panigale V4 R [2019],World Superbikes,
540,Rider,Chaz Davies,36.470981815800386,0.6437068922170718,15/03/2019 13:00:00,0,Ducati Panigale V4 R [2019],World Superbikes,
540,Rider,Chaz Davies,36.46515934303115,0.6460923551593523,05/04/2019 13:00:00,0,Ducati Panigale V4 R [2019],World Superbikes,
540,Rider,Chaz Davies,36.459040247421456,0.6485399485596297,12/04/2019 13:00:00,0,Ducati Panigale V4 R [2019],World Superbikes,
540,Rider,Chaz Davies,36.45241237613073,0.6510495051888164,10/05/2019 13:00:00,0,Ducati Panigale V4 R [2019],World Superbikes,
540,Rider,Chaz Davies,36.443272082147296,0.6536004443639549,07/06/2019 13:00:00,0,Ducati Panigale V4 R [2019],World Superbikes,
540,Rider,Chaz Davies,36.43488059412235,0.6562133141664415,21/06/2019 13:00:00,0,Ducati Panigale V4 R [2019],World Superbikes,
540,Rider,Chaz Davies,36.42654269263776,0.6588908423505455,05/07/2019 13:00:00,0,Ducati Panigale V4 R [2019],World Superbikes,
540,Rider,Chaz Davies,36.41854255561484,0.6616330083710814,13/07/2019 13:00:00,0,Ducati Panigale V4 R [2019],World Superbikes,
540,Rider,Chaz Davies,36.4084927262359,0.6644301417010493,06/09/2019 13:00:00,0,Ducati Panigale V4 R [2019],World Superbikes,
540,Rider,Chaz Davies,36.39904260370594,0.6672952169659886,27/09/2019 13:00:00,0,Ducati Panigale V4 R [2019],World Superbikes,
540,Rider,Chaz Davies,36.390031502679626,0.6702312187955983,11/10/2019 13:00:00,0,Ducati Panigale V4 R [2019],World Superbikes,
540,Rider,Chaz Davies,36.380637526702635,0.6732374611543955,25/10/2019 13:00:00,0,Ducati Panigale V4 R [2019],World Superbikes,
540,Rider,Chaz Davies,36.37189763853671,0.6763153809603208,28/02/2020 13:00:00,0,Ducati Panigale V4 R [2020],World Superbikes,
540,Rider,Chaz Davies,36.36456526629587,0.6794533800204517,31/07/2020 13:00:00,0,Ducati Panigale V4 R [2020],World Superbikes,
540,Rider,Chaz Davies,36.35641428644548,0.6826591220134061,07/08/2020 13:00:00,0,Ducati Panigale V4 R [2020],World Superbikes,
540,Rider,Chaz Davies,36.34864814151992,0.6859343565489741,28/08/2020 13:00:00,0,Ducati Panigale V4 R [2020],World Superbikes,
540,Rider,Chaz Davies,36.34054443281128,0.6892807506189875,04/09/2020 13:00:00,0,Ducati Panigale V4 R [2020],World Superbikes,
540,Rider,Chaz Davies,36.33181816384417,0.6926985378128935,18/09/2020 13:00:00,0,Ducati Panigale V4 R [2020],World Superbikes,
540,Rider,Chaz Davies,36.323241028718996,0.6961876214761397,02/10/2020 13:00:00,0,Ducati Panigale V4 R [2020],World Superbikes,
540,Rider,Chaz Davies,36.31440972650249,0.699750213901641,16/10/2020 13:00:00,0,Ducati Panigale V4 R [2020],World Superbikes,
540,Rider,Chaz Davies,36.304417909891235,0.7033852068647205,21/05/2021 13:00:00,0,Ducati Panigale V4 R [2021],World Superbikes,
540,Rider,Chaz Davies,36.293615485115225,0.7070971685187115,28/05/2021 13:00:00,0,Ducati Panigale V4 R [2021],World Superbikes,
540,Rider,Chaz Davies,36.284279415929916,0.7108914527048561,11/06/2021 13:00:00,0,Ducati Panigale V4 R [2021],World Superbikes,
540,Rider,Chaz Davies,36.275380668466504,0.7147686495049921,02/07/2021 13:00:00,0,Ducati Panigale V4 R [2021],World Superbikes,
540,Rider,Chaz Davies,36.266620536959216,0.7187311910594373,23/07/2021 13:00:00,0,Ducati Panigale V4 R [2021],World Superbikes,
540,Rider,Chaz Davies,36.25922330301422,0.7227797314367187,06/08/2021 13:00:00,0,Ducati Panigale V4 R [2021],World Superbikes,
540,Rider,Chaz Davies,36.25382617023469,0.7269141465652116,20/08/2021 13:00:00,0,Ducati Panigale V4 R [2021],World Superbikes,
540,Rider,Chaz Davies,36.24769001424885,0.7311332124402528,03/09/2021 13:00:00,0,Ducati Panigale V4 R [2021],World Superbikes,
540,Rider,Chaz Davies,36.242278150267076,0.7354406419273873,17/09/2021 13:00:00,0,Ducati Panigale V4 R [2021],World Superbikes,
540,Rider,Chaz Davies,36.23818563546891,0.73983750886982,16/10/2021 13:00:00,0,Ducati Panigale V4 R [2021],World Superbikes,
540,Rider,Chaz Davies,36.23552578302992,0.7443245990621583,19/11/2021 13:00:00,0,Ducati Panigale V4 R [2021],World Superbikes,
541,Rider,Hiroshi Aoyama,34.47472976349926,1.1931486283714776,23/02/2012 13:00:00,0,Honda CBR1000RR [2012],World Superbikes,
541,Rider,Hiroshi Aoyama,34.47469276154035,1.1905680172509205,24/02/2012 13:00:00,0,Honda CBR1000RR [2012],World Superbikes,
541,Rider,Hiroshi Aoyama,34.47382166436685,1.1881921574804322,30/03/2012 13:00:00,0,Honda CBR1000RR [2012],World Superbikes,
541,Rider,Hiroshi Aoyama,34.47361392752947,1.1860057693987842,30/03/2012 13:00:00,1,Honda CBR1000RR [2012],World Superbikes,
541,Rider,Hiroshi Aoyama,34.474361066662176,1.1840014336939606,20/04/2012 13:00:00,0,Honda CBR1000RR [2012],World Superbikes,
541,Rider,Hiroshi Aoyama,34.47560934222837,1.1821859797114294,20/04/2012 13:00:00,1,Honda CBR1000RR [2012],World Superbikes,
541,Rider,Hiroshi Aoyama,34.478337643865096,1.1805102006258363,04/05/2012 13:00:00,0,Honda CBR1000RR [2012],World Superbikes,
541,Rider,Hiroshi Aoyama,34.48142394363398,1.1790229255066584,04/05/2012 13:00:00,1,Honda CBR1000RR [2012],World Superbikes,
541,Rider,Hiroshi Aoyama,34.48630632256319,1.1776677782021936,11/05/2012 13:00:00,0,Honda CBR1000RR [2012],World Superbikes,
541,Rider,Hiroshi Aoyama,34.490124244252804,1.176512603702599,11/05/2012 13:00:00,1,Honda CBR1000RR [2012],World Superbikes,
541,Rider,Hiroshi Aoyama,34.49371599977847,1.1755494477798492,26/05/2012 13:00:00,0,Honda CBR1000RR [2012],World Superbikes,
541,Rider,Hiroshi Aoyama,34.49824819837281,1.1747685155618552,26/05/2012 13:00:00,1,Honda CBR1000RR [2012],World Superbikes,
541,Rider,Hiroshi Aoyama,34.5032744918756,1.174172856676741,08/06/2012 13:00:00,0,Honda CBR1000RR [2012],World Superbikes,
541,Rider,Hiroshi Aoyama,34.508146292833906,1.1737758270630683,08/06/2012 13:00:00,1,Honda CBR1000RR [2012],World Superbikes,
541,Rider,Hiroshi Aoyama,34.51303348693361,1.1735746631687496,29/06/2012 13:00:00,0,Honda CBR1000RR [2012],World Superbikes,
541,Rider,Hiroshi Aoyama,34.517540532537886,1.1735710193311233,29/06/2012 13:00:00,1,Honda CBR1000RR [2012],World Superbikes,
541,Rider,Hiroshi Aoyama,34.521785457752664,1.1737644282208402,20/07/2012 13:00:00,0,Honda CBR1000RR [2012],World Superbikes,
541,Rider,Hiroshi Aoyama,34.52576916647752,1.174150173314828,20/07/2012 13:00:00,1,Honda CBR1000RR [2012],World Superbikes,
541,Rider,Hiroshi Aoyama,34.52889379245158,1.1747375345419981,03/08/2012 13:00:00,0,Honda CBR1000RR [2012],World Superbikes,
541,Rider,Hiroshi Aoyama,34.532254482293965,1.1755068045869967,03/08/2012 13:00:00,1,Honda CBR1000RR [2012],World Superbikes,
541,Rider,Hiroshi Aoyama,34.53572529234958,1.1764573577680326,23/08/2012 13:00:00,0,Honda CBR1000RR [2012],World Superbikes,
541,Rider,Hiroshi Aoyama,34.53706502930669,1.177610353124737,24/08/2012 13:00:00,0,Honda CBR1000RR [2012],World Superbikes,
541,Rider,Hiroshi Aoyama,34.53616231453957,1.1789650333912554,24/08/2012 13:00:00,1,Honda CBR1000RR [2012],World Superbikes,
541,Rider,Hiroshi Aoyama,34.533647253064785,1.1805172632591294,24/08/2012 13:00:00,2,Honda CBR1000RR [2012],World Superbikes,
541,Rider,Hiroshi Aoyama,34.532056219929615,1.1821776257860648,07/09/2012 13:00:00,0,Honda CBR1000RR [2012],World Superbikes,
541,Rider,Hiroshi Aoyama,34.530511301126545,1.1840300867476785,07/09/2012 13:00:00,1,Honda CBR1000RR [2012],World Superbikes,
541,Rider,Hiroshi Aoyama,34.52883959633608,1.1860745027646031,21/09/2012 13:00:00,0,Honda CBR1000RR [2012],World Superbikes,
541,Rider,Hiroshi Aoyama,34.52715137586465,1.1883167875273124,21/09/2012 13:00:00,1,Honda CBR1000RR [2012],World Superbikes,
541,Rider,Hiroshi Aoyama,34.52500754998029,1.1907605700400867,05/10/2012 13:00:00,0,Honda CBR1000RR [2012],World Superbikes,
541,Rider,Hiroshi Aoyama,34.523164910320574,1.1933846418275422,05/10/2012 13:00:00,1,Honda CBR1000RR [2012],World Superbikes,
542,Rider,Lorenzo Zanetti,28.912098222624998,1.0419058115007795,23/02/2012 13:00:00,0,Ducati 1098R [2012],World Superbikes,
542,Rider,Lorenzo Zanetti,28.91285589692603,1.0388567387345649,24/02/2012 13:00:00,0,Ducati 1098R [2012],World Superbikes,
542,Rider,Lorenzo Zanetti,28.914243271960252,1.03597746897428,30/03/2012 13:00:00,0,Ducati 1098R [2012],World Superbikes,
542,Rider,Lorenzo Zanetti,28.914760455917687,1.0332730369303382,30/03/2012 13:00:00,1,Ducati 1098R [2012],World Superbikes,
542,Rider,Lorenzo Zanetti,28.913956905416338,1.0307435591949883,31/03/2012 13:00:00,0,Ducati 1098R [2012],World Superbikes,
542,Rider,Lorenzo Zanetti,28.911922873603686,1.0283818898271941,31/03/2012 13:00:00,1,Ducati 1098R [2012],World Superbikes,
542,Rider,Lorenzo Zanetti,28.909074012580934,1.0261789407982322,20/04/2012 13:00:00,0,Ducati 1098R [2012],World Superbikes,
542,Rider,Lorenzo Zanetti,28.90832391873694,1.024104465952147,20/04/2012 13:00:00,1,Ducati 1098R [2012],World Superbikes,
542,Rider,Lorenzo Zanetti,28.906485961813697,1.0222021837763073,04/05/2012 13:00:00,0,Ducati 1098R [2012],World Superbikes,
542,Rider,Lorenzo Zanetti,28.90472754595062,1.0204675954557247,04/05/2012 13:00:00,1,Ducati 1098R [2012],World Superbikes,
542,Rider,Lorenzo Zanetti,28.901729322458923,1.0189044348061715,11/05/2012 13:00:00,0,Ducati 1098R [2012],World Superbikes,
542,Rider,Lorenzo Zanetti,28.899035121943502,1.017504657561674,11/05/2012 13:00:00,1,Ducati 1098R [2012],World Superbikes,
542,Rider,Lorenzo Zanetti,28.897464544263467,1.0162542407832291,26/05/2012 13:00:00,0,Ducati 1098R [2012],World Superbikes,
542,Rider,Lorenzo Zanetti,28.897900768265703,1.0151444617670282,26/05/2012 13:00:00,1,Ducati 1098R [2012],World Superbikes,
542,Rider,Lorenzo Zanetti,28.89773666402682,1.0142050162031566,27/05/2012 13:00:00,0,Ducati 1098R [2012],World Superbikes,
542,Rider,Lorenzo Zanetti,28.896848621391914,1.0134281185012466,27/05/2012 13:00:00,1,Ducati 1098R [2012],World Superbikes,
542,Rider,Lorenzo Zanetti,28.89698948853675,1.0127455659440423,08/06/2012 13:00:00,0,Ducati 1098R [2012],World Superbikes,
542,Rider,Lorenzo Zanetti,28.89654670740095,1.0122324050274616,08/06/2012 13:00:00,1,Ducati 1098R [2012],World Superbikes,
542,Rider,Lorenzo Zanetti,28.89493677823896,1.011890578452577,09/06/2012 13:00:00,0,Ducati 1098R [2012],World Superbikes,
542,Rider,Lorenzo Zanetti,28.89364469883662,1.0117013166289501,29/06/2012 13:00:00,0,Ducati 1098R [2012],World Superbikes,
542,Rider,Lorenzo Zanetti,28.89284790896351,1.0116752032976966,29/06/2012 13:00:00,1,Ducati 1098R [2012],World Superbikes,
542,Rider,Lorenzo Zanetti,28.89168856755211,1.0118169494073868,30/06/2012 13:00:00,0,Ducati 1098R [2012],World Superbikes,
542,Rider,Lorenzo Zanetti,28.891797920007,1.012064794721293,20/07/2012 13:00:00,0,Ducati 1098R [2012],World Superbikes,
542,Rider,Lorenzo Zanetti,28.89292429551925,1.0124682169490624,20/07/2012 13:00:00,1,Ducati 1098R [2012],World Superbikes,
542,Rider,Lorenzo Zanetti,28.893616802097682,1.013040752444933,03/08/2012 13:00:00,0,Ducati 1098R [2012],World Superbikes,
542,Rider,Lorenzo Zanetti,28.89273327979539,1.0137838438341202,03/08/2012 13:00:00,1,Ducati 1098R [2012],World Superbikes,
542,Rider,Lorenzo Zanetti,28.893037813090963,1.0146685107708318,23/08/2012 13:00:00,0,Ducati 1098R [2012],World Superbikes,
542,Rider,Lorenzo Zanetti,28.89161383641266,1.0157215080870448,24/08/2012 13:00:00,0,Ducati 1098R [2012],World Superbikes,
542,Rider,Lorenzo Zanetti,28.889672653913998,1.0169442867735672,24/08/2012 13:00:00,1,Ducati 1098R [2012],World Superbikes,
542,Rider,Lorenzo Zanetti,28.88802790456704,1.0183234386373796,07/09/2012 13:00:00,0,Ducati 1098R [2012],World Superbikes,
542,Rider,Lorenzo Zanetti,28.885127942107502,1.019872407322928,07/09/2012 13:00:00,1,Ducati 1098R [2012],World Superbikes,
542,Rider,Lorenzo Zanetti,28.88171471443562,1.0215894250370425,08/09/2012 13:00:00,0,Ducati 1098R [2012],World Superbikes,
542,Rider,Lorenzo Zanetti,28.876206008865484,1.0234723365111449,08/09/2012 13:00:00,1,Ducati 1098R [2012],World Superbikes,
542,Rider,Lorenzo Zanetti,28.870793471045722,1.0254987099585933,21/09/2012 13:00:00,0,Ducati 1098R [2012],World Superbikes,
542,Rider,Lorenzo Zanetti,28.86548967547019,1.027693505174466,21/09/2012 13:00:00,1,Ducati 1098R [2012],World Superbikes,
542,Rider,Lorenzo Zanetti,28.86265739329711,1.0300191307063449,05/10/2012 13:00:00,0,Ducati 1098R [2012],World Superbikes,
542,Rider,Lorenzo Zanetti,28.859445119993087,1.0325121395138652,05/10/2012 13:00:00,1,Ducati 1098R [2012],World Superbikes,
542,Rider,Lorenzo Zanetti,28.85641386837179,1.0351690223630574,06/10/2012 13:00:00,0,Ducati 1098R [2012],World Superbikes,
542,Rider,Lorenzo Zanetti,28.854703982198593,1.037939140362433,10/05/2019 13:00:00,0,Ducati Panigale V4 R [2019],World Superbikes,
542,Rider,Lorenzo Zanetti,28.852705232618707,1.0408630892114177,21/06/2019 13:00:00,0,Ducati Panigale V4 R [2019],World Superbikes,
542,Rider,Lorenzo Zanetti,28.85145027991107,1.0439393410391375,18/09/2020 13:00:00,0,Ducati Panigale V4 R [2020],World Superbikes,
543,Rider,David Johnson,18.607095152369634,4.3982846779395945,23/02/2012 13:00:00,0,BMW S1000 RR [2012],World Superbikes,
543,Rider,David Johnson,18.60705554721722,4.398273259826583,24/02/2012 13:00:00,0,BMW S1000 RR [2012],World Superbikes,
544,Rider,Leandro Mercado,27.14817890276485,0.8302642786745433,30/03/2012 13:00:00,0,Kawasaki ZX-10R [2012],World Superbikes,
544,Rider,Leandro Mercado,27.149369065575865,0.8262858852829429,30/03/2012 13:00:00,1,Kawasaki ZX-10R [2012],World Superbikes,
544,Rider,Leandro Mercado,27.151993667294438,0.8224037871656398,20/04/2012 13:00:00,0,Kawasaki ZX-10R [2012],World Superbikes,
544,Rider,Leandro Mercado,27.154691406148586,0.8186398862488181,20/04/2012 13:00:00,1,Kawasaki ZX-10R [2012],World Superbikes,
544,Rider,Leandro Mercado,27.157656808012753,0.8149888753240668,04/05/2012 13:00:00,0,Kawasaki ZX-10R [2012],World Superbikes,
544,Rider,Leandro Mercado,27.161287800102137,0.8114454174719352,11/05/2012 13:00:00,0,Kawasaki ZX-10R [2012],World Superbikes,
544,Rider,Leandro Mercado,27.165866740322176,0.8079903212781233,11/05/2012 13:00:00,1,Kawasaki ZX-10R [2012],World Superbikes,
544,Rider,Leandro Mercado,27.171502415743017,0.8046234393787804,26/05/2012 13:00:00,0,Kawasaki ZX-10R [2012],World Superbikes,
544,Rider,Leandro Mercado,27.17765359957799,0.8013669612540067,26/05/2012 13:00:00,1,Kawasaki ZX-10R [2012],World Superbikes,
544,Rider,Leandro Mercado,27.18468761429974,0.7982103791220992,08/06/2012 13:00:00,0,Kawasaki ZX-10R [2012],World Superbikes,
544,Rider,Leandro Mercado,27.192859894781886,0.7951499647183515,08/06/2012 13:00:00,1,Kawasaki ZX-10R [2012],World Superbikes,
544,Rider,Leandro Mercado,27.2021783235943,0.7921837575141616,29/06/2012 13:00:00,0,Kawasaki ZX-10R [2012],World Superbikes,
544,Rider,Leandro Mercado,27.21254067289691,0.7893090901426011,29/06/2012 13:00:00,1,Kawasaki ZX-10R [2012],World Superbikes,
544,Rider,Leandro Mercado,27.223963667689386,0.7865270824167118,20/07/2012 13:00:00,0,Kawasaki ZX-10R [2012],World Superbikes,
544,Rider,Leandro Mercado,27.236615452456615,0.7838394922761838,20/07/2012 13:00:00,1,Kawasaki ZX-10R [2012],World Superbikes,
544,Rider,Leandro Mercado,27.250170391559383,0.7812418638593703,20/02/2015 13:00:00,0,Ducati Panigale R [2015],World Superbikes,
544,Rider,Leandro Mercado,27.262966422602155,0.7787299943003827,20/02/2015 13:00:00,1,Ducati Panigale R [2015],World Superbikes,
544,Rider,Leandro Mercado,27.277310120103976,0.7762828952776232,20/03/2015 13:00:00,0,Ducati Panigale R [2015],World Superbikes,
544,Rider,Leandro Mercado,27.290379646989898,0.7738918951787029,20/03/2015 13:00:00,1,Ducati Panigale R [2015],World Superbikes,
544,Rider,Leandro Mercado,27.304054146782985,0.7715864079744458,11/04/2015 13:00:00,1,Ducati Panigale R [2015],World Superbikes,
544,Rider,Leandro Mercado,27.318405248825997,0.7693685311885844,18/04/2015 13:00:00,0,Ducati Panigale R [2015],World Superbikes,
544,Rider,Leandro Mercado,27.332082341249016,0.7672269828454799,18/04/2015 13:00:00,1,Ducati Panigale R [2015],World Superbikes,
544,Rider,Leandro Mercado,27.346333193120422,0.7651739453881264,09/05/2015 13:00:00,1,Ducati Panigale R [2015],World Superbikes,
544,Rider,Leandro Mercado,27.360103009031143,0.7632134697831819,22/05/2015 13:00:00,0,Ducati Panigale R [2015],World Superbikes,
544,Rider,Leandro Mercado,27.374714496451954,0.7613396042026191,06/06/2015 13:00:00,0,Ducati Panigale R [2015],World Superbikes,
544,Rider,Leandro Mercado,27.388547972294468,0.7595387697852256,06/06/2015 13:00:00,1,Ducati Panigale R [2015],World Superbikes,
544,Rider,Leandro Mercado,27.403460298803115,0.7578128772203309,20/06/2015 13:00:00,0,Ducati Panigale R [2015],World Superbikes,
544,Rider,Leandro Mercado,27.417618131183406,0.7561707867780447,18/07/2015 13:00:00,0,Ducati Panigale R [2015],World Superbikes,
544,Rider,Leandro Mercado,27.432140243922664,0.7546131479430106,31/07/2015 13:00:00,0,Ducati Panigale R [2015],World Superbikes,
544,Rider,Leandro Mercado,27.44782561824251,0.7531393096419042,19/09/2015 13:00:00,0,Ducati Panigale R [2015],World Superbikes,
544,Rider,Leandro Mercado,27.464157604072582,0.7517512825220146,03/10/2015 13:00:00,0,Ducati Panigale R [2015],World Superbikes,
544,Rider,Leandro Mercado,27.480698231334546,0.7504477737325278,17/10/2015 13:00:00,0,Ducati Panigale R [2015],World Superbikes,
544,Rider,Leandro Mercado,27.49658813744984,0.7492251749564721,17/10/2015 13:00:00,1,Ducati Panigale R [2015],World Superbikes,
544,Rider,Leandro Mercado,27.513820891187894,0.7480765007172352,31/03/2017 13:00:00,1,Aprilia RSV4 RF [2017],World Superbikes,
544,Rider,Leandro Mercado,27.53052345115879,0.7470178213752056,16/06/2017 13:00:00,0,Aprilia RSV4 RF [2017],World Superbikes,
544,Rider,Leandro Mercado,27.5471873313619,0.7460432612570556,08/07/2017 13:00:00,0,Aprilia RSV4 RF [2017],World Superbikes,
544,Rider,Leandro Mercado,27.562483481993297,0.745145433096654,08/07/2017 13:00:00,1,Aprilia RSV4 RF [2017],World Superbikes,
544,Rider,Leandro Mercado,27.576582225852558,0.744335154418693,18/08/2017 13:00:00,0,Aprilia RSV4 RF [2017],World Superbikes,
544,Rider,Leandro Mercado,27.59025625364771,0.7436100634710594,15/09/2017 13:00:00,0,Aprilia RSV4 RF [2017],World Superbikes,
544,Rider,Leandro Mercado,27.6033478847726,0.7429651687291186,29/09/2017 13:00:00,0,Aprilia RSV4 RF [2017],World Superbikes,
544,Rider,Leandro Mercado,27.614955636065456,0.7423736931239595,29/09/2017 13:00:00,1,Aprilia RSV4 RF [2017],World Superbikes,
544,Rider,Leandro Mercado,27.623969556494032,0.7418617814349565,20/10/2017 13:00:00,0,Aprilia RSV4 RF [2017],World Superbikes,
544,Rider,Leandro Mercado,27.632251290534295,0.7414309999063043,23/02/2018 13:00:00,0,Kawasaki ZX-10RR [2018],World Superbikes,
544,Rider,Leandro Mercado,27.640683593393856,0.7410835489919666,23/03/2018 13:00:00,0,Kawasaki ZX-10RR [2018],World Superbikes,
544,Rider,Leandro Mercado,27.64760133161878,0.7408110070803666,13/04/2018 13:00:00,0,Kawasaki ZX-10RR [2018],World Superbikes,
544,Rider,Leandro Mercado,27.653372078371156,0.7406266764813129,20/04/2018 13:00:00,0,Kawasaki ZX-10RR [2018],World Superbikes,
544,Rider,Leandro Mercado,27.657709954013924,0.7405192931192871,11/05/2018 13:00:00,0,Kawasaki ZX-10RR [2018],World Superbikes,
544,Rider,Leandro Mercado,27.661465857372704,0.740494684508737,25/05/2018 13:00:00,0,Kawasaki ZX-10RR [2018],World Superbikes,
544,Rider,Leandro Mercado,27.66484208552682,0.7405619160434579,08/06/2018 13:00:00,0,Kawasaki ZX-10RR [2018],World Superbikes,
544,Rider,Leandro Mercado,27.667642240957434,0.7407142627132804,23/06/2018 13:00:00,0,Kawasaki ZX-10RR [2018],World Superbikes,
544,Rider,Leandro Mercado,27.669420531554398,0.7409437268435628,06/07/2018 13:00:00,0,Kawasaki ZX-10RR [2018],World Superbikes,
544,Rider,Leandro Mercado,27.66956542994129,0.7412567022540163,14/09/2018 13:00:00,0,Kawasaki ZX-10RR [2018],World Superbikes,
544,Rider,Leandro Mercado,27.66921623117926,0.7416532439562599,28/09/2018 13:00:00,0,Kawasaki ZX-10RR [2018],World Superbikes,
544,Rider,Leandro Mercado,27.668283226595054,0.7421326445540164,12/10/2018 13:00:00,1,Kawasaki ZX-10RR [2018],World Superbikes,
544,Rider,Leandro Mercado,27.668132229424963,0.7426487430136769,26/10/2018 13:00:00,0,Kawasaki ZX-10RR [2018],World Superbikes,
544,Rider,Leandro Mercado,27.667197011057826,0.7432361654153282,22/02/2019 13:00:00,0,Kawasaki ZX-10RR [2019],World Superbikes,
544,Rider,Leandro Mercado,27.66586188254415,0.7439109449848,15/03/2019 13:00:00,0,Kawasaki ZX-10RR [2019],World Superbikes,
544,Rider,Leandro Mercado,27.663899015562144,0.7446750703946966,05/04/2019 13:00:00,0,Kawasaki ZX-10RR [2019],World Superbikes,
544,Rider,Leandro Mercado,27.661568120405793,0.7455262490787419,07/06/2019 13:00:00,0,Kawasaki ZX-10RR [2019],World Superbikes,
544,Rider,Leandro Mercado,27.65842292895492,0.7464666668284864,21/06/2019 13:00:00,0,Kawasaki ZX-10RR [2019],World Superbikes,
544,Rider,Leandro Mercado,27.65472835460502,0.7474982516070068,05/07/2019 13:00:00,0,Kawasaki ZX-10RR [2019],World Superbikes,
544,Rider,Leandro Mercado,27.650587155629104,0.7486167834251849,13/07/2019 13:00:00,0,Kawasaki ZX-10RR [2019],World Superbikes,
544,Rider,Leandro Mercado,27.645172492488953,0.7498287121367299,06/09/2019 13:00:00,0,Kawasaki ZX-10RR [2019],World Superbikes,
544,Rider,Leandro Mercado,27.639708380770795,0.7511253158540444,27/09/2019 13:00:00,0,Kawasaki ZX-10RR [2019],World Superbikes,
544,Rider,Leandro Mercado,27.63426034516137,0.7525113380876253,11/10/2019 13:00:00,0,Kawasaki ZX-10RR [2019],World Superbikes,
544,Rider,Leandro Mercado,27.62989987019233,0.7539491428341754,25/10/2019 13:00:00,0,Kawasaki ZX-10RR [2019],World Superbikes,
544,Rider,Leandro Mercado,27.624038932582128,0.7554831407681436,31/07/2020 13:00:00,0,Ducati Panigale V4 R [2020],World Superbikes,
544,Rider,Leandro Mercado,27.618813865771543,0.7570974158243219,07/08/2020 13:00:00,0,Ducati Panigale V4 R [2020],World Superbikes,
544,Rider,Leandro Mercado,27.613640741571686,0.758798676053006,28/08/2020 13:00:00,0, [2020],World Superbikes,
544,Rider,Leandro Mercado,27.607549740203822,0.7605623238102266,02/10/2020 13:00:00,0,Ducati Panigale V4 R [2020],World Superbikes,
544,Rider,Leandro Mercado,27.60106847596881,0.7624136408265237,16/10/2020 13:00:00,0,Ducati Panigale V4 R [2020],World Superbikes,
544,Rider,Leandro Mercado,27.594308578679186,0.7643542430628604,21/05/2021 13:00:00,0,Honda CBR1000RR-R [2021],World Superbikes,
544,Rider,Leandro Mercado,27.588726492715427,0.7663702743219181,23/07/2021 13:00:00,0,Honda CBR1000RR-R [2021],World Superbikes,
544,Rider,Leandro Mercado,27.582517568808015,0.7684841221393303,20/08/2021 13:00:00,0,Honda CBR1000RR-R [2021],World Superbikes,
544,Rider,Leandro Mercado,27.57580063034576,0.7706936336477824,03/09/2021 13:00:00,0,Honda CBR1000RR-R [2021],World Superbikes,
544,Rider,Leandro Mercado,27.570301788788658,0.7729800578921363,17/09/2021 13:00:00,0,Honda CBR1000RR-R [2021],World Superbikes,
544,Rider,Leandro Mercado,27.564571400074176,0.7753606639258076,24/09/2021 13:00:00,0,Honda CBR1000RR-R [2021],World Superbikes,
544,Rider,Leandro Mercado,27.557079280782514,0.7778419110263732,01/10/2021 13:00:00,0,Honda CBR1000RR-R [2021],World Superbikes,
544,Rider,Leandro Mercado,27.54827467155053,0.7804219866633543,16/10/2021 13:00:00,0,Honda CBR1000RR-R [2021],World Superbikes,
544,Rider,Leandro Mercado,27.538525506042077,0.7831024316136121,19/11/2021 13:00:00,0,Honda CBR1000RR-R [2021],World Superbikes,
544,Rider,Leandro Mercado,27.527211708504105,0.785882110572592,08/04/2022 13:00:00,0,Honda CBR1000RR-R [2022],World Superbikes,
544,Rider,Leandro Mercado,27.51694078089548,0.7887565867028464,22/04/2022 13:00:00,0,Honda CBR1000RR-R [2022],World Superbikes,
544,Rider,Leandro Mercado,27.50679169039411,0.7917298511785292,20/05/2022 13:00:00,0,Honda CBR1000RR-R [2022],World Superbikes,
544,Rider,Leandro Mercado,27.497170842043257,0.7947984875532491,10/06/2022 13:00:00,0,Honda CBR1000RR-R [2022],World Superbikes,
544,Rider,Leandro Mercado,27.488403827535073,0.7979679490263084,15/07/2022 13:00:00,0,Honda CBR1000RR-R [2022],World Superbikes,
544,Rider,Leandro Mercado,27.478750888765504,0.8012440261162869,29/07/2022 13:00:00,0,Honda CBR1000RR-R [2022],World Superbikes,
544,Rider,Leandro Mercado,27.470218163238844,0.8046181264091036,09/09/2022 13:00:00,0,Honda CBR1000RR-R [2022],World Superbikes,
544,Rider,Leandro Mercado,27.462870531983373,0.8080852625953776,23/09/2022 13:00:00,0,Honda CBR1000RR-R [2022],World Superbikes,
544,Rider,Leandro Mercado,27.457600135993562,0.8116237069210595,07/10/2022 13:00:00,0,Honda CBR1000RR-R [2022],World Superbikes,
544,Rider,Leandro Mercado,27.45315439948486,0.8152594048940554,22/10/2022 13:00:00,0,Honda CBR1000RR-R [2022],World Superbikes,
544,Rider,Leandro Mercado,27.44898721418112,0.8189895907771203,11/11/2022 13:00:00,0,Honda CBR1000RR-R [2022],World Superbikes,
544,Rider,Leandro Mercado,27.445544511827986,0.822817625171264,18/11/2022 13:00:00,0,Honda CBR1000RR-R [2022],World Superbikes,
544,Rider,Leandro Mercado,27.443411619343966,0.8267318313512103,27/10/2023 13:00:00,0,Honda CBR1000RR-R [2023],World Superbikes,
544,Rider,Leandro Mercado,27.442391290050686,0.830737973988188,19/07/2024 13:00:00,0,Honda CBR1000RR-R [2024],World Superbikes,
545,Rider,Brett McCormick,24.68581849047952,1.9696754848693936,30/03/2012 13:00:00,0,Ducati 1098R [2012],World Superbikes,
545,Rider,Brett McCormick,24.68723282771171,1.9683900545153372,30/03/2012 13:00:00,1,Ducati 1098R [2012],World Superbikes,
545,Rider,Brett McCormick,24.6886971429343,1.9674394730634641,20/04/2012 13:00:00,0,Ducati 1098R [2012],World Superbikes,
545,Rider,Brett McCormick,24.689011295672387,1.9668394253037458,21/04/2012 13:00:00,0,Ducati 1098R [2012],World Superbikes,
545,Rider,Brett McCormick,24.688557124063077,1.9665684764449818,03/08/2012 13:00:00,0,Ducati 1098R [2012],World Superbikes,
545,Rider,Brett McCormick,24.689442377817773,1.9665227020650173,07/09/2012 13:00:00,0,Ducati 1098R [2012],World Superbikes,
545,Rider,Brett McCormick,24.690992173221343,1.9667809428133354,07/09/2012 13:00:00,1,Ducati 1098R [2012],World Superbikes,
545,Rider,Brett McCormick,24.693125466036154,1.9673392973468642,21/09/2012 13:00:00,0,Ducati 1098R [2012],World Superbikes,
545,Rider,Brett McCormick,24.694818142172668,1.9682387326143582,21/09/2012 13:00:00,1,Ducati 1098R [2012],World Superbikes,
545,Rider,Brett McCormick,24.695660340739845,1.9694829346013065,22/09/2012 13:00:00,0,Ducati 1098R [2012],World Superbikes,
546,Rider,Sergio Gadea,20.976627179842346,3.9584580909265568,04/05/2012 13:00:00,0,Kawasaki ZX-10R [2012],World Superbikes,
546,Rider,Sergio Gadea,20.97720298261175,3.9583712120895447,04/05/2012 13:00:00,1,Kawasaki ZX-10R [2012],World Superbikes,
547,Rider,Loris Baz,35.50842347353425,0.749569436823646,11/05/2012 13:00:00,0,Kawasaki ZX-10R [2012],World Superbikes,
547,Rider,Loris Baz,35.51137585464319,0.7451183245004516,11/05/2012 13:00:00,1,Kawasaki ZX-10R [2012],World Superbikes,
547,Rider,Loris Baz,35.515955763973714,0.7407618100770016,26/05/2012 13:00:00,0,Kawasaki ZX-10R [2012],World Superbikes,
547,Rider,Loris Baz,35.522042663973345,0.7365034511525522,26/05/2012 13:00:00,1,Kawasaki ZX-10R [2012],World Superbikes,
547,Rider,Loris Baz,35.52883187035971,0.7323460846283546,08/06/2012 13:00:00,0,Kawasaki ZX-10R [2012],World Superbikes,
547,Rider,Loris Baz,35.53456338817077,0.728288113528577,08/06/2012 13:00:00,1,Kawasaki ZX-10R [2012],World Superbikes,
547,Rider,Loris Baz,35.540950327582884,0.7243292530887903,09/06/2012 13:00:00,0,Kawasaki ZX-10R [2012],World Superbikes,
547,Rider,Loris Baz,35.54749359650018,0.7204655863826915,29/06/2012 13:00:00,0,Kawasaki ZX-10R [2012],World Superbikes,
547,Rider,Loris Baz,35.554713056792636,0.7166975689610829,29/06/2012 13:00:00,1,Kawasaki ZX-10R [2012],World Superbikes,
547,Rider,Loris Baz,35.56272239772038,0.7130231915326716,30/06/2012 13:00:00,0,Kawasaki ZX-10R [2012],World Superbikes,
547,Rider,Loris Baz,35.57212721698872,0.7094246834242364,20/07/2012 13:00:00,0,Kawasaki ZX-10R [2012],World Superbikes,
547,Rider,Loris Baz,35.58130052951471,0.7059178430056416,20/07/2012 13:00:00,1,Kawasaki ZX-10R [2012],World Superbikes,
547,Rider,Loris Baz,35.59002690650343,0.7025022648551664,21/07/2012 13:00:00,0,Kawasaki ZX-10R [2012],World Superbikes,
547,Rider,Loris Baz,35.599974800226356,0.6991613793462653,03/08/2012 13:00:00,0,Kawasaki ZX-10R [2012],World Superbikes,
547,Rider,Loris Baz,35.61037513752421,0.6959109461429114,03/08/2012 13:00:00,1,Kawasaki ZX-10R [2012],World Superbikes,
547,Rider,Loris Baz,35.61971659093547,0.6927484751071394,04/08/2012 13:00:00,0,Kawasaki ZX-10R [2012],World Superbikes,
547,Rider,Loris Baz,35.62861829603103,0.6896708397230633,23/08/2012 13:00:00,0,Kawasaki ZX-10R [2012],World Superbikes,
547,Rider,Loris Baz,35.637684295910915,0.6866796517914501,24/08/2012 13:00:00,0,Kawasaki ZX-10R [2012],World Superbikes,
547,Rider,Loris Baz,35.64775871562269,0.683771766825958,24/08/2012 13:00:00,1,Kawasaki ZX-10R [2012],World Superbikes,
547,Rider,Loris Baz,35.65847289312289,0.6809436651291185,24/08/2012 13:00:00,2,Kawasaki ZX-10R [2012],World Superbikes,
547,Rider,Loris Baz,35.66957584637866,0.6781849883242139,07/09/2012 13:00:00,0,Kawasaki ZX-10R [2012],World Superbikes,
547,Rider,Loris Baz,35.680978375264445,0.6755076990086131,07/09/2012 13:00:00,1,Kawasaki ZX-10R [2012],World Superbikes,
547,Rider,Loris Baz,35.69236541589512,0.6729103580008434,08/09/2012 13:00:00,0,Kawasaki ZX-10R [2012],World Superbikes,
547,Rider,Loris Baz,35.701804240397124,0.6703831367433803,08/09/2012 13:00:00,1,Kawasaki ZX-10R [2012],World Superbikes,
547,Rider,Loris Baz,35.71110265357027,0.6679274680499643,08/09/2012 13:00:00,2,Kawasaki ZX-10R [2012],World Superbikes,
547,Rider,Loris Baz,35.721630331964825,0.6655029746565098,21/09/2012 13:00:00,0,Kawasaki ZX-10R [2012],World Superbikes,
547,Rider,Loris Baz,35.7325034432824,0.6631553211304987,21/09/2012 13:00:00,1,Kawasaki ZX-10R [2012],World Superbikes,
547,Rider,Loris Baz,35.74224259507206,0.6608824625842847,22/09/2012 13:00:00,0,Kawasaki ZX-10R [2012],World Superbikes,
547,Rider,Loris Baz,35.75258029331096,0.6586779599658712,22/09/2012 13:00:00,1,Kawasaki ZX-10R [2012],World Superbikes,
547,Rider,Loris Baz,35.76440674018811,0.6565122379687014,05/10/2012 13:00:00,0,Kawasaki ZX-10R [2012],World Superbikes,
547,Rider,Loris Baz,35.77736615673572,0.654415470154809,05/10/2012 13:00:00,1,Kawasaki ZX-10R [2012],World Superbikes,
547,Rider,Loris Baz,35.78994401570912,0.6523896341416928,06/10/2012 13:00:00,0,Kawasaki ZX-10R [2012],World Superbikes,
547,Rider,Loris Baz,35.80331958710651,0.6504302700725337,21/02/2013 13:00:00,0,Kawasaki ZX-10R [2013],World Superbikes,
547,Rider,Loris Baz,35.81828792104176,0.6485370891242969,22/02/2013 13:00:00,0,Kawasaki ZX-10R [2013],World Superbikes,
547,Rider,Loris Baz,35.833886457888,0.6467101557512481,22/02/2013 13:00:00,1,Kawasaki ZX-10R [2013],World Superbikes,
547,Rider,Loris Baz,35.8503845211483,0.6449434835265682,22/02/2013 13:00:00,2,Kawasaki ZX-10R [2013],World Superbikes,
547,Rider,Loris Baz,35.86785080221159,0.6432305220774353,12/04/2013 13:00:00,0,Kawasaki ZX-10R [2013],World Superbikes,
547,Rider,Loris Baz,35.88496381886166,0.6415822606652573,12/04/2013 13:00:00,1,Kawasaki ZX-10R [2013],World Superbikes,
547,Rider,Loris Baz,35.90178436630713,0.6399967242405631,13/04/2013 13:00:00,0,Kawasaki ZX-10R [2013],World Superbikes,
547,Rider,Loris Baz,35.91835040429194,0.6384742883614448,13/04/2013 13:00:00,1,Kawasaki ZX-10R [2013],World Superbikes,
547,Rider,Loris Baz,35.93258518813189,0.6369936994119791,13/04/2013 13:00:00,2,Kawasaki ZX-10R [2013],World Superbikes,
547,Rider,Loris Baz,35.94648471248076,0.6355676565345414,26/04/2013 13:00:00,0,Kawasaki ZX-10R [2013],World Superbikes,
547,Rider,Loris Baz,35.961423428250804,0.6342023047055707,26/04/2013 13:00:00,1,Kawasaki ZX-10R [2013],World Superbikes,
547,Rider,Loris Baz,35.97477566529446,0.6328920200682405,27/04/2013 13:00:00,0,Kawasaki ZX-10R [2013],World Superbikes,
547,Rider,Loris Baz,35.98728859573659,0.6316391720941478,27/04/2013 13:00:00,1,Kawasaki ZX-10R [2013],World Superbikes,
547,Rider,Loris Baz,35.999068975139465,0.6304420682383801,27/04/2013 13:00:00,2,Kawasaki ZX-10R [2013],World Superbikes,
547,Rider,Loris Baz,36.01038156927875,0.6292940435777095,10/05/2013 13:00:00,0,Kawasaki ZX-10R [2013],World Superbikes,
547,Rider,Loris Baz,36.02146525749685,0.628204573447042,10/05/2013 13:00:00,1,Kawasaki ZX-10R [2013],World Superbikes,
547,Rider,Loris Baz,36.03149020249756,0.6271734957414732,11/05/2013 13:00:00,0,Kawasaki ZX-10R [2013],World Superbikes,
547,Rider,Loris Baz,36.04198531609179,0.6261978608804258,11/05/2013 13:00:00,1,Kawasaki ZX-10R [2013],World Superbikes,
547,Rider,Loris Baz,36.05362381162647,0.6252651735577337,24/05/2013 13:00:00,0,Kawasaki ZX-10R [2013],World Superbikes,
547,Rider,Loris Baz,36.065357489754795,0.6243911575591753,24/05/2013 13:00:00,1,Kawasaki ZX-10R [2013],World Superbikes,
547,Rider,Loris Baz,36.07594935254042,0.6235749062404106,25/05/2013 13:00:00,0,Kawasaki ZX-10R [2013],World Superbikes,
547,Rider,Loris Baz,36.08546742099101,0.6228157107099961,25/05/2013 13:00:00,1,Kawasaki ZX-10R [2013],World Superbikes,
547,Rider,Loris Baz,36.09670358271088,0.6220845490678879,07/06/2013 13:00:00,0,Kawasaki ZX-10R [2013],World Superbikes,
547,Rider,Loris Baz,36.108262498579556,0.6214094130855597,07/06/2013 13:00:00,1,Kawasaki ZX-10R [2013],World Superbikes,
547,Rider,Loris Baz,36.11998393389083,0.6207913906898891,08/06/2013 13:00:00,0,Kawasaki ZX-10R [2013],World Superbikes,
547,Rider,Loris Baz,36.13177781748185,0.6202301712890143,08/06/2013 13:00:00,1,Kawasaki ZX-10R [2013],World Superbikes,
547,Rider,Loris Baz,36.14304792126921,0.6197217307545554,28/06/2013 13:00:00,0,Kawasaki ZX-10R [2013],World Superbikes,
547,Rider,Loris Baz,36.15434586691163,0.6192708588917735,28/06/2013 13:00:00,1,Kawasaki ZX-10R [2013],World Superbikes,
547,Rider,Loris Baz,36.166866846009086,0.6188730030152267,29/06/2013 13:00:00,0,Kawasaki ZX-10R [2013],World Superbikes,
547,Rider,Loris Baz,36.17905079629806,0.6185318687976897,29/06/2013 13:00:00,1,Kawasaki ZX-10R [2013],World Superbikes,
547,Rider,Loris Baz,36.19151142553847,0.6182418460244892,29/06/2013 13:00:00,2,Kawasaki ZX-10R [2013],World Superbikes,
547,Rider,Loris Baz,36.20559163373345,0.6179722936739639,18/07/2013 13:00:00,0,Kawasaki ZX-10R [2013],World Superbikes,
547,Rider,Loris Baz,36.21958512414075,0.617759232608591,19/07/2013 13:00:00,0,Kawasaki ZX-10R [2013],World Superbikes,
547,Rider,Loris Baz,36.23477628051068,0.6175975970090526,19/07/2013 13:00:00,1,Kawasaki ZX-10R [2013],World Superbikes,
547,Rider,Loris Baz,36.25074593712419,0.6174885711088488,19/07/2013 13:00:00,2,Kawasaki ZX-10R [2013],World Superbikes,
547,Rider,Loris Baz,36.268525806024364,0.6174058310384172,02/08/2013 13:00:00,0,Kawasaki ZX-10R [2013],World Superbikes,
547,Rider,Loris Baz,36.285749738744336,0.6173795076189795,02/08/2013 13:00:00,1,Kawasaki ZX-10R [2013],World Superbikes,
547,Rider,Loris Baz,36.302344230867696,0.6174088883046904,03/08/2013 13:00:00,0,Kawasaki ZX-10R [2013],World Superbikes,
547,Rider,Loris Baz,36.31818868711976,0.6174942029123017,03/08/2013 13:00:00,1,Kawasaki ZX-10R [2013],World Superbikes,
547,Rider,Loris Baz,36.33146326898482,0.6176132151168511,03/08/2013 13:00:00,2,Kawasaki ZX-10R [2013],World Superbikes,
547,Rider,Loris Baz,36.34374743000568,0.6177818254564501,21/02/2014 13:00:00,1,Kawasaki ZX-10R [2014],World Superbikes,
547,Rider,Loris Baz,36.355955636204044,0.6179997440243401,12/04/2014 13:00:00,1,Kawasaki ZX-10R [2014],World Superbikes,
547,Rider,Loris Baz,36.36618738369934,0.6182575477756285,26/04/2014 13:00:00,1,Kawasaki ZX-10R [2014],World Superbikes,
547,Rider,Loris Baz,36.37397500540094,0.618546707143102,10/05/2014 13:00:00,1,Kawasaki ZX-10R [2014],World Superbikes,
547,Rider,Loris Baz,36.3816313415389,0.6188830593858107,23/05/2014 13:00:00,1,Kawasaki ZX-10R [2014],World Superbikes,
547,Rider,Loris Baz,36.38889425956029,0.6192690168992808,06/06/2014 13:00:00,1,Kawasaki ZX-10R [2014],World Superbikes,
547,Rider,Loris Baz,36.39581708286101,0.6197039664389681,21/06/2014 13:00:00,1,Kawasaki ZX-10R [2014],World Superbikes,
547,Rider,Loris Baz,36.40163628364344,0.6201860794946806,05/07/2014 13:00:00,1,Kawasaki ZX-10R [2014],World Superbikes,
547,Rider,Loris Baz,36.40680232171004,0.6207154499721234,12/07/2014 13:00:00,0,Kawasaki ZX-10R [2014],World Superbikes,
547,Rider,Loris Baz,36.41095416533958,0.6212556801441453,12/07/2014 13:00:00,1,Kawasaki ZX-10R [2014],World Superbikes,
547,Rider,Loris Baz,36.41535539393574,0.6218456196187059,06/09/2014 13:00:00,1,Kawasaki ZX-10R [2014],World Superbikes,
547,Rider,Loris Baz,36.4173665494919,0.6224680037993144,04/10/2014 13:00:00,0,Kawasaki ZX-10R [2014],World Superbikes,
547,Rider,Loris Baz,36.41805282372625,0.6231068581596377,04/10/2014 13:00:00,1,Kawasaki ZX-10R [2014],World Superbikes,
547,Rider,Loris Baz,36.41855680468642,0.6237952019192736,01/11/2014 13:00:00,1,Kawasaki ZX-10R [2014],World Superbikes,
547,Rider,Loris Baz,36.41725553052947,0.6245270294841926,23/02/2018 13:00:00,0,BMW S1000 RR [2018],World Superbikes,
547,Rider,Loris Baz,36.41650168561466,0.6252998357412448,23/03/2018 13:00:00,0,BMW S1000 RR [2018],World Superbikes,
547,Rider,Loris Baz,36.41689358085534,0.6261138902163211,13/04/2018 13:00:00,0,BMW S1000 RR [2018],World Superbikes,
547,Rider,Loris Baz,36.41937176693846,0.6269712588613917,20/04/2018 13:00:00,0,BMW S1000 RR [2018],World Superbikes,
547,Rider,Loris Baz,36.42134554837982,0.6278557655460552,20/04/2018 13:00:00,1,BMW S1000 RR [2018],World Superbikes,
547,Rider,Loris Baz,36.42391786760599,0.6287889818581553,11/05/2018 13:00:00,0,BMW S1000 RR [2018],World Superbikes,
547,Rider,Loris Baz,36.4258640611161,0.6297612953540748,25/05/2018 13:00:00,1,BMW S1000 RR [2018],World Superbikes,
547,Rider,Loris Baz,36.426114706903526,0.6307805397440941,08/06/2018 13:00:00,1,BMW S1000 RR [2018],World Superbikes,
547,Rider,Loris Baz,36.42650316217875,0.6318503199106764,23/06/2018 13:00:00,0,BMW S1000 RR [2018],World Superbikes,
547,Rider,Loris Baz,36.42629597678873,0.6329563025860295,23/06/2018 13:00:00,1,BMW S1000 RR [2018],World Superbikes,
547,Rider,Loris Baz,36.42792637758139,0.6340928003018829,06/07/2018 13:00:00,1,BMW S1000 RR [2018],World Superbikes,
547,Rider,Loris Baz,36.429024635115155,0.6352827882467621,14/09/2018 13:00:00,0,BMW S1000 RR [2018],World Superbikes,
547,Rider,Loris Baz,36.429291107310306,0.6365116810688923,14/09/2018 13:00:00,1,BMW S1000 RR [2018],World Superbikes,
547,Rider,Loris Baz,36.42954157865164,0.6377951951726418,28/09/2018 13:00:00,1,BMW S1000 RR [2018],World Superbikes,
547,Rider,Loris Baz,36.429820420934384,0.6391343150114824,12/10/2018 13:00:00,0,BMW S1000 RR [2018],World Superbikes,
547,Rider,Loris Baz,36.43005000113802,0.6405133693531762,26/10/2018 13:00:00,1,BMW S1000 RR [2018],World Superbikes,
547,Rider,Loris Baz,36.42998038605366,0.6419490741118082,07/06/2019 13:00:00,0,Yamaha YZF-R1 [2019],World Superbikes,
547,Rider,Loris Baz,36.431350817223304,0.6434384551728497,21/06/2019 13:00:00,0,Yamaha YZF-R1 [2019],World Superbikes,
547,Rider,Loris Baz,36.43435613593906,0.6449851382534564,05/07/2019 13:00:00,0,Yamaha YZF-R1 [2019],World Superbikes,
547,Rider,Loris Baz,36.436329302630284,0.6465904220155048,13/07/2019 13:00:00,0,Yamaha YZF-R1 [2019],World Superbikes,
547,Rider,Loris Baz,36.43808602999951,0.6482570591019231,06/09/2019 13:00:00,0,Yamaha YZF-R1 [2019],World Superbikes,
547,Rider,Loris Baz,36.44096645607123,0.6499809678780024,27/09/2019 13:00:00,0,Yamaha YZF-R1 [2019],World Superbikes,
547,Rider,Loris Baz,36.44276150467795,0.6517664610783855,11/10/2019 13:00:00,0,Yamaha YZF-R1 [2019],World Superbikes,
547,Rider,Loris Baz,36.44639953634173,0.6536043487383564,25/10/2019 13:00:00,0,Yamaha YZF-R1 [2019],World Superbikes,
547,Rider,Loris Baz,36.44879054417504,0.6555040896300054,28/02/2020 13:00:00,0,Yamaha YZF-R1 [2020],World Superbikes,
547,Rider,Loris Baz,36.450836101020734,0.6574619897118619,31/07/2020 13:00:00,0,Yamaha YZF-R1 [2020],World Superbikes,
547,Rider,Loris Baz,36.452115585314075,0.659479515684295,07/08/2020 13:00:00,0,Yamaha YZF-R1 [2020],World Superbikes,
547,Rider,Loris Baz,36.452644941058075,0.6615573791185,28/08/2020 13:00:00,0,Yamaha YZF-R1 [2020],World Superbikes,
547,Rider,Loris Baz,36.45144023485626,0.6636851908295757,04/09/2020 13:00:00,0,Yamaha YZF-R1 [2020],World Superbikes,
547,Rider,Loris Baz,36.45042425957673,0.6658762102373694,18/09/2020 13:00:00,0,Yamaha YZF-R1 [2020],World Superbikes,
547,Rider,Loris Baz,36.44950858669172,0.6681303225899826,02/10/2020 13:00:00,0,Yamaha YZF-R1 [2020],World Superbikes,
547,Rider,Loris Baz,36.44847706902819,0.6704488743028781,16/10/2020 13:00:00,0,Yamaha YZF-R1 [2020],World Superbikes,
547,Rider,Loris Baz,36.44801735805168,0.6728336592960388,24/09/2021 13:00:00,0,Ducati Panigale V4 R [2021],World Superbikes,
547,Rider,Loris Baz,36.44748948542485,0.6752867406121397,01/10/2021 13:00:00,0,Ducati Panigale V4 R [2021],World Superbikes,
547,Rider,Loris Baz,36.44759398721544,0.6778096181248611,08/04/2022 13:00:00,0,BMW M 1000 RR [2022],World Superbikes,
547,Rider,Loris Baz,36.44716526639223,0.6804049631775017,22/04/2022 13:00:00,0,BMW M 1000 RR [2022],World Superbikes,
547,Rider,Loris Baz,36.445383173881154,0.6830717635948103,20/05/2022 13:00:00,0,BMW M 1000 RR [2022],World Superbikes,
547,Rider,Loris Baz,36.44362002687529,0.6858114023646876,10/06/2022 13:00:00,0,BMW M 1000 RR [2022],World Superbikes,
547,Rider,Loris Baz,36.441861381277974,0.6886250657098609,15/07/2022 13:00:00,0,BMW M 1000 RR [2022],World Superbikes,
547,Rider,Loris Baz,36.44012210844297,0.6915157425532626,29/07/2022 13:00:00,0,BMW M 1000 RR [2022],World Superbikes,
547,Rider,Loris Baz,36.43811484635363,0.6944828306662634,09/09/2022 13:00:00,0,BMW M 1000 RR [2022],World Superbikes,
547,Rider,Loris Baz,36.435204861795135,0.6975281138521752,23/09/2022 13:00:00,0,BMW M 1000 RR [2022],World Superbikes,
547,Rider,Loris Baz,36.432658568722346,0.7006507293472753,07/10/2022 13:00:00,0,BMW M 1000 RR [2022],World Superbikes,
547,Rider,Loris Baz,36.42825527248278,0.7038505385005411,22/10/2022 13:00:00,0,BMW M 1000 RR [2022],World Superbikes,
547,Rider,Loris Baz,36.42232261789794,0.7071302569299843,11/11/2022 13:00:00,0,BMW M 1000 RR [2022],World Superbikes,
547,Rider,Loris Baz,36.417579857821494,0.7104844873494732,18/11/2022 13:00:00,0,BMW M 1000 RR [2022],World Superbikes,
547,Rider,Loris Baz,36.41434678877331,0.7139150010769241,24/02/2023 13:00:00,0,BMW M 1000 RR [2023],World Superbikes,
547,Rider,Loris Baz,36.412286239092786,0.7174248044211157,03/03/2023 13:00:00,0,BMW M 1000 RR [2023],World Superbikes,
547,Rider,Loris Baz,36.40884888216451,0.7210184469969968,21/04/2023 13:00:00,0,BMW M 1000 RR [2023],World Superbikes,
547,Rider,Loris Baz,36.40532533145303,0.7246997007509479,05/05/2023 13:00:00,0,BMW M 1000 RR [2023],World Superbikes,
547,Rider,Loris Baz,36.40261806303628,0.7284660163114857,02/06/2023 13:00:00,0,BMW M 1000 RR [2023],World Superbikes,
547,Rider,Loris Baz,36.40137185467661,0.7323152697080986,30/06/2023 13:00:00,0,BMW M 1000 RR [2023],World Superbikes,
547,Rider,Loris Baz,36.40056231007044,0.7362535403945735,14/07/2023 13:00:00,0,BMW M 1000 RR [2023],World Superbikes,
547,Rider,Loris Baz,36.398912803226544,0.7402843019991888,28/07/2023 13:00:00,0,BMW M 1000 RR [2023],World Superbikes,
547,Rider,Loris Baz,36.3973828769793,0.7444069345599713,08/09/2023 13:00:00,0,BMW M 1000 RR [2023],World Superbikes,
547,Rider,Loris Baz,36.39432341367339,0.7486226229314711,22/09/2023 13:00:00,0,BMW M 1000 RR [2023],World Superbikes,
547,Rider,Loris Baz,36.39116611485742,0.7529331915620787,29/09/2023 13:00:00,0,BMW M 1000 RR [2023],World Superbikes,
547,Rider,Loris Baz,36.38859635182851,0.7573382058594322,27/10/2023 13:00:00,0,BMW M 1000 RR [2023],World Superbikes,
548,Rider,Gary Mason,18.494022315729886,4.414848486761577,11/05/2012 13:00:00,0,Kawasaki ZX-10R [2012],World Superbikes,
548,Rider,Gary Mason,18.49399725196809,4.4148409975773735,11/05/2012 13:00:00,1,Kawasaki ZX-10R [2012],World Superbikes,
549,Rider,Jacob Holden,23.722579137161638,3.7045121328152497,26/05/2012 13:00:00,0,BMW S1000 RR [2012],World Superbikes,
549,Rider,Jacob Holden,23.7219127137386,3.7045754932864225,26/05/2012 13:00:00,1,BMW S1000 RR [2012],World Superbikes,
550,Rider,Shane Turpin,16.526030513601253,4.274172551850579,26/05/2012 13:00:00,0,Ducati 1098R [2012],World Superbikes,
550,Rider,Shane Turpin,16.52596372644293,4.27417173840807,26/05/2012 13:00:00,1,Ducati 1098R [2012],World Superbikes,
551,Rider,Alexander Lundh,21.80531679820738,1.7544833951088528,23/08/2012 13:00:00,0,Kawasaki ZX-10R [2012],World Superbikes,
551,Rider,Alexander Lundh,21.805334308286167,1.75289306263203,24/08/2012 13:00:00,0,Kawasaki ZX-10R [2012],World Superbikes,
551,Rider,Alexander Lundh,21.805564480767515,1.7515109912005908,07/09/2012 13:00:00,0,Kawasaki ZX-10R [2012],World Superbikes,
551,Rider,Alexander Lundh,21.80618491058686,1.7503716722242297,07/09/2012 13:00:00,1,Kawasaki ZX-10R [2012],World Superbikes,
551,Rider,Alexander Lundh,21.807136211834557,1.7494707177435547,21/09/2012 13:00:00,0,Kawasaki ZX-10R [2012],World Superbikes,
551,Rider,Alexander Lundh,21.807520092289312,1.7488611472096427,21/09/2012 13:00:00,1,Kawasaki ZX-10R [2012],World Superbikes,
551,Rider,Alexander Lundh,21.80703975971741,1.7485494541811066,21/02/2013 13:00:00,0,Kawasaki ZX-10R [2013],World Superbikes,
551,Rider,Alexander Lundh,21.807947918131884,1.7484333440377533,22/02/2013 13:00:00,0,Kawasaki ZX-10R [2013],World Superbikes,
551,Rider,Alexander Lundh,21.808669495007884,1.748587431188836,12/04/2013 13:00:00,0,Kawasaki ZX-10R [2013],World Superbikes,
551,Rider,Alexander Lundh,21.80824690836513,1.7490279249772938,12/04/2013 13:00:00,1,Kawasaki ZX-10R [2013],World Superbikes,
551,Rider,Alexander Lundh,21.80703996338944,1.7497466856410078,13/04/2013 13:00:00,0,Kawasaki ZX-10R [2013],World Superbikes,
551,Rider,Alexander Lundh,21.80631062765424,1.750591798417714,24/05/2013 13:00:00,0,Kawasaki ZX-10R [2013],World Superbikes,
551,Rider,Alexander Lundh,21.80598217282574,1.7516701651556845,24/05/2013 13:00:00,1,Kawasaki ZX-10R [2013],World Superbikes,
551,Rider,Alexander Lundh,21.806907437713868,1.7529312890428046,07/06/2013 13:00:00,0,Kawasaki ZX-10R [2013],World Superbikes,
551,Rider,Alexander Lundh,21.807307689847683,1.7544654564944016,07/06/2013 13:00:00,1,Kawasaki ZX-10R [2013],World Superbikes,
552,Rider,David McFadden,17.66561908202781,4.411158306791314,23/08/2012 13:00:00,0,Kawasaki ZX-10R [2012],World Superbikes,
552,Rider,David McFadden,17.66564956434619,4.411166554714558,24/08/2012 13:00:00,0,Kawasaki ZX-10R [2012],World Superbikes,
553,Rider,Claudio Corti,30.185559817755003,1.9210396683265734,05/10/2012 13:00:00,0,Kawasaki ZX-10R [2012],World Superbikes,
553,Rider,Claudio Corti,30.187438570831212,1.919700995448145,05/10/2012 13:00:00,1,Kawasaki ZX-10R [2012],World Superbikes,
553,Rider,Claudio Corti,30.188600071097916,1.9186939926844016,06/10/2012 13:00:00,0,Kawasaki ZX-10R [2012],World Superbikes,
553,Rider,Claudio Corti,30.188950885862432,1.9180156331792042,06/10/2012 13:00:00,1,Kawasaki ZX-10R [2012],World Superbikes,
553,Rider,Claudio Corti,30.1903087931541,1.91753200704635,21/02/2014 13:00:00,0,MV Agusta F4 RR [2014],World Superbikes,
553,Rider,Claudio Corti,30.191086598154566,1.917314602209779,12/04/2014 13:00:00,0,MV Agusta F4 RR [2014],World Superbikes,
553,Rider,Claudio Corti,30.191379303792864,1.9173726505053592,26/04/2014 13:00:00,0,MV Agusta F4 RR [2014],World Superbikes,
553,Rider,Claudio Corti,30.19157116525774,1.917690428227944,23/05/2014 13:00:00,0,MV Agusta F4 RR [2014],World Superbikes,
553,Rider,Claudio Corti,30.190813517924006,1.918268110198245,06/06/2014 13:00:00,0,MV Agusta F4 RR [2014],World Superbikes,
553,Rider,Claudio Corti,30.18910698500176,1.9191154611346994,21/06/2014 13:00:00,0,MV Agusta F4 RR [2014],World Superbikes,
553,Rider,Claudio Corti,30.187091922207593,1.920234845455475,06/09/2014 13:00:00,0,MV Agusta F4 RR [2014],World Superbikes,
553,Rider,Claudio Corti,30.186604380053133,1.9215920394358879,04/10/2014 13:00:00,0,MV Agusta F4 RR [2014],World Superbikes,
554,Bike,Aprilia RSV4 Factory [2013],30.294685894608897,0.880453106873267,21/02/2013 13:00:00,0,,World Superbikes,
554,Bike,Aprilia RSV4 Factory [2013],30.29467152340589,0.8767319834780197,22/02/2013 13:00:00,0,,World Superbikes,
554,Bike,Aprilia RSV4 Factory [2013],30.29413362915061,0.873137902154,22/02/2013 13:00:00,1,,World Superbikes,
554,Bike,Aprilia RSV4 Factory [2013],30.2937227286116,0.8696746152311741,22/02/2013 13:00:00,2,,World Superbikes,
554,Bike,Aprilia RSV4 Factory [2013],30.293270360691366,0.8663291710219724,22/02/2013 13:00:00,3,,World Superbikes,
554,Bike,Aprilia RSV4 Factory [2013],30.292343085289676,0.863103260813863,12/04/2013 13:00:00,0,,World Superbikes,
554,Bike,Aprilia RSV4 Factory [2013],30.292007109809543,0.8600065945877869,12/04/2013 13:00:00,1,,World Superbikes,
554,Bike,Aprilia RSV4 Factory [2013],30.291624448126274,0.8570363326606274,13/04/2013 13:00:00,0,,World Superbikes,
554,Bike,Aprilia RSV4 Factory [2013],30.292057295732867,0.8541872018204837,13/04/2013 13:00:00,1,,World Superbikes,
554,Bike,Aprilia RSV4 Factory [2013],30.292685354204117,0.8514611655067655,13/04/2013 13:00:00,2,,World Superbikes,
554,Bike,Aprilia RSV4 Factory [2013],30.29356994520543,0.8488490885142075,26/04/2013 13:00:00,0,,World Superbikes,
554,Bike,Aprilia RSV4 Factory [2013],30.29407469227148,0.8463551736691618,26/04/2013 13:00:00,1,,World Superbikes,
554,Bike,Aprilia RSV4 Factory [2013],30.294580548076308,0.843976432588152,27/04/2013 13:00:00,0,,World Superbikes,
554,Bike,Aprilia RSV4 Factory [2013],30.295171281382224,0.8417143816718765,27/04/2013 13:00:00,1,,World Superbikes,
554,Bike,Aprilia RSV4 Factory [2013],30.295723031678374,0.8395661889747994,27/04/2013 13:00:00,2,,World Superbikes,
554,Bike,Aprilia RSV4 Factory [2013],30.296743627720314,0.8375188903012475,10/05/2013 13:00:00,0,,World Superbikes,
554,Bike,Aprilia RSV4 Factory [2013],30.29743128589605,0.835593081825312,10/05/2013 13:00:00,1,,World Superbikes,
554,Bike,Aprilia RSV4 Factory [2013],30.297683911283652,0.8337816418311357,11/05/2013 13:00:00,0,,World Superbikes,
554,Bike,Aprilia RSV4 Factory [2013],30.297249641029694,0.8320782673067174,11/05/2013 13:00:00,1,,World Superbikes,
554,Bike,Aprilia RSV4 Factory [2013],30.296735110481507,0.8304916564467283,11/05/2013 13:00:00,2,,World Superbikes,
554,Bike,Aprilia RSV4 Factory [2013],30.295780984756345,0.8290110343268379,24/05/2013 13:00:00,0,,World Superbikes,
554,Bike,Aprilia RSV4 Factory [2013],30.294685530974007,0.8276526573842559,24/05/2013 13:00:00,1,,World Superbikes,
554,Bike,Aprilia RSV4 Factory [2013],30.293543548366912,0.8264137112011215,25/05/2013 13:00:00,0,,World Superbikes,
554,Bike,Aprilia RSV4 Factory [2013],30.293195396390534,0.8252874443460473,25/05/2013 13:00:00,1,,World Superbikes,
554,Bike,Aprilia RSV4 Factory [2013],30.291981094933323,0.824270946731858,25/05/2013 13:00:00,2,,World Superbikes,
554,Bike,Aprilia RSV4 Factory [2013],30.290588226105424,0.8233566962444467,07/06/2013 13:00:00,0,,World Superbikes,
554,Bike,Aprilia RSV4 Factory [2013],30.28843847060321,0.8225563529793629,07/06/2013 13:00:00,1,,World Superbikes,
554,Bike,Aprilia RSV4 Factory [2013],30.285710201623328,0.8218728814822157,08/06/2013 13:00:00,0,,World Superbikes,
554,Bike,Aprilia RSV4 Factory [2013],30.28311779334308,0.821312226978587,08/06/2013 13:00:00,1,,World Superbikes,
554,Bike,Aprilia RSV4 Factory [2013],30.280896930086975,0.820861050124438,28/06/2013 13:00:00,0,,World Superbikes,
554,Bike,Aprilia RSV4 Factory [2013],30.278500656009847,0.8205310021723603,28/06/2013 13:00:00,1,,World Superbikes,
554,Bike,Aprilia RSV4 Factory [2013],30.27580378992915,0.8203198119575614,29/06/2013 13:00:00,0,,World Superbikes,
554,Bike,Aprilia RSV4 Factory [2013],30.27337935074119,0.820230011682417,29/06/2013 13:00:00,1,,World Superbikes,
554,Bike,Aprilia RSV4 Factory [2013],30.271628570954977,0.8202502245861535,29/06/2013 13:00:00,2,,World Superbikes,
554,Bike,Aprilia RSV4 Factory [2013],30.26966057527875,0.8203781332800361,18/07/2013 13:00:00,0,,World Superbikes,
554,Bike,Aprilia RSV4 Factory [2013],30.267799142166712,0.8206222440940658,19/07/2013 13:00:00,0,,World Superbikes,
554,Bike,Aprilia RSV4 Factory [2013],30.26587059661189,0.8209838115775062,19/07/2013 13:00:00,1,,World Superbikes,
554,Bike,Aprilia RSV4 Factory [2013],30.264656352968085,0.8214581539135024,19/07/2013 13:00:00,2,,World Superbikes,
554,Bike,Aprilia RSV4 Factory [2013],30.263882300016018,0.8220500717574822,19/07/2013 13:00:00,3,,World Superbikes,
554,Bike,Aprilia RSV4 Factory [2013],30.262870979300995,0.8227427261800522,02/08/2013 13:00:00,0,,World Superbikes,
554,Bike,Aprilia RSV4 Factory [2013],30.26230617118817,0.8235541374677585,02/08/2013 13:00:00,1,,World Superbikes,
554,Bike,Aprilia RSV4 Factory [2013],30.261317851978124,0.8244818097304025,03/08/2013 13:00:00,0,,World Superbikes,
554,Bike,Aprilia RSV4 Factory [2013],30.260764203179345,0.8255283909831383,03/08/2013 13:00:00,1,,World Superbikes,
554,Bike,Aprilia RSV4 Factory [2013],30.2602553099271,0.8266891553497775,03/08/2013 13:00:00,2,,World Superbikes,
554,Bike,Aprilia RSV4 Factory [2013],30.26027595207548,0.8279409714140763,30/08/2013 13:00:00,0,,World Superbikes,
554,Bike,Aprilia RSV4 Factory [2013],30.260462874538995,0.8293139289966438,30/08/2013 13:00:00,1,,World Superbikes,
554,Bike,Aprilia RSV4 Factory [2013],30.26038690577058,0.8308060078159867,31/08/2013 13:00:00,0,,World Superbikes,
554,Bike,Aprilia RSV4 Factory [2013],30.261474188446794,0.832412154892291,31/08/2013 13:00:00,1,,World Superbikes,
554,Bike,Aprilia RSV4 Factory [2013],30.264240303285263,0.8341215003019649,12/09/2013 13:00:00,0,,World Superbikes,
554,Bike,Aprilia RSV4 Factory [2013],30.26654374516877,0.835937038450565,13/09/2013 13:00:00,0,,World Superbikes,
554,Bike,Aprilia RSV4 Factory [2013],30.270066865818773,0.8378240490564456,13/09/2013 13:00:00,1,,World Superbikes,
554,Bike,Aprilia RSV4 Factory [2013],30.273662098984357,0.8398257691990827,13/09/2013 13:00:00,2,,World Superbikes,
554,Bike,Aprilia RSV4 Factory [2013],30.276837312778525,0.841930704690917,13/09/2013 13:00:00,3,,World Superbikes,
554,Bike,Aprilia RSV4 Factory [2013],30.2794915291404,0.8441426120948968,27/09/2013 13:00:00,0,,World Superbikes,
554,Bike,Aprilia RSV4 Factory [2013],30.281613010175622,0.8464700157298607,27/09/2013 13:00:00,1,,World Superbikes,
554,Bike,Aprilia RSV4 Factory [2013],30.28438440825591,0.8489212114488356,28/09/2013 13:00:00,0,,World Superbikes,
554,Bike,Aprilia RSV4 Factory [2013],30.287735654211506,0.8514810360260732,28/09/2013 13:00:00,1,,World Superbikes,
554,Bike,Aprilia RSV4 Factory [2013],30.290931745012404,0.8541583698871063,28/09/2013 13:00:00,2,,World Superbikes,
554,Bike,Aprilia RSV4 Factory [2013],30.29362220957786,0.8569384998814349,04/10/2013 13:00:00,0,,World Superbikes,
554,Bike,Aprilia RSV4 Factory [2013],30.296513572232442,0.8598338872841156,04/10/2013 13:00:00,1,,World Superbikes,
554,Bike,Aprilia RSV4 Factory [2013],30.299613261542717,0.8628529410966723,05/10/2013 13:00:00,0,,World Superbikes,
554,Bike,Aprilia RSV4 Factory [2013],30.302832047400216,0.865990595388442,05/10/2013 13:00:00,1,,World Superbikes,
554,Bike,Aprilia RSV4 Factory [2013],30.30579909858687,0.8692344199887772,18/10/2013 13:00:00,0,,World Superbikes,
554,Bike,Aprilia RSV4 Factory [2013],30.307833360798007,0.872597794200596,18/10/2013 13:00:00,1,,World Superbikes,
554,Bike,Aprilia RSV4 Factory [2013],30.308715003960508,0.8760784613662419,19/10/2013 13:00:00,0,,World Superbikes,
554,Bike,Aprilia RSV4 Factory [2013],30.309734498861655,0.8796859697694547,19/10/2013 13:00:00,1,,World Superbikes,
554,Bike,Aprilia RSV4 Factory [2013],30.309731088018896,0.883408965021505,19/10/2013 13:00:00,2,,World Superbikes,
555,Bike,BMW S1000 RR [2013],27.392101392059555,0.9046167566197852,21/02/2013 13:00:00,0,,World Superbikes,
555,Bike,BMW S1000 RR [2013],27.391739735683963,0.9010041445498752,22/02/2013 13:00:00,0,,World Superbikes,
555,Bike,BMW S1000 RR [2013],27.391659707978672,0.8975114357963866,22/02/2013 13:00:00,1,,World Superbikes,
555,Bike,BMW S1000 RR [2013],27.391560212268622,0.8941311964478263,22/02/2013 13:00:00,2,,World Superbikes,
555,Bike,BMW S1000 RR [2013],27.3918656883829,0.8908634586571462,22/02/2013 13:00:00,3,,World Superbikes,
555,Bike,BMW S1000 RR [2013],27.392179154843063,0.887724388242175,12/04/2013 13:00:00,0,,World Superbikes,
555,Bike,BMW S1000 RR [2013],27.392031749450403,0.884703700218393,12/04/2013 13:00:00,1,,World Superbikes,
555,Bike,BMW S1000 RR [2013],27.392177326616213,0.8817989109521722,13/04/2013 13:00:00,0,,World Superbikes,
555,Bike,BMW S1000 RR [2013],27.39149151615682,0.8790240153793065,13/04/2013 13:00:00,1,,World Superbikes,
555,Bike,BMW S1000 RR [2013],27.390440497133064,0.876373316505563,13/04/2013 13:00:00,2,,World Superbikes,
555,Bike,BMW S1000 RR [2013],27.38919864376881,0.8738350074073694,26/04/2013 13:00:00,0,,World Superbikes,
555,Bike,BMW S1000 RR [2013],27.389026541894307,0.8714021629114412,26/04/2013 13:00:00,1,,World Superbikes,
555,Bike,BMW S1000 RR [2013],27.38864315460746,0.8690908920167568,27/04/2013 13:00:00,0,,World Superbikes,
555,Bike,BMW S1000 RR [2013],27.389241262594364,0.8668703268928611,10/05/2013 13:00:00,0,,World Superbikes,
555,Bike,BMW S1000 RR [2013],27.389823178918693,0.8647596411698282,10/05/2013 13:00:00,1,,World Superbikes,
555,Bike,BMW S1000 RR [2013],27.390881813498318,0.8627585931545443,11/05/2013 13:00:00,0,,World Superbikes,
555,Bike,BMW S1000 RR [2013],27.3915703680227,0.8608859440695021,11/05/2013 13:00:00,1,,World Superbikes,
555,Bike,BMW S1000 RR [2013],27.392427955398027,0.8591404227015913,11/05/2013 13:00:00,2,,World Superbikes,
555,Bike,BMW S1000 RR [2013],27.39403091223983,0.8574957996966313,24/05/2013 13:00:00,0,,World Superbikes,
555,Bike,BMW S1000 RR [2013],27.39556885773888,0.8559591663855627,24/05/2013 13:00:00,1,,World Superbikes,
555,Bike,BMW S1000 RR [2013],27.396724512546413,0.854540400132628,25/05/2013 13:00:00,0,,World Superbikes,
555,Bike,BMW S1000 RR [2013],27.396950260005966,0.8532439827415101,25/05/2013 13:00:00,1,,World Superbikes,
555,Bike,BMW S1000 RR [2013],27.3970277472947,0.8520725818926325,25/05/2013 13:00:00,2,,World Superbikes,
555,Bike,BMW S1000 RR [2013],27.39735300269998,0.8510168459619596,07/06/2013 13:00:00,0,,World Superbikes,
555,Bike,BMW S1000 RR [2013],27.398043384281074,0.8500749854127513,07/06/2013 13:00:00,1,,World Superbikes,
555,Bike,BMW S1000 RR [2013],27.398736831260496,0.8492517512795309,08/06/2013 13:00:00,0,,World Superbikes,
555,Bike,BMW S1000 RR [2013],27.398435920723156,0.8485540849982003,08/06/2013 13:00:00,1,,World Superbikes,
555,Bike,BMW S1000 RR [2013],27.3988155035368,0.8479626878780002,28/06/2013 13:00:00,0,,World Superbikes,
555,Bike,BMW S1000 RR [2013],27.400003926127848,0.8474777258617385,28/06/2013 13:00:00,1,,World Superbikes,
555,Bike,BMW S1000 RR [2013],27.40165013275185,0.8471070098926373,29/06/2013 13:00:00,0,,World Superbikes,
555,Bike,BMW S1000 RR [2013],27.402866016843138,0.8468551279584324,29/06/2013 13:00:00,1,,World Superbikes,
555,Bike,BMW S1000 RR [2013],27.40478099024565,0.8467238733721948,29/06/2013 13:00:00,2,,World Superbikes,
555,Bike,BMW S1000 RR [2013],27.407624946641686,0.8467018618982907,18/07/2013 13:00:00,0,,World Superbikes,
555,Bike,BMW S1000 RR [2013],27.410158089319555,0.8467978440647972,19/07/2013 13:00:00,0,,World Superbikes,
555,Bike,BMW S1000 RR [2013],27.412050967004532,0.8469873797578411,19/07/2013 13:00:00,1,,World Superbikes,
555,Bike,BMW S1000 RR [2013],27.41415193857776,0.8473058604012352,19/07/2013 13:00:00,2,,World Superbikes,
555,Bike,BMW S1000 RR [2013],27.415040349837838,0.8477415556332911,19/07/2013 13:00:00,3,,World Superbikes,
555,Bike,BMW S1000 RR [2013],27.415128953647,0.8482933023081192,02/08/2013 13:00:00,0,,World Superbikes,
555,Bike,BMW S1000 RR [2013],27.415926260201832,0.8489523695756821,02/08/2013 13:00:00,1,,World Superbikes,
555,Bike,BMW S1000 RR [2013],27.417486504033118,0.8497193043477638,03/08/2013 13:00:00,0,,World Superbikes,
555,Bike,BMW S1000 RR [2013],27.41941249059537,0.8505977885613342,03/08/2013 13:00:00,1,,World Superbikes,
555,Bike,BMW S1000 RR [2013],27.4214921059297,0.851598835918502,03/08/2013 13:00:00,2,,World Superbikes,
555,Bike,BMW S1000 RR [2013],27.423292637672855,0.8527202639610352,30/08/2013 13:00:00,0,,World Superbikes,
555,Bike,BMW S1000 RR [2013],27.424956857505357,0.8539477668415486,30/08/2013 13:00:00,1,,World Superbikes,
555,Bike,BMW S1000 RR [2013],27.426497311649527,0.8552806189405894,31/08/2013 13:00:00,0,,World Superbikes,
555,Bike,BMW S1000 RR [2013],27.42771925127036,0.8567415458641333,31/08/2013 13:00:00,1,,World Superbikes,
555,Bike,BMW S1000 RR [2013],27.428724130621774,0.8583159290943148,12/09/2013 13:00:00,0,,World Superbikes,
555,Bike,BMW S1000 RR [2013],27.429909077085345,0.8599910118424262,13/09/2013 13:00:00,0,,World Superbikes,
555,Bike,BMW S1000 RR [2013],27.428654666015927,0.8617253427263071,13/09/2013 13:00:00,1,,World Superbikes,
555,Bike,BMW S1000 RR [2013],27.427914781398776,0.8635541288309121,13/09/2013 13:00:00,2,,World Superbikes,
555,Bike,BMW S1000 RR [2013],27.426924362561305,0.8655039118285321,13/09/2013 13:00:00,3,,World Superbikes,
555,Bike,BMW S1000 RR [2013],27.427004848028574,0.8675663100070369,27/09/2013 13:00:00,0,,World Superbikes,
555,Bike,BMW S1000 RR [2013],27.42760140533104,0.8697362746974862,27/09/2013 13:00:00,1,,World Superbikes,
555,Bike,BMW S1000 RR [2013],27.42802784610982,0.8720049502836321,28/09/2013 13:00:00,0,,World Superbikes,
555,Bike,BMW S1000 RR [2013],27.427247518791827,0.8743963683220389,28/09/2013 13:00:00,1,,World Superbikes,
555,Bike,BMW S1000 RR [2013],27.425191063447436,0.8769018834443514,28/09/2013 13:00:00,2,,World Superbikes,
555,Bike,BMW S1000 RR [2013],27.42344946759327,0.8795263556970556,04/10/2013 13:00:00,0,,World Superbikes,
555,Bike,BMW S1000 RR [2013],27.42207399897602,0.8822649398545837,04/10/2013 13:00:00,1,,World Superbikes,
555,Bike,BMW S1000 RR [2013],27.42075084109365,0.8851194202046706,05/10/2013 13:00:00,0,,World Superbikes,
555,Bike,BMW S1000 RR [2013],27.419400399876828,0.8881066272248012,05/10/2013 13:00:00,1,,World Superbikes,
555,Bike,BMW S1000 RR [2013],27.419512168676828,0.8912091865343599,18/10/2013 13:00:00,0,,World Superbikes,
555,Bike,BMW S1000 RR [2013],27.419389782317676,0.8944418896797786,18/10/2013 13:00:00,1,,World Superbikes,
555,Bike,BMW S1000 RR [2013],27.419299234187278,0.8978102396938457,19/10/2013 13:00:00,0,,World Superbikes,
555,Bike,BMW S1000 RR [2013],27.418337032326487,0.9012976748516902,19/10/2013 13:00:00,1,,World Superbikes,
555,Bike,BMW S1000 RR [2013],27.41842612585941,0.9049113420443917,19/10/2013 13:00:00,2,,World Superbikes,
556,Bike,Suzuki GSX-R 1000 K9 [2013],32.08632650955784,0.8861615868210215,21/02/2013 13:00:00,0,,World Superbikes,
556,Bike,Suzuki GSX-R 1000 K9 [2013],32.087677745300624,0.8824719562367699,22/02/2013 13:00:00,0,,World Superbikes,
556,Bike,Suzuki GSX-R 1000 K9 [2013],32.089138743973535,0.8789072688783387,22/02/2013 13:00:00,1,,World Superbikes,
556,Bike,Suzuki GSX-R 1000 K9 [2013],32.09020339212673,0.8754756844233927,22/02/2013 13:00:00,2,,World Superbikes,
556,Bike,Suzuki GSX-R 1000 K9 [2013],32.09152745519174,0.8721749523193306,22/02/2013 13:00:00,3,,World Superbikes,
556,Bike,Suzuki GSX-R 1000 K9 [2013],32.09355044597337,0.8689937029110457,12/04/2013 13:00:00,0,,World Superbikes,
556,Bike,Suzuki GSX-R 1000 K9 [2013],32.094650184581816,0.8659417270156683,12/04/2013 13:00:00,1,,World Superbikes,
556,Bike,Suzuki GSX-R 1000 K9 [2013],32.09581001864555,0.8630166271690537,13/04/2013 13:00:00,0,,World Superbikes,
556,Bike,Suzuki GSX-R 1000 K9 [2013],32.09480861599825,0.8602056380026091,13/04/2013 13:00:00,1,,World Superbikes,
556,Bike,Suzuki GSX-R 1000 K9 [2013],32.09305515021692,0.8575183953685933,13/04/2013 13:00:00,2,,World Superbikes,
556,Bike,Suzuki GSX-R 1000 K9 [2013],32.09030177716069,0.8549472524864952,26/04/2013 13:00:00,0,,World Superbikes,
556,Bike,Suzuki GSX-R 1000 K9 [2013],32.08766450734296,0.8525048668290911,26/04/2013 13:00:00,1,,World Superbikes,
556,Bike,Suzuki GSX-R 1000 K9 [2013],32.08502790415933,0.8501858594916915,27/04/2013 13:00:00,0,,World Superbikes,
556,Bike,Suzuki GSX-R 1000 K9 [2013],32.082254628031755,0.8479896095433331,27/04/2013 13:00:00,1,,World Superbikes,
556,Bike,Suzuki GSX-R 1000 K9 [2013],32.080010583057415,0.8459034021587943,10/05/2013 13:00:00,0,,World Superbikes,
556,Bike,Suzuki GSX-R 1000 K9 [2013],32.07818174994706,0.8439408240900227,10/05/2013 13:00:00,1,,World Superbikes,
556,Bike,Suzuki GSX-R 1000 K9 [2013],32.076282649941184,0.8421021742667181,11/05/2013 13:00:00,0,,World Superbikes,
556,Bike,Suzuki GSX-R 1000 K9 [2013],32.074521224718104,0.8403860019229975,11/05/2013 13:00:00,1,,World Superbikes,
556,Bike,Suzuki GSX-R 1000 K9 [2013],32.07201263084167,0.8387843771841242,11/05/2013 13:00:00,2,,World Superbikes,
556,Bike,Suzuki GSX-R 1000 K9 [2013],32.07005154553235,0.837289241673955,24/05/2013 13:00:00,0,,World Superbikes,
556,Bike,Suzuki GSX-R 1000 K9 [2013],32.067974405182085,0.8359182524394674,24/05/2013 13:00:00,1,,World Superbikes,
556,Bike,Suzuki GSX-R 1000 K9 [2013],32.06546035567425,0.8346666244005432,25/05/2013 13:00:00,0,,World Superbikes,
556,Bike,Suzuki GSX-R 1000 K9 [2013],32.06235177430274,0.8335348274895166,25/05/2013 13:00:00,1,,World Superbikes,
556,Bike,Suzuki GSX-R 1000 K9 [2013],32.059579930039234,0.8325158303187137,25/05/2013 13:00:00,2,,World Superbikes,
556,Bike,Suzuki GSX-R 1000 K9 [2013],32.05667052491314,0.831610271202984,07/06/2013 13:00:00,0,,World Superbikes,
556,Bike,Suzuki GSX-R 1000 K9 [2013],32.05440538396759,0.8308256464773843,07/06/2013 13:00:00,1,,World Superbikes,
556,Bike,Suzuki GSX-R 1000 K9 [2013],32.05246527849972,0.8301615098406526,08/06/2013 13:00:00,0,,World Superbikes,
556,Bike,Suzuki GSX-R 1000 K9 [2013],32.04998343071781,0.8296059886799664,08/06/2013 13:00:00,1,,World Superbikes,
556,Bike,Suzuki GSX-R 1000 K9 [2013],32.04729278657598,0.8291674870226123,28/06/2013 13:00:00,0,,World Superbikes,
556,Bike,Suzuki GSX-R 1000 K9 [2013],32.04513147995603,0.8288507293326045,28/06/2013 13:00:00,1,,World Superbikes,
556,Bike,Suzuki GSX-R 1000 K9 [2013],32.043608661993545,0.8286564475564049,29/06/2013 13:00:00,0,,World Superbikes,
556,Bike,Suzuki GSX-R 1000 K9 [2013],32.0427221634578,0.8285771131973688,29/06/2013 13:00:00,1,,World Superbikes,
556,Bike,Suzuki GSX-R 1000 K9 [2013],32.04124584215405,0.8286167696744038,29/06/2013 13:00:00,2,,World Superbikes,
556,Bike,Suzuki GSX-R 1000 K9 [2013],32.040134182162774,0.828765959744355,18/07/2013 13:00:00,0,,World Superbikes,
556,Bike,Suzuki GSX-R 1000 K9 [2013],32.038934341704774,0.8290380728658718,19/07/2013 13:00:00,0,,World Superbikes,
556,Bike,Suzuki GSX-R 1000 K9 [2013],32.03709634307633,0.8294316907973692,19/07/2013 13:00:00,1,,World Superbikes,
556,Bike,Suzuki GSX-R 1000 K9 [2013],32.034568960297655,0.8299388649045392,19/07/2013 13:00:00,2,,World Superbikes,
556,Bike,Suzuki GSX-R 1000 K9 [2013],32.03245675098164,0.8305619201888377,19/07/2013 13:00:00,3,,World Superbikes,
556,Bike,Suzuki GSX-R 1000 K9 [2013],32.030040597503856,0.8312975265703617,02/08/2013 13:00:00,0,,World Superbikes,
556,Bike,Suzuki GSX-R 1000 K9 [2013],32.02673616253199,0.8321487946189484,02/08/2013 13:00:00,1,,World Superbikes,
556,Bike,Suzuki GSX-R 1000 K9 [2013],32.021979118617786,0.8331089322668226,03/08/2013 13:00:00,0,,World Superbikes,
556,Bike,Suzuki GSX-R 1000 K9 [2013],32.016008771428815,0.8341827756365464,03/08/2013 13:00:00,1,,World Superbikes,
556,Bike,Suzuki GSX-R 1000 K9 [2013],32.01012827381201,0.8353712053427684,03/08/2013 13:00:00,2,,World Superbikes,
556,Bike,Suzuki GSX-R 1000 K9 [2013],32.00483999474635,0.8366739144530866,30/08/2013 13:00:00,0,,World Superbikes,
556,Bike,Suzuki GSX-R 1000 K9 [2013],31.999128745146884,0.8380993298803222,30/08/2013 13:00:00,1,,World Superbikes,
556,Bike,Suzuki GSX-R 1000 K9 [2013],31.99381003982672,0.8396491187723083,31/08/2013 13:00:00,0,,World Superbikes,
556,Bike,Suzuki GSX-R 1000 K9 [2013],31.98870993061726,0.8413232927606378,31/08/2013 13:00:00,1,,World Superbikes,
556,Bike,Suzuki GSX-R 1000 K9 [2013],31.984798998883836,0.8430706035176677,12/09/2013 13:00:00,0,,World Superbikes,
556,Bike,Suzuki GSX-R 1000 K9 [2013],31.980285014241776,0.8449365970058897,13/09/2013 13:00:00,1,,World Superbikes,
556,Bike,Suzuki GSX-R 1000 K9 [2013],31.97556452582233,0.8469216880462984,13/09/2013 13:00:00,2,,World Superbikes,
556,Bike,Suzuki GSX-R 1000 K9 [2013],31.97070522824342,0.8490219737644541,13/09/2013 13:00:00,3,,World Superbikes,
556,Bike,Suzuki GSX-R 1000 K9 [2013],31.965520841685198,0.8512360794882339,27/09/2013 13:00:00,0,,World Superbikes,
556,Bike,Suzuki GSX-R 1000 K9 [2013],31.960342821759014,0.8535607100782272,27/09/2013 13:00:00,1,,World Superbikes,
556,Bike,Suzuki GSX-R 1000 K9 [2013],31.9550722223299,0.8559915108286212,28/09/2013 13:00:00,0,,World Superbikes,
556,Bike,Suzuki GSX-R 1000 K9 [2013],31.94976421669126,0.8585366544494103,28/09/2013 13:00:00,1,,World Superbikes,
556,Bike,Suzuki GSX-R 1000 K9 [2013],31.944886607189535,0.8611887124027555,28/09/2013 13:00:00,2,,World Superbikes,
556,Bike,Suzuki GSX-R 1000 K9 [2013],31.94066787641349,0.8639401410637026,04/10/2013 13:00:00,0,,World Superbikes,
556,Bike,Suzuki GSX-R 1000 K9 [2013],31.93493110036836,0.8668082214686064,04/10/2013 13:00:00,1,,World Superbikes,
556,Bike,Suzuki GSX-R 1000 K9 [2013],31.930129068682902,0.8697935204085299,05/10/2013 13:00:00,0,,World Superbikes,
556,Bike,Suzuki GSX-R 1000 K9 [2013],31.925433703032365,0.8728964538742987,05/10/2013 13:00:00,1,,World Superbikes,
556,Bike,Suzuki GSX-R 1000 K9 [2013],31.921558824750036,0.8760566852260427,18/10/2013 13:00:00,0,,World Superbikes,
556,Bike,Suzuki GSX-R 1000 K9 [2013],31.917722741572057,0.8793508719337487,18/10/2013 13:00:00,1,,World Superbikes,
556,Bike,Suzuki GSX-R 1000 K9 [2013],31.915467269266454,0.882776638548222,19/10/2013 13:00:00,0,,World Superbikes,
556,Bike,Suzuki GSX-R 1000 K9 [2013],31.913406901893833,0.886337142321498,19/10/2013 13:00:00,1,,World Superbikes,
556,Bike,Suzuki GSX-R 1000 K9 [2013],31.91158143899103,0.8900261346865429,19/10/2013 13:00:00,2,,World Superbikes,
557,Bike,Honda CBR1000RR [2013],21.236505729195432,0.9011030919757653,21/02/2013 13:00:00,0,,World Superbikes,
557,Bike,Honda CBR1000RR [2013],21.235562196421508,0.8974762116575983,22/02/2013 13:00:00,0,,World Superbikes,
557,Bike,Honda CBR1000RR [2013],21.234308665688676,0.8939760571120019,22/02/2013 13:00:00,1,,World Superbikes,
557,Bike,Honda CBR1000RR [2013],21.233300408181577,0.8905946388322766,22/02/2013 13:00:00,2,,World Superbikes,
557,Bike,Honda CBR1000RR [2013],21.232092163271027,0.8873472077624915,22/02/2013 13:00:00,3,,World Superbikes,
557,Bike,Honda CBR1000RR [2013],21.231957658705657,0.8842054904115405,12/04/2013 13:00:00,0,,World Superbikes,
557,Bike,Honda CBR1000RR [2013],21.23150157173126,0.8811971843694347,12/04/2013 13:00:00,1,,World Superbikes,
557,Bike,Honda CBR1000RR [2013],21.229865910623804,0.8783031138110162,13/04/2013 13:00:00,0,,World Superbikes,
557,Bike,Honda CBR1000RR [2013],21.228613835180326,0.875542480003262,13/04/2013 13:00:00,1,,World Superbikes,
557,Bike,Honda CBR1000RR [2013],21.22779594162582,0.8729010573441216,13/04/2013 13:00:00,2,,World Superbikes,
557,Bike,Honda CBR1000RR [2013],21.228957142695524,0.8703561328348537,26/04/2013 13:00:00,0,,World Superbikes,
557,Bike,Honda CBR1000RR [2013],21.23047349673864,0.8679436992162367,26/04/2013 13:00:00,1,,World Superbikes,
557,Bike,Honda CBR1000RR [2013],21.231676845776736,0.8656581933568294,27/04/2013 13:00:00,0,,World Superbikes,
557,Bike,Honda CBR1000RR [2013],21.232207628512178,0.8634926122710738,27/04/2013 13:00:00,1,,World Superbikes,
557,Bike,Honda CBR1000RR [2013],21.233615524244055,0.8614509143773947,27/04/2013 13:00:00,2,,World Superbikes,
557,Bike,Honda CBR1000RR [2013],21.233944884030638,0.8595121908724918,10/05/2013 13:00:00,0,,World Superbikes,
557,Bike,Honda CBR1000RR [2013],21.23349580886645,0.8576678158719755,10/05/2013 13:00:00,1,,World Superbikes,
557,Bike,Honda CBR1000RR [2013],21.23257341387129,0.8559150601167064,11/05/2013 13:00:00,0,,World Superbikes,
557,Bike,Honda CBR1000RR [2013],21.231801595398046,0.8542895885727229,11/05/2013 13:00:00,1,,World Superbikes,
557,Bike,Honda CBR1000RR [2013],21.231271056694506,0.852790441304661,11/05/2013 13:00:00,2,,World Superbikes,
557,Bike,Honda CBR1000RR [2013],21.2305369744727,0.8514077219455375,24/05/2013 13:00:00,0,,World Superbikes,
557,Bike,Honda CBR1000RR [2013],21.22840250285562,0.8501365131739785,24/05/2013 13:00:00,1,,World Superbikes,
557,Bike,Honda CBR1000RR [2013],21.226754378698264,0.8489955951344769,25/05/2013 13:00:00,0,,World Superbikes,
557,Bike,Honda CBR1000RR [2013],21.225965960938392,0.8479827373050169,25/05/2013 13:00:00,1,,World Superbikes,
557,Bike,Honda CBR1000RR [2013],21.226306079624063,0.8470920753235149,25/05/2013 13:00:00,2,,World Superbikes,
557,Bike,Honda CBR1000RR [2013],21.2264133897653,0.8463172108371668,07/06/2013 13:00:00,0,,World Superbikes,
557,Bike,Honda CBR1000RR [2013],21.225923144949512,0.8456495814770988,07/06/2013 13:00:00,1,,World Superbikes,
557,Bike,Honda CBR1000RR [2013],21.2246851222297,0.8450914986387629,08/06/2013 13:00:00,0,,World Superbikes,
557,Bike,Honda CBR1000RR [2013],21.22458139427439,0.8446511969870871,08/06/2013 13:00:00,1,,World Superbikes,
557,Bike,Honda CBR1000RR [2013],21.223761926631667,0.8443253963725742,28/06/2013 13:00:00,0,,World Superbikes,
557,Bike,Honda CBR1000RR [2013],21.2224900029129,0.8441171586501829,28/06/2013 13:00:00,1,,World Superbikes,
557,Bike,Honda CBR1000RR [2013],21.22030484920184,0.8440185127283821,29/06/2013 13:00:00,0,,World Superbikes,
557,Bike,Honda CBR1000RR [2013],21.2180385157106,0.8440439942097804,29/06/2013 13:00:00,1,,World Superbikes,
557,Bike,Honda CBR1000RR [2013],21.215783965722448,0.8441840218304828,29/06/2013 13:00:00,2,,World Superbikes,
557,Bike,Honda CBR1000RR [2013],21.21239747246387,0.8444261256194461,18/07/2013 13:00:00,0,,World Superbikes,
557,Bike,Honda CBR1000RR [2013],21.20924586603126,0.8447959263105482,19/07/2013 13:00:00,0,,World Superbikes,
557,Bike,Honda CBR1000RR [2013],21.20542314004262,0.8452940726777226,19/07/2013 13:00:00,1,,World Superbikes,
557,Bike,Honda CBR1000RR [2013],21.20211058152041,0.8459163463936984,19/07/2013 13:00:00,2,,World Superbikes,
557,Bike,Honda CBR1000RR [2013],21.199375353800264,0.8466633081173128,19/07/2013 13:00:00,3,,World Superbikes,
557,Bike,Honda CBR1000RR [2013],21.1966056387148,0.8475297306871492,02/08/2013 13:00:00,0,,World Superbikes,
557,Bike,Honda CBR1000RR [2013],21.19280732082187,0.8485223438969998,02/08/2013 13:00:00,1,,World Superbikes,
557,Bike,Honda CBR1000RR [2013],21.18890558729327,0.8496423054632048,03/08/2013 13:00:00,0,,World Superbikes,
557,Bike,Honda CBR1000RR [2013],21.185748701202897,0.8508896881782342,03/08/2013 13:00:00,1,,World Superbikes,
557,Bike,Honda CBR1000RR [2013],21.18354968193914,0.8522404687476637,03/08/2013 13:00:00,2,,World Superbikes,
557,Bike,Honda CBR1000RR [2013],21.180913538808852,0.8537097454424764,30/08/2013 13:00:00,0,,World Superbikes,
557,Bike,Honda CBR1000RR [2013],21.177670598329307,0.8553082234530693,30/08/2013 13:00:00,1,,World Superbikes,
557,Bike,Honda CBR1000RR [2013],21.174031627659403,0.857035263687609,31/08/2013 13:00:00,0,,World Superbikes,
557,Bike,Honda CBR1000RR [2013],21.169994146456105,0.8588903804618364,31/08/2013 13:00:00,1,,World Superbikes,
557,Bike,Honda CBR1000RR [2013],21.165752110465544,0.8608628076287352,12/09/2013 13:00:00,0,,World Superbikes,
557,Bike,Honda CBR1000RR [2013],21.16156921964432,0.862955239470526,13/09/2013 13:00:00,1,,World Superbikes,
557,Bike,Honda CBR1000RR [2013],21.15672429021688,0.8651693518350905,13/09/2013 13:00:00,2,,World Superbikes,
557,Bike,Honda CBR1000RR [2013],21.152755906101962,0.8674828887775172,13/09/2013 13:00:00,3,,World Superbikes,
557,Bike,Honda CBR1000RR [2013],21.150024299787333,0.8698752262261389,27/09/2013 13:00:00,0,,World Superbikes,
557,Bike,Honda CBR1000RR [2013],21.147640813677477,0.872399950113442,27/09/2013 13:00:00,1,,World Superbikes,
557,Bike,Honda CBR1000RR [2013],21.145038526813615,0.8750568479853713,28/09/2013 13:00:00,0,,World Superbikes,
557,Bike,Honda CBR1000RR [2013],21.14227337921609,0.8778417025178658,28/09/2013 13:00:00,1,,World Superbikes,
557,Bike,Honda CBR1000RR [2013],21.141265423652968,0.8807186480554757,04/10/2013 13:00:00,0,,World Superbikes,
557,Bike,Honda CBR1000RR [2013],21.140076943183796,0.8837317971867994,04/10/2013 13:00:00,1,,World Superbikes,
557,Bike,Honda CBR1000RR [2013],21.137758517028853,0.8868830528144922,05/10/2013 13:00:00,0,,World Superbikes,
557,Bike,Honda CBR1000RR [2013],21.13602939846442,0.8901529949756115,05/10/2013 13:00:00,1,,World Superbikes,
557,Bike,Honda CBR1000RR [2013],21.13276825279567,0.8935442254325033,18/10/2013 13:00:00,0,,World Superbikes,
557,Bike,Honda CBR1000RR [2013],21.130564284909493,0.89706876501765,18/10/2013 13:00:00,1,,World Superbikes,
557,Bike,Honda CBR1000RR [2013],21.129156408837776,0.900732587303619,19/10/2013 13:00:00,0,,World Superbikes,
558,Bike,Kawasaki ZX-10R [2013],27.848178892238863,0.9249409154239718,21/02/2013 13:00:00,0,,World Superbikes,
558,Bike,Kawasaki ZX-10R [2013],27.849575300720602,0.9214124755620666,22/02/2013 13:00:00,0,,World Superbikes,
558,Bike,Kawasaki ZX-10R [2013],27.85133809031171,0.9180133398445955,22/02/2013 13:00:00,1,,World Superbikes,
558,Bike,Kawasaki ZX-10R [2013],27.852994907558525,0.9147246313071095,22/02/2013 13:00:00,2,,World Superbikes,
558,Bike,Kawasaki ZX-10R [2013],27.85500018103847,0.9115591280717785,22/02/2013 13:00:00,3,,World Superbikes,
558,Bike,Kawasaki ZX-10R [2013],27.857871394985295,0.9085266236211674,12/04/2013 13:00:00,0,,World Superbikes,
558,Bike,Kawasaki ZX-10R [2013],27.860259752827716,0.905624013270906,12/04/2013 13:00:00,1,,World Superbikes,
558,Bike,Kawasaki ZX-10R [2013],27.86204013447475,0.9028378772987472,13/04/2013 13:00:00,0,,World Superbikes,
558,Bike,Kawasaki ZX-10R [2013],27.863609186098785,0.9001392661313254,13/04/2013 13:00:00,1,,World Superbikes,
558,Bike,Kawasaki ZX-10R [2013],27.864272932053016,0.8975602570683646,13/04/2013 13:00:00,2,,World Superbikes,
558,Bike,Kawasaki ZX-10R [2013],27.864381386142885,0.8950782443250221,26/04/2013 13:00:00,0,,World Superbikes,
558,Bike,Kawasaki ZX-10R [2013],27.864581417667143,0.8927025484647829,26/04/2013 13:00:00,1,,World Superbikes,
558,Bike,Kawasaki ZX-10R [2013],27.864354595312925,0.8904444075457505,27/04/2013 13:00:00,0,,World Superbikes,
558,Bike,Kawasaki ZX-10R [2013],27.86319031862166,0.888291184356765,27/04/2013 13:00:00,1,,World Superbikes,
558,Bike,Kawasaki ZX-10R [2013],27.861165838570965,0.8862401664768386,27/04/2013 13:00:00,2,,World Superbikes,
558,Bike,Kawasaki ZX-10R [2013],27.858418020531673,0.8842854168000363,10/05/2013 13:00:00,0,,World Superbikes,
558,Bike,Kawasaki ZX-10R [2013],27.8556261039595,0.8824547105903657,10/05/2013 13:00:00,1,,World Superbikes,
558,Bike,Kawasaki ZX-10R [2013],27.852716102788033,0.8807500953496648,11/05/2013 13:00:00,0,,World Superbikes,
558,Bike,Kawasaki ZX-10R [2013],27.85025575506327,0.8791480557894825,11/05/2013 13:00:00,1,,World Superbikes,
558,Bike,Kawasaki ZX-10R [2013],27.847882354521804,0.8776405610570441,11/05/2013 13:00:00,2,,World Superbikes,
558,Bike,Kawasaki ZX-10R [2013],27.84444552696234,0.8762078456204456,24/05/2013 13:00:00,0,,World Superbikes,
558,Bike,Kawasaki ZX-10R [2013],27.840786507168037,0.8748797648881682,24/05/2013 13:00:00,1,,World Superbikes,
558,Bike,Kawasaki ZX-10R [2013],27.836818425011373,0.873649860157246,25/05/2013 13:00:00,0,,World Superbikes,
558,Bike,Kawasaki ZX-10R [2013],27.831798732227455,0.8725254400439457,25/05/2013 13:00:00,1,,World Superbikes,
558,Bike,Kawasaki ZX-10R [2013],27.827083995371215,0.8714856962396247,25/05/2013 13:00:00,2,,World Superbikes,
558,Bike,Kawasaki ZX-10R [2013],27.82129714551607,0.8705204573265434,07/06/2013 13:00:00,0,,World Superbikes,
558,Bike,Kawasaki ZX-10R [2013],27.815605388454465,0.8696738590250016,07/06/2013 13:00:00,1,,World Superbikes,
558,Bike,Kawasaki ZX-10R [2013],27.81042900214831,0.8689401994412426,08/06/2013 13:00:00,0,,World Superbikes,
558,Bike,Kawasaki ZX-10R [2013],27.80560413599072,0.8683392657610713,08/06/2013 13:00:00,1,,World Superbikes,
558,Bike,Kawasaki ZX-10R [2013],27.799967139917204,0.8678398976464821,28/06/2013 13:00:00,0,,World Superbikes,
558,Bike,Kawasaki ZX-10R [2013],27.79375316255388,0.8674496353427642,28/06/2013 13:00:00,1,,World Superbikes,
558,Bike,Kawasaki ZX-10R [2013],27.787819007172484,0.8671819784017049,29/06/2013 13:00:00,0,,World Superbikes,
558,Bike,Kawasaki ZX-10R [2013],27.781199631707565,0.8670192424096133,29/06/2013 13:00:00,1,,World Superbikes,
558,Bike,Kawasaki ZX-10R [2013],27.77427319423331,0.8669556193761823,29/06/2013 13:00:00,2,,World Superbikes,
558,Bike,Kawasaki ZX-10R [2013],27.767645076712487,0.866969056012912,18/07/2013 13:00:00,0,,World Superbikes,
558,Bike,Kawasaki ZX-10R [2013],27.76121200901676,0.867087807000909,19/07/2013 13:00:00,0,,World Superbikes,
558,Bike,Kawasaki ZX-10R [2013],27.755523334924398,0.8673311975221519,19/07/2013 13:00:00,1,,World Superbikes,
558,Bike,Kawasaki ZX-10R [2013],27.74969661000434,0.8676772424956468,19/07/2013 13:00:00,2,,World Superbikes,
558,Bike,Kawasaki ZX-10R [2013],27.744297049277773,0.8681056932443056,19/07/2013 13:00:00,3,,World Superbikes,
558,Bike,Kawasaki ZX-10R [2013],27.74172502321231,0.8686407648679645,02/08/2013 13:00:00,0,,World Superbikes,
558,Bike,Kawasaki ZX-10R [2013],27.73895331274008,0.8692809836672273,02/08/2013 13:00:00,1,,World Superbikes,
558,Bike,Kawasaki ZX-10R [2013],27.736544872672383,0.8700403385658574,03/08/2013 13:00:00,0,,World Superbikes,
558,Bike,Kawasaki ZX-10R [2013],27.734073602830843,0.8709325343887369,03/08/2013 13:00:00,1,,World Superbikes,
558,Bike,Kawasaki ZX-10R [2013],27.730236351973268,0.8719340332595714,03/08/2013 13:00:00,2,,World Superbikes,
558,Bike,Kawasaki ZX-10R [2013],27.72650948735577,0.8730612880939262,30/08/2013 13:00:00,0,,World Superbikes,
558,Bike,Kawasaki ZX-10R [2013],27.72318258941955,0.8743006769307533,30/08/2013 13:00:00,1,,World Superbikes,
558,Bike,Kawasaki ZX-10R [2013],27.720326577990463,0.875661552404219,31/08/2013 13:00:00,0,,World Superbikes,
558,Bike,Kawasaki ZX-10R [2013],27.717532039772436,0.8771434687940037,31/08/2013 13:00:00,1,,World Superbikes,
558,Bike,Kawasaki ZX-10R [2013],27.7156385418174,0.8787454383062508,12/09/2013 13:00:00,0,,World Superbikes,
558,Bike,Kawasaki ZX-10R [2013],27.714148840347807,0.8804548405443757,13/09/2013 13:00:00,1,,World Superbikes,
558,Bike,Kawasaki ZX-10R [2013],27.712455145157946,0.8822595555547013,13/09/2013 13:00:00,2,,World Superbikes,
558,Bike,Kawasaki ZX-10R [2013],27.710950404788402,0.8841747437312453,13/09/2013 13:00:00,3,,World Superbikes,
558,Bike,Kawasaki ZX-10R [2013],27.708476156717605,0.8861611430422576,27/09/2013 13:00:00,0,,World Superbikes,
558,Bike,Kawasaki ZX-10R [2013],27.706356951609976,0.8882758200707587,27/09/2013 13:00:00,1,,World Superbikes,
558,Bike,Kawasaki ZX-10R [2013],27.70449216404697,0.8905173787992857,28/09/2013 13:00:00,0,,World Superbikes,
558,Bike,Kawasaki ZX-10R [2013],27.703211127032503,0.8928828121601161,28/09/2013 13:00:00,1,,World Superbikes,
558,Bike,Kawasaki ZX-10R [2013],27.702319324763188,0.8953742236405647,28/09/2013 13:00:00,2,,World Superbikes,
558,Bike,Kawasaki ZX-10R [2013],27.701357171499772,0.8979756853515044,04/10/2013 13:00:00,0,,World Superbikes,
558,Bike,Kawasaki ZX-10R [2013],27.70057455087783,0.9007031060814732,04/10/2013 13:00:00,1,,World Superbikes,
558,Bike,Kawasaki ZX-10R [2013],27.70087912075526,0.903560131700555,05/10/2013 13:00:00,0,,World Superbikes,
558,Bike,Kawasaki ZX-10R [2013],27.700882153670136,0.906519509779628,05/10/2013 13:00:00,1,,World Superbikes,
558,Bike,Kawasaki ZX-10R [2013],27.699996403068653,0.9095484677561801,18/10/2013 13:00:00,0,,World Superbikes,
558,Bike,Kawasaki ZX-10R [2013],27.699659242940726,0.9127127649086073,18/10/2013 13:00:00,1,,World Superbikes,
558,Bike,Kawasaki ZX-10R [2013],27.69909738350717,0.9160184135578846,19/10/2013 13:00:00,0,,World Superbikes,
558,Bike,Kawasaki ZX-10R [2013],27.698180254159773,0.9194553063024888,19/10/2013 13:00:00,1,,World Superbikes,
558,Bike,Kawasaki ZX-10R [2013],27.69746850621344,0.9230239900624847,19/10/2013 13:00:00,2,,World Superbikes,
559,Rider,Jamie Stauffer,33.07759290063924,3.2013598076953316,21/02/2013 13:00:00,0,Honda CBR1000RR [2013],World Superbikes,
559,Rider,Jamie Stauffer,33.07700371485698,3.2011469968840416,22/02/2013 13:00:00,0,Honda CBR1000RR [2013],World Superbikes,
559,Rider,Jamie Stauffer,33.075917851774605,3.201469593427199,22/02/2013 13:00:00,1,Honda CBR1000RR [2013],World Superbikes,
560,Bike,Ducati Desmosedici GP5 [2013],22.361995194121974,1.0938653882663842,21/02/2013 13:00:00,0,,World Superbikes,
560,Bike,Ducati Desmosedici GP5 [2013],22.36263555524304,1.0909854913386403,22/02/2013 13:00:00,0,,World Superbikes,
560,Bike,Ducati Desmosedici GP5 [2013],22.363009762747957,1.088287888234188,22/02/2013 13:00:00,1,,World Superbikes,
560,Bike,Ducati Desmosedici GP5 [2013],22.362159934464653,1.0857644279194574,22/02/2013 13:00:00,2,,World Superbikes,
560,Bike,Ducati Desmosedici GP5 [2013],22.360109679486385,1.083412172474167,22/02/2013 13:00:00,3,,World Superbikes,
560,Bike,Ducati Desmosedici GP5 [2013],22.355763807732757,1.08119790342705,12/04/2013 13:00:00,0,,World Superbikes,
560,Bike,Ducati Desmosedici GP5 [2013],22.352075415980096,1.07916019311992,12/04/2013 13:00:00,1,,World Superbikes,
560,Bike,Ducati Desmosedici GP5 [2013],22.349236919491663,1.0772948181290962,13/04/2013 13:00:00,0,,World Superbikes,
560,Bike,Ducati Desmosedici GP5 [2013],22.347505327548898,1.075598916865438,13/04/2013 13:00:00,1,,World Superbikes,
560,Bike,Ducati Desmosedici GP5 [2013],22.346565859645228,1.074063309178144,26/04/2013 13:00:00,0,,World Superbikes,
560,Bike,Ducati Desmosedici GP5 [2013],22.345700645994647,1.0727050178661486,26/04/2013 13:00:00,1,,World Superbikes,
560,Bike,Ducati Desmosedici GP5 [2013],22.344360421837187,1.0715198997815458,27/04/2013 13:00:00,0,,World Superbikes,
560,Bike,Ducati Desmosedici GP5 [2013],22.342985502248922,1.070506218272702,27/04/2013 13:00:00,1,,World Superbikes,
560,Bike,Ducati Desmosedici GP5 [2013],22.340263016317152,1.069652921662008,27/04/2013 13:00:00,2,,World Superbikes,
560,Bike,Ducati Desmosedici GP5 [2013],22.338190359324724,1.0689444096519833,24/05/2013 13:00:00,0,,World Superbikes,
560,Bike,Ducati Desmosedici GP5 [2013],22.33758900946919,1.068402687576626,24/05/2013 13:00:00,1,,World Superbikes,
560,Bike,Ducati Desmosedici GP5 [2013],22.337429758574128,1.0680360244795222,25/05/2013 13:00:00,0,,World Superbikes,
560,Bike,Ducati Desmosedici GP5 [2013],22.338227650193883,1.067835050943988,25/05/2013 13:00:00,1,,World Superbikes,
560,Bike,Ducati Desmosedici GP5 [2013],22.339716205472257,1.0677967668991863,07/06/2013 13:00:00,0,,World Superbikes,
560,Bike,Ducati Desmosedici GP5 [2013],22.341058699002975,1.0679330622326808,07/06/2013 13:00:00,1,,World Superbikes,
560,Bike,Ducati Desmosedici GP5 [2013],22.343221755644926,1.068244111822716,08/06/2013 13:00:00,0,,World Superbikes,
560,Bike,Ducati Desmosedici GP5 [2013],22.343883334862024,1.0687275999596113,08/06/2013 13:00:00,1,,World Superbikes,
560,Bike,Ducati Desmosedici GP5 [2013],22.344469883963114,1.0693811005526122,28/06/2013 13:00:00,0,,World Superbikes,
560,Bike,Ducati Desmosedici GP5 [2013],22.34573936412935,1.0702104960445942,28/06/2013 13:00:00,1,,World Superbikes,
560,Bike,Ducati Desmosedici GP5 [2013],22.347462029468225,1.071217109793766,29/06/2013 13:00:00,0,,World Superbikes,
560,Bike,Ducati Desmosedici GP5 [2013],22.350398668756082,1.072390185908915,18/07/2013 13:00:00,0,,World Superbikes,
560,Bike,Ducati Desmosedici GP5 [2013],22.35203006104888,1.0737359532517234,19/07/2013 13:00:00,0,,World Superbikes,
560,Bike,Ducati Desmosedici GP5 [2013],22.35397077145395,1.0752585544022664,19/07/2013 13:00:00,1,,World Superbikes,
560,Bike,Ducati Desmosedici GP5 [2013],22.3543725577042,1.0769494577511065,19/07/2013 13:00:00,2,,World Superbikes,
560,Bike,Ducati Desmosedici GP5 [2013],22.35334628387303,1.0788077186872966,19/07/2013 13:00:00,3,,World Superbikes,
560,Bike,Ducati Desmosedici GP5 [2013],22.352142325098566,1.0808334844341079,02/08/2013 13:00:00,0,,World Superbikes,
560,Bike,Ducati Desmosedici GP5 [2013],22.35225196433923,1.0830337364596057,02/08/2013 13:00:00,1,,World Superbikes,
560,Bike,Ducati Desmosedici GP5 [2013],22.35232095107833,1.0854141320524744,03/08/2013 13:00:00,0,,World Superbikes,
560,Bike,Ducati Desmosedici GP5 [2013],22.35196189177323,1.0879754577428866,03/08/2013 13:00:00,1,,World Superbikes,
560,Bike,Ducati Desmosedici GP5 [2013],22.351432748218077,1.090709687715611,03/08/2013 13:00:00,2,,World Superbikes,
560,Bike,Ducati Desmosedici GP5 [2013],22.34921821488745,1.0936028822247832,30/08/2013 13:00:00,1,,World Superbikes,
561,Bike,Ducati 1199 Panigale R [2013],23.93048654566301,0.975903844836741,21/02/2013 13:00:00,0,,World Superbikes,
561,Bike,Ducati 1199 Panigale R [2013],23.930625105946703,0.9726054330181227,22/02/2013 13:00:00,0,,World Superbikes,
561,Bike,Ducati 1199 Panigale R [2013],23.93096071228361,0.9694594793964955,22/02/2013 13:00:00,1,,World Superbikes,
561,Bike,Ducati 1199 Panigale R [2013],23.931943259089138,0.9664492925522977,12/04/2013 13:00:00,0,,World Superbikes,
561,Bike,Ducati 1199 Panigale R [2013],23.933607265294754,0.9635870512383088,12/04/2013 13:00:00,1,,World Superbikes,
561,Bike,Ducati 1199 Panigale R [2013],23.93565171848615,0.9608706296374215,13/04/2013 13:00:00,0,,World Superbikes,
561,Bike,Ducati 1199 Panigale R [2013],23.937764870821173,0.958298722687741,13/04/2013 13:00:00,1,,World Superbikes,
561,Bike,Ducati 1199 Panigale R [2013],23.9411202052122,0.955819859676235,26/04/2013 13:00:00,0,,World Superbikes,
561,Bike,Ducati 1199 Panigale R [2013],23.943992661769578,0.9534868631823766,26/04/2013 13:00:00,1,,World Superbikes,
561,Bike,Ducati 1199 Panigale R [2013],23.94746081648351,0.9512936769637292,27/04/2013 13:00:00,0,,World Superbikes,
561,Bike,Ducati 1199 Panigale R [2013],23.95064639496047,0.949246585560803,27/04/2013 13:00:00,1,,World Superbikes,
561,Bike,Ducati 1199 Panigale R [2013],23.954740753913306,0.947306916234061,10/05/2013 13:00:00,0,,World Superbikes,
561,Bike,Ducati 1199 Panigale R [2013],23.959060124092183,0.9455093354425131,10/05/2013 13:00:00,1,,World Superbikes,
561,Bike,Ducati 1199 Panigale R [2013],23.964020297631166,0.9438510921530543,11/05/2013 13:00:00,0,,World Superbikes,
561,Bike,Ducati 1199 Panigale R [2013],23.96961207257151,0.9423236149914462,11/05/2013 13:00:00,1,,World Superbikes,
561,Bike,Ducati 1199 Panigale R [2013],23.97626598615731,0.9408827866554419,24/05/2013 13:00:00,0,,World Superbikes,
561,Bike,Ducati 1199 Panigale R [2013],23.983387155458658,0.9395808013034788,24/05/2013 13:00:00,1,,World Superbikes,
561,Bike,Ducati 1199 Panigale R [2013],23.99118072491635,0.9384144415477006,25/05/2013 13:00:00,0,,World Superbikes,
561,Bike,Ducati 1199 Panigale R [2013],23.999265830096377,0.9373780692489659,07/06/2013 13:00:00,0,,World Superbikes,
561,Bike,Ducati 1199 Panigale R [2013],24.00759214899977,0.9364836726398317,07/06/2013 13:00:00,1,,World Superbikes,
561,Bike,Ducati 1199 Panigale R [2013],24.016051083421925,0.9357330650612414,08/06/2013 13:00:00,0,,World Superbikes,
561,Bike,Ducati 1199 Panigale R [2013],24.025039320074935,0.9351026488756576,08/06/2013 13:00:00,1,,World Superbikes,
561,Bike,Ducati 1199 Panigale R [2013],24.033804215924636,0.9346102078063581,28/06/2013 13:00:00,0,,World Superbikes,
561,Bike,Ducati 1199 Panigale R [2013],24.041749378817926,0.9342604485601951,28/06/2013 13:00:00,1,,World Superbikes,
561,Bike,Ducati 1199 Panigale R [2013],24.049008573428097,0.9340534469163025,29/06/2013 13:00:00,0,,World Superbikes,
561,Bike,Ducati 1199 Panigale R [2013],24.055676330247998,0.9339664483420352,29/06/2013 13:00:00,1,,World Superbikes,
561,Bike,Ducati 1199 Panigale R [2013],24.059431650618947,0.934012958904807,29/06/2013 13:00:00,2,,World Superbikes,
561,Bike,Ducati 1199 Panigale R [2013],24.063080277717575,0.9341747226267206,18/07/2013 13:00:00,0,,World Superbikes,
561,Bike,Ducati 1199 Panigale R [2013],24.067097817753172,0.9344784246510541,19/07/2013 13:00:00,0,,World Superbikes,
561,Bike,Ducati 1199 Panigale R [2013],24.07184225540596,0.9349155462594296,19/07/2013 13:00:00,1,,World Superbikes,
561,Bike,Ducati 1199 Panigale R [2013],24.076036724937374,0.935492469220426,19/07/2013 13:00:00,2,,World Superbikes,
561,Bike,Ducati 1199 Panigale R [2013],24.08050179698691,0.9361945808358979,02/08/2013 13:00:00,0,,World Superbikes,
561,Bike,Ducati 1199 Panigale R [2013],24.0846702438212,0.9370450252946543,02/08/2013 13:00:00,1,,World Superbikes,
561,Bike,Ducati 1199 Panigale R [2013],24.089391116955138,0.93803471064958,03/08/2013 13:00:00,0,,World Superbikes,
561,Bike,Ducati 1199 Panigale R [2013],24.09362221516802,0.9391707093552847,03/08/2013 13:00:00,1,,World Superbikes,
561,Bike,Ducati 1199 Panigale R [2013],24.098372031453803,0.9404298889151805,30/08/2013 13:00:00,0,,World Superbikes,
561,Bike,Ducati 1199 Panigale R [2013],24.103621655189023,0.9418295917774065,30/08/2013 13:00:00,1,,World Superbikes,
561,Bike,Ducati 1199 Panigale R [2013],24.10848898045188,0.9433777183034896,31/08/2013 13:00:00,0,,World Superbikes,
561,Bike,Ducati 1199 Panigale R [2013],24.111340693481182,0.945062517835471,31/08/2013 13:00:00,1,,World Superbikes,
561,Bike,Ducati 1199 Panigale R [2013],24.11126658672257,0.9468657815828718,27/09/2013 13:00:00,0,,World Superbikes,
561,Bike,Ducati 1199 Panigale R [2013],24.110916879512615,0.9488206572921744,27/09/2013 13:00:00,1,,World Superbikes,
561,Bike,Ducati 1199 Panigale R [2013],24.11011496046951,0.9509259289162728,28/09/2013 13:00:00,0,,World Superbikes,
561,Bike,Ducati 1199 Panigale R [2013],24.109314062802273,0.9531772473568457,28/09/2013 13:00:00,1,,World Superbikes,
561,Bike,Ducati 1199 Panigale R [2013],24.108287939717364,0.9555679830383116,28/09/2013 13:00:00,2,,World Superbikes,
561,Bike,Ducati 1199 Panigale R [2013],24.108250596347297,0.9580403580896555,04/10/2013 13:00:00,0,,World Superbikes,
561,Bike,Ducati 1199 Panigale R [2013],24.108641028495818,0.9606472906992843,04/10/2013 13:00:00,1,,World Superbikes,
561,Bike,Ducati 1199 Panigale R [2013],24.107750351686853,0.9633978319823817,05/10/2013 13:00:00,0,,World Superbikes,
561,Bike,Ducati 1199 Panigale R [2013],24.10495913551946,0.9662944316980082,05/10/2013 13:00:00,1,,World Superbikes,
561,Bike,Ducati 1199 Panigale R [2013],24.101599026583465,0.9693292121582424,18/10/2013 13:00:00,0,,World Superbikes,
561,Bike,Ducati 1199 Panigale R [2013],24.099502806423686,0.9725026645549142,18/10/2013 13:00:00,1,,World Superbikes,
561,Bike,Ducati 1199 Panigale R [2013],24.098539823764984,0.975818299240653,19/10/2013 13:00:00,0,,World Superbikes,
562,Rider,Glenn Allerton,19.65838613954706,2.8409040781651522,21/02/2013 13:00:00,0,BMW S1000 RR [2013],World Superbikes,
562,Rider,Glenn Allerton,19.65592835017896,2.840450084217239,22/02/2013 13:00:00,0,BMW S1000 RR [2013],World Superbikes,
562,Rider,Glenn Allerton,19.653286941096862,2.8404264022287187,27/09/2013 13:00:00,0,BMW S1000 RR [2013],World Superbikes,
562,Rider,Glenn Allerton,19.651874320519845,2.8407097020789602,27/09/2013 13:00:00,1,BMW S1000 RR [2013],World Superbikes,
562,Rider,Glenn Allerton,19.65167480874085,2.841296461331916,21/02/2014 13:00:00,0,BMW S1000 RR [2014],World Superbikes,
563,Rider,Jules Cluzel,30.16955291373826,0.9400582942094212,21/02/2013 13:00:00,0,Suzuki GSX-R 1000 K9 [2013],World Superbikes,
563,Rider,Jules Cluzel,30.172009870391165,0.9366054278164183,22/02/2013 13:00:00,0,Suzuki GSX-R 1000 K9 [2013],World Superbikes,
563,Rider,Jules Cluzel,30.17620236492293,0.9332900804009988,12/04/2013 13:00:00,0,Suzuki GSX-R 1000 K9 [2013],World Superbikes,
563,Rider,Jules Cluzel,30.179471607281513,0.9301189416049256,12/04/2013 13:00:00,1,Suzuki GSX-R 1000 K9 [2013],World Superbikes,
563,Rider,Jules Cluzel,30.18280094509537,0.9270894966042484,13/04/2013 13:00:00,0,Suzuki GSX-R 1000 K9 [2013],World Superbikes,
563,Rider,Jules Cluzel,30.183969046198197,0.924188030175022,13/04/2013 13:00:00,1,Suzuki GSX-R 1000 K9 [2013],World Superbikes,
563,Rider,Jules Cluzel,30.184385084166998,0.9214250268958868,13/04/2013 13:00:00,2,Suzuki GSX-R 1000 K9 [2013],World Superbikes,
563,Rider,Jules Cluzel,30.1838012148609,0.9187922991768938,26/04/2013 13:00:00,0,Suzuki GSX-R 1000 K9 [2013],World Superbikes,
563,Rider,Jules Cluzel,30.18260656580779,0.916302396774074,26/04/2013 13:00:00,1,Suzuki GSX-R 1000 K9 [2013],World Superbikes,
563,Rider,Jules Cluzel,30.18141258338881,0.9139507854371125,27/04/2013 13:00:00,0,Suzuki GSX-R 1000 K9 [2013],World Superbikes,
563,Rider,Jules Cluzel,30.18008192802585,0.911736868670255,27/04/2013 13:00:00,1,Suzuki GSX-R 1000 K9 [2013],World Superbikes,
563,Rider,Jules Cluzel,30.17928050381614,0.9096469751861297,10/05/2013 13:00:00,0,Suzuki GSX-R 1000 K9 [2013],World Superbikes,
563,Rider,Jules Cluzel,30.17858508214622,0.907694284734286,10/05/2013 13:00:00,1,Suzuki GSX-R 1000 K9 [2013],World Superbikes,
563,Rider,Jules Cluzel,30.1779123033408,0.9058781347742255,11/05/2013 13:00:00,0,Suzuki GSX-R 1000 K9 [2013],World Superbikes,
563,Rider,Jules Cluzel,30.17706230951034,0.904198190497138,11/05/2013 13:00:00,1,Suzuki GSX-R 1000 K9 [2013],World Superbikes,
563,Rider,Jules Cluzel,30.173875616391037,0.9026419413416217,11/05/2013 13:00:00,2,Suzuki GSX-R 1000 K9 [2013],World Superbikes,
563,Rider,Jules Cluzel,30.17052978982712,0.9012086212568259,24/05/2013 13:00:00,0,Suzuki GSX-R 1000 K9 [2013],World Superbikes,
563,Rider,Jules Cluzel,30.167231314323928,0.8999138188011999,24/05/2013 13:00:00,1,Suzuki GSX-R 1000 K9 [2013],World Superbikes,
563,Rider,Jules Cluzel,30.164216472751193,0.8987553886165646,25/05/2013 13:00:00,0,Suzuki GSX-R 1000 K9 [2013],World Superbikes,
563,Rider,Jules Cluzel,30.161044850045524,0.8977338446063258,25/05/2013 13:00:00,1,Suzuki GSX-R 1000 K9 [2013],World Superbikes,
563,Rider,Jules Cluzel,30.158597313852567,0.8968309799064657,07/06/2013 13:00:00,0,Suzuki GSX-R 1000 K9 [2013],World Superbikes,
563,Rider,Jules Cluzel,30.156782095554096,0.8960625241881208,07/06/2013 13:00:00,1,Suzuki GSX-R 1000 K9 [2013],World Superbikes,
563,Rider,Jules Cluzel,30.155952859131418,0.8954275905093495,08/06/2013 13:00:00,0,Suzuki GSX-R 1000 K9 [2013],World Superbikes,
563,Rider,Jules Cluzel,30.152429385761547,0.8949081484674302,08/06/2013 13:00:00,1,Suzuki GSX-R 1000 K9 [2013],World Superbikes,
563,Rider,Jules Cluzel,30.148697116031737,0.8945213105031717,28/06/2013 13:00:00,0,Suzuki GSX-R 1000 K9 [2013],World Superbikes,
563,Rider,Jules Cluzel,30.14582595307354,0.8942676851845095,28/06/2013 13:00:00,1,Suzuki GSX-R 1000 K9 [2013],World Superbikes,
563,Rider,Jules Cluzel,30.14352361193526,0.894149886475129,29/06/2013 13:00:00,0,Suzuki GSX-R 1000 K9 [2013],World Superbikes,
563,Rider,Jules Cluzel,30.14243176987588,0.8941522800331061,18/07/2013 13:00:00,0,Suzuki GSX-R 1000 K9 [2013],World Superbikes,
563,Rider,Jules Cluzel,30.141409843952754,0.894293017033253,19/07/2013 13:00:00,0,Suzuki GSX-R 1000 K9 [2013],World Superbikes,
563,Rider,Jules Cluzel,30.13859596001034,0.8945678941237917,19/07/2013 13:00:00,1,Suzuki GSX-R 1000 K9 [2013],World Superbikes,
563,Rider,Jules Cluzel,30.135890982844543,0.8949788724926484,19/07/2013 13:00:00,2,Suzuki GSX-R 1000 K9 [2013],World Superbikes,
563,Rider,Jules Cluzel,30.13278609243954,0.8955234634065262,19/07/2013 13:00:00,3,Suzuki GSX-R 1000 K9 [2013],World Superbikes,
563,Rider,Jules Cluzel,30.129377257872772,0.8961956976075214,02/08/2013 13:00:00,0,Suzuki GSX-R 1000 K9 [2013],World Superbikes,
563,Rider,Jules Cluzel,30.12575578990276,0.8970077513582659,02/08/2013 13:00:00,1,Suzuki GSX-R 1000 K9 [2013],World Superbikes,
563,Rider,Jules Cluzel,30.12136825422695,0.897959293112425,03/08/2013 13:00:00,0,Suzuki GSX-R 1000 K9 [2013],World Superbikes,
563,Rider,Jules Cluzel,30.1142675440006,0.899026082517503,03/08/2013 13:00:00,1,Suzuki GSX-R 1000 K9 [2013],World Superbikes,
563,Rider,Jules Cluzel,30.10766359272657,0.9002173190036834,30/08/2013 13:00:00,0,Suzuki GSX-R 1000 K9 [2013],World Superbikes,
563,Rider,Jules Cluzel,30.10094449484152,0.9015470192162766,30/08/2013 13:00:00,1,Suzuki GSX-R 1000 K9 [2013],World Superbikes,
563,Rider,Jules Cluzel,30.094697602520096,0.9030152971112804,31/08/2013 13:00:00,0,Suzuki GSX-R 1000 K9 [2013],World Superbikes,
563,Rider,Jules Cluzel,30.087838184545156,0.9046228030935313,31/08/2013 13:00:00,1,Suzuki GSX-R 1000 K9 [2013],World Superbikes,
563,Rider,Jules Cluzel,30.08216794404623,0.9063146131255267,12/09/2013 13:00:00,0,Suzuki GSX-R 1000 K9 [2013],World Superbikes,
563,Rider,Jules Cluzel,30.075894650638688,0.9081398501400477,13/09/2013 13:00:00,1,Suzuki GSX-R 1000 K9 [2013],World Superbikes,
563,Rider,Jules Cluzel,30.06941485345376,0.910098886133449,13/09/2013 13:00:00,2,Suzuki GSX-R 1000 K9 [2013],World Superbikes,
563,Rider,Jules Cluzel,30.06279624710937,0.9121874273977664,13/09/2013 13:00:00,3,Suzuki GSX-R 1000 K9 [2013],World Superbikes,
563,Rider,Jules Cluzel,30.055852551785666,0.9144039130366163,27/09/2013 13:00:00,0,Suzuki GSX-R 1000 K9 [2013],World Superbikes,
563,Rider,Jules Cluzel,30.049538099310105,0.9167630850916998,27/09/2013 13:00:00,1,Suzuki GSX-R 1000 K9 [2013],World Superbikes,
563,Rider,Jules Cluzel,30.04370173885538,0.9192640191060756,28/09/2013 13:00:00,0,Suzuki GSX-R 1000 K9 [2013],World Superbikes,
563,Rider,Jules Cluzel,30.038165104927554,0.9219045094702001,28/09/2013 13:00:00,1,Suzuki GSX-R 1000 K9 [2013],World Superbikes,
563,Rider,Jules Cluzel,30.032640830917227,0.9246789390411462,28/09/2013 13:00:00,2,Suzuki GSX-R 1000 K9 [2013],World Superbikes,
563,Rider,Jules Cluzel,30.027775435632574,0.927565378745607,04/10/2013 13:00:00,0,Suzuki GSX-R 1000 K9 [2013],World Superbikes,
563,Rider,Jules Cluzel,30.021550242305757,0.9305902177206757,04/10/2013 13:00:00,1,Suzuki GSX-R 1000 K9 [2013],World Superbikes,
563,Rider,Jules Cluzel,30.017657686676188,0.9337523992076291,05/10/2013 13:00:00,0,Suzuki GSX-R 1000 K9 [2013],World Superbikes,
563,Rider,Jules Cluzel,30.014906775245343,0.9370548794134069,18/10/2013 13:00:00,0,Suzuki GSX-R 1000 K9 [2013],World Superbikes,
563,Rider,Jules Cluzel,30.01226047160395,0.9405054344018868,18/10/2013 13:00:00,1,Suzuki GSX-R 1000 K9 [2013],World Superbikes,
564,Bike,Ducati 1098R [2013],22.268344324569625,1.80920751037769,12/04/2013 13:00:00,0,,World Superbikes,
564,Bike,Ducati 1098R [2013],22.269618189256892,1.807688437248819,12/04/2013 13:00:00,1,,World Superbikes,
564,Bike,Ducati 1098R [2013],22.271800776543817,1.8064308684342798,26/04/2013 13:00:00,0,,World Superbikes,
564,Bike,Ducati 1098R [2013],22.27232289476337,1.8054799184723882,26/04/2013 13:00:00,1,,World Superbikes,
564,Bike,Ducati 1098R [2013],22.274350948465433,1.8047328967159042,10/05/2013 13:00:00,0,,World Superbikes,
564,Bike,Ducati 1098R [2013],22.278212146474225,1.804203996395827,10/05/2013 13:00:00,1,,World Superbikes,
564,Bike,Ducati 1098R [2013],22.282661226000553,1.8039414519908628,04/10/2013 13:00:00,0,,World Superbikes,
564,Bike,Ducati 1098R [2013],22.28699663316661,1.8039873180366144,04/10/2013 13:00:00,1,,World Superbikes,
564,Bike,Ducati 1098R [2013],22.290103718530943,1.8043498302327579,05/10/2013 13:00:00,0,,World Superbikes,
564,Bike,Ducati 1098R [2013],22.29368222923642,1.8049884888988332,18/10/2013 13:00:00,0,,World Superbikes,
564,Bike,Ducati 1098R [2013],22.295317431480374,1.8059396082705805,18/10/2013 13:00:00,1,,World Superbikes,
564,Bike,Ducati 1098R [2013],22.29517098257667,1.8072030616620087,19/10/2013 13:00:00,0,,World Superbikes,
564,Bike,Ducati 1098R [2013],22.294371606855506,1.808759216268435,19/10/2013 13:00:00,1,,World Superbikes,
565,Rider,Kousuke Akiyoshi,25.304454257877723,3.761481109190602,10/05/2013 13:00:00,0,Honda CBR1000RR [2013],World Superbikes,
565,Rider,Kousuke Akiyoshi,25.304190239719297,3.761504077048916,10/05/2013 13:00:00,1,Honda CBR1000RR [2013],World Superbikes,
566,Bike,Ducati 1098 F08 [2013],34.49732236087339,1.9680386204215634,24/05/2013 13:00:00,0,,World Superbikes,
566,Bike,Ducati 1098 F08 [2013],34.49914788921559,1.9668065085991293,24/05/2013 13:00:00,1,,World Superbikes,
566,Bike,Ducati 1098 F08 [2013],34.50214322596383,1.9659022425227544,25/05/2013 13:00:00,0,,World Superbikes,
566,Bike,Ducati 1098 F08 [2013],34.50500695523232,1.9653368797575819,25/05/2013 13:00:00,1,,World Superbikes,
566,Bike,Ducati 1098 F08 [2013],34.50766306710944,1.9651022554841142,25/05/2013 13:00:00,2,,World Superbikes,
566,Bike,Ducati 1098 F08 [2013],34.51180182727053,1.9650992539118888,27/09/2013 13:00:00,0,,World Superbikes,
566,Bike,Ducati 1098 F08 [2013],34.51414096305864,1.965401619977708,27/09/2013 13:00:00,1,,World Superbikes,
566,Bike,Ducati 1098 F08 [2013],34.51471077843298,1.966010244639126,28/09/2013 13:00:00,0,,World Superbikes,
566,Bike,Ducati 1098 F08 [2013],34.5146441561226,1.9669478160960452,28/09/2013 13:00:00,1,,World Superbikes,
566,Bike,Ducati 1098 F08 [2013],34.51438286555654,1.9682076882156583,28/09/2013 13:00:00,2,,World Superbikes,
567,Rider,Lorenzo Savadori,32.40164139889133,1.0781516288735307,18/07/2013 13:00:00,0,Kawasaki ZX-10R [2013],World Superbikes,
567,Rider,Lorenzo Savadori,32.40487926423817,1.0751765525683012,19/07/2013 13:00:00,0,Kawasaki ZX-10R [2013],World Superbikes,
567,Rider,Lorenzo Savadori,32.409375374839804,1.0723614455962938,26/02/2016 13:00:00,1,Aprilia RSV4 RF [2016],World Superbikes,
567,Rider,Lorenzo Savadori,32.41400133190567,1.0697084884102657,11/03/2016 13:00:00,0,Aprilia RSV4 RF [2016],World Superbikes,
567,Rider,Lorenzo Savadori,32.42048516147704,1.0672187911150348,01/04/2016 13:00:00,1,Aprilia RSV4 RF [2016],World Superbikes,
567,Rider,Lorenzo Savadori,32.428777383952564,1.0648536916091718,15/04/2016 13:00:00,1,Aprilia RSV4 RF [2016],World Superbikes,
567,Rider,Lorenzo Savadori,32.43824172492122,1.0626406119834704,29/04/2016 13:00:00,1,Aprilia RSV4 RF [2016],World Superbikes,
567,Rider,Lorenzo Savadori,32.447104329200826,1.060581303602367,13/05/2016 13:00:00,1,Aprilia RSV4 RF [2016],World Superbikes,
567,Rider,Lorenzo Savadori,32.45594511542104,1.0586832204190846,27/05/2016 13:00:00,1,Aprilia RSV4 RF [2016],World Superbikes,
567,Rider,Lorenzo Savadori,32.46339124616919,1.0569347302507233,17/06/2016 13:00:00,0,Aprilia RSV4 RF [2016],World Superbikes,
567,Rider,Lorenzo Savadori,32.46979667589672,1.0552809057821535,17/06/2016 13:00:00,1,Aprilia RSV4 RF [2016],World Superbikes,
567,Rider,Lorenzo Savadori,32.47545989778631,1.0537869304188894,09/07/2016 13:00:00,1,Aprilia RSV4 RF [2016],World Superbikes,
567,Rider,Lorenzo Savadori,32.481465474604974,1.0524528585000454,16/09/2016 13:00:00,1,Aprilia RSV4 RF [2016],World Superbikes,
567,Rider,Lorenzo Savadori,32.48636195864391,1.0512782804945893,30/09/2016 13:00:00,1,Aprilia RSV4 RF [2016],World Superbikes,
567,Rider,Lorenzo Savadori,32.4915626673263,1.0502634867904783,14/10/2016 13:00:00,0,Aprilia RSV4 RF [2016],World Superbikes,
567,Rider,Lorenzo Savadori,32.4973452740451,1.0494022001798982,29/10/2016 13:00:00,1,Aprilia RSV4 RF [2016],World Superbikes,
567,Rider,Lorenzo Savadori,32.50321548992404,1.048700452276598,24/02/2017 13:00:00,1,Aprilia RSV4 RF [2017],World Superbikes,
567,Rider,Lorenzo Savadori,32.50879738690361,1.048152173152652,10/03/2017 13:00:00,0,Aprilia RSV4 RF [2017],World Superbikes,
567,Rider,Lorenzo Savadori,32.51413289711108,1.0477336598447846,10/03/2017 13:00:00,1,Aprilia RSV4 RF [2017],World Superbikes,
567,Rider,Lorenzo Savadori,32.52008151010238,1.047466517722371,16/06/2017 13:00:00,0,Aprilia RSV4 RF [2017],World Superbikes,
567,Rider,Lorenzo Savadori,32.52651291880972,1.0473445337955107,08/07/2017 13:00:00,0,Aprilia RSV4 RF [2017],World Superbikes,
567,Rider,Lorenzo Savadori,32.5317040422882,1.0473258575316753,08/07/2017 13:00:00,1,Aprilia RSV4 RF [2017],World Superbikes,
567,Rider,Lorenzo Savadori,32.53801896176333,1.047451776216027,18/08/2017 13:00:00,1,Aprilia RSV4 RF [2017],World Superbikes,
567,Rider,Lorenzo Savadori,32.542848877394874,1.0477243422355222,15/09/2017 13:00:00,1,Aprilia RSV4 RF [2017],World Superbikes,
567,Rider,Lorenzo Savadori,32.546404573364214,1.0481426253798165,29/09/2017 13:00:00,1,Aprilia RSV4 RF [2017],World Superbikes,
567,Rider,Lorenzo Savadori,32.55099970794555,1.0487091627048293,20/10/2017 13:00:00,1,Aprilia RSV4 RF [2017],World Superbikes,
567,Rider,Lorenzo Savadori,32.55514321475518,1.0494310445887405,03/11/2017 13:00:00,1,Aprilia RSV4 RF [2017],World Superbikes,
567,Rider,Lorenzo Savadori,32.55814386920352,1.0503068306471286,23/02/2018 13:00:00,1,Aprilia RSV4 RF [2018],World Superbikes,
567,Rider,Lorenzo Savadori,32.56197425295302,1.0513344716027528,23/03/2018 13:00:00,0,Aprilia RSV4 RF [2018],World Superbikes,
567,Rider,Lorenzo Savadori,32.564521818571066,1.0524555847995707,23/03/2018 13:00:00,1,Aprilia RSV4 RF [2018],World Superbikes,
567,Rider,Lorenzo Savadori,32.56827349184284,1.053726064447307,13/04/2018 13:00:00,1,Aprilia RSV4 RF [2018],World Superbikes,
567,Rider,Lorenzo Savadori,32.5733133006631,1.0551475550959253,20/04/2018 13:00:00,1,Aprilia RSV4 RF [2018],World Superbikes,
567,Rider,Lorenzo Savadori,32.577442823190424,1.056727556684267,11/05/2018 13:00:00,1,Aprilia RSV4 RF [2018],World Superbikes,
567,Rider,Lorenzo Savadori,32.58219099560812,1.0584658112113035,25/05/2018 13:00:00,1,Aprilia RSV4 RF [2018],World Superbikes,
567,Rider,Lorenzo Savadori,32.5860190134635,1.060361630331998,08/06/2018 13:00:00,1,Aprilia RSV4 RF [2018],World Superbikes,
567,Rider,Lorenzo Savadori,32.58997839857519,1.062415746669853,23/06/2018 13:00:00,1,Aprilia RSV4 RF [2018],World Superbikes,
567,Rider,Lorenzo Savadori,32.593663656391556,1.0646285577847163,06/07/2018 13:00:00,1,Aprilia RSV4 RF [2018],World Superbikes,
567,Rider,Lorenzo Savadori,32.596823235869905,1.0670008165331089,14/09/2018 13:00:00,0,Aprilia RSV4 RF [2018],World Superbikes,
567,Rider,Lorenzo Savadori,32.59865134837864,1.0694784910907336,14/09/2018 13:00:00,1,Aprilia RSV4 RF [2018],World Superbikes,
567,Rider,Lorenzo Savadori,32.59949902849309,1.0721145882617729,28/09/2018 13:00:00,1,Aprilia RSV4 RF [2018],World Superbikes,
567,Rider,Lorenzo Savadori,32.599067708957804,1.0749023109170601,12/10/2018 13:00:00,1,Aprilia RSV4 RF [2018],World Superbikes,
567,Rider,Lorenzo Savadori,32.59890812030603,1.0778493616660896,26/10/2018 13:00:00,1,Aprilia RSV4 RF [2018],World Superbikes,
568,Rider,Markus Reiterberger,32.086672232760954,1.1644431585366095,30/08/2013 13:00:00,0,BMW S1000 RR [2013],World Superbikes,
568,Rider,Markus Reiterberger,32.08739646597162,1.1617698582762719,30/08/2013 13:00:00,1,BMW S1000 RR [2013],World Superbikes,
568,Rider,Markus Reiterberger,32.08923932590199,1.159282068838801,20/06/2015 13:00:00,0,BMW S1000 RR [2015],World Superbikes,
568,Rider,Markus Reiterberger,32.09101079689961,1.1569578897726234,03/10/2015 13:00:00,1,BMW S1000 RR [2015],World Superbikes,
568,Rider,Markus Reiterberger,32.09255496414274,1.1548025401134037,26/02/2016 13:00:00,1,BMW S1000 RR [2016],World Superbikes,
568,Rider,Markus Reiterberger,32.09473839839438,1.1528067068371353,11/03/2016 13:00:00,1,BMW S1000 RR [2016],World Superbikes,
568,Rider,Markus Reiterberger,32.096978868083504,1.1509771074171804,01/04/2016 13:00:00,0,BMW S1000 RR [2016],World Superbikes,
568,Rider,Markus Reiterberger,32.0986639920866,1.1493102679177147,15/04/2016 13:00:00,0,BMW S1000 RR [2016],World Superbikes,
568,Rider,Markus Reiterberger,32.09865422096818,1.1477718210153016,15/04/2016 13:00:00,1,BMW S1000 RR [2016],World Superbikes,
568,Rider,Markus Reiterberger,32.097743034788806,1.1464119201646414,29/04/2016 13:00:00,1,BMW S1000 RR [2016],World Superbikes,
568,Rider,Markus Reiterberger,32.09667956567565,1.145222208986145,13/05/2016 13:00:00,1,BMW S1000 RR [2016],World Superbikes,
568,Rider,Markus Reiterberger,32.09449852162269,1.1442091798784662,27/05/2016 13:00:00,0,BMW S1000 RR [2016],World Superbikes,
568,Rider,Markus Reiterberger,32.09372939446534,1.1433657835827973,17/06/2016 13:00:00,1,BMW S1000 RR [2016],World Superbikes,
568,Rider,Markus Reiterberger,32.09355472355851,1.1426811883946157,16/09/2016 13:00:00,1,BMW S1000 RR [2016],World Superbikes,
568,Rider,Markus Reiterberger,32.093714434639644,1.142158619256938,30/09/2016 13:00:00,0,BMW S1000 RR [2016],World Superbikes,
568,Rider,Markus Reiterberger,32.09553480523646,1.1418114808169155,14/10/2016 13:00:00,0,BMW S1000 RR [2016],World Superbikes,
568,Rider,Markus Reiterberger,32.09677751123626,1.1416311313808227,29/10/2016 13:00:00,0,BMW S1000 RR [2016],World Superbikes,
568,Rider,Markus Reiterberger,32.098421150154216,1.1416260878813984,24/02/2017 13:00:00,1,BMW S1000 RR [2017],World Superbikes,
568,Rider,Markus Reiterberger,32.101390781806245,1.1417380063154863,10/03/2017 13:00:00,1,BMW S1000 RR [2017],World Superbikes,
568,Rider,Markus Reiterberger,32.10561735137731,1.141964357585031,31/03/2017 13:00:00,0,BMW S1000 RR [2017],World Superbikes,
568,Rider,Markus Reiterberger,32.109229489843074,1.1423523342535082,18/08/2017 13:00:00,1,BMW S1000 RR [2017],World Superbikes,
568,Rider,Markus Reiterberger,32.11268465224204,1.142902854768795,22/02/2019 13:00:00,0,BMW S1000 RR [2019],World Superbikes,
568,Rider,Markus Reiterberger,32.11626614343885,1.143630945265845,15/03/2019 13:00:00,0,BMW S1000 RR [2019],World Superbikes,
568,Rider,Markus Reiterberger,32.119522882920215,1.144537220992963,05/04/2019 13:00:00,0,BMW S1000 RR [2019],World Superbikes,
568,Rider,Markus Reiterberger,32.12149976972861,1.1456241443752433,12/04/2019 13:00:00,0,BMW S1000 RR [2019],World Superbikes,
568,Rider,Markus Reiterberger,32.12120849463263,1.1468849063354045,10/05/2019 13:00:00,0,BMW S1000 RR [2019],World Superbikes,
568,Rider,Markus Reiterberger,32.119652183821294,1.1483233232697354,07/06/2019 13:00:00,0,BMW S1000 RR [2019],World Superbikes,
568,Rider,Markus Reiterberger,32.118707261838956,1.1499347161435758,21/06/2019 13:00:00,0,BMW S1000 RR [2019],World Superbikes,
568,Rider,Markus Reiterberger,32.11771847278861,1.1517257221052133,13/07/2019 13:00:00,0,BMW S1000 RR [2019],World Superbikes,
568,Rider,Markus Reiterberger,32.11633480954652,1.1536975011204258,06/09/2019 13:00:00,0,BMW S1000 RR [2019],World Superbikes,
568,Rider,Markus Reiterberger,32.11401348108404,1.155851571855633,27/09/2019 13:00:00,0,BMW S1000 RR [2019],World Superbikes,
568,Rider,Markus Reiterberger,32.1131501492844,1.1581723559543884,11/10/2019 13:00:00,0,BMW S1000 RR [2019],World Superbikes,
568,Rider,Markus Reiterberger,32.113280084351594,1.1606665315170415,25/10/2019 13:00:00,0,BMW S1000 RR [2019],World Superbikes,
568,Rider,Markus Reiterberger,32.11251826370852,1.1633443859527972,20/09/2024 13:00:00,0,BMW M 1000 RR [2024],World Superbikes,
569,Bike,Yamaha YZF-R1 [2013],27.781054989422458,2.451465370903294,30/08/2013 13:00:00,0,,World Superbikes,
569,Bike,Yamaha YZF-R1 [2013],27.78107324212751,2.4505933726216065,30/08/2013 13:00:00,1,,World Superbikes,
569,Bike,Yamaha YZF-R1 [2013],27.779517420249963,2.450055132818886,31/08/2013 13:00:00,0,,World Superbikes,
569,Bike,Yamaha YZF-R1 [2013],27.778275201742023,2.4496404044112254,18/10/2013 13:00:00,0,,World Superbikes,
569,Bike,Yamaha YZF-R1 [2013],27.777168800095385,2.4496487167187815,18/10/2013 13:00:00,1,,World Superbikes,
569,Bike,Yamaha YZF-R1 [2013],27.7759930080341,2.45008815203475,19/10/2013 13:00:00,0,,World Superbikes,
569,Bike,Yamaha YZF-R1 [2013],27.775086657426264,2.4509197494349126,19/10/2013 13:00:00,1,,World Superbikes,
570,Rider,Toni Elías,32.15982994893219,1.223710476037253,12/09/2013 13:00:00,0,Aprilia RSV4 Factory [2013],World Superbikes,
570,Rider,Toni Elías,32.15964728755411,1.2211923132022178,13/09/2013 13:00:00,0,Aprilia RSV4 Factory [2013],World Superbikes,
570,Rider,Toni Elías,32.1597891259953,1.218808573401514,13/09/2013 13:00:00,1,Aprilia RSV4 Factory [2013],World Superbikes,
570,Rider,Toni Elías,32.16015832754175,1.2166187157364443,13/09/2013 13:00:00,2,Aprilia RSV4 Factory [2013],World Superbikes,
570,Rider,Toni Elías,32.161361251906975,1.214609824536727,13/09/2013 13:00:00,3,Aprilia RSV4 Factory [2013],World Superbikes,
570,Rider,Toni Elías,32.161911403740596,1.212785854213788,27/09/2013 13:00:00,0,Aprilia RSV4 Factory [2013],World Superbikes,
570,Rider,Toni Elías,32.16128087878437,1.211161168171606,27/09/2013 13:00:00,1,Aprilia RSV4 Factory [2013],World Superbikes,
570,Rider,Toni Elías,32.16210493551441,1.2097334061379197,28/09/2013 13:00:00,0,Aprilia RSV4 Factory [2013],World Superbikes,
570,Rider,Toni Elías,32.16531719642115,1.2084644094622048,04/10/2013 13:00:00,0,Aprilia RSV4 Factory [2013],World Superbikes,
570,Rider,Toni Elías,32.17030117221992,1.2073925412113449,04/10/2013 13:00:00,1,Aprilia RSV4 Factory [2013],World Superbikes,
570,Rider,Toni Elías,32.175270026631736,1.206525972618124,05/10/2013 13:00:00,0,Aprilia RSV4 Factory [2013],World Superbikes,
570,Rider,Toni Elías,32.18118201979226,1.20585574935065,18/10/2013 13:00:00,0,Aprilia RSV4 Factory [2013],World Superbikes,
570,Rider,Toni Elías,32.18565354339264,1.205382236613475,18/10/2013 13:00:00,1,Aprilia RSV4 Factory [2013],World Superbikes,
570,Rider,Toni Elías,32.1880181760555,1.2050927021694222,19/10/2013 13:00:00,0,Aprilia RSV4 Factory [2013],World Superbikes,
570,Rider,Toni Elías,32.188535146260605,1.204986709464005,19/10/2013 13:00:00,1,Aprilia RSV4 Factory [2013],World Superbikes,
570,Rider,Toni Elías,32.18697925456788,1.205060447855892,19/10/2013 13:00:00,2,Aprilia RSV4 Factory [2013],World Superbikes,
570,Rider,Toni Elías,32.18517549071776,1.2053107546736364,21/02/2014 13:00:00,0,Aprilia RSV4 Factory [2014],World Superbikes,
570,Rider,Toni Elías,32.18382943472383,1.2057273302910922,12/04/2014 13:00:00,0,Aprilia RSV4 Factory [2014],World Superbikes,
570,Rider,Toni Elías,32.180987883697085,1.2062723725339701,12/04/2014 13:00:00,1,Aprilia RSV4 Factory [2014],World Superbikes,
570,Rider,Toni Elías,32.178683537652404,1.206993968604391,26/04/2014 13:00:00,1,Aprilia RSV4 Factory [2014],World Superbikes,
570,Rider,Toni Elías,32.176909697928345,1.2078951991902205,10/05/2014 13:00:00,0,Aprilia RSV4 Factory [2014],World Superbikes,
570,Rider,Toni Elías,32.175840381897636,1.2089775434496897,23/05/2014 13:00:00,0,Aprilia RSV4 Factory [2014],World Superbikes,
570,Rider,Toni Elías,32.1738238038439,1.2101666099767991,23/05/2014 13:00:00,1,Aprilia RSV4 Factory [2014],World Superbikes,
570,Rider,Toni Elías,32.172019973231365,1.2115337279971465,06/06/2014 13:00:00,1,Aprilia RSV4 Factory [2014],World Superbikes,
570,Rider,Toni Elías,32.16881305093262,1.2130841651950042,21/06/2014 13:00:00,0,Aprilia RSV4 Factory [2014],World Superbikes,
570,Rider,Toni Elías,32.16443031635362,1.2147522571396878,21/06/2014 13:00:00,1,Aprilia RSV4 Factory [2014],World Superbikes,
570,Rider,Toni Elías,32.15925589701448,1.2166083255745506,05/07/2014 13:00:00,0,Aprilia RSV4 Factory [2014],World Superbikes,
570,Rider,Toni Elías,32.15654657507055,1.2186116926656845,12/07/2014 13:00:00,1,Aprilia RSV4 Factory [2014],World Superbikes,
570,Rider,Toni Elías,32.15400579018263,1.2208018122003725,06/09/2014 13:00:00,1,Aprilia RSV4 Factory [2014],World Superbikes,
570,Rider,Toni Elías,32.15256209519912,1.2231545483571826,04/10/2014 13:00:00,0,Aprilia RSV4 Factory [2014],World Superbikes,
570,Rider,Toni Elías,32.15121446591591,1.2256840100985613,01/11/2014 13:00:00,1,Aprilia RSV4 Factory [2014],World Superbikes,
571,Rider,Tolga Uprak,21.718791672536412,3.7697708231132,12/09/2013 13:00:00,0,Kawasaki ZX-10R [2013],World Superbikes,
571,Rider,Tolga Uprak,21.71906526608157,3.7697545985981846,13/09/2013 13:00:00,1,Kawasaki ZX-10R [2013],World Superbikes,
572,Rider,Yunus Ercelik,23.95062219348339,3.498341355251173,12/09/2013 13:00:00,0,BMW S1000 RR [2013],World Superbikes,
572,Rider,Yunus Ercelik,23.952198061157244,3.4981002708921705,13/09/2013 13:00:00,0,BMW S1000 RR [2013],World Superbikes,
572,Rider,Yunus Ercelik,23.951334571298123,3.4982516028031814,13/09/2013 13:00:00,1,BMW S1000 RR [2013],World Superbikes,
573,Rider,Danny Eslick,29.686652581664376,2.834783744787788,27/09/2013 13:00:00,0,Suzuki GSX-R 1000 K9 [2013],World Superbikes,
573,Rider,Danny Eslick,29.686641119895903,2.834332950589138,27/09/2013 13:00:00,1,Suzuki GSX-R 1000 K9 [2013],World Superbikes,
573,Rider,Danny Eslick,29.68562363645657,2.8343667018215695,28/09/2013 13:00:00,0,Suzuki GSX-R 1000 K9 [2013],World Superbikes,
573,Rider,Danny Eslick,29.683958036991143,2.8348822154700977,28/09/2013 13:00:00,1,Suzuki GSX-R 1000 K9 [2013],World Superbikes,
574,Rider,Michele Pirro,30.54575324599389,2.3756365224917912,04/10/2013 13:00:00,0,Ducati Desmosedici GP13 [2013],World Superbikes,
574,Rider,Michele Pirro,30.546342978358723,2.3747234170753617,04/10/2013 13:00:00,1,Ducati Desmosedici GP13 [2013],World Superbikes,
574,Rider,Michele Pirro,30.545774652267497,2.374118875699236,05/10/2013 13:00:00,0,Ducati Desmosedici GP13 [2013],World Superbikes,
574,Rider,Michele Pirro,30.545424747347862,2.373819858597107,20/06/2015 13:00:00,1,Ducati Panigale R [2015],World Superbikes,
574,Rider,Michele Pirro,30.545814195529058,2.3738917312518195,19/09/2015 13:00:00,1,Ducati Panigale R [2015],World Superbikes,
574,Rider,Michele Pirro,30.546206164598132,2.374348480755835,21/06/2019 13:00:00,0,Ducati Panigale V4 R [2019],World Superbikes,
574,Rider,Michele Pirro,30.545366535326522,2.3751921019961495,14/06/2024 13:00:00,0,Ducati Panigale V4 R [2024],World Superbikes,
575,Bike,Ducati Desmosedici GP13 [2013],29.522492844118254,3.2581692907534046,04/10/2013 13:00:00,0,,World Superbikes,
575,Bike,Ducati Desmosedici GP13 [2013],29.522980250442906,3.25792708608518,04/10/2013 13:00:00,1,,World Superbikes,
575,Bike,Ducati Desmosedici GP13 [2013],29.52230959831149,3.258178753466385,05/10/2013 13:00:00,0,,World Superbikes,
576,Bike,Ducati Panigale R [2013],27.19384392366984,2.6252152570342004,18/10/2013 13:00:00,0,,World Superbikes,
576,Bike,Ducati Panigale R [2013],27.193938926295097,2.624611270261391,18/10/2013 13:00:00,1,,World Superbikes,
576,Bike,Ducati Panigale R [2013],27.19405414953192,2.624467307181013,19/10/2013 13:00:00,0,,World Superbikes,
576,Bike,Ducati Panigale R [2013],27.19376737434035,2.6247650651987415,19/10/2013 13:00:00,1,,World Superbikes,
576,Bike,Ducati Panigale R [2013],27.193125183562636,2.6254807874901203,19/10/2013 13:00:00,2,,World Superbikes,
577,Rider,Sylvain Barrier,27.23077220112454,1.4063826745902606,18/10/2013 13:00:00,0,BMW S1000 RR [2013],World Superbikes,
577,Rider,Sylvain Barrier,27.231281041656782,1.4042875640264938,18/10/2013 13:00:00,1,BMW S1000 RR [2013],World Superbikes,
577,Rider,Sylvain Barrier,27.23194273925193,1.402430030809745,21/06/2014 13:00:00,0,BMW S1000 RR [2014],World Superbikes,
577,Rider,Sylvain Barrier,27.23294531007258,1.4007748446298596,05/07/2014 13:00:00,0,BMW S1000 RR [2014],World Superbikes,
577,Rider,Sylvain Barrier,27.232743976635298,1.3993089671105583,05/07/2014 13:00:00,1,BMW S1000 RR [2014],World Superbikes,
577,Rider,Sylvain Barrier,27.23219634574875,1.398040910456731,12/07/2014 13:00:00,0,BMW S1000 RR [2014],World Superbikes,
577,Rider,Sylvain Barrier,27.230446634509565,1.3969707841013541,06/09/2014 13:00:00,0,BMW S1000 RR [2014],World Superbikes,
577,Rider,Sylvain Barrier,27.226741037561727,1.3960639676432716,06/09/2014 13:00:00,1,BMW S1000 RR [2014],World Superbikes,
577,Rider,Sylvain Barrier,27.223913758702803,1.3952826408087835,04/10/2014 13:00:00,0,BMW S1000 RR [2014],World Superbikes,
577,Rider,Sylvain Barrier,27.2194393038961,1.3946975596117737,01/11/2014 13:00:00,0,BMW S1000 RR [2014],World Superbikes,
577,Rider,Sylvain Barrier,27.214014844906234,1.3943007374513705,20/02/2015 13:00:00,0,BMW S1000 RR [2015],World Superbikes,
577,Rider,Sylvain Barrier,27.209301197171545,1.3940813687656157,20/03/2015 13:00:00,0,BMW S1000 RR [2015],World Superbikes,
577,Rider,Sylvain Barrier,27.203238845617257,1.3940566425130705,26/02/2016 13:00:00,0,Kawasaki ZX-10R [2016],World Superbikes,
577,Rider,Sylvain Barrier,27.19657433509701,1.3942418985351082,11/03/2016 13:00:00,0,Kawasaki ZX-10R [2016],World Superbikes,
577,Rider,Sylvain Barrier,27.18961579735711,1.3946502637062066,01/04/2016 13:00:00,0,Kawasaki ZX-10R [2016],World Superbikes,
577,Rider,Sylvain Barrier,27.183277143905354,1.3952756384922425,06/09/2019 13:00:00,0,Ducati Panigale V4 R [2019],World Superbikes,
577,Rider,Sylvain Barrier,27.17897912363282,1.3960654395458125,27/09/2019 13:00:00,0,Ducati Panigale V4 R [2019],World Superbikes,
577,Rider,Sylvain Barrier,27.174096604765023,1.3970822592247478,31/07/2020 13:00:00,0,Ducati Panigale V4 R [2020],World Superbikes,
577,Rider,Sylvain Barrier,27.170253044936157,1.3982814902017855,07/08/2020 13:00:00,0,Ducati Panigale V4 R [2020],World Superbikes,
577,Rider,Sylvain Barrier,27.167054291404547,1.399675426747233,28/08/2020 13:00:00,0,Ducati Panigale V4 R [2020],World Superbikes,
577,Rider,Sylvain Barrier,27.1643364467153,1.4012675223489135,04/09/2020 13:00:00,0,Ducati Panigale V4 R [2020],World Superbikes,
577,Rider,Sylvain Barrier,27.162232298340037,1.4030441652006251,18/09/2020 13:00:00,0,Ducati Panigale V4 R [2020],World Superbikes,
577,Rider,Sylvain Barrier,27.160035390627034,1.405025458667952,02/10/2020 13:00:00,0,Ducati Panigale V4 R [2020],World Superbikes,
577,Rider,Sylvain Barrier,27.15871087217678,1.4071938024326252,16/10/2020 13:00:00,0, [2020],World Superbikes,
578,Bike,Honda CBR1000RR [2014],23.223405207125275,1.7329306648528928,21/02/2014 13:00:00,0,,World Superbikes,
578,Bike,Honda CBR1000RR [2014],23.221968402718517,1.7312898527686824,21/02/2014 13:00:00,1,,World Superbikes,
578,Bike,Honda CBR1000RR [2014],23.220636579802495,1.729936215734536,12/04/2014 13:00:00,1,,World Superbikes,
578,Bike,Honda CBR1000RR [2014],23.219993586547822,1.7288260513298594,26/04/2014 13:00:00,1,,World Superbikes,
578,Bike,Honda CBR1000RR [2014],23.219644034153625,1.7279904897051255,10/05/2014 13:00:00,1,,World Superbikes,
578,Bike,Honda CBR1000RR [2014],23.21848618142151,1.7274010146579841,23/05/2014 13:00:00,1,,World Superbikes,
578,Bike,Honda CBR1000RR [2014],23.216599188395865,1.7270889678114998,06/06/2014 13:00:00,1,,World Superbikes,
578,Bike,Honda CBR1000RR [2014],23.21599485991426,1.7270363671291749,21/06/2014 13:00:00,1,,World Superbikes,
578,Bike,Honda CBR1000RR [2014],23.216625922227287,1.7272282509995691,05/07/2014 13:00:00,1,,World Superbikes,
578,Bike,Honda CBR1000RR [2014],23.21670690043027,1.7276809265501014,12/07/2014 13:00:00,1,,World Superbikes,
578,Bike,Honda CBR1000RR [2014],23.21726513647789,1.728417262792338,06/09/2014 13:00:00,0,,World Superbikes,
578,Bike,Honda CBR1000RR [2014],23.21737397627185,1.7294055800819248,06/09/2014 13:00:00,1,,World Superbikes,
578,Bike,Honda CBR1000RR [2014],23.218119738307838,1.7306732884080551,04/10/2014 13:00:00,1,,World Superbikes,
578,Bike,Honda CBR1000RR [2014],23.218557415067473,1.7322150939189505,01/11/2014 13:00:00,1,,World Superbikes,
579,Bike,Kawasaki ZX-10R [2014],30.40043817661504,1.4223040222214351,21/02/2014 13:00:00,0,,World Superbikes,
579,Bike,Kawasaki ZX-10R [2014],30.400960967074536,1.4202068694045071,21/02/2014 13:00:00,1,,World Superbikes,
579,Bike,Kawasaki ZX-10R [2014],30.402420085802802,1.4183117948912074,12/04/2014 13:00:00,0,,World Superbikes,
579,Bike,Kawasaki ZX-10R [2014],30.404436029361992,1.4166052263320938,12/04/2014 13:00:00,1,,World Superbikes,
579,Bike,Kawasaki ZX-10R [2014],30.404945860093758,1.4150788852868308,26/04/2014 13:00:00,0,,World Superbikes,
579,Bike,Kawasaki ZX-10R [2014],30.40586659394816,1.4137403821411898,26/04/2014 13:00:00,1,,World Superbikes,
579,Bike,Kawasaki ZX-10R [2014],30.405687883257393,1.4126083952607356,10/05/2014 13:00:00,0,,World Superbikes,
579,Bike,Kawasaki ZX-10R [2014],30.406150849748382,1.411683729383583,10/05/2014 13:00:00,1,,World Superbikes,
579,Bike,Kawasaki ZX-10R [2014],30.40720119937837,1.4109887743454408,23/05/2014 13:00:00,0,,World Superbikes,
579,Bike,Kawasaki ZX-10R [2014],30.408732031783924,1.4104700924917148,23/05/2014 13:00:00,1,,World Superbikes,
579,Bike,Kawasaki ZX-10R [2014],30.410912813676077,1.410185132191575,06/06/2014 13:00:00,0,,World Superbikes,
579,Bike,Kawasaki ZX-10R [2014],30.41327577413895,1.4100750290188377,06/06/2014 13:00:00,1,,World Superbikes,
579,Bike,Kawasaki ZX-10R [2014],30.41579026243966,1.4101539581730527,21/06/2014 13:00:00,0,,World Superbikes,
579,Bike,Kawasaki ZX-10R [2014],30.41893849749688,1.4104205527101552,21/06/2014 13:00:00,1,,World Superbikes,
579,Bike,Kawasaki ZX-10R [2014],30.42100308091713,1.410873221504642,05/07/2014 13:00:00,0,,World Superbikes,
579,Bike,Kawasaki ZX-10R [2014],30.422675594465904,1.411513490033018,05/07/2014 13:00:00,1,,World Superbikes,
579,Bike,Kawasaki ZX-10R [2014],30.42415553301239,1.4123250961608576,12/07/2014 13:00:00,0,,World Superbikes,
579,Bike,Kawasaki ZX-10R [2014],30.425649010704127,1.4133181664893961,12/07/2014 13:00:00,1,,World Superbikes,
579,Bike,Kawasaki ZX-10R [2014],30.426741156386544,1.414499243784265,06/09/2014 13:00:00,0,,World Superbikes,
579,Bike,Kawasaki ZX-10R [2014],30.42780999071249,1.4158827774596534,06/09/2014 13:00:00,1,,World Superbikes,
579,Bike,Kawasaki ZX-10R [2014],30.42783560014574,1.4174728515259298,04/10/2014 13:00:00,0,,World Superbikes,
579,Bike,Kawasaki ZX-10R [2014],30.428068071784953,1.4192231819173384,04/10/2014 13:00:00,1,,World Superbikes,
579,Bike,Kawasaki ZX-10R [2014],30.427659431079114,1.421163311252612,01/11/2014 13:00:00,0,,World Superbikes,
579,Bike,Kawasaki ZX-10R [2014],30.427285225177684,1.4232660324591364,01/11/2014 13:00:00,1,,World Superbikes,
580,Bike,Aprilia RSV4 Factory [2014],32.70626520856735,1.4908649352831806,21/02/2014 13:00:00,0,,World Superbikes,
580,Bike,Aprilia RSV4 Factory [2014],32.707493542944405,1.4889011375871823,21/02/2014 13:00:00,1,,World Superbikes,
580,Bike,Aprilia RSV4 Factory [2014],32.70774908498778,1.4871449669930978,12/04/2014 13:00:00,0,,World Superbikes,
580,Bike,Aprilia RSV4 Factory [2014],32.70650913199834,1.4855542681671772,12/04/2014 13:00:00,1,,World Superbikes,
580,Bike,Aprilia RSV4 Factory [2014],32.70552774142602,1.4841989729620926,26/04/2014 13:00:00,0,,World Superbikes,
580,Bike,Aprilia RSV4 Factory [2014],32.704683926001614,1.483023940279362,26/04/2014 13:00:00,1,,World Superbikes,
580,Bike,Aprilia RSV4 Factory [2014],32.703626719335126,1.4820804811705341,10/05/2014 13:00:00,0,,World Superbikes,
580,Bike,Aprilia RSV4 Factory [2014],32.703274036362004,1.4813681694504783,10/05/2014 13:00:00,1,,World Superbikes,
580,Bike,Aprilia RSV4 Factory [2014],32.70244616584235,1.480888815346459,23/05/2014 13:00:00,0,,World Superbikes,
580,Bike,Aprilia RSV4 Factory [2014],32.70067103329967,1.480546294150621,23/05/2014 13:00:00,1,,World Superbikes,
580,Bike,Aprilia RSV4 Factory [2014],32.69894955760528,1.480441148415854,06/06/2014 13:00:00,1,,World Superbikes,
580,Bike,Aprilia RSV4 Factory [2014],32.696251243780864,1.4805534962312117,21/06/2014 13:00:00,0,,World Superbikes,
580,Bike,Aprilia RSV4 Factory [2014],32.69237711767617,1.480815695931634,21/06/2014 13:00:00,1,,World Superbikes,
580,Bike,Aprilia RSV4 Factory [2014],32.68811965928786,1.4813150445533938,05/07/2014 13:00:00,0,,World Superbikes,
580,Bike,Aprilia RSV4 Factory [2014],32.686327298294735,1.48200083774228,05/07/2014 13:00:00,1,,World Superbikes,
580,Bike,Aprilia RSV4 Factory [2014],32.68481049325161,1.482924482669958,12/07/2014 13:00:00,1,,World Superbikes,
580,Bike,Aprilia RSV4 Factory [2014],32.68307102557563,1.4840777196143489,06/09/2014 13:00:00,1,,World Superbikes,
580,Bike,Aprilia RSV4 Factory [2014],32.68171145558779,1.4854597456296557,04/10/2014 13:00:00,0,,World Superbikes,
580,Bike,Aprilia RSV4 Factory [2014],32.68044795130024,1.4870644948775404,04/10/2014 13:00:00,1,,World Superbikes,
580,Bike,Aprilia RSV4 Factory [2014],32.67944138493866,1.488911942312775,01/11/2014 13:00:00,0,,World Superbikes,
580,Bike,Aprilia RSV4 Factory [2014],32.67801775119781,1.4908526330136218,01/11/2014 13:00:00,1,,World Superbikes,
581,Bike,MV Agusta F4 RR [2014],26.6705286160442,2.172694798330423,21/02/2014 13:00:00,0,,World Superbikes,
581,Bike,MV Agusta F4 RR [2014],26.670115566614616,2.171624840485271,12/04/2014 13:00:00,0,,World Superbikes,
581,Bike,MV Agusta F4 RR [2014],26.669217417822853,2.1708761150859894,26/04/2014 13:00:00,0,,World Superbikes,
581,Bike,MV Agusta F4 RR [2014],26.66821842485767,2.1704296294809753,23/05/2014 13:00:00,0,,World Superbikes,
581,Bike,MV Agusta F4 RR [2014],26.666269923093886,2.170285453303157,06/06/2014 13:00:00,0,,World Superbikes,
581,Bike,MV Agusta F4 RR [2014],26.66337253574159,2.1704551274771555,21/06/2014 13:00:00,0,,World Superbikes,
581,Bike,MV Agusta F4 RR [2014],26.660166618517355,2.170941342414979,12/07/2014 13:00:00,0,,World Superbikes,
581,Bike,MV Agusta F4 RR [2014],26.658504379195154,2.1717475336520646,06/09/2014 13:00:00,0,,World Superbikes,
581,Bike,MV Agusta F4 RR [2014],26.658369660512655,2.1728294742135117,04/10/2014 13:00:00,0,,World Superbikes,
582,Rider,Alessandro Andreozzi,26.15435572908294,1.9947156343365628,21/02/2014 13:00:00,0,Kawasaki ZX-10R [2014],World Superbikes,
582,Rider,Alessandro Andreozzi,26.154723786961437,1.9934736060055582,23/05/2014 13:00:00,0,Kawasaki ZX-10R [2014],World Superbikes,
582,Rider,Alessandro Andreozzi,26.154560497066573,1.9925266474597325,05/07/2014 13:00:00,0,Kawasaki ZX-10R [2014],World Superbikes,
582,Rider,Alessandro Andreozzi,26.154650363082737,1.9918605587120526,12/07/2014 13:00:00,0,Kawasaki ZX-10R [2014],World Superbikes,
582,Rider,Alessandro Andreozzi,26.156033847368253,1.9914120177048518,06/09/2014 13:00:00,0,Kawasaki ZX-10R [2014],World Superbikes,
582,Rider,Alessandro Andreozzi,26.15705233982571,1.9912675640791053,01/11/2014 13:00:00,0,Kawasaki ZX-10R [2014],World Superbikes,
582,Rider,Alessandro Andreozzi,26.157831924976556,1.991407640726294,15/09/2017 13:00:00,0,Yamaha YZF-R1 [2017],World Superbikes,
582,Rider,Alessandro Andreozzi,26.159143673855024,1.9918303717509185,29/09/2017 13:00:00,0,Yamaha YZF-R1 [2017],World Superbikes,
582,Rider,Alessandro Andreozzi,26.160343041863,1.992564981301341,20/10/2017 13:00:00,0,Yamaha YZF-R1 [2017],World Superbikes,
582,Rider,Alessandro Andreozzi,26.16058815833807,1.9936104147333744,03/11/2017 13:00:00,0,Yamaha YZF-R1 [2017],World Superbikes,
582,Rider,Alessandro Andreozzi,26.15955757236374,1.9949524830870766,06/07/2018 13:00:00,0,Yamaha YZF-R1 [2018],World Superbikes,
583,Rider,Jeremy Guarnoni,21.267150902364477,2.2878525859725354,21/02/2014 13:00:00,0,Kawasaki ZX-10R [2014],World Superbikes,
583,Rider,Jeremy Guarnoni,21.266555807939614,2.286902286211208,12/04/2014 13:00:00,0,Kawasaki ZX-10R [2014],World Superbikes,
583,Rider,Jeremy Guarnoni,21.26674485362286,2.286158240884096,26/04/2014 13:00:00,0,Kawasaki ZX-10R [2014],World Superbikes,
583,Rider,Jeremy Guarnoni,21.266358831718957,2.285743588263954,23/05/2014 13:00:00,0,Kawasaki ZX-10R [2014],World Superbikes,
583,Rider,Jeremy Guarnoni,21.266923152754224,2.2855427288449515,06/06/2014 13:00:00,0,Kawasaki ZX-10R [2014],World Superbikes,
583,Rider,Jeremy Guarnoni,21.26842517426029,2.28555396079602,06/09/2014 13:00:00,0,Kawasaki ZX-10R [2014],World Superbikes,
583,Rider,Jeremy Guarnoni,21.269452247492666,2.285908253239095,01/11/2014 13:00:00,0,Kawasaki ZX-10R [2014],World Superbikes,
583,Rider,Jeremy Guarnoni,21.27109259074657,2.286517938874345,03/11/2017 13:00:00,0,Kawasaki ZX-10R [2017],World Superbikes,
583,Rider,Jeremy Guarnoni,21.27202062394999,2.2874694509138154,28/09/2018 13:00:00,0,Kawasaki ZX-10RR [2018],World Superbikes,
584,Bike,BMW S1000 RR [2014],30.866013412202847,1.768000827123374,21/02/2014 13:00:00,0,,World Superbikes,
584,Bike,BMW S1000 RR [2014],30.86733391662076,1.766378247917538,12/04/2014 13:00:00,0,,World Superbikes,
584,Bike,BMW S1000 RR [2014],30.86811462687494,1.7650066747256403,12/04/2014 13:00:00,1,,World Superbikes,
584,Bike,BMW S1000 RR [2014],30.870121557660717,1.7638975379482293,26/04/2014 13:00:00,0,,World Superbikes,
584,Bike,BMW S1000 RR [2014],30.87192948867853,1.763024531406928,10/05/2014 13:00:00,0,,World Superbikes,
584,Bike,BMW S1000 RR [2014],30.873389225060507,1.7624052945465318,10/05/2014 13:00:00,1,,World Superbikes,
584,Bike,BMW S1000 RR [2014],30.87609689772064,1.7620529160463396,06/06/2014 13:00:00,0,,World Superbikes,
584,Bike,BMW S1000 RR [2014],30.880382358878897,1.7619728096543812,21/06/2014 13:00:00,0,,World Superbikes,
584,Bike,BMW S1000 RR [2014],30.88500869326264,1.762157452722366,05/07/2014 13:00:00,0,,World Superbikes,
584,Bike,BMW S1000 RR [2014],30.888431123388457,1.762589898254754,05/07/2014 13:00:00,1,,World Superbikes,
584,Bike,BMW S1000 RR [2014],30.891507256064994,1.7632818697358859,12/07/2014 13:00:00,0,,World Superbikes,
584,Bike,BMW S1000 RR [2014],30.893381308388918,1.764233917126095,06/09/2014 13:00:00,0,,World Superbikes,
584,Bike,BMW S1000 RR [2014],30.894510482601824,1.7653471440275246,06/09/2014 13:00:00,1,,World Superbikes,
584,Bike,BMW S1000 RR [2014],30.89651797490365,1.76662527290979,04/10/2014 13:00:00,0,,World Superbikes,
584,Bike,BMW S1000 RR [2014],30.896878291257693,1.7681624207179218,01/11/2014 13:00:00,0,,World Superbikes,
585,Rider,Imre Tóth,13.460771354417615,2.5768645798708256,21/02/2014 13:00:00,0,BMW S1000 RR [2014],World Superbikes,
585,Rider,Imre Tóth,13.460350893408323,2.57597965882559,06/09/2014 13:00:00,0,BMW S1000 RR [2014],World Superbikes,
585,Rider,Imre Tóth,13.460396561885666,2.575263062934978,26/02/2016 13:00:00,0,Yamaha YZF-R1 [2016],World Superbikes,
585,Rider,Imre Tóth,13.461302654347971,2.5747724261166036,11/03/2016 13:00:00,0,Yamaha YZF-R1 [2016],World Superbikes,
585,Rider,Imre Tóth,13.462275398985124,2.5746111521863115,01/04/2016 13:00:00,0,Yamaha YZF-R1 [2016],World Superbikes,
585,Rider,Imre Tóth,13.46425708757348,2.574697963016224,13/05/2016 13:00:00,0,Yamaha YZF-R1 [2016],World Superbikes,
585,Rider,Imre Tóth,13.46516243499152,2.5751761455328994,27/05/2016 13:00:00,0,Yamaha YZF-R1 [2016],World Superbikes,
585,Rider,Imre Tóth,13.466945175819376,2.5758844931472544,30/09/2016 13:00:00,0,Yamaha YZF-R1 [2016],World Superbikes,
586,Bike,Ducati 1199 Panigale R [2014],33.11915702843764,1.4030229141025865,21/02/2014 13:00:00,1,,World Superbikes,
586,Bike,Ducati 1199 Panigale R [2014],33.12040080195858,1.4009011625711965,12/04/2014 13:00:00,0,,World Superbikes,
586,Bike,Ducati 1199 Panigale R [2014],33.12121303323201,1.39898851309963,12/04/2014 13:00:00,1,,World Superbikes,
586,Bike,Ducati 1199 Panigale R [2014],33.12186235101588,1.3973039540597232,26/04/2014 13:00:00,0,,World Superbikes,
586,Bike,Ducati 1199 Panigale R [2014],33.121320851659114,1.3957529022898603,26/04/2014 13:00:00,1,,World Superbikes,
586,Bike,Ducati 1199 Panigale R [2014],33.12149083495858,1.3944152945719914,10/05/2014 13:00:00,0,,World Superbikes,
586,Bike,Ducati 1199 Panigale R [2014],33.11996084048201,1.3932508207653922,10/05/2014 13:00:00,1,,World Superbikes,
586,Bike,Ducati 1199 Panigale R [2014],33.117959660628934,1.3923084077434584,23/05/2014 13:00:00,0,,World Superbikes,
586,Bike,Ducati 1199 Panigale R [2014],33.11711942418609,1.3915743550553623,23/05/2014 13:00:00,1,,World Superbikes,
586,Bike,Ducati 1199 Panigale R [2014],33.11661584044042,1.3910147367928023,06/06/2014 13:00:00,0,,World Superbikes,
586,Bike,Ducati 1199 Panigale R [2014],33.11601514695105,1.390661025783222,06/06/2014 13:00:00,1,,World Superbikes,
586,Bike,Ducati 1199 Panigale R [2014],33.11549359967501,1.3905283836889677,21/06/2014 13:00:00,0,,World Superbikes,
586,Bike,Ducati 1199 Panigale R [2014],33.114719461951374,1.3905889733651844,21/06/2014 13:00:00,1,,World Superbikes,
586,Bike,Ducati 1199 Panigale R [2014],33.11380129933854,1.3908639435721812,05/07/2014 13:00:00,0,,World Superbikes,
586,Bike,Ducati 1199 Panigale R [2014],33.11319022307433,1.391344198390283,05/07/2014 13:00:00,1,,World Superbikes,
586,Bike,Ducati 1199 Panigale R [2014],33.11274992540138,1.3920422315559657,12/07/2014 13:00:00,0,,World Superbikes,
586,Bike,Ducati 1199 Panigale R [2014],33.11154088114984,1.3929295367833991,12/07/2014 13:00:00,1,,World Superbikes,
586,Bike,Ducati 1199 Panigale R [2014],33.11041761163266,1.3940158756482677,06/09/2014 13:00:00,0,,World Superbikes,
586,Bike,Ducati 1199 Panigale R [2014],33.10982253073378,1.3953165977773512,06/09/2014 13:00:00,1,,World Superbikes,
586,Bike,Ducati 1199 Panigale R [2014],33.10892529112174,1.396837422635862,04/10/2014 13:00:00,0,,World Superbikes,
586,Bike,Ducati 1199 Panigale R [2014],33.1083485988141,1.3985618816824053,04/10/2014 13:00:00,1,,World Superbikes,
586,Bike,Ducati 1199 Panigale R [2014],33.10811566001551,1.4004906272023812,01/11/2014 13:00:00,0,,World Superbikes,
586,Bike,Ducati 1199 Panigale R [2014],33.108453940742024,1.4026225848378018,01/11/2014 13:00:00,1,,World Superbikes,
587,Bike,Suzuki GSX-R 1000 [2014],25.64889711149229,1.7737374200627423,21/02/2014 13:00:00,1,,World Superbikes,
587,Bike,Suzuki GSX-R 1000 [2014],25.647777532916095,1.772253464714807,12/04/2014 13:00:00,1,,World Superbikes,
587,Bike,Suzuki GSX-R 1000 [2014],25.64663719710402,1.7710579725333544,26/04/2014 13:00:00,1,,World Superbikes,
587,Bike,Suzuki GSX-R 1000 [2014],25.6455557278554,1.7701529966319076,10/05/2014 13:00:00,1,,World Superbikes,
587,Bike,Suzuki GSX-R 1000 [2014],25.645253173277954,1.7695045546196408,23/05/2014 13:00:00,1,,World Superbikes,
587,Bike,Suzuki GSX-R 1000 [2014],25.64461267153783,1.7691353429726548,06/06/2014 13:00:00,0,,World Superbikes,
587,Bike,Suzuki GSX-R 1000 [2014],25.64295639766765,1.768945277472675,06/06/2014 13:00:00,1,,World Superbikes,
587,Bike,Suzuki GSX-R 1000 [2014],25.64117627847841,1.7690468937180608,21/06/2014 13:00:00,1,,World Superbikes,
587,Bike,Suzuki GSX-R 1000 [2014],25.64003545589073,1.7694236754913761,05/07/2014 13:00:00,1,,World Superbikes,
587,Bike,Suzuki GSX-R 1000 [2014],25.639460394099913,1.7700727177683726,12/07/2014 13:00:00,1,,World Superbikes,
587,Bike,Suzuki GSX-R 1000 [2014],25.639014738321563,1.7710021256083432,06/09/2014 13:00:00,1,,World Superbikes,
587,Bike,Suzuki GSX-R 1000 [2014],25.638268538330372,1.772222031316732,04/10/2014 13:00:00,1,,World Superbikes,
587,Bike,Suzuki GSX-R 1000 [2014],25.637527091016516,1.7737306797093138,01/11/2014 13:00:00,1,,World Superbikes,
588,Bike,Bimota BB3 [2014],27.613008876472932,2.6049619081354956,12/04/2014 13:00:00,0,,World Superbikes,
588,Bike,Bimota BB3 [2014],27.613632493101846,2.6042598079272046,26/04/2014 13:00:00,0,,World Superbikes,
588,Bike,Bimota BB3 [2014],27.61396558317455,2.603871184575548,10/05/2014 13:00:00,0,,World Superbikes,
588,Bike,Bimota BB3 [2014],27.614775591014794,2.6039036843920265,23/05/2014 13:00:00,0,,World Superbikes,
588,Bike,Bimota BB3 [2014],27.61439949516414,2.6042337570094807,06/06/2014 13:00:00,0,,World Superbikes,
588,Bike,Bimota BB3 [2014],27.613778663994765,2.6048905542585126,12/07/2014 13:00:00,0,,World Superbikes,
589,Rider,Christian Iddon,30.906603713623912,3.10156558157591,12/04/2014 13:00:00,0,Bimota BB3 [2014],World Superbikes,
589,Rider,Christian Iddon,30.907734256371278,3.1011723256358597,26/04/2014 13:00:00,0,Bimota BB3 [2014],World Superbikes,
589,Rider,Christian Iddon,30.908574272562433,3.101180971492847,23/05/2014 13:00:00,0,Bimota BB3 [2014],World Superbikes,
589,Rider,Christian Iddon,30.908228185062672,3.1015691739007383,06/06/2014 13:00:00,0,Bimota BB3 [2014],World Superbikes,
590,Rider,Alex Cudlin,24.94219527740161,4.495264756174466,01/11/2014 13:00:00,0,Kawasaki ZX-10R [2014],World Superbikes,
591,Rider,Geoff May,21.881609923481328,5.276190019510022,01/11/2014 13:00:00,0,EBR 1190RX [2014],World Superbikes,
592,Bike,EBR 1190RX [2014],21.881609923481328,5.276190019510022,01/11/2014 13:00:00,0,,World Superbikes,
593,Bike,Ducati Panigale R [2015],31.160528353849813,1.3434856334736183,20/02/2015 13:00:00,0,,World Superbikes,
593,Bike,Ducati Panigale R [2015],31.1612363498987,1.3412219592101629,20/02/2015 13:00:00,1,,World Superbikes,
593,Bike,Ducati Panigale R [2015],31.161939264650968,1.3391359056982632,20/03/2015 13:00:00,0,,World Superbikes,
593,Bike,Ducati Panigale R [2015],31.161957270009683,1.3372065798563542,20/03/2015 13:00:00,1,,World Superbikes,
593,Bike,Ducati Panigale R [2015],31.16316349299269,1.335469583543382,11/04/2015 13:00:00,0,,World Superbikes,
593,Bike,Ducati Panigale R [2015],31.163483195267716,1.333912332609361,11/04/2015 13:00:00,1,,World Superbikes,
593,Bike,Ducati Panigale R [2015],31.16362351466963,1.3325452020743058,18/04/2015 13:00:00,0,,World Superbikes,
593,Bike,Ducati Panigale R [2015],31.16319749439992,1.3313620570136515,18/04/2015 13:00:00,1,,World Superbikes,
593,Bike,Ducati Panigale R [2015],31.163338937142143,1.3303654813198533,09/05/2015 13:00:00,0,,World Superbikes,
593,Bike,Ducati Panigale R [2015],31.163803447916496,1.3295591794032604,09/05/2015 13:00:00,1,,World Superbikes,
593,Bike,Ducati Panigale R [2015],31.16357369823369,1.3289409401853711,22/05/2015 13:00:00,0,,World Superbikes,
593,Bike,Ducati Panigale R [2015],31.163613032299313,1.328507813640028,22/05/2015 13:00:00,1,,World Superbikes,
593,Bike,Ducati Panigale R [2015],31.163740986324644,1.3282792377755406,06/06/2015 13:00:00,0,,World Superbikes,
593,Bike,Ducati Panigale R [2015],31.16408148078203,1.3282219176530798,06/06/2015 13:00:00,1,,World Superbikes,
593,Bike,Ducati Panigale R [2015],31.16389338528382,1.3283505855030344,20/06/2015 13:00:00,0,,World Superbikes,
593,Bike,Ducati Panigale R [2015],31.163436119755687,1.3286772272592355,20/06/2015 13:00:00,1,,World Superbikes,
593,Bike,Ducati Panigale R [2015],31.163901365981197,1.329184986094185,18/07/2015 13:00:00,0,,World Superbikes,
593,Bike,Ducati Panigale R [2015],31.16432120054381,1.3298891606016192,18/07/2015 13:00:00,1,,World Superbikes,
593,Bike,Ducati Panigale R [2015],31.16387384950866,1.3307800429185488,31/07/2015 13:00:00,0,,World Superbikes,
593,Bike,Ducati Panigale R [2015],31.163078416819985,1.3318472288865644,31/07/2015 13:00:00,1,,World Superbikes,
593,Bike,Ducati Panigale R [2015],31.16295880999949,1.3331020459142853,19/09/2015 13:00:00,0,,World Superbikes,
593,Bike,Ducati Panigale R [2015],31.163485814689246,1.3345593959178332,19/09/2015 13:00:00,1,,World Superbikes,
593,Bike,Ducati Panigale R [2015],31.16373075192661,1.3362244211426344,03/10/2015 13:00:00,0,,World Superbikes,
593,Bike,Ducati Panigale R [2015],31.163462111363188,1.338067666892002,03/10/2015 13:00:00,1,,World Superbikes,
593,Bike,Ducati Panigale R [2015],31.162691042273604,1.3401225318882113,17/10/2015 13:00:00,0,,World Superbikes,
593,Bike,Ducati Panigale R [2015],31.161921532187097,1.3423765853721354,17/10/2015 13:00:00,1,,World Superbikes,
594,Rider,Randy de Puniet,27.181142152073473,1.8925528761532224,20/02/2015 13:00:00,0,Suzuki GSX-R 1000 [2015],World Superbikes,
594,Rider,Randy de Puniet,27.179126969654767,1.891188506188654,20/03/2015 13:00:00,0,Suzuki GSX-R 1000 [2015],World Superbikes,
594,Rider,Randy de Puniet,27.176782375479487,1.8901050826333352,11/04/2015 13:00:00,0,Suzuki GSX-R 1000 [2015],World Superbikes,
594,Rider,Randy de Puniet,27.175678562801426,1.889257478225301,18/04/2015 13:00:00,0,Suzuki GSX-R 1000 [2015],World Superbikes,
594,Rider,Randy de Puniet,27.175323071294354,1.888667020462825,09/05/2015 13:00:00,0,Suzuki GSX-R 1000 [2015],World Superbikes,
594,Rider,Randy de Puniet,27.175401311687384,1.8883042145609463,22/05/2015 13:00:00,0,Suzuki GSX-R 1000 [2015],World Superbikes,
594,Rider,Randy de Puniet,27.1760419559227,1.8882106295967716,06/06/2015 13:00:00,0,Suzuki GSX-R 1000 [2015],World Superbikes,
594,Rider,Randy de Puniet,27.176261629181603,1.8883938357842183,20/06/2015 13:00:00,0,Suzuki GSX-R 1000 [2015],World Superbikes,
594,Rider,Randy de Puniet,27.17674694807068,1.8888301231405613,18/07/2015 13:00:00,0,Suzuki GSX-R 1000 [2015],World Superbikes,
594,Rider,Randy de Puniet,27.177562029424468,1.8895175113853986,31/07/2015 13:00:00,1,Suzuki GSX-R 1000 [2015],World Superbikes,
594,Rider,Randy de Puniet,27.17888746527956,1.8903320787945332,19/09/2015 13:00:00,0,Suzuki GSX-R 1000 [2015],World Superbikes,
594,Rider,Randy de Puniet,27.179406650305513,1.8914329784235246,03/10/2015 13:00:00,0,Suzuki GSX-R 1000 [2015],World Superbikes,
594,Rider,Randy de Puniet,27.180651275467273,1.8927987626945844,17/10/2015 13:00:00,1,Suzuki GSX-R 1000 [2015],World Superbikes,
595,Bike,Suzuki GSX-R 1000 [2015],21.64616895292765,1.3933756191025628,20/02/2015 13:00:00,0,,World Superbikes,
595,Bike,Suzuki GSX-R 1000 [2015],21.643600273189037,1.3912203977830957,20/02/2015 13:00:00,1,,World Superbikes,
595,Bike,Suzuki GSX-R 1000 [2015],21.640766663582767,1.3892877497210565,20/03/2015 13:00:00,0,,World Superbikes,
595,Bike,Suzuki GSX-R 1000 [2015],21.63760364221993,1.3875502865072276,20/03/2015 13:00:00,1,,World Superbikes,
595,Bike,Suzuki GSX-R 1000 [2015],21.632928465929947,1.3860305577075205,11/04/2015 13:00:00,0,,World Superbikes,
595,Bike,Suzuki GSX-R 1000 [2015],21.629494071137177,1.3846749474010884,18/04/2015 13:00:00,0,,World Superbikes,
595,Bike,Suzuki GSX-R 1000 [2015],21.626807997515396,1.3834978900488162,18/04/2015 13:00:00,1,,World Superbikes,
595,Bike,Suzuki GSX-R 1000 [2015],21.623909878277146,1.3825443256683108,09/05/2015 13:00:00,0,,World Superbikes,
595,Bike,Suzuki GSX-R 1000 [2015],21.62144549093901,1.3817489478816165,09/05/2015 13:00:00,1,,World Superbikes,
595,Bike,Suzuki GSX-R 1000 [2015],21.620923336207177,1.3811581583579824,22/05/2015 13:00:00,0,,World Superbikes,
595,Bike,Suzuki GSX-R 1000 [2015],21.620963585317625,1.3807536559264517,22/05/2015 13:00:00,1,,World Superbikes,
595,Bike,Suzuki GSX-R 1000 [2015],21.62042917564434,1.3805648658980454,06/06/2015 13:00:00,0,,World Superbikes,
595,Bike,Suzuki GSX-R 1000 [2015],21.6191755738707,1.3805376399972757,06/06/2015 13:00:00,1,,World Superbikes,
595,Bike,Suzuki GSX-R 1000 [2015],21.616938702338455,1.3807291408118016,20/06/2015 13:00:00,0,,World Superbikes,
595,Bike,Suzuki GSX-R 1000 [2015],21.614967476436377,1.3810959320314704,20/06/2015 13:00:00,1,,World Superbikes,
595,Bike,Suzuki GSX-R 1000 [2015],21.612878491841386,1.3816868671680953,18/07/2015 13:00:00,0,,World Superbikes,
595,Bike,Suzuki GSX-R 1000 [2015],21.611119269711114,1.3824518449332492,18/07/2015 13:00:00,1,,World Superbikes,
595,Bike,Suzuki GSX-R 1000 [2015],21.60977622329791,1.3834337075969323,31/07/2015 13:00:00,0,,World Superbikes,
595,Bike,Suzuki GSX-R 1000 [2015],21.60834140023693,1.3846060506646918,31/07/2015 13:00:00,1,,World Superbikes,
595,Bike,Suzuki GSX-R 1000 [2015],21.606842993470654,1.3859347192516664,19/09/2015 13:00:00,0,,World Superbikes,
595,Bike,Suzuki GSX-R 1000 [2015],21.604538335875247,1.387461746148526,19/09/2015 13:00:00,1,,World Superbikes,
595,Bike,Suzuki GSX-R 1000 [2015],21.60303828078354,1.3892132931449248,03/10/2015 13:00:00,0,,World Superbikes,
595,Bike,Suzuki GSX-R 1000 [2015],21.60226366582764,1.3911491061358516,03/10/2015 13:00:00,1,,World Superbikes,
595,Bike,Suzuki GSX-R 1000 [2015],21.603065228618156,1.3932974645868093,17/10/2015 13:00:00,1,,World Superbikes,
596,Bike,MV Agusta 1000 F4 [2015],21.65698454096107,1.6487450404370891,20/02/2015 13:00:00,0,,World Superbikes,
596,Bike,MV Agusta 1000 F4 [2015],21.656852387048556,1.6470504375076802,20/03/2015 13:00:00,0,,World Superbikes,
596,Bike,MV Agusta 1000 F4 [2015],21.657447769727877,1.645610028236116,11/04/2015 13:00:00,0,,World Superbikes,
596,Bike,MV Agusta 1000 F4 [2015],21.658363000488304,1.644406242514942,18/04/2015 13:00:00,1,,World Superbikes,
596,Bike,MV Agusta 1000 F4 [2015],21.660065864881428,1.6434347392011737,09/05/2015 13:00:00,0,,World Superbikes,
596,Bike,MV Agusta 1000 F4 [2015],21.660453930659546,1.6426957973333096,09/05/2015 13:00:00,1,,World Superbikes,
596,Bike,MV Agusta 1000 F4 [2015],21.662379771460998,1.6421548285841219,22/05/2015 13:00:00,1,,World Superbikes,
596,Bike,MV Agusta 1000 F4 [2015],21.66352098236481,1.6418760516830944,06/06/2015 13:00:00,0,,World Superbikes,
596,Bike,MV Agusta 1000 F4 [2015],21.66471088576333,1.6418399245977477,20/06/2015 13:00:00,0,,World Superbikes,
596,Bike,MV Agusta 1000 F4 [2015],21.667085498467788,1.6420502192323372,18/07/2015 13:00:00,0,,World Superbikes,
596,Bike,MV Agusta 1000 F4 [2015],21.66852490748296,1.6424947633447697,18/07/2015 13:00:00,1,,World Superbikes,
596,Bike,MV Agusta 1000 F4 [2015],21.67028304240517,1.6431827915636392,31/07/2015 13:00:00,0,,World Superbikes,
596,Bike,MV Agusta 1000 F4 [2015],21.67194835705555,1.644119863842582,19/09/2015 13:00:00,0,,World Superbikes,
596,Bike,MV Agusta 1000 F4 [2015],21.6734564894137,1.64530743629695,03/10/2015 13:00:00,0,,World Superbikes,
596,Bike,MV Agusta 1000 F4 [2015],21.67385797850067,1.6467280150052617,03/10/2015 13:00:00,1,,World Superbikes,
596,Bike,MV Agusta 1000 F4 [2015],21.673389399358665,1.6484239250751795,17/10/2015 13:00:00,0,,World Superbikes,
597,Rider,Jed Metcher,27.32282148009401,4.490735133163335,20/02/2015 13:00:00,0,Kawasaki ZX-10R [2015],World Superbikes,
598,Bike,Kawasaki ZX-10R [2015],22.554849230050955,1.4130865720916996,20/02/2015 13:00:00,0,,World Superbikes,
598,Bike,Kawasaki ZX-10R [2015],22.55510481347477,1.4109072264059939,20/02/2015 13:00:00,1,,World Superbikes,
598,Bike,Kawasaki ZX-10R [2015],22.555726067124453,1.408912799021095,20/03/2015 13:00:00,0,,World Superbikes,
598,Bike,Kawasaki ZX-10R [2015],22.55691093919512,1.4070723569238335,20/03/2015 13:00:00,1,,World Superbikes,
598,Bike,Kawasaki ZX-10R [2015],22.557624945417214,1.4054213384958665,11/04/2015 13:00:00,0,,World Superbikes,
598,Bike,Kawasaki ZX-10R [2015],22.558512527599664,1.4039281257404403,11/04/2015 13:00:00,1,,World Superbikes,
598,Bike,Kawasaki ZX-10R [2015],22.559830443814878,1.402617749484652,18/04/2015 13:00:00,0,,World Superbikes,
598,Bike,Kawasaki ZX-10R [2015],22.561349076547966,1.401474825616609,18/04/2015 13:00:00,1,,World Superbikes,
598,Bike,Kawasaki ZX-10R [2015],22.56183217332999,1.400511199563787,09/05/2015 13:00:00,0,,World Superbikes,
598,Bike,Kawasaki ZX-10R [2015],22.562542346193794,1.3996949589957852,09/05/2015 13:00:00,1,,World Superbikes,
598,Bike,Kawasaki ZX-10R [2015],22.562693886864707,1.3990868676141508,22/05/2015 13:00:00,0,,World Superbikes,
598,Bike,Kawasaki ZX-10R [2015],22.562710922369263,1.3986520515052057,22/05/2015 13:00:00,1,,World Superbikes,
598,Bike,Kawasaki ZX-10R [2015],22.561795955331096,1.398406957693455,06/06/2015 13:00:00,0,,World Superbikes,
598,Bike,Kawasaki ZX-10R [2015],22.561138313730392,1.3983426916690174,06/06/2015 13:00:00,1,,World Superbikes,
598,Bike,Kawasaki ZX-10R [2015],22.561129398531776,1.3984607067260626,20/06/2015 13:00:00,0,,World Superbikes,
598,Bike,Kawasaki ZX-10R [2015],22.56125283991627,1.3987343664654304,20/06/2015 13:00:00,1,,World Superbikes,
598,Bike,Kawasaki ZX-10R [2015],22.56066888659633,1.399202240826756,18/07/2015 13:00:00,0,,World Superbikes,
598,Bike,Kawasaki ZX-10R [2015],22.560470988373158,1.3998253750827798,18/07/2015 13:00:00,1,,World Superbikes,
598,Bike,Kawasaki ZX-10R [2015],22.560474641918468,1.4006610423585586,31/07/2015 13:00:00,0,,World Superbikes,
598,Bike,Kawasaki ZX-10R [2015],22.5605600662565,1.401684551271302,31/07/2015 13:00:00,1,,World Superbikes,
598,Bike,Kawasaki ZX-10R [2015],22.56071858057831,1.4028999203234682,19/09/2015 13:00:00,0,,World Superbikes,
598,Bike,Kawasaki ZX-10R [2015],22.560623946566736,1.4043091046044316,19/09/2015 13:00:00,1,,World Superbikes,
598,Bike,Kawasaki ZX-10R [2015],22.560169883717958,1.4058710520653859,03/10/2015 13:00:00,0,,World Superbikes,
598,Bike,Kawasaki ZX-10R [2015],22.5603408688621,1.4076267388952917,03/10/2015 13:00:00,1,,World Superbikes,
598,Bike,Kawasaki ZX-10R [2015],22.56139338736326,1.4095968909108871,17/10/2015 13:00:00,0,,World Superbikes,
598,Bike,Kawasaki ZX-10R [2015],22.56195680995782,1.4117526909818225,17/10/2015 13:00:00,1,,World Superbikes,
599,Bike,EBR 1190RX [2015],19.677277237438684,2.9807185863159757,20/02/2015 13:00:00,0,,World Superbikes,
599,Bike,EBR 1190RX [2015],19.67678927626569,2.9802809945893665,20/03/2015 13:00:00,0,,World Superbikes,
599,Bike,EBR 1190RX [2015],19.677238825543288,2.9802704397193627,11/04/2015 13:00:00,0,,World Superbikes,
599,Bike,EBR 1190RX [2015],19.67738561355316,2.980693414186573,18/04/2015 13:00:00,0,,World Superbikes,
600,Bike,BMW S1000 RR [2015],23.329852841284424,1.7294175395281066,20/02/2015 13:00:00,0,,World Superbikes,
600,Bike,BMW S1000 RR [2015],23.330396637823714,1.7278122001311533,20/03/2015 13:00:00,0,,World Superbikes,
600,Bike,BMW S1000 RR [2015],23.329591730543413,1.7264573137656647,11/04/2015 13:00:00,0,,World Superbikes,
600,Bike,BMW S1000 RR [2015],23.327363912260875,1.7252936068586946,11/04/2015 13:00:00,1,,World Superbikes,
600,Bike,BMW S1000 RR [2015],23.324353253667212,1.7243988740826237,18/04/2015 13:00:00,0,,World Superbikes,
600,Bike,BMW S1000 RR [2015],23.321661100227892,1.723762523218942,09/05/2015 13:00:00,1,,World Superbikes,
600,Bike,BMW S1000 RR [2015],23.31873961234123,1.7234023057170824,22/05/2015 13:00:00,1,,World Superbikes,
600,Bike,BMW S1000 RR [2015],23.316925422230447,1.7232986071192329,06/06/2015 13:00:00,1,,World Superbikes,
600,Bike,BMW S1000 RR [2015],23.31546377529296,1.7234549678203268,20/06/2015 13:00:00,0,,World Superbikes,
600,Bike,BMW S1000 RR [2015],23.313222980935326,1.7238612716199977,20/06/2015 13:00:00,1,,World Superbikes,
600,Bike,BMW S1000 RR [2015],23.310244544928352,1.7245504111458496,18/07/2015 13:00:00,0,,World Superbikes,
600,Bike,BMW S1000 RR [2015],23.306538928753895,1.7254155410861889,18/07/2015 13:00:00,1,,World Superbikes,
600,Bike,BMW S1000 RR [2015],23.304641492983666,1.7264829641556576,31/07/2015 13:00:00,0,,World Superbikes,
600,Bike,BMW S1000 RR [2015],23.303452327472666,1.7276633432789072,19/09/2015 13:00:00,0,,World Superbikes,
600,Bike,BMW S1000 RR [2015],23.303462124743707,1.729031034859753,03/10/2015 13:00:00,1,,World Superbikes,
600,Bike,BMW S1000 RR [2015],23.303139654575112,1.7306791666461865,17/10/2015 13:00:00,0,,World Superbikes,
601,Rider,Román Ramos,28.176228457201237,1.0138210209040728,20/02/2015 13:00:00,0,Kawasaki ZX-10R [2015],World Superbikes,
601,Rider,Román Ramos,28.178010841344598,1.010601856009451,20/03/2015 13:00:00,0,Kawasaki ZX-10R [2015],World Superbikes,
601,Rider,Román Ramos,28.180317784276767,1.0075185458140223,11/04/2015 13:00:00,0,Kawasaki ZX-10R [2015],World Superbikes,
601,Rider,Román Ramos,28.18353797947092,1.0045635084336142,18/04/2015 13:00:00,0,Kawasaki ZX-10R [2015],World Superbikes,
601,Rider,Román Ramos,28.18631329971728,1.0017447388770435,09/05/2015 13:00:00,0,Kawasaki ZX-10R [2015],World Superbikes,
601,Rider,Román Ramos,28.189055938672418,0.999044029227908,22/05/2015 13:00:00,0,Kawasaki ZX-10R [2015],World Superbikes,
601,Rider,Román Ramos,28.191712915363293,0.9964781986577628,06/06/2015 13:00:00,0,Kawasaki ZX-10R [2015],World Superbikes,
601,Rider,Román Ramos,28.1938833254431,0.994046178382602,20/06/2015 13:00:00,0,Kawasaki ZX-10R [2015],World Superbikes,
601,Rider,Román Ramos,28.195638664711286,0.9917508811379819,18/07/2015 13:00:00,0,Kawasaki ZX-10R [2015],World Superbikes,
601,Rider,Román Ramos,28.1974182965572,0.9895816960257396,31/07/2015 13:00:00,0,Kawasaki ZX-10R [2015],World Superbikes,
601,Rider,Román Ramos,28.198487265847312,0.9875475307923349,19/09/2015 13:00:00,0,Kawasaki ZX-10R [2015],World Superbikes,
601,Rider,Román Ramos,28.199540757937566,0.9856503490000897,03/10/2015 13:00:00,0,Kawasaki ZX-10R [2015],World Superbikes,
601,Rider,Román Ramos,28.20121735043486,0.9838855680825495,17/10/2015 13:00:00,0,Kawasaki ZX-10R [2015],World Superbikes,
601,Rider,Román Ramos,28.203731181554776,0.9822426830422395,26/02/2016 13:00:00,0,Kawasaki ZX-10R [2016],World Superbikes,
601,Rider,Román Ramos,28.206579549583548,0.9807399380412147,11/03/2016 13:00:00,0,Kawasaki ZX-10R [2016],World Superbikes,
601,Rider,Román Ramos,28.208795324128427,0.9793848848009986,01/04/2016 13:00:00,0,Kawasaki ZX-10R [2016],World Superbikes,
601,Rider,Román Ramos,28.21012996981764,0.9781689431618463,15/04/2016 13:00:00,0,Kawasaki ZX-10R [2016],World Superbikes,
601,Rider,Román Ramos,28.21208194011505,0.9770893400660767,27/05/2016 13:00:00,0,Kawasaki ZX-10R [2016],World Superbikes,
601,Rider,Román Ramos,28.21353835693406,0.9761529243981818,17/06/2016 13:00:00,0,Kawasaki ZX-10R [2016],World Superbikes,
601,Rider,Román Ramos,28.214249736376818,0.9753547446039954,09/07/2016 13:00:00,0,Kawasaki ZX-10R [2016],World Superbikes,
601,Rider,Román Ramos,28.21494534972875,0.974695626601649,16/09/2016 13:00:00,0,Kawasaki ZX-10R [2016],World Superbikes,
601,Rider,Román Ramos,28.21493979628611,0.9741778689555557,30/09/2016 13:00:00,0,Kawasaki ZX-10R [2016],World Superbikes,
601,Rider,Román Ramos,28.214791426738643,0.9738028963256772,14/10/2016 13:00:00,0,Kawasaki ZX-10R [2016],World Superbikes,
601,Rider,Román Ramos,28.213957092112956,0.9735690303120709,29/10/2016 13:00:00,0,Kawasaki ZX-10R [2016],World Superbikes,
601,Rider,Román Ramos,28.213460465962463,0.973476900147665,24/02/2017 13:00:00,0,Kawasaki ZX-10R [2017],World Superbikes,
601,Rider,Román Ramos,28.21301931581469,0.9735205165455131,10/03/2017 13:00:00,0,Kawasaki ZX-10R [2017],World Superbikes,
601,Rider,Román Ramos,28.21358191569413,0.9736927964716736,31/03/2017 13:00:00,0,Kawasaki ZX-10R [2017],World Superbikes,
601,Rider,Román Ramos,28.213296601944048,0.9740012128728591,16/06/2017 13:00:00,0,Kawasaki ZX-10R [2017],World Superbikes,
601,Rider,Román Ramos,28.210843441896827,0.9744190235541446,16/06/2017 13:00:00,1,Kawasaki ZX-10R [2017],World Superbikes,
601,Rider,Román Ramos,28.209342215594088,0.9749149398562706,08/07/2017 13:00:00,0,Kawasaki ZX-10R [2017],World Superbikes,
601,Rider,Román Ramos,28.20702190487153,0.9755503470054021,18/08/2017 13:00:00,0,Kawasaki ZX-10R [2017],World Superbikes,
601,Rider,Román Ramos,28.20536760794172,0.9763198126300662,15/09/2017 13:00:00,0,Kawasaki ZX-10R [2017],World Superbikes,
601,Rider,Román Ramos,28.203217387580146,0.9772265202726819,29/09/2017 13:00:00,0,Kawasaki ZX-10R [2017],World Superbikes,
601,Rider,Román Ramos,28.20114602797797,0.9782734096711643,20/10/2017 13:00:00,1,Kawasaki ZX-10R [2017],World Superbikes,
601,Rider,Román Ramos,28.19837366150358,0.9794537995580067,03/11/2017 13:00:00,0,Kawasaki ZX-10R [2017],World Superbikes,
601,Rider,Román Ramos,28.195727001835447,0.980768543493321,23/02/2018 13:00:00,0,Kawasaki ZX-10RR [2018],World Superbikes,
601,Rider,Román Ramos,28.192515385904148,0.9822177347485925,23/03/2018 13:00:00,0,Kawasaki ZX-10RR [2018],World Superbikes,
601,Rider,Román Ramos,28.189314576559944,0.9837960748480539,13/04/2018 13:00:00,0,Kawasaki ZX-10RR [2018],World Superbikes,
601,Rider,Román Ramos,28.18610266867015,0.9855141079647542,20/04/2018 13:00:00,0,Kawasaki ZX-10RR [2018],World Superbikes,
601,Rider,Román Ramos,28.182011227772286,0.9873672021672757,11/05/2018 13:00:00,0,Kawasaki ZX-10RR [2018],World Superbikes,
601,Rider,Román Ramos,28.176941858756734,0.9893537192701486,25/05/2018 13:00:00,0,Kawasaki ZX-10RR [2018],World Superbikes,
601,Rider,Román Ramos,28.172052268126635,0.9914901421843734,08/06/2018 13:00:00,0,Kawasaki ZX-10RR [2018],World Superbikes,
601,Rider,Román Ramos,28.16595855658309,0.9937679971292364,23/06/2018 13:00:00,0,Kawasaki ZX-10RR [2018],World Superbikes,
601,Rider,Román Ramos,28.161711015087334,0.9961525150696112,06/07/2018 13:00:00,0,Kawasaki ZX-10RR [2018],World Superbikes,
601,Rider,Román Ramos,28.15764632318215,0.9986827319123611,14/09/2018 13:00:00,0,Kawasaki ZX-10RR [2018],World Superbikes,
601,Rider,Román Ramos,28.15433057468532,1.0013469425578103,28/09/2018 13:00:00,0,Kawasaki ZX-10RR [2018],World Superbikes,
601,Rider,Román Ramos,28.151338836742795,1.0041506089210008,12/10/2018 13:00:00,0,Kawasaki ZX-10RR [2018],World Superbikes,
601,Rider,Román Ramos,28.148631952444475,1.0070876651452583,26/10/2018 13:00:00,0,Kawasaki ZX-10RR [2018],World Superbikes,
601,Rider,Román Ramos,28.146843134267208,1.0101492171468336,28/08/2020 13:00:00,0,Kawasaki ZX-10RR [2020],World Superbikes,
601,Rider,Román Ramos,28.14616939131598,1.0133353227817328,04/09/2020 13:00:00,0,Kawasaki ZX-10RR [2020],World Superbikes,
602,Bike,Aprilia RSV4 RF [2015],27.29750935732258,1.7246235368881155,20/02/2015 13:00:00,1,,World Superbikes,
602,Bike,Aprilia RSV4 RF [2015],27.297759252535364,1.7230538299427223,20/03/2015 13:00:00,1,,World Superbikes,
602,Bike,Aprilia RSV4 RF [2015],27.29701903525102,1.721752043328825,11/04/2015 13:00:00,1,,World Superbikes,
602,Bike,Aprilia RSV4 RF [2015],27.295680691389695,1.7206847944297479,18/04/2015 13:00:00,1,,World Superbikes,
602,Bike,Aprilia RSV4 RF [2015],27.29426772201022,1.7198882845522374,09/05/2015 13:00:00,1,,World Superbikes,
602,Bike,Aprilia RSV4 RF [2015],27.29287302685171,1.7193625462171023,22/05/2015 13:00:00,0,,World Superbikes,
602,Bike,Aprilia RSV4 RF [2015],27.29207475295331,1.719091713744929,22/05/2015 13:00:00,1,,World Superbikes,
602,Bike,Aprilia RSV4 RF [2015],27.29117240454501,1.7190891915499802,06/06/2015 13:00:00,1,,World Superbikes,
602,Bike,Aprilia RSV4 RF [2015],27.290785085564504,1.7193627025669727,20/06/2015 13:00:00,1,,World Superbikes,
602,Bike,Aprilia RSV4 RF [2015],27.289844662908344,1.7199074629635651,18/07/2015 13:00:00,1,,World Superbikes,
602,Bike,Aprilia RSV4 RF [2015],27.288342519365653,1.7207269059048496,31/07/2015 13:00:00,1,,World Superbikes,
602,Bike,Aprilia RSV4 RF [2015],27.286687510282476,1.7218176652654487,19/09/2015 13:00:00,1,,World Superbikes,
602,Bike,Aprilia RSV4 RF [2015],27.286020620510286,1.7231789322029905,03/10/2015 13:00:00,1,,World Superbikes,
602,Bike,Aprilia RSV4 RF [2015],27.28556356304646,1.7247516657482826,17/10/2015 13:00:00,1,,World Superbikes,
603,Rider,Michael van der Mark,37.16271956479789,0.7796014726278127,20/02/2015 13:00:00,1,Honda CBR1000RR SP [2015],World Superbikes,
603,Rider,Michael van der Mark,37.16269599421368,0.7753334770688745,20/03/2015 13:00:00,0,Honda CBR1000RR SP [2015],World Superbikes,
603,Rider,Michael van der Mark,37.16236445568741,0.7711432204578816,20/03/2015 13:00:00,1,Honda CBR1000RR SP [2015],World Superbikes,
603,Rider,Michael van der Mark,37.16171924009217,0.7670455979144523,11/04/2015 13:00:00,1,Honda CBR1000RR SP [2015],World Superbikes,
603,Rider,Michael van der Mark,37.162479647356314,0.7630269238008811,18/04/2015 13:00:00,1,Honda CBR1000RR SP [2015],World Superbikes,
603,Rider,Michael van der Mark,37.16207670703443,0.7591017223255127,09/05/2015 13:00:00,0,Honda CBR1000RR SP [2015],World Superbikes,
603,Rider,Michael van der Mark,37.160171818712236,0.7552348769983132,09/05/2015 13:00:00,1,Honda CBR1000RR SP [2015],World Superbikes,
603,Rider,Michael van der Mark,37.15873838671602,0.751457246497321,22/05/2015 13:00:00,1,Honda CBR1000RR SP [2015],World Superbikes,
603,Rider,Michael van der Mark,37.159303073110216,0.747745653938528,06/06/2015 13:00:00,0,Honda CBR1000RR SP [2015],World Superbikes,
603,Rider,Michael van der Mark,37.159803068596624,0.7441104854752787,20/06/2015 13:00:00,0,Honda CBR1000RR SP [2015],World Superbikes,
603,Rider,Michael van der Mark,37.16055227429784,0.740559164679145,18/07/2015 13:00:00,0,Honda CBR1000RR SP [2015],World Superbikes,
603,Rider,Michael van der Mark,37.16229393959441,0.7370864971558324,31/07/2015 13:00:00,0,Honda CBR1000RR SP [2015],World Superbikes,
603,Rider,Michael van der Mark,37.163881011687714,0.7336903923759436,19/09/2015 13:00:00,0,Honda CBR1000RR SP [2015],World Superbikes,
603,Rider,Michael van der Mark,37.16439957316169,0.7303399067443247,19/09/2015 13:00:00,1,Honda CBR1000RR SP [2015],World Superbikes,
603,Rider,Michael van der Mark,37.16356196052155,0.727074760558152,03/10/2015 13:00:00,0,Honda CBR1000RR SP [2015],World Superbikes,
603,Rider,Michael van der Mark,37.16354622902032,0.7238869796737281,17/10/2015 13:00:00,1,Honda CBR1000RR SP [2015],World Superbikes,
603,Rider,Michael van der Mark,37.164496134957815,0.7207731541633235,26/02/2016 13:00:00,1,Honda CBR1000RR SP [2016],World Superbikes,
603,Rider,Michael van der Mark,37.16511711315648,0.7177411659477365,11/03/2016 13:00:00,1,Honda CBR1000RR SP [2016],World Superbikes,
603,Rider,Michael van der Mark,37.16329993846332,0.7147686815015781,01/04/2016 13:00:00,1,Honda CBR1000RR SP [2016],World Superbikes,
603,Rider,Michael van der Mark,37.162808414686204,0.7118689197150417,15/04/2016 13:00:00,1,Honda CBR1000RR SP [2016],World Superbikes,
603,Rider,Michael van der Mark,37.161700600053265,0.7090477883272005,29/04/2016 13:00:00,0,Honda CBR1000RR SP [2016],World Superbikes,
603,Rider,Michael van der Mark,37.159243163814004,0.7062681295904033,29/04/2016 13:00:00,1,Honda CBR1000RR SP [2016],World Superbikes,
603,Rider,Michael van der Mark,37.159078172722644,0.703542759713027,13/05/2016 13:00:00,1,Honda CBR1000RR SP [2016],World Superbikes,
603,Rider,Michael van der Mark,37.16001496146577,0.7008894025155054,27/05/2016 13:00:00,0,Honda CBR1000RR SP [2016],World Superbikes,
603,Rider,Michael van der Mark,37.16100314190417,0.6983036194720393,17/06/2016 13:00:00,1,Honda CBR1000RR SP [2016],World Superbikes,
603,Rider,Michael van der Mark,37.16298959343895,0.6957894601327029,09/07/2016 13:00:00,0,Honda CBR1000RR SP [2016],World Superbikes,
603,Rider,Michael van der Mark,37.16490478292123,0.6933319079591945,09/07/2016 13:00:00,1,Honda CBR1000RR SP [2016],World Superbikes,
603,Rider,Michael van der Mark,37.16831374967961,0.6909409428160695,16/09/2016 13:00:00,1,Honda CBR1000RR SP [2016],World Superbikes,
603,Rider,Michael van der Mark,37.17254715948399,0.6886202221315525,30/09/2016 13:00:00,1,Honda CBR1000RR SP [2016],World Superbikes,
603,Rider,Michael van der Mark,37.17664761460465,0.6863722670170499,14/10/2016 13:00:00,1,Honda CBR1000RR SP [2016],World Superbikes,
603,Rider,Michael van der Mark,37.18233182810653,0.6841844677758918,29/10/2016 13:00:00,0,Honda CBR1000RR SP [2016],World Superbikes,
603,Rider,Michael van der Mark,37.1865507885578,0.6820342212243834,29/10/2016 13:00:00,1,Honda CBR1000RR SP [2016],World Superbikes,
603,Rider,Michael van der Mark,37.19125844905088,0.6799536137524483,24/02/2017 13:00:00,0,Yamaha YZF-R1 [2017],World Superbikes,
603,Rider,Michael van der Mark,37.19518171669323,0.6779283264739581,24/02/2017 13:00:00,1,Yamaha YZF-R1 [2017],World Superbikes,
603,Rider,Michael van der Mark,37.20006607655607,0.675967091295183,10/03/2017 13:00:00,1,Yamaha YZF-R1 [2017],World Superbikes,
603,Rider,Michael van der Mark,37.204279072566315,0.6740738637616233,31/03/2017 13:00:00,1,Yamaha YZF-R1 [2017],World Superbikes,
603,Rider,Michael van der Mark,37.20845880280803,0.6722488989570149,16/06/2017 13:00:00,1,Yamaha YZF-R1 [2017],World Superbikes,
603,Rider,Michael van der Mark,37.211845793176785,0.6704893438716302,08/07/2017 13:00:00,0,Yamaha YZF-R1 [2017],World Superbikes,
603,Rider,Michael van der Mark,37.21519576069086,0.6687903569297062,18/08/2017 13:00:00,0,Yamaha YZF-R1 [2017],World Superbikes,
603,Rider,Michael van der Mark,37.21720394793681,0.6671246093247667,18/08/2017 13:00:00,1,Yamaha YZF-R1 [2017],World Superbikes,
603,Rider,Michael van der Mark,37.2204502568612,0.6655148662430189,15/09/2017 13:00:00,1,Yamaha YZF-R1 [2017],World Superbikes,
603,Rider,Michael van der Mark,37.22377634500493,0.6639684159427631,29/09/2017 13:00:00,1,Yamaha YZF-R1 [2017],World Superbikes,
603,Rider,Michael van der Mark,37.22762433632629,0.6624856866524511,20/10/2017 13:00:00,1,Yamaha YZF-R1 [2017],World Superbikes,
603,Rider,Michael van der Mark,37.230428077336136,0.6610657143203371,03/11/2017 13:00:00,1,Yamaha YZF-R1 [2017],World Superbikes,
603,Rider,Michael van der Mark,37.2327478307841,0.6597106096212655,23/02/2018 13:00:00,1,Yamaha YZF-R1 [2018],World Superbikes,
603,Rider,Michael van der Mark,37.23451461878343,0.6584198564169705,23/03/2018 13:00:00,1,Yamaha YZF-R1 [2018],World Superbikes,
603,Rider,Michael van der Mark,37.23634868041391,0.6571911101403239,13/04/2018 13:00:00,1,Yamaha YZF-R1 [2018],World Superbikes,
603,Rider,Michael van der Mark,37.23743600221682,0.6560252993142096,20/04/2018 13:00:00,1,Yamaha YZF-R1 [2018],World Superbikes,
603,Rider,Michael van der Mark,37.23769952152962,0.6549238333552125,11/05/2018 13:00:00,1,Yamaha YZF-R1 [2018],World Superbikes,
603,Rider,Michael van der Mark,37.23934515017517,0.6538560251940571,25/05/2018 13:00:00,1,Yamaha YZF-R1 [2018],World Superbikes,
603,Rider,Michael van der Mark,37.239859910701384,0.6528520269285926,08/06/2018 13:00:00,1,Yamaha YZF-R1 [2018],World Superbikes,
603,Rider,Michael van der Mark,37.23939494775636,0.6519088916297223,23/06/2018 13:00:00,0,Yamaha YZF-R1 [2018],World Superbikes,
603,Rider,Michael van der Mark,37.237229724578604,0.6509967263078716,23/06/2018 13:00:00,1,Yamaha YZF-R1 [2018],World Superbikes,
603,Rider,Michael van der Mark,37.235000886313955,0.6501444914044049,06/07/2018 13:00:00,0,Yamaha YZF-R1 [2018],World Superbikes,
603,Rider,Michael van der Mark,37.231220146883004,0.6493242187154857,06/07/2018 13:00:00,1,Yamaha YZF-R1 [2018],World Superbikes,
603,Rider,Michael van der Mark,37.228201030914924,0.6485565554032205,14/09/2018 13:00:00,1,Yamaha YZF-R1 [2018],World Superbikes,
603,Rider,Michael van der Mark,37.22387997037478,0.6478493688037359,28/09/2018 13:00:00,1,Yamaha YZF-R1 [2018],World Superbikes,
603,Rider,Michael van der Mark,37.219738666742366,0.6472000267656717,12/10/2018 13:00:00,0,Yamaha YZF-R1 [2018],World Superbikes,
603,Rider,Michael van der Mark,37.2144583727506,0.6465861015138337,12/10/2018 13:00:00,1,Yamaha YZF-R1 [2018],World Superbikes,
603,Rider,Michael van der Mark,37.21015044441412,0.6460146847914244,26/10/2018 13:00:00,1,Yamaha YZF-R1 [2018],World Superbikes,
603,Rider,Michael van der Mark,37.20532268284113,0.6455037726339962,22/02/2019 13:00:00,0,Yamaha YZF-R1 [2019],World Superbikes,
603,Rider,Michael van der Mark,37.19995755868803,0.6450525361650574,15/03/2019 13:00:00,0,Yamaha YZF-R1 [2019],World Superbikes,
603,Rider,Michael van der Mark,37.19467196971251,0.6446615065364458,05/04/2019 13:00:00,0,Yamaha YZF-R1 [2019],World Superbikes,
603,Rider,Michael van der Mark,37.189603419504714,0.6443316150142845,12/04/2019 13:00:00,0,Yamaha YZF-R1 [2019],World Superbikes,
603,Rider,Michael van der Mark,37.18271928769958,0.6440540852540804,10/05/2019 13:00:00,0,Yamaha YZF-R1 [2019],World Superbikes,
603,Rider,Michael van der Mark,37.175576267917855,0.6438360722438592,07/06/2019 13:00:00,0,Yamaha YZF-R1 [2019],World Superbikes,
603,Rider,Michael van der Mark,37.16785615533599,0.6436770515463044,05/07/2019 13:00:00,0,Yamaha YZF-R1 [2019],World Superbikes,
603,Rider,Michael van der Mark,37.162249936121285,0.6435641604262226,13/07/2019 13:00:00,0,Yamaha YZF-R1 [2019],World Superbikes,
603,Rider,Michael van der Mark,37.15794060844682,0.6435088402746989,06/09/2019 13:00:00,0,Yamaha YZF-R1 [2019],World Superbikes,
603,Rider,Michael van der Mark,37.153665391690815,0.6435143474386388,27/09/2019 13:00:00,0,Yamaha YZF-R1 [2019],World Superbikes,
603,Rider,Michael van der Mark,37.147470532800284,0.643568247350223,11/10/2019 13:00:00,0,Yamaha YZF-R1 [2019],World Superbikes,
603,Rider,Michael van der Mark,37.13928913162566,0.6436720588741754,25/10/2019 13:00:00,0,Yamaha YZF-R1 [2019],World Superbikes,
603,Rider,Michael van der Mark,37.13071097430851,0.6438364535902285,28/02/2020 13:00:00,0,Yamaha YZF-R1 [2020],World Superbikes,
603,Rider,Michael van der Mark,37.1216565345791,0.6440541703297806,31/07/2020 13:00:00,0,Yamaha YZF-R1 [2020],World Superbikes,
603,Rider,Michael van der Mark,37.1114193883755,0.644323916439168,07/08/2020 13:00:00,0,Yamaha YZF-R1 [2020],World Superbikes,
603,Rider,Michael van der Mark,37.10028288099968,0.6446471462641554,28/08/2020 13:00:00,0,Yamaha YZF-R1 [2020],World Superbikes,
603,Rider,Michael van der Mark,37.08908149813953,0.6450273994055956,04/09/2020 13:00:00,0,Yamaha YZF-R1 [2020],World Superbikes,
603,Rider,Michael van der Mark,37.07859485327328,0.6454640314152625,18/09/2020 13:00:00,0,Yamaha YZF-R1 [2020],World Superbikes,
603,Rider,Michael van der Mark,37.067401887151206,0.6459540707412443,02/10/2020 13:00:00,0,Yamaha YZF-R1 [2020],World Superbikes,
603,Rider,Michael van der Mark,37.05577787006508,0.646499677143496,16/10/2020 13:00:00,0,Yamaha YZF-R1 [2020],World Superbikes,
603,Rider,Michael van der Mark,37.04374534294724,0.6471023792202162,21/05/2021 13:00:00,0,BMW S1000 RR [2021],World Superbikes,
603,Rider,Michael van der Mark,37.03240773443748,0.6477209448792028,28/05/2021 13:00:00,0,BMW M 1000 RR [2021],World Superbikes,
603,Rider,Michael van der Mark,37.02114120025104,0.6484020189065333,11/06/2021 13:00:00,0,BMW M 1000 RR [2021],World Superbikes,
603,Rider,Michael van der Mark,37.01040061584068,0.6491429020109678,02/07/2021 13:00:00,0,BMW M 1000 RR [2021],World Superbikes,
603,Rider,Michael van der Mark,36.997190224830696,0.6499350900687266,23/07/2021 13:00:00,0,BMW M 1000 RR [2021],World Superbikes,
603,Rider,Michael van der Mark,36.983729811575785,0.6507896741037035,06/08/2021 13:00:00,0,BMW M 1000 RR [2021],World Superbikes,
603,Rider,Michael van der Mark,36.97175986498017,0.6517047667225376,20/08/2021 13:00:00,0,BMW M 1000 RR [2021],World Superbikes,
603,Rider,Michael van der Mark,36.95942178654409,0.6526816858476543,03/09/2021 13:00:00,0,BMW M 1000 RR [2021],World Superbikes,
603,Rider,Michael van der Mark,36.946512848712956,0.6537209646340784,17/09/2021 13:00:00,0,BMW M 1000 RR [2021],World Superbikes,
603,Rider,Michael van der Mark,36.93308681833784,0.654822581393968,24/09/2021 13:00:00,0,BMW M 1000 RR [2021],World Superbikes,
603,Rider,Michael van der Mark,36.92036215356783,0.6559871081728277,01/10/2021 13:00:00,0,BMW M 1000 RR [2021],World Superbikes,
603,Rider,Michael van der Mark,36.90644918576985,0.6572123130900837,16/10/2021 13:00:00,0,BMW M 1000 RR [2021],World Superbikes,
603,Rider,Michael van der Mark,36.891645711241324,0.6584998400897412,19/11/2021 13:00:00,0,BMW M 1000 RR [2021],World Superbikes,
603,Rider,Michael van der Mark,36.87693389838649,0.6598483378711192,22/04/2022 13:00:00,0,BMW M 1000 RR [2022],World Superbikes,
603,Rider,Michael van der Mark,36.86269080173938,0.6612620026386108,09/09/2022 13:00:00,0,BMW M 1000 RR [2022],World Superbikes,
603,Rider,Michael van der Mark,36.84886081025934,0.66274122524971,23/09/2022 13:00:00,0,BMW M 1000 RR [2022],World Superbikes,
603,Rider,Michael van der Mark,36.8368386235107,0.6642816495715216,07/10/2022 13:00:00,0,BMW M 1000 RR [2022],World Superbikes,
603,Rider,Michael van der Mark,36.82581389133469,0.6658900866939358,22/10/2022 13:00:00,0,BMW M 1000 RR [2022],World Superbikes,
603,Rider,Michael van der Mark,36.8149734473419,0.6675656933167459,11/11/2022 13:00:00,0,BMW M 1000 RR [2022],World Superbikes,
603,Rider,Michael van der Mark,36.80414014958457,0.6693074400158388,18/11/2022 13:00:00,0,BMW M 1000 RR [2022],World Superbikes,
603,Rider,Michael van der Mark,36.79399667582205,0.6711173816739373,24/02/2023 13:00:00,0,BMW M 1000 RR [2023],World Superbikes,
603,Rider,Michael van der Mark,36.78374943763002,0.6729983481246039,03/03/2023 13:00:00,0,BMW M 1000 RR [2023],World Superbikes,
603,Rider,Michael van der Mark,36.77303635576548,0.6749505392725349,21/04/2023 13:00:00,0,BMW M 1000 RR [2023],World Superbikes,
603,Rider,Michael van der Mark,36.7626843782754,0.6769751184336988,28/07/2023 13:00:00,0,BMW M 1000 RR [2023],World Superbikes,
603,Rider,Michael van der Mark,36.753993737533406,0.679067229570374,08/09/2023 13:00:00,0,BMW M 1000 RR [2023],World Superbikes,
603,Rider,Michael van der Mark,36.74517942536322,0.68123352021956,22/09/2023 13:00:00,0,BMW M 1000 RR [2023],World Superbikes,
603,Rider,Michael van der Mark,36.73694815671913,0.6834734906517951,29/09/2023 13:00:00,0,BMW M 1000 RR [2023],World Superbikes,
603,Rider,Michael van der Mark,36.727583240047295,0.6857880799698939,27/10/2023 13:00:00,0,BMW M 1000 RR [2023],World Superbikes,
603,Rider,Michael van der Mark,36.718283720971726,0.6881779014481302,23/02/2024 13:00:00,0,BMW M 1000 RR [2024],World Superbikes,
603,Rider,Michael van der Mark,36.71023451934042,0.6906415217624119,22/03/2024 13:00:00,0,BMW M 1000 RR [2024],World Superbikes,
603,Rider,Michael van der Mark,36.700638448307025,0.6931782771457979,19/04/2024 13:00:00,0,BMW M 1000 RR [2024],World Superbikes,
603,Rider,Michael van der Mark,36.69187326623606,0.695792730423944,14/06/2024 13:00:00,0,BMW M 1000 RR [2024],World Superbikes,
603,Rider,Michael van der Mark,36.68396172219458,0.6984868415281738,12/07/2024 13:00:00,0,BMW M 1000 RR [2024],World Superbikes,
603,Rider,Michael van der Mark,36.67495583054092,0.7012599751152478,19/07/2024 13:00:00,0,BMW M 1000 RR [2024],World Superbikes,
603,Rider,Michael van der Mark,36.666800499566065,0.7041125179663498,10/08/2024 13:00:00,0,BMW M 1000 RR [2024],World Superbikes,
603,Rider,Michael van der Mark,36.65741781278356,0.7070427697470327,06/09/2024 13:00:00,0,BMW M 1000 RR [2024],World Superbikes,
603,Rider,Michael van der Mark,36.64709710862839,0.710052734667322,20/09/2024 13:00:00,0,BMW M 1000 RR [2024],World Superbikes,
603,Rider,Michael van der Mark,36.63821785849467,0.7131455745167555,27/09/2024 13:00:00,0,BMW M 1000 RR [2024],World Superbikes,
603,Rider,Michael van der Mark,36.629351928468026,0.7163229747887625,11/10/2024 13:00:00,0,BMW M 1000 RR [2024],World Superbikes,
603,Rider,Michael van der Mark,36.6195376626185,0.71958398409645,18/10/2024 13:00:00,0,BMW M 1000 RR [2024],World Superbikes,
603,Rider,Michael van der Mark,36.60923028654013,0.7229323719588885,21/02/2025 13:00:00,0,BMW M 1000 RR [2025],World Superbikes,
603,Rider,Michael van der Mark,36.598603329144886,0.7263652549428875,28/03/2025 13:00:00,0,BMW M 1000 RR [2025],World Superbikes,
603,Rider,Michael van der Mark,36.58776534971348,0.7298842256011302,11/04/2025 13:00:00,0,BMW M 1000 RR [2025],World Superbikes,
603,Rider,Michael van der Mark,36.577951390162035,0.7334908862085273,02/05/2025 13:00:00,0,BMW M 1000 RR [2025],World Superbikes,
603,Rider,Michael van der Mark,36.56836924782743,0.7371880333738771,16/05/2025 13:00:00,0,BMW M 1000 RR [2025],World Superbikes,
603,Rider,Michael van der Mark,36.560116978060044,0.7409745816801939,13/06/2025 13:00:00,0,BMW M 1000 RR [2025],World Superbikes,
603,Rider,Michael van der Mark,36.552788014574055,0.7448534476330554,11/07/2025 13:00:00,0,BMW M 1000 RR [2025],World Superbikes,
603,Rider,Michael van der Mark,36.54655506974561,0.7488258602238239,25/07/2025 13:00:00,0,BMW M 1000 RR [2025],World Superbikes,
603,Rider,Michael van der Mark,36.54262494283112,0.7528891281552249,05/09/2025 13:00:00,0,BMW M 1000 RR [2025],World Superbikes,
603,Rider,Michael van der Mark,36.538646523045216,0.7570459792727205,26/09/2025 13:00:00,0,BMW M 1000 RR [2025],World Superbikes,
603,Rider,Michael van der Mark,36.53548338889373,0.76129755290501,10/10/2025 13:00:00,0,BMW M 1000 RR [2025],World Superbikes,
603,Rider,Michael van der Mark,36.53344553337167,0.7656449194022915,17/10/2025 13:00:00,0,BMW M 1000 RR [2025],World Superbikes,
604,Bike,Honda CBR1000RR SP [2015],22.019803446022376,1.3570960467840474,20/02/2015 13:00:00,1,,World Superbikes,
604,Bike,Honda CBR1000RR SP [2015],22.019262239391143,1.3548859925552845,20/03/2015 13:00:00,0,,World Superbikes,
604,Bike,Honda CBR1000RR SP [2015],22.01841306481785,1.352856772935225,20/03/2015 13:00:00,1,,World Superbikes,
604,Bike,Honda CBR1000RR SP [2015],22.017639943729648,1.351035340546686,11/04/2015 13:00:00,0,,World Superbikes,
604,Bike,Honda CBR1000RR SP [2015],22.017397658160146,1.3494042731385145,11/04/2015 13:00:00,1,,World Superbikes,
604,Bike,Honda CBR1000RR SP [2015],22.018560995450027,1.3479590865620064,18/04/2015 13:00:00,0,,World Superbikes,
604,Bike,Honda CBR1000RR SP [2015],22.018601846257695,1.3466484699958077,18/04/2015 13:00:00,1,,World Superbikes,
604,Bike,Honda CBR1000RR SP [2015],22.01833013850259,1.3455508534152607,09/05/2015 13:00:00,0,,World Superbikes,
604,Bike,Honda CBR1000RR SP [2015],22.017835281950376,1.344622986455357,09/05/2015 13:00:00,1,,World Superbikes,
604,Bike,Honda CBR1000RR SP [2015],22.017811881724125,1.3439051132712543,22/05/2015 13:00:00,0,,World Superbikes,
604,Bike,Honda CBR1000RR SP [2015],22.016764014730576,1.3433216143732651,22/05/2015 13:00:00,1,,World Superbikes,
604,Bike,Honda CBR1000RR SP [2015],22.017159254319278,1.3429269053280692,06/06/2015 13:00:00,0,,World Superbikes,
604,Bike,Honda CBR1000RR SP [2015],22.017489803000213,1.342721412664176,06/06/2015 13:00:00,1,,World Superbikes,
604,Bike,Honda CBR1000RR SP [2015],22.017589200027,1.3427340662906335,20/06/2015 13:00:00,0,,World Superbikes,
604,Bike,Honda CBR1000RR SP [2015],22.01793780726859,1.3429519090304156,20/06/2015 13:00:00,1,,World Superbikes,
604,Bike,Honda CBR1000RR SP [2015],22.01852586827376,1.343385141293789,18/07/2015 13:00:00,0,,World Superbikes,
604,Bike,Honda CBR1000RR SP [2015],22.020106388874286,1.3440155613358584,18/07/2015 13:00:00,1,,World Superbikes,
604,Bike,Honda CBR1000RR SP [2015],22.022264170707523,1.3448510833958283,31/07/2015 13:00:00,0,,World Superbikes,
604,Bike,Honda CBR1000RR SP [2015],22.024267359337507,1.345881826833442,31/07/2015 13:00:00,1,,World Superbikes,
604,Bike,Honda CBR1000RR SP [2015],22.024682654427536,1.3471262680696052,19/09/2015 13:00:00,0,,World Superbikes,
604,Bike,Honda CBR1000RR SP [2015],22.024029438898218,1.3485084091218602,19/09/2015 13:00:00,1,,World Superbikes,
604,Bike,Honda CBR1000RR SP [2015],22.02308908096666,1.350104769842048,03/10/2015 13:00:00,0,,World Superbikes,
604,Bike,Honda CBR1000RR SP [2015],22.022970604174017,1.3519042489843864,03/10/2015 13:00:00,1,,World Superbikes,
604,Bike,Honda CBR1000RR SP [2015],22.02213510699092,1.3539226951636656,17/10/2015 13:00:00,0,,World Superbikes,
604,Bike,Honda CBR1000RR SP [2015],22.021467322819902,1.3561458242796702,17/10/2015 13:00:00,1,,World Superbikes,
605,Rider,Nicolas Terol,23.640073240583572,2.5543976701624937,20/02/2015 13:00:00,1,Ducati Panigale R [2015],World Superbikes,
605,Rider,Nicolas Terol,23.63858849692407,2.553702719435076,20/03/2015 13:00:00,0,Ducati Panigale R [2015],World Superbikes,
605,Rider,Nicolas Terol,23.63700810509338,2.5533924691757948,11/04/2015 13:00:00,1,Ducati Panigale R [2015],World Superbikes,
605,Rider,Nicolas Terol,23.634996675349697,2.5534686201157424,18/04/2015 13:00:00,1,Ducati Panigale R [2015],World Superbikes,
605,Rider,Nicolas Terol,23.634233770184473,2.553816767024831,22/05/2015 13:00:00,0,Ducati Panigale R [2015],World Superbikes,
605,Rider,Nicolas Terol,23.633167361005977,2.554546818468485,06/06/2015 13:00:00,0,Ducati Panigale R [2015],World Superbikes,
606,Rider,Jordi Torres,34.678515837318265,0.9104697831421897,20/02/2015 13:00:00,1,Aprilia RSV4 RF [2015],World Superbikes,
606,Rider,Jordi Torres,34.67975360672734,0.9068803271703918,20/03/2015 13:00:00,1,Aprilia RSV4 RF [2015],World Superbikes,
606,Rider,Jordi Torres,34.680074911066725,0.9034158510775,11/04/2015 13:00:00,1,Aprilia RSV4 RF [2015],World Superbikes,
606,Rider,Jordi Torres,34.680811250245284,0.9000690561474772,18/04/2015 13:00:00,1,Aprilia RSV4 RF [2015],World Superbikes,
606,Rider,Jordi Torres,34.681911930288116,0.8968443433545217,09/05/2015 13:00:00,1,Aprilia RSV4 RF [2015],World Superbikes,
606,Rider,Jordi Torres,34.68278597728885,0.8937379420349879,22/05/2015 13:00:00,0,Aprilia RSV4 RF [2015],World Superbikes,
606,Rider,Jordi Torres,34.684256445549714,0.8907419552059839,06/06/2015 13:00:00,1,Aprilia RSV4 RF [2015],World Superbikes,
606,Rider,Jordi Torres,34.68640983255925,0.8878633553995808,20/06/2015 13:00:00,1,Aprilia RSV4 RF [2015],World Superbikes,
606,Rider,Jordi Torres,34.687984564746856,0.8851052180534598,18/07/2015 13:00:00,1,Aprilia RSV4 RF [2015],World Superbikes,
606,Rider,Jordi Torres,34.688027080102934,0.8824628060166811,31/07/2015 13:00:00,1,Aprilia RSV4 RF [2015],World Superbikes,
606,Rider,Jordi Torres,34.68639735951483,0.879930783116351,19/09/2015 13:00:00,1,Aprilia RSV4 RF [2015],World Superbikes,
606,Rider,Jordi Torres,34.68434781712424,0.8775190577635131,03/10/2015 13:00:00,1,Aprilia RSV4 RF [2015],World Superbikes,
606,Rider,Jordi Torres,34.684236311684494,0.8751999318656141,17/10/2015 13:00:00,1,Aprilia RSV4 RF [2015],World Superbikes,
606,Rider,Jordi Torres,34.68411556344385,0.8729915026242365,26/02/2016 13:00:00,0,BMW S1000 RR [2016],World Superbikes,
606,Rider,Jordi Torres,34.68322425735648,0.8708791918290977,26/02/2016 13:00:00,1,BMW S1000 RR [2016],World Superbikes,
606,Rider,Jordi Torres,34.68410018665235,0.8688547213017533,11/03/2016 13:00:00,1,BMW S1000 RR [2016],World Superbikes,
606,Rider,Jordi Torres,34.68601532425304,0.8669376093760298,01/04/2016 13:00:00,0,BMW S1000 RR [2016],World Superbikes,
606,Rider,Jordi Torres,34.68648766966378,0.8650976430159822,01/04/2016 13:00:00,1,BMW S1000 RR [2016],World Superbikes,
606,Rider,Jordi Torres,34.68677711354672,0.8633790111647285,15/04/2016 13:00:00,0,BMW S1000 RR [2016],World Superbikes,
606,Rider,Jordi Torres,34.686522122286256,0.8617639209977961,15/04/2016 13:00:00,1,BMW S1000 RR [2016],World Superbikes,
606,Rider,Jordi Torres,34.68643245631059,0.8602689060030877,29/04/2016 13:00:00,1,BMW S1000 RR [2016],World Superbikes,
606,Rider,Jordi Torres,34.68591745801339,0.8588892386217974,13/05/2016 13:00:00,1,BMW S1000 RR [2016],World Superbikes,
606,Rider,Jordi Torres,34.685362688204165,0.8576290769262768,27/05/2016 13:00:00,1,BMW S1000 RR [2016],World Superbikes,
606,Rider,Jordi Torres,34.684446450243335,0.8564815390769817,17/06/2016 13:00:00,1,BMW S1000 RR [2016],World Superbikes,
606,Rider,Jordi Torres,34.685262559921725,0.8554192557996403,09/07/2016 13:00:00,1,BMW S1000 RR [2016],World Superbikes,
606,Rider,Jordi Torres,34.6857968112016,0.8544763553487482,16/09/2016 13:00:00,1,BMW S1000 RR [2016],World Superbikes,
606,Rider,Jordi Torres,34.685244012937126,0.8536540246067165,30/09/2016 13:00:00,1,BMW S1000 RR [2016],World Superbikes,
606,Rider,Jordi Torres,34.68638905036953,0.852919413499748,14/10/2016 13:00:00,0,BMW S1000 RR [2016],World Superbikes,
606,Rider,Jordi Torres,34.686235108800034,0.8522611020594156,14/10/2016 13:00:00,1,BMW S1000 RR [2016],World Superbikes,
606,Rider,Jordi Torres,34.68570890330863,0.8517202141890908,29/10/2016 13:00:00,1,BMW S1000 RR [2016],World Superbikes,
606,Rider,Jordi Torres,34.685626353390326,0.8512936217788609,24/02/2017 13:00:00,1,BMW S1000 RR [2017],World Superbikes,
606,Rider,Jordi Torres,34.68510046619111,0.8509797837634635,10/03/2017 13:00:00,1,BMW S1000 RR [2017],World Superbikes,
606,Rider,Jordi Torres,34.68503789358412,0.8507725016754497,31/03/2017 13:00:00,1,BMW S1000 RR [2017],World Superbikes,
606,Rider,Jordi Torres,34.68412027355926,0.8506788420308808,16/06/2017 13:00:00,1,BMW S1000 RR [2017],World Superbikes,
606,Rider,Jordi Torres,34.68332367828038,0.8506958400649879,08/07/2017 13:00:00,1,BMW S1000 RR [2017],World Superbikes,
606,Rider,Jordi Torres,34.68373908753617,0.8508050220035805,18/08/2017 13:00:00,1,BMW S1000 RR [2017],World Superbikes,
606,Rider,Jordi Torres,34.682814851853735,0.8510278673854115,15/09/2017 13:00:00,0,BMW S1000 RR [2017],World Superbikes,
606,Rider,Jordi Torres,34.68037964498748,0.8513260797176035,15/09/2017 13:00:00,1,BMW S1000 RR [2017],World Superbikes,
606,Rider,Jordi Torres,34.67724514797473,0.8517362516848012,29/09/2017 13:00:00,0,BMW S1000 RR [2017],World Superbikes,
606,Rider,Jordi Torres,34.676827583188555,0.852242017420178,20/10/2017 13:00:00,0,BMW S1000 RR [2017],World Superbikes,
606,Rider,Jordi Torres,34.676792292058856,0.8528590847036548,03/11/2017 13:00:00,1,BMW S1000 RR [2017],World Superbikes,
606,Rider,Jordi Torres,34.67740938608072,0.8535766761647348,23/02/2018 13:00:00,0,MV Agusta 1000 F4 [2018],World Superbikes,
606,Rider,Jordi Torres,34.67633070633721,0.8543682845845877,23/02/2018 13:00:00,1,MV Agusta 1000 F4 [2018],World Superbikes,
606,Rider,Jordi Torres,34.67677367571449,0.8552398471375728,23/03/2018 13:00:00,1,MV Agusta 1000 F4 [2018],World Superbikes,
606,Rider,Jordi Torres,34.67577005560303,0.8562262974537511,13/04/2018 13:00:00,1,MV Agusta 1000 F4 [2018],World Superbikes,
606,Rider,Jordi Torres,34.674492108008344,0.8573281626313369,20/04/2018 13:00:00,1,MV Agusta 1000 F4 [2018],World Superbikes,
606,Rider,Jordi Torres,34.673211078492166,0.8585455718465543,11/05/2018 13:00:00,1,MV Agusta 1000 F4 [2018],World Superbikes,
606,Rider,Jordi Torres,34.67135749975858,0.8598800009311539,25/05/2018 13:00:00,0,MV Agusta 1000 F4 [2018],World Superbikes,
606,Rider,Jordi Torres,34.669085797814304,0.8613240795684571,08/06/2018 13:00:00,0,MV Agusta 1000 F4 [2018],World Superbikes,
606,Rider,Jordi Torres,34.66853949250188,0.8628752084044197,23/06/2018 13:00:00,1,MV Agusta 1000 F4 [2018],World Superbikes,
606,Rider,Jordi Torres,34.6688919851427,0.8645326491759666,06/07/2018 13:00:00,0,MV Agusta 1000 F4 [2018],World Superbikes,
606,Rider,Jordi Torres,34.668536205129804,0.866292435119662,06/07/2018 13:00:00,1,MV Agusta 1000 F4 [2018],World Superbikes,
606,Rider,Jordi Torres,34.668283733471846,0.8681687414584665,14/09/2018 13:00:00,1,MV Agusta 1000 F4 [2018],World Superbikes,
606,Rider,Jordi Torres,34.66801985955745,0.8701629856285087,28/09/2018 13:00:00,0,MV Agusta 1000 F4 [2018],World Superbikes,
606,Rider,Jordi Torres,34.66813872285082,0.8722658293236029,22/02/2019 13:00:00,0,Kawasaki ZX-10RR [2019],World Superbikes,
606,Rider,Jordi Torres,34.668362338455545,0.8744926737044932,15/03/2019 13:00:00,0,Kawasaki ZX-10RR [2019],World Superbikes,
606,Rider,Jordi Torres,34.669495924759815,0.8768391922170276,05/04/2019 13:00:00,0,Kawasaki ZX-10RR [2019],World Superbikes,
606,Rider,Jordi Torres,34.67008139149504,0.8793125534033458,12/04/2019 13:00:00,0,Kawasaki ZX-10RR [2019],World Superbikes,
606,Rider,Jordi Torres,34.67058516335506,0.8819107810092662,10/05/2019 13:00:00,0,Kawasaki ZX-10RR [2019],World Superbikes,
606,Rider,Jordi Torres,34.67053411512988,0.8846346902034279,07/06/2019 13:00:00,0,Kawasaki ZX-10RR [2019],World Superbikes,
606,Rider,Jordi Torres,34.66965962388664,0.8874846484809188,21/06/2019 13:00:00,0,Kawasaki ZX-10RR [2019],World Superbikes,
606,Rider,Jordi Torres,34.6687240513574,0.8904621000362315,05/07/2019 13:00:00,0,Kawasaki ZX-10RR [2019],World Superbikes,
606,Rider,Jordi Torres,34.66772357894876,0.8935657019037495,13/07/2019 13:00:00,0,Kawasaki ZX-10RR [2019],World Superbikes,
606,Rider,Jordi Torres,34.66533079525864,0.8967969864925692,06/09/2019 13:00:00,0,Kawasaki ZX-10RR [2019],World Superbikes,
606,Rider,Jordi Torres,34.66184125380259,0.9001577790274898,27/09/2019 13:00:00,0,Kawasaki ZX-10RR [2019],World Superbikes,
606,Rider,Jordi Torres,34.660506441614736,0.903619961996368,11/10/2019 13:00:00,0,Kawasaki ZX-10RR [2019],World Superbikes,
606,Rider,Jordi Torres,34.65917104639375,0.9072160874773764,25/10/2019 13:00:00,0,Kawasaki ZX-10RR [2019],World Superbikes,
607,Rider,Christophe Ponsson,21.097973486923006,1.212278160479388,20/03/2015 13:00:00,0,Kawasaki ZX-10R [2015],World Superbikes,
607,Rider,Christophe Ponsson,21.09811843970014,1.2096753538344107,11/04/2015 13:00:00,0,Kawasaki ZX-10R [2015],World Superbikes,
607,Rider,Christophe Ponsson,21.097389507857564,1.2072370472765863,18/04/2015 13:00:00,0,Kawasaki ZX-10R [2015],World Superbikes,
607,Rider,Christophe Ponsson,21.09721217198715,1.2049348300461886,09/05/2015 13:00:00,0,Kawasaki ZX-10R [2015],World Superbikes,
607,Rider,Christophe Ponsson,21.09837908784608,1.2027364550852138,22/05/2015 13:00:00,0,Kawasaki ZX-10R [2015],World Superbikes,
607,Rider,Christophe Ponsson,21.098673294120193,1.2007067098060995,06/06/2015 13:00:00,0,Kawasaki ZX-10R [2015],World Superbikes,
607,Rider,Christophe Ponsson,21.098720543979983,1.198836606831285,18/07/2015 13:00:00,0,Kawasaki ZX-10R [2015],World Superbikes,
607,Rider,Christophe Ponsson,21.098944890665003,1.197107098611108,31/07/2015 13:00:00,0,Kawasaki ZX-10R [2015],World Superbikes,
607,Rider,Christophe Ponsson,21.099635043478994,1.195509293286095,19/09/2015 13:00:00,0,Kawasaki ZX-10R [2015],World Superbikes,
607,Rider,Christophe Ponsson,21.1000504835323,1.1940682274657393,17/10/2015 13:00:00,0,Kawasaki ZX-10R [2015],World Superbikes,
607,Rider,Christophe Ponsson,21.099455817976004,1.1927873571619239,31/07/2020 13:00:00,0,Aprilia RSV4 1000 [2020],World Superbikes,
607,Rider,Christophe Ponsson,21.098130947026757,1.1916512766871636,07/08/2020 13:00:00,0,Aprilia RSV4 1000 [2020],World Superbikes,
607,Rider,Christophe Ponsson,21.098062004623884,1.1906362615834516,28/08/2020 13:00:00,0,Aprilia RSV4 1000 [2020],World Superbikes,
607,Rider,Christophe Ponsson,21.096963075648517,1.189768368565178,21/05/2021 13:00:00,0,Yamaha YZF-R1 [2021],World Superbikes,
607,Rider,Christophe Ponsson,21.09491167936506,1.1890817483961922,28/05/2021 13:00:00,0,Yamaha YZF-R1 [2021],World Superbikes,
607,Rider,Christophe Ponsson,21.093075774369662,1.1885530975059773,11/06/2021 13:00:00,0,Yamaha YZF-R1 [2021],World Superbikes,
607,Rider,Christophe Ponsson,21.090863410252126,1.1882065092827676,02/07/2021 13:00:00,0,Yamaha YZF-R1 [2021],World Superbikes,
607,Rider,Christophe Ponsson,21.08874902219669,1.1880191277871588,06/08/2021 13:00:00,0,Yamaha YZF-R1 [2021],World Superbikes,
607,Rider,Christophe Ponsson,21.086783720478774,1.188003230475699,20/08/2021 13:00:00,0,Yamaha YZF-R1 [2021],World Superbikes,
607,Rider,Christophe Ponsson,21.08496411618867,1.1881505140514623,03/09/2021 13:00:00,0,Yamaha YZF-R1 [2021],World Superbikes,
607,Rider,Christophe Ponsson,21.082328805369446,1.1884740437965746,17/09/2021 13:00:00,0,Yamaha YZF-R1 [2021],World Superbikes,
607,Rider,Christophe Ponsson,21.080340332471206,1.1889555889806493,24/09/2021 13:00:00,0,Yamaha YZF-R1 [2021],World Superbikes,
607,Rider,Christophe Ponsson,21.079226923360675,1.189599359537617,01/10/2021 13:00:00,0,Yamaha YZF-R1 [2021],World Superbikes,
607,Rider,Christophe Ponsson,21.078310521233583,1.1904216294559666,16/10/2021 13:00:00,0,Yamaha YZF-R1 [2021],World Superbikes,
607,Rider,Christophe Ponsson,21.077835402160925,1.1914031006166084,19/11/2021 13:00:00,0,Yamaha YZF-R1 [2021],World Superbikes,
607,Rider,Christophe Ponsson,21.076035002166513,1.1925655862730706,08/04/2022 13:00:00,0,Yamaha YZF-R1 [2022],World Superbikes,
607,Rider,Christophe Ponsson,21.07477203504525,1.1939059286821398,22/04/2022 13:00:00,0,Yamaha YZF-R1 [2022],World Superbikes,
607,Rider,Christophe Ponsson,21.073756178663295,1.195424143757579,20/05/2022 13:00:00,0,Yamaha YZF-R1 [2022],World Superbikes,
607,Rider,Christophe Ponsson,21.072724216741605,1.1971202017331026,10/06/2022 13:00:00,0,Yamaha YZF-R1 [2022],World Superbikes,
607,Rider,Christophe Ponsson,21.070973327408975,1.199003739323614,15/07/2022 13:00:00,0,Yamaha YZF-R1 [2022],World Superbikes,
607,Rider,Christophe Ponsson,21.070142329794166,1.2010577707578785,29/07/2022 13:00:00,0,Yamaha YZF-R1 [2022],World Superbikes,
607,Rider,Christophe Ponsson,21.068970864859775,1.2032994342943228,09/09/2022 13:00:00,0,Yamaha YZF-R1 [2022],World Superbikes,
607,Rider,Christophe Ponsson,21.06773123275018,1.2057210376497762,23/09/2022 13:00:00,0,Yamaha YZF-R1 [2022],World Superbikes,
607,Rider,Christophe Ponsson,21.06688964140652,1.2083145831184823,07/10/2022 13:00:00,0,Yamaha YZF-R1 [2022],World Superbikes,
608,Rider,Gabor Rizmayer,14.95745132134083,3.6084921200287288,18/07/2015 13:00:00,0,BMW S1000 RR [2015],World Superbikes,
608,Rider,Gabor Rizmayer,14.956464792019249,3.6082890516195874,31/07/2015 13:00:00,0,BMW S1000 RR [2015],World Superbikes,
608,Rider,Gabor Rizmayer,14.956186532956911,3.608358430344664,19/09/2015 13:00:00,0,BMW S1000 RR [2015],World Superbikes,
608,Rider,Gabor Rizmayer,14.956595465684794,3.6087047295887227,17/10/2015 13:00:00,0,BMW S1000 RR [2015],World Superbikes,
609,Bike,Yamaha YZF-R1 [2015],28.87544289952794,4.470250674707366,03/10/2015 13:00:00,0,,World Superbikes,
610,Bike,Yamaha YZF-R1 [2016],23.034418162035156,1.4021907800978575,26/02/2016 13:00:00,0,,World Superbikes,
610,Bike,Yamaha YZF-R1 [2016],23.034485145037394,1.3999916549838998,26/02/2016 13:00:00,1,,World Superbikes,
610,Bike,Yamaha YZF-R1 [2016],23.03389014319929,1.3980167927098959,11/03/2016 13:00:00,0,,World Superbikes,
610,Bike,Yamaha YZF-R1 [2016],23.03343099565016,1.396197868295906,11/03/2016 13:00:00,1,,World Superbikes,
610,Bike,Yamaha YZF-R1 [2016],23.03292248980273,1.3946015511649612,01/04/2016 13:00:00,0,,World Superbikes,
610,Bike,Yamaha YZF-R1 [2016],23.032868760170835,1.393171421014474,01/04/2016 13:00:00,1,,World Superbikes,
610,Bike,Yamaha YZF-R1 [2016],23.031400829759846,1.3919556891783036,15/04/2016 13:00:00,0,,World Superbikes,
610,Bike,Yamaha YZF-R1 [2016],23.029671809909395,1.3909318707167553,15/04/2016 13:00:00,1,,World Superbikes,
610,Bike,Yamaha YZF-R1 [2016],23.02817956240554,1.3901036487849598,29/04/2016 13:00:00,0,,World Superbikes,
610,Bike,Yamaha YZF-R1 [2016],23.02695915871374,1.38946766582312,13/05/2016 13:00:00,0,,World Superbikes,
610,Bike,Yamaha YZF-R1 [2016],23.025571803067205,1.3890199446600435,13/05/2016 13:00:00,1,,World Superbikes,
610,Bike,Yamaha YZF-R1 [2016],23.022666069616577,1.3887710580846522,27/05/2016 13:00:00,0,,World Superbikes,
610,Bike,Yamaha YZF-R1 [2016],23.02066900776542,1.3886638437948633,27/05/2016 13:00:00,1,,World Superbikes,
610,Bike,Yamaha YZF-R1 [2016],23.01811246516318,1.388670929167447,17/06/2016 13:00:00,0,,World Superbikes,
610,Bike,Yamaha YZF-R1 [2016],23.01529713666449,1.3888891500212461,17/06/2016 13:00:00,1,,World Superbikes,
610,Bike,Yamaha YZF-R1 [2016],23.011992165438855,1.3893300223612055,09/07/2016 13:00:00,0,,World Superbikes,
610,Bike,Yamaha YZF-R1 [2016],23.009673996262812,1.3899273484950232,09/07/2016 13:00:00,1,,World Superbikes,
610,Bike,Yamaha YZF-R1 [2016],23.007720068972702,1.3907476757137032,16/09/2016 13:00:00,0,,World Superbikes,
610,Bike,Yamaha YZF-R1 [2016],23.00569729806065,1.3917555870293516,16/09/2016 13:00:00,1,,World Superbikes,
610,Bike,Yamaha YZF-R1 [2016],23.00512510774368,1.3929686091023825,30/09/2016 13:00:00,0,,World Superbikes,
610,Bike,Yamaha YZF-R1 [2016],23.004193136004496,1.3943493244006182,30/09/2016 13:00:00,1,,World Superbikes,
610,Bike,Yamaha YZF-R1 [2016],23.003809835901748,1.3959473592479454,14/10/2016 13:00:00,0,,World Superbikes,
610,Bike,Yamaha YZF-R1 [2016],23.003307071803132,1.3977017851246456,14/10/2016 13:00:00,1,,World Superbikes,
610,Bike,Yamaha YZF-R1 [2016],23.002908971975707,1.3996776839668346,29/10/2016 13:00:00,0,,World Superbikes,
610,Bike,Yamaha YZF-R1 [2016],23.003596315824247,1.4017830623579546,29/10/2016 13:00:00,1,,World Superbikes,
611,Bike,BMW S1000 RR [2016],24.78681698996641,1.3242250201872963,26/02/2016 13:00:00,0,,World Superbikes,
611,Bike,BMW S1000 RR [2016],24.786188053685198,1.321925622416283,26/02/2016 13:00:00,1,,World Superbikes,
611,Bike,BMW S1000 RR [2016],24.78676236859986,1.319799645365458,11/03/2016 13:00:00,0,,World Superbikes,
611,Bike,BMW S1000 RR [2016],24.78561222497588,1.3178647957466916,11/03/2016 13:00:00,1,,World Superbikes,
611,Bike,BMW S1000 RR [2016],24.784843346854302,1.3161116905526253,01/04/2016 13:00:00,0,,World Superbikes,
611,Bike,BMW S1000 RR [2016],24.78356737357069,1.314541907711799,01/04/2016 13:00:00,1,,World Superbikes,
611,Bike,BMW S1000 RR [2016],24.782108498759296,1.313184767545078,15/04/2016 13:00:00,0,,World Superbikes,
611,Bike,BMW S1000 RR [2016],24.780442712359964,1.3119990174068556,15/04/2016 13:00:00,1,,World Superbikes,
611,Bike,BMW S1000 RR [2016],24.778408881072544,1.311023986938627,29/04/2016 13:00:00,0,,World Superbikes,
611,Bike,BMW S1000 RR [2016],24.7759666097177,1.3102332117818456,29/04/2016 13:00:00,1,,World Superbikes,
611,Bike,BMW S1000 RR [2016],24.773235530735207,1.3096445926542215,13/05/2016 13:00:00,0,,World Superbikes,
611,Bike,BMW S1000 RR [2016],24.769951220565034,1.309247303177338,13/05/2016 13:00:00,1,,World Superbikes,
611,Bike,BMW S1000 RR [2016],24.766088237168947,1.3090594868944765,27/05/2016 13:00:00,0,,World Superbikes,
611,Bike,BMW S1000 RR [2016],24.76255855459624,1.309061927509138,27/05/2016 13:00:00,1,,World Superbikes,
611,Bike,BMW S1000 RR [2016],24.759290848011133,1.3092205805538382,17/06/2016 13:00:00,0,,World Superbikes,
611,Bike,BMW S1000 RR [2016],24.756483004183128,1.3095820754402194,17/06/2016 13:00:00,1,,World Superbikes,
611,Bike,BMW S1000 RR [2016],24.754838562299984,1.3101159145762558,09/07/2016 13:00:00,0,,World Superbikes,
611,Bike,BMW S1000 RR [2016],24.75366652193006,1.31084162212273,09/07/2016 13:00:00,1,,World Superbikes,
611,Bike,BMW S1000 RR [2016],24.75221262316162,1.3117797568276344,16/09/2016 13:00:00,0,,World Superbikes,
611,Bike,BMW S1000 RR [2016],24.75155030330865,1.3129151132897159,16/09/2016 13:00:00,1,,World Superbikes,
611,Bike,BMW S1000 RR [2016],24.7505116496775,1.3142540026817358,30/09/2016 13:00:00,0,,World Superbikes,
611,Bike,BMW S1000 RR [2016],24.74932242868434,1.3157886478685052,30/09/2016 13:00:00,1,,World Superbikes,
611,Bike,BMW S1000 RR [2016],24.749831043388046,1.317486271083555,14/10/2016 13:00:00,0,,World Superbikes,
611,Bike,BMW S1000 RR [2016],24.75036471897888,1.319355021918638,14/10/2016 13:00:00,1,,World Superbikes,
611,Bike,BMW S1000 RR [2016],24.750526130647817,1.3214358643053916,29/10/2016 13:00:00,0,,World Superbikes,
611,Bike,BMW S1000 RR [2016],24.750107464328284,1.3237159723041063,29/10/2016 13:00:00,1,,World Superbikes,
612,Bike,Ducati 1199 Panigale R [2016],26.925875078065495,1.3354203104679991,26/02/2016 13:00:00,0,,World Superbikes,
612,Bike,Ducati 1199 Panigale R [2016],26.926547543145627,1.3331055518531638,26/02/2016 13:00:00,1,,World Superbikes,
612,Bike,Ducati 1199 Panigale R [2016],26.92698846472144,1.3309932287773476,11/03/2016 13:00:00,0,,World Superbikes,
612,Bike,Ducati 1199 Panigale R [2016],26.927124343697084,1.3290937620004994,11/03/2016 13:00:00,1,,World Superbikes,
612,Bike,Ducati 1199 Panigale R [2016],26.92755177769869,1.3273782756487567,01/04/2016 13:00:00,0,,World Superbikes,
612,Bike,Ducati 1199 Panigale R [2016],26.928090556672796,1.3258772664618377,01/04/2016 13:00:00,1,,World Superbikes,
612,Bike,Ducati 1199 Panigale R [2016],26.92847272089554,1.3245908348308466,15/04/2016 13:00:00,0,,World Superbikes,
612,Bike,Ducati 1199 Panigale R [2016],26.928275723807,1.3235128995822727,15/04/2016 13:00:00,1,,World Superbikes,
612,Bike,Ducati 1199 Panigale R [2016],26.927756508110996,1.3226472773332092,29/04/2016 13:00:00,0,,World Superbikes,
612,Bike,Ducati 1199 Panigale R [2016],26.92677335512822,1.3219695430719633,29/04/2016 13:00:00,1,,World Superbikes,
612,Bike,Ducati 1199 Panigale R [2016],26.92463577963906,1.3214740806183758,13/05/2016 13:00:00,0,,World Superbikes,
612,Bike,Ducati 1199 Panigale R [2016],26.92357574113226,1.3211785387811898,13/05/2016 13:00:00,1,,World Superbikes,
612,Bike,Ducati 1199 Panigale R [2016],26.92309149825519,1.3210949267720125,27/05/2016 13:00:00,0,,World Superbikes,
612,Bike,Ducati 1199 Panigale R [2016],26.92247327125126,1.3212086669939482,27/05/2016 13:00:00,1,,World Superbikes,
612,Bike,Ducati 1199 Panigale R [2016],26.9219961975689,1.3215105695761984,17/06/2016 13:00:00,0,,World Superbikes,
612,Bike,Ducati 1199 Panigale R [2016],26.92146039188296,1.3219570989964657,17/06/2016 13:00:00,1,,World Superbikes,
612,Bike,Ducati 1199 Panigale R [2016],26.92084781947777,1.322614398118469,09/07/2016 13:00:00,1,,World Superbikes,
612,Bike,Ducati 1199 Panigale R [2016],26.9194411442646,1.323476545283434,16/09/2016 13:00:00,0,,World Superbikes,
612,Bike,Ducati 1199 Panigale R [2016],26.9178418814328,1.3245088139595815,16/09/2016 13:00:00,1,,World Superbikes,
612,Bike,Ducati 1199 Panigale R [2016],26.915571162853233,1.325733198804747,30/09/2016 13:00:00,0,,World Superbikes,
612,Bike,Ducati 1199 Panigale R [2016],26.913624347129804,1.3271689898801968,30/09/2016 13:00:00,1,,World Superbikes,
612,Bike,Ducati 1199 Panigale R [2016],26.911493778630614,1.32880914960052,14/10/2016 13:00:00,0,,World Superbikes,
612,Bike,Ducati 1199 Panigale R [2016],26.9106319907614,1.3306601730175136,14/10/2016 13:00:00,1,,World Superbikes,
612,Bike,Ducati 1199 Panigale R [2016],26.90946000595851,1.3327203057650792,29/10/2016 13:00:00,0,,World Superbikes,
612,Bike,Ducati 1199 Panigale R [2016],26.909179555208112,1.3349753966512312,29/10/2016 13:00:00,1,,World Superbikes,
613,Bike,Kawasaki ZX-10R [2016],24.08894572520087,1.3713746299187248,26/02/2016 13:00:00,0,,World Superbikes,
613,Bike,Kawasaki ZX-10R [2016],24.088635338497554,1.36918297580584,26/02/2016 13:00:00,1,,World Superbikes,
613,Bike,Kawasaki ZX-10R [2016],24.08790300210179,1.3671692462332952,11/03/2016 13:00:00,0,,World Superbikes,
613,Bike,Kawasaki ZX-10R [2016],24.087308512306933,1.3653381410144985,11/03/2016 13:00:00,1,,World Superbikes,
613,Bike,Kawasaki ZX-10R [2016],24.086762763688867,1.3637110491152329,01/04/2016 13:00:00,0,,World Superbikes,
613,Bike,Kawasaki ZX-10R [2016],24.086434111565687,1.362277620818799,01/04/2016 13:00:00,1,,World Superbikes,
613,Bike,Kawasaki ZX-10R [2016],24.086150526750956,1.3610270561842344,15/04/2016 13:00:00,0,,World Superbikes,
613,Bike,Kawasaki ZX-10R [2016],24.08657003533145,1.359966314082195,15/04/2016 13:00:00,1,,World Superbikes,
613,Bike,Kawasaki ZX-10R [2016],24.08686983260166,1.359085545513849,29/04/2016 13:00:00,0,,World Superbikes,
613,Bike,Kawasaki ZX-10R [2016],24.087750543525345,1.3583635208840399,29/04/2016 13:00:00,1,,World Superbikes,
613,Bike,Kawasaki ZX-10R [2016],24.089270567507075,1.3578491389979939,13/05/2016 13:00:00,0,,World Superbikes,
613,Bike,Kawasaki ZX-10R [2016],24.09108954023995,1.3574934752964882,13/05/2016 13:00:00,1,,World Superbikes,
613,Bike,Kawasaki ZX-10R [2016],24.092755514795932,1.3573122176113404,27/05/2016 13:00:00,0,,World Superbikes,
613,Bike,Kawasaki ZX-10R [2016],24.09435505525334,1.3573264159859535,27/05/2016 13:00:00,1,,World Superbikes,
613,Bike,Kawasaki ZX-10R [2016],24.09599909159471,1.3575128369243823,17/06/2016 13:00:00,0,,World Superbikes,
613,Bike,Kawasaki ZX-10R [2016],24.097382817421277,1.3579010996686478,17/06/2016 13:00:00,1,,World Superbikes,
613,Bike,Kawasaki ZX-10R [2016],24.09808940110172,1.3584511106106327,09/07/2016 13:00:00,0,,World Superbikes,
613,Bike,Kawasaki ZX-10R [2016],24.09860795881319,1.3591934046828624,09/07/2016 13:00:00,1,,World Superbikes,
613,Bike,Kawasaki ZX-10R [2016],24.09840370282203,1.360097391285697,16/09/2016 13:00:00,0,,World Superbikes,
613,Bike,Kawasaki ZX-10R [2016],24.097994045507562,1.361186250246156,16/09/2016 13:00:00,1,,World Superbikes,
613,Bike,Kawasaki ZX-10R [2016],24.098301593566486,1.3624884305630915,30/09/2016 13:00:00,0,,World Superbikes,
613,Bike,Kawasaki ZX-10R [2016],24.099046999150648,1.3639723408974018,30/09/2016 13:00:00,1,,World Superbikes,
613,Bike,Kawasaki ZX-10R [2016],24.09924125717868,1.3656313814166663,14/10/2016 13:00:00,0,,World Superbikes,
613,Bike,Kawasaki ZX-10R [2016],24.09912014171098,1.3674885033543098,14/10/2016 13:00:00,1,,World Superbikes,
613,Bike,Kawasaki ZX-10R [2016],24.0988338188027,1.3694985818279313,29/10/2016 13:00:00,0,,World Superbikes,
613,Bike,Kawasaki ZX-10R [2016],24.098916517596372,1.371712223696219,29/10/2016 13:00:00,1,,World Superbikes,
614,Rider,Karel Abraham,25.514110276943466,1.8316371011570785,26/02/2016 13:00:00,0,BMW S1000 RR [2016],World Superbikes,
614,Rider,Karel Abraham,25.51374472565617,1.8302098631914754,11/03/2016 13:00:00,0,BMW S1000 RR [2016],World Superbikes,
614,Rider,Karel Abraham,25.510924958998253,1.8290332837324574,11/03/2016 13:00:00,1,BMW S1000 RR [2016],World Superbikes,
614,Rider,Karel Abraham,25.508152745105242,1.8280917691940544,01/04/2016 13:00:00,0,BMW S1000 RR [2016],World Superbikes,
614,Rider,Karel Abraham,25.504466853310255,1.8274400984361414,15/04/2016 13:00:00,0,BMW S1000 RR [2016],World Superbikes,
614,Rider,Karel Abraham,25.50303701161063,1.8270110324927233,29/04/2016 13:00:00,0,BMW S1000 RR [2016],World Superbikes,
614,Rider,Karel Abraham,25.50116264618109,1.8268483344489448,13/05/2016 13:00:00,0,BMW S1000 RR [2016],World Superbikes,
614,Rider,Karel Abraham,25.49883861282833,1.8269623820604033,27/05/2016 13:00:00,1,BMW S1000 RR [2016],World Superbikes,
614,Rider,Karel Abraham,25.497399999602376,1.8272431697565323,17/06/2016 13:00:00,0,BMW S1000 RR [2016],World Superbikes,
614,Rider,Karel Abraham,25.496613045148173,1.8278173336987995,09/07/2016 13:00:00,0,BMW S1000 RR [2016],World Superbikes,
614,Rider,Karel Abraham,25.495827306422463,1.8286740482063426,16/09/2016 13:00:00,0,BMW S1000 RR [2016],World Superbikes,
614,Rider,Karel Abraham,25.496446971096262,1.8298012149993106,30/09/2016 13:00:00,0,BMW S1000 RR [2016],World Superbikes,
614,Rider,Karel Abraham,25.496855209613027,1.8312215515973624,29/10/2016 13:00:00,0,BMW S1000 RR [2016],World Superbikes,
615,Rider,Alex de Angelis,24.723958181928538,1.5657470390943908,26/02/2016 13:00:00,0,Aprilia RSV4 RF [2016],World Superbikes,
615,Rider,Alex de Angelis,24.724880178088178,1.5639260681732556,11/03/2016 13:00:00,0,Aprilia RSV4 RF [2016],World Superbikes,
615,Rider,Alex de Angelis,24.726608487966022,1.5623487160586047,01/04/2016 13:00:00,0,Aprilia RSV4 RF [2016],World Superbikes,
615,Rider,Alex de Angelis,24.728311117560686,1.5610193745922876,15/04/2016 13:00:00,0,Aprilia RSV4 RF [2016],World Superbikes,
615,Rider,Alex de Angelis,24.729978305444874,1.5599332022833363,29/04/2016 13:00:00,0,Aprilia RSV4 RF [2016],World Superbikes,
615,Rider,Alex de Angelis,24.73230794422848,1.5590720388880015,13/05/2016 13:00:00,0,Aprilia RSV4 RF [2016],World Superbikes,
615,Rider,Alex de Angelis,24.73339521973361,1.5584323043174353,27/05/2016 13:00:00,0,Aprilia RSV4 RF [2016],World Superbikes,
615,Rider,Alex de Angelis,24.733406897167086,1.5580318314051125,17/06/2016 13:00:00,0,Aprilia RSV4 RF [2016],World Superbikes,
615,Rider,Alex de Angelis,24.7363212446122,1.5578470409043539,09/07/2016 13:00:00,0,Aprilia RSV4 RF [2016],World Superbikes,
615,Rider,Alex de Angelis,24.738144619784315,1.557889740117351,16/09/2016 13:00:00,0,Aprilia RSV4 RF [2016],World Superbikes,
615,Rider,Alex de Angelis,24.740332695165918,1.5581808444800473,30/09/2016 13:00:00,0,Aprilia RSV4 RF [2016],World Superbikes,
615,Rider,Alex de Angelis,24.741783512607043,1.558712830312208,14/10/2016 13:00:00,0,Aprilia RSV4 RF [2016],World Superbikes,
615,Rider,Alex de Angelis,24.743099203303824,1.5594904109612204,29/10/2016 13:00:00,0,Aprilia RSV4 RF [2016],World Superbikes,
615,Rider,Alex de Angelis,24.74348683871447,1.5605143934827161,24/02/2017 13:00:00,0,Kawasaki ZX-10R [2017],World Superbikes,
615,Rider,Alex de Angelis,24.744411567306813,1.5617613410334805,10/03/2017 13:00:00,0,Kawasaki ZX-10R [2017],World Superbikes,
615,Rider,Alex de Angelis,24.74426253497147,1.5632418265050407,31/03/2017 13:00:00,0,Kawasaki ZX-10R [2017],World Superbikes,
615,Rider,Alex de Angelis,24.74402848325889,1.5649504755905632,16/06/2017 13:00:00,0,Kawasaki ZX-10R [2017],World Superbikes,
615,Rider,Alex de Angelis,24.74347549436008,1.5668918187345624,08/07/2017 13:00:00,1,Kawasaki ZX-10R [2017],World Superbikes,
616,Bike,Aprilia RSV4 RF [2016],28.455679316383893,1.3532784159853966,26/02/2016 13:00:00,0,,World Superbikes,
616,Bike,Aprilia RSV4 RF [2016],28.456974484656975,1.3510512406694937,26/02/2016 13:00:00,1,,World Superbikes,
616,Bike,Aprilia RSV4 RF [2016],28.458399499394282,1.3490394746735885,11/03/2016 13:00:00,0,,World Superbikes,
616,Bike,Aprilia RSV4 RF [2016],28.46115660724345,1.3472386083956835,01/04/2016 13:00:00,0,,World Superbikes,
616,Bike,Aprilia RSV4 RF [2016],28.463888034809433,1.3456459779484233,01/04/2016 13:00:00,1,,World Superbikes,
616,Bike,Aprilia RSV4 RF [2016],28.46842785527956,1.3442202244022958,15/04/2016 13:00:00,0,,World Superbikes,
616,Bike,Aprilia RSV4 RF [2016],28.47293223403923,1.3429983282637301,15/04/2016 13:00:00,1,,World Superbikes,
616,Bike,Aprilia RSV4 RF [2016],28.478608731292017,1.3419790329278682,29/04/2016 13:00:00,0,,World Superbikes,
616,Bike,Aprilia RSV4 RF [2016],28.48494767944423,1.3411482238123742,29/04/2016 13:00:00,1,,World Superbikes,
616,Bike,Aprilia RSV4 RF [2016],28.490684890907396,1.340522512017591,13/05/2016 13:00:00,0,,World Superbikes,
616,Bike,Aprilia RSV4 RF [2016],28.495179739092084,1.3400821781257082,13/05/2016 13:00:00,1,,World Superbikes,
616,Bike,Aprilia RSV4 RF [2016],28.499652769217388,1.3398570069864535,27/05/2016 13:00:00,0,,World Superbikes,
616,Bike,Aprilia RSV4 RF [2016],28.503050201271037,1.3398320519281985,27/05/2016 13:00:00,1,,World Superbikes,
616,Bike,Aprilia RSV4 RF [2016],28.505052977852607,1.3400074775192272,17/06/2016 13:00:00,0,,World Superbikes,
616,Bike,Aprilia RSV4 RF [2016],28.50798673892969,1.340337743839251,17/06/2016 13:00:00,1,,World Superbikes,
616,Bike,Aprilia RSV4 RF [2016],28.510178292168842,1.3408828005987228,09/07/2016 13:00:00,0,,World Superbikes,
616,Bike,Aprilia RSV4 RF [2016],28.511278873135,1.341618526232281,09/07/2016 13:00:00,1,,World Superbikes,
616,Bike,Aprilia RSV4 RF [2016],28.51272180903024,1.3425697506517316,16/09/2016 13:00:00,0,,World Superbikes,
616,Bike,Aprilia RSV4 RF [2016],28.514529445134954,1.3437293788914817,16/09/2016 13:00:00,1,,World Superbikes,
616,Bike,Aprilia RSV4 RF [2016],28.515227988459927,1.3451047192006957,30/09/2016 13:00:00,0,,World Superbikes,
616,Bike,Aprilia RSV4 RF [2016],28.515189273844427,1.346682599549507,30/09/2016 13:00:00,1,,World Superbikes,
616,Bike,Aprilia RSV4 RF [2016],28.51545478387238,1.3484774528062062,14/10/2016 13:00:00,0,,World Superbikes,
616,Bike,Aprilia RSV4 RF [2016],28.515943679546368,1.3504804239918775,29/10/2016 13:00:00,0,,World Superbikes,
616,Bike,Aprilia RSV4 RF [2016],28.51550451993422,1.3526913259684517,29/10/2016 13:00:00,1,,World Superbikes,
617,Rider,Dominic Schmitter,19.964675660546067,1.7787781784544112,26/02/2016 13:00:00,0,Kawasaki ZX-10R [2016],World Superbikes,
617,Rider,Dominic Schmitter,19.963837456163635,1.7772708268458646,11/03/2016 13:00:00,0,Kawasaki ZX-10R [2016],World Superbikes,
617,Rider,Dominic Schmitter,19.963857077453824,1.776014873966146,01/04/2016 13:00:00,0,Kawasaki ZX-10R [2016],World Superbikes,
617,Rider,Dominic Schmitter,19.963965933418994,1.775031678909056,29/04/2016 13:00:00,0,Kawasaki ZX-10R [2016],World Superbikes,
617,Rider,Dominic Schmitter,19.96362195451948,1.7743046503343114,13/05/2016 13:00:00,0,Kawasaki ZX-10R [2016],World Superbikes,
617,Rider,Dominic Schmitter,19.963983379273284,1.7738431854142584,27/05/2016 13:00:00,0,Kawasaki ZX-10R [2016],World Superbikes,
617,Rider,Dominic Schmitter,19.96389462008582,1.7736437778868444,17/06/2016 13:00:00,0,Kawasaki ZX-10R [2016],World Superbikes,
617,Rider,Dominic Schmitter,19.96294283555035,1.7737274937510803,09/07/2016 13:00:00,0,Kawasaki ZX-10R [2016],World Superbikes,
617,Rider,Dominic Schmitter,19.961765332588634,1.7740683829992503,16/09/2016 13:00:00,0,Kawasaki ZX-10R [2016],World Superbikes,
617,Rider,Dominic Schmitter,19.957987550935577,1.7746800387789083,30/09/2016 13:00:00,0,Kawasaki ZX-10R [2016],World Superbikes,
617,Rider,Dominic Schmitter,19.955483726473503,1.7755411719867564,14/10/2016 13:00:00,0,Kawasaki ZX-10R [2016],World Superbikes,
617,Rider,Dominic Schmitter,19.95305278974935,1.7766696300903497,29/10/2016 13:00:00,0,Kawasaki ZX-10R [2016],World Superbikes,
617,Rider,Dominic Schmitter,19.95118598276533,1.7780339057692967,20/10/2017 13:00:00,0,Suzuki GSX-R 1000 [2017],World Superbikes,
617,Rider,Dominic Schmitter,19.949898073521478,1.779483516812633,21/06/2019 13:00:00,0,Yamaha YZF-R1 [2019],World Superbikes,
617,Rider,Dominic Schmitter,19.94960193740464,1.7811075196626396,25/10/2019 13:00:00,0,Yamaha YZF-R1 [2019],World Superbikes,
618,Rider,Saeed Al Sulaiti,17.832761558682837,1.9290770021525983,26/02/2016 13:00:00,0,Kawasaki ZX-10R [2016],World Superbikes,
618,Rider,Saeed Al Sulaiti,17.831770003740935,1.9277524238690456,11/03/2016 13:00:00,0,Kawasaki ZX-10R [2016],World Superbikes,
618,Rider,Saeed Al Sulaiti,17.8299084952758,1.926721198156885,01/04/2016 13:00:00,0,Kawasaki ZX-10R [2016],World Superbikes,
618,Rider,Saeed Al Sulaiti,17.82814922586706,1.9259809775609025,29/04/2016 13:00:00,0,Kawasaki ZX-10R [2016],World Superbikes,
618,Rider,Saeed Al Sulaiti,17.827819966195687,1.9254473291484868,13/05/2016 13:00:00,0,Kawasaki ZX-10R [2016],World Superbikes,
618,Rider,Saeed Al Sulaiti,17.827043703201074,1.925203700416886,27/05/2016 13:00:00,0,Kawasaki ZX-10R [2016],World Superbikes,
618,Rider,Saeed Al Sulaiti,17.826472639243203,1.9252291547372864,17/06/2016 13:00:00,0,Kawasaki ZX-10R [2016],World Superbikes,
618,Rider,Saeed Al Sulaiti,17.825583957733272,1.9255604689515557,09/07/2016 13:00:00,0,Kawasaki ZX-10R [2016],World Superbikes,
618,Rider,Saeed Al Sulaiti,17.82463008754368,1.9261629703308094,16/09/2016 13:00:00,0,Kawasaki ZX-10R [2016],World Superbikes,
618,Rider,Saeed Al Sulaiti,17.824916393571502,1.9269639402685397,30/09/2016 13:00:00,0,Kawasaki ZX-10R [2016],World Superbikes,
618,Rider,Saeed Al Sulaiti,17.826770732275797,1.9279864966502183,14/10/2016 13:00:00,0,Kawasaki ZX-10R [2016],World Superbikes,
618,Rider,Saeed Al Sulaiti,17.828731272950296,1.929289514873057,29/10/2016 13:00:00,0,Kawasaki ZX-10R [2016],World Superbikes,
619,Rider,Mike Jones,19.617466763917882,4.486858794944908,26/02/2016 13:00:00,0,Ducati 1199 Panigale R [2016],World Superbikes,
620,Rider,Péter Sebestyén,18.81934112393056,2.100235638843786,26/02/2016 13:00:00,0,Yamaha YZF-R1 [2016],World Superbikes,
620,Rider,Péter Sebestyén,18.81953884355096,2.099060259981862,11/03/2016 13:00:00,0,Yamaha YZF-R1 [2016],World Superbikes,
620,Rider,Péter Sebestyén,18.8197192499698,2.098193697894129,01/04/2016 13:00:00,0,Yamaha YZF-R1 [2016],World Superbikes,
620,Rider,Péter Sebestyén,18.82043810171342,2.097633334198594,29/04/2016 13:00:00,0,Yamaha YZF-R1 [2016],World Superbikes,
620,Rider,Péter Sebestyén,18.820805076181752,2.097376181546783,17/06/2016 13:00:00,0,Yamaha YZF-R1 [2016],World Superbikes,
620,Rider,Péter Sebestyén,18.820536067246604,2.097454240945269,09/07/2016 13:00:00,0,Yamaha YZF-R1 [2016],World Superbikes,
620,Rider,Péter Sebestyén,18.821601034591996,2.097752811491818,16/09/2016 13:00:00,0,Yamaha YZF-R1 [2016],World Superbikes,
620,Rider,Péter Sebestyén,18.823066885658438,2.0983315688599284,30/09/2016 13:00:00,0,Yamaha YZF-R1 [2016],World Superbikes,
620,Rider,Péter Sebestyén,18.823726906748817,2.099240844070382,14/10/2016 13:00:00,0,Yamaha YZF-R1 [2016],World Superbikes,
620,Rider,Péter Sebestyén,18.823259137159145,2.1004758587950314,29/10/2016 13:00:00,0,Yamaha YZF-R1 [2016],World Superbikes,
621,Bike,Honda CBR1000RR SP [2016],24.657817759850115,1.5681642871573074,26/02/2016 13:00:00,1,,World Superbikes,
621,Bike,Honda CBR1000RR SP [2016],24.657606421864173,1.5663613744373048,11/03/2016 13:00:00,1,,World Superbikes,
621,Bike,Honda CBR1000RR SP [2016],24.65638647020726,1.56478053339931,01/04/2016 13:00:00,1,,World Superbikes,
621,Bike,Honda CBR1000RR SP [2016],24.65629969292104,1.5634402011549693,15/04/2016 13:00:00,1,,World Superbikes,
621,Bike,Honda CBR1000RR SP [2016],24.656361168151207,1.5623491375073275,29/04/2016 13:00:00,0,,World Superbikes,
621,Bike,Honda CBR1000RR SP [2016],24.655452690444587,1.5614453414081026,29/04/2016 13:00:00,1,,World Superbikes,
621,Bike,Honda CBR1000RR SP [2016],24.656321540401404,1.5607583301561512,13/05/2016 13:00:00,1,,World Superbikes,
621,Bike,Honda CBR1000RR SP [2016],24.65729968011398,1.5603130121852353,27/05/2016 13:00:00,0,,World Superbikes,
621,Bike,Honda CBR1000RR SP [2016],24.657673848352125,1.5600674402867776,27/05/2016 13:00:00,1,,World Superbikes,
621,Bike,Honda CBR1000RR SP [2016],24.658568243577097,1.5600544514165533,17/06/2016 13:00:00,1,,World Superbikes,
621,Bike,Honda CBR1000RR SP [2016],24.65985070592857,1.5602897962008677,09/07/2016 13:00:00,0,,World Superbikes,
621,Bike,Honda CBR1000RR SP [2016],24.66106190622754,1.5607377050346933,09/07/2016 13:00:00,1,,World Superbikes,
621,Bike,Honda CBR1000RR SP [2016],24.662980543854133,1.5614287069165749,16/09/2016 13:00:00,1,,World Superbikes,
621,Bike,Honda CBR1000RR SP [2016],24.66469021949035,1.5623650316775781,30/09/2016 13:00:00,0,,World Superbikes,
621,Bike,Honda CBR1000RR SP [2016],24.66630557629945,1.5635141450766277,30/09/2016 13:00:00,1,,World Superbikes,
621,Bike,Honda CBR1000RR SP [2016],24.667928700875787,1.5649173916930361,14/10/2016 13:00:00,1,,World Superbikes,
621,Bike,Honda CBR1000RR SP [2016],24.670073491237446,1.5665570095735921,29/10/2016 13:00:00,0,,World Superbikes,
621,Bike,Honda CBR1000RR SP [2016],24.670753028548468,1.5683715402943694,29/10/2016 13:00:00,1,,World Superbikes,
622,Bike,MV Agusta 1000 F4 [2016],23.507588428923288,1.6521096242545104,26/02/2016 13:00:00,1,,World Superbikes,
622,Bike,MV Agusta 1000 F4 [2016],23.507888034508294,1.6504342868286286,11/03/2016 13:00:00,0,,World Superbikes,
622,Bike,MV Agusta 1000 F4 [2016],23.508485660276058,1.6490344602419431,01/04/2016 13:00:00,1,,World Superbikes,
622,Bike,MV Agusta 1000 F4 [2016],23.508399557121404,1.647908686113725,15/04/2016 13:00:00,0,,World Superbikes,
622,Bike,MV Agusta 1000 F4 [2016],23.508114424182086,1.6470357637578354,29/04/2016 13:00:00,1,,World Superbikes,
622,Bike,MV Agusta 1000 F4 [2016],23.507638629263354,1.6464264522623506,13/05/2016 13:00:00,0,,World Superbikes,
622,Bike,MV Agusta 1000 F4 [2016],23.506195746188148,1.6460198621633602,13/05/2016 13:00:00,1,,World Superbikes,
622,Bike,MV Agusta 1000 F4 [2016],23.506539229187975,1.6458127716461217,27/05/2016 13:00:00,1,,World Superbikes,
622,Bike,MV Agusta 1000 F4 [2016],23.5072802177163,1.6458528551658762,17/06/2016 13:00:00,0,,World Superbikes,
622,Bike,MV Agusta 1000 F4 [2016],23.507376154006487,1.6461188058283525,17/06/2016 13:00:00,1,,World Superbikes,
622,Bike,MV Agusta 1000 F4 [2016],23.507185587168806,1.646657980393389,09/07/2016 13:00:00,0,,World Superbikes,
622,Bike,MV Agusta 1000 F4 [2016],23.50551854989385,1.6473802542187779,09/07/2016 13:00:00,1,,World Superbikes,
622,Bike,MV Agusta 1000 F4 [2016],23.505475593490406,1.6483076537620023,16/09/2016 13:00:00,1,,World Superbikes,
622,Bike,MV Agusta 1000 F4 [2016],23.50471966096244,1.6495122690901698,30/09/2016 13:00:00,1,,World Superbikes,
622,Bike,MV Agusta 1000 F4 [2016],23.50286973750673,1.6509881380213327,14/10/2016 13:00:00,1,,World Superbikes,
622,Bike,MV Agusta 1000 F4 [2016],23.501565630982633,1.6527234270948903,29/10/2016 13:00:00,1,,World Superbikes,
623,Rider,Anucha Nakcharoensri,23.208880531890244,4.437286863447779,11/03/2016 13:00:00,0,Yamaha YZF-R1 [2016],World Superbikes,
624,Rider,Sahustchai Kaewjaturaporn,16.860092206514608,4.745421041465343,11/03/2016 13:00:00,0,Kawasaki ZX-10R [2016],World Superbikes,
625,Rider,Mathieu Lussiana,19.53482235204748,2.64426248118244,01/04/2016 13:00:00,0,BMW S1000 RR [2016],World Superbikes,
625,Rider,Mathieu Lussiana,19.53397460738857,2.6436299566010804,15/04/2016 13:00:00,0,BMW S1000 RR [2016],World Superbikes,
625,Rider,Mathieu Lussiana,19.532742178125257,2.6433912312359285,27/05/2016 13:00:00,0,BMW S1000 RR [2016],World Superbikes,
625,Rider,Mathieu Lussiana,19.531640423723573,2.6435398318479857,30/09/2016 13:00:00,0,BMW S1000 RR [2016],World Superbikes,
625,Rider,Mathieu Lussiana,19.529531787092594,2.6441154304777554,14/10/2016 13:00:00,0,BMW S1000 RR [2016],World Superbikes,
625,Rider,Mathieu Lussiana,19.529128871074832,2.6449933956678056,28/09/2018 13:00:00,0,Aprilia RSV4 [2018],World Superbikes,
626,Rider,Joshua Hook,18.282282027759937,3.018842195184915,01/04/2016 13:00:00,0,Kawasaki ZX-10R [2016],World Superbikes,
626,Rider,Joshua Hook,18.28276550927335,3.018406072269327,15/04/2016 13:00:00,0,Kawasaki ZX-10R [2016],World Superbikes,
626,Rider,Joshua Hook,18.283512563212387,3.0183912364995127,29/04/2016 13:00:00,0,Kawasaki ZX-10R [2016],World Superbikes,
626,Rider,Joshua Hook,18.285025183239146,3.0187860380033547,13/05/2016 13:00:00,0,Kawasaki ZX-10R [2016],World Superbikes,
627,Rider,Lucas Mahias,33.82407159381299,1.4394369155427618,15/04/2016 13:00:00,0,Kawasaki ZX-10R [2016],World Superbikes,
627,Rider,Lucas Mahias,33.82618238412427,1.4373918143747304,21/05/2021 13:00:00,0,Kawasaki ZX-10RR [2021],World Superbikes,
627,Rider,Lucas Mahias,33.82842025636649,1.4355741469563843,28/05/2021 13:00:00,0,Kawasaki ZX-10RR [2021],World Superbikes,
627,Rider,Lucas Mahias,33.82972241541082,1.4339848161800601,11/06/2021 13:00:00,0,Kawasaki ZX-10RR [2021],World Superbikes,
627,Rider,Lucas Mahias,33.82992138221928,1.4326212190951084,02/07/2021 13:00:00,0,Kawasaki ZX-10RR [2021],World Superbikes,
627,Rider,Lucas Mahias,33.82953437703943,1.4314874690800277,23/07/2021 13:00:00,0,Kawasaki ZX-10RR [2021],World Superbikes,
627,Rider,Lucas Mahias,33.830066233688115,1.4305803327796325,20/08/2021 13:00:00,0,Kawasaki ZX-10RR [2021],World Superbikes,
627,Rider,Lucas Mahias,33.82926318844966,1.4298971596225898,03/09/2021 13:00:00,0,Kawasaki ZX-10RR [2021],World Superbikes,
627,Rider,Lucas Mahias,33.82804446704922,1.4294401752655839,17/09/2021 13:00:00,0,Kawasaki ZX-10RR [2021],World Superbikes,
627,Rider,Lucas Mahias,33.82779825516072,1.4292062689476612,08/04/2022 13:00:00,0,Kawasaki ZX-10RR [2022],World Superbikes,
627,Rider,Lucas Mahias,33.828720540401484,1.42919670773482,22/04/2022 13:00:00,0,Kawasaki ZX-10RR [2022],World Superbikes,
627,Rider,Lucas Mahias,33.82913289657665,1.4294147770344772,20/05/2022 13:00:00,0,Kawasaki ZX-10RR [2022],World Superbikes,
627,Rider,Lucas Mahias,33.82929249361264,1.4298579131523057,15/07/2022 13:00:00,0,Kawasaki ZX-10RR [2022],World Superbikes,
627,Rider,Lucas Mahias,33.829170468273205,1.4305308153413434,29/07/2022 13:00:00,0,Kawasaki ZX-10RR [2022],World Superbikes,
627,Rider,Lucas Mahias,33.82858301277995,1.4314299569248783,09/09/2022 13:00:00,0,Kawasaki ZX-10RR [2022],World Superbikes,
627,Rider,Lucas Mahias,33.82763951639965,1.4325588010724775,23/09/2022 13:00:00,0,Kawasaki ZX-10RR [2022],World Superbikes,
627,Rider,Lucas Mahias,33.82634506689576,1.4339139988467018,07/10/2022 13:00:00,0,Kawasaki ZX-10RR [2022],World Superbikes,
627,Rider,Lucas Mahias,33.825368382633904,1.435501275298347,22/10/2022 13:00:00,0,Kawasaki ZX-10RR [2022],World Superbikes,
627,Rider,Lucas Mahias,33.82441656161193,1.4373162925889944,18/11/2022 13:00:00,0,Kawasaki ZX-10RR [2022],World Superbikes,
627,Rider,Lucas Mahias,33.82330761539036,1.4393602203619467,08/09/2023 13:00:00,0,Kawasaki ZX-10RR [2023],World Superbikes,
628,Rider,Anthony West,29.971593551869212,2.141610562959829,13/05/2016 13:00:00,1,Kawasaki ZX-10R [2016],World Superbikes,
628,Rider,Anthony West,29.972280988177527,2.1405073241052492,27/05/2016 13:00:00,0,Kawasaki ZX-10R [2016],World Superbikes,
628,Rider,Anthony West,29.973443226474423,2.139741959795647,17/06/2016 13:00:00,0,Kawasaki ZX-10R [2016],World Superbikes,
628,Rider,Anthony West,29.973741334347096,2.139294272971536,09/07/2016 13:00:00,0,Kawasaki ZX-10R [2016],World Superbikes,
628,Rider,Anthony West,29.973594011540584,2.1391735113913977,16/09/2016 13:00:00,0,Kawasaki ZX-10R [2016],World Superbikes,
628,Rider,Anthony West,29.973365863922798,2.13939566353688,14/10/2016 13:00:00,0,Kawasaki ZX-10R [2016],World Superbikes,
628,Rider,Anthony West,29.971596053177137,2.139928083714491,14/10/2016 13:00:00,1,Kawasaki ZX-10R [2016],World Superbikes,
628,Rider,Anthony West,29.970850353219205,2.1406782093715417,15/09/2017 13:00:00,0,Kawasaki ZX-10R [2017],World Superbikes,
628,Rider,Anthony West,29.97058682515399,2.1417568666533118,29/09/2017 13:00:00,0,Kawasaki ZX-10R [2017],World Superbikes,
629,Rider,Cameron Beaubier,27.79740375540637,4.496938268035457,27/05/2016 13:00:00,1,Yamaha YZF-R1 [2016],World Superbikes,
630,Rider,Fabio Menghi,23.24044619249116,3.6945200934910947,17/06/2016 13:00:00,0,Ducati 1199 Panigale R [2016],World Superbikes,
630,Rider,Fabio Menghi,23.240211505106807,3.6945455039942376,16/06/2017 13:00:00,0,Ducati 1199 Panigale R [2017],World Superbikes,
631,Rider,Raffaele De Rosa,31.456643210930242,2.119567799992699,09/07/2016 13:00:00,0,BMW S1000 RR [2016],World Superbikes,
631,Rider,Raffaele De Rosa,31.458802972247426,2.118465543982241,29/10/2016 13:00:00,0,BMW S1000 RR [2016],World Superbikes,
631,Rider,Raffaele De Rosa,31.459852725766225,2.1176829070665977,16/06/2017 13:00:00,0,BMW S1000 RR [2017],World Superbikes,
631,Rider,Raffaele De Rosa,31.461010995638848,2.1172190440657093,08/07/2017 13:00:00,0,BMW S1000 RR [2017],World Superbikes,
631,Rider,Raffaele De Rosa,31.461463071054,2.1170782443490763,18/08/2017 13:00:00,0,BMW S1000 RR [2017],World Superbikes,
631,Rider,Raffaele De Rosa,31.460809539323783,2.1172510315885784,15/09/2017 13:00:00,0,BMW S1000 RR [2017],World Superbikes,
631,Rider,Raffaele De Rosa,31.45971590139874,2.117742045706987,29/09/2017 13:00:00,0,BMW S1000 RR [2017],World Superbikes,
631,Rider,Raffaele De Rosa,31.460305161405362,2.118548554684567,20/10/2017 13:00:00,0,BMW S1000 RR [2017],World Superbikes,
631,Rider,Raffaele De Rosa,31.46034004364447,2.1196762039914367,03/11/2017 13:00:00,0,BMW S1000 RR [2017],World Superbikes,
632,Rider,Alex Plancassagne,23.220394725774817,4.403982521289407,30/09/2016 13:00:00,0,Yamaha YZF-R1 [2016],World Superbikes,
633,Rider,Karel Pesek,20.555686558395216,4.515098416675346,14/10/2016 13:00:00,0,Yamaha YZF-R1 [2016],World Superbikes,
634,Bike,MV Agusta 1000 F4 [2017],29.488905377678837,1.7772963064174208,24/02/2017 13:00:00,0,,World Superbikes,
634,Bike,MV Agusta 1000 F4 [2017],29.487573207831378,1.7757347540176496,24/02/2017 13:00:00,1,,World Superbikes,
634,Bike,MV Agusta 1000 F4 [2017],29.486545919597674,1.7744594150602258,10/03/2017 13:00:00,0,,World Superbikes,
634,Bike,MV Agusta 1000 F4 [2017],29.484012871854276,1.7733836373063607,10/03/2017 13:00:00,1,,World Superbikes,
634,Bike,MV Agusta 1000 F4 [2017],29.482547002951065,1.7725650285864538,31/03/2017 13:00:00,0,,World Superbikes,
634,Bike,MV Agusta 1000 F4 [2017],29.481800815616342,1.7720307529657946,16/06/2017 13:00:00,1,,World Superbikes,
634,Bike,MV Agusta 1000 F4 [2017],29.48027684058053,1.771787256236236,08/07/2017 13:00:00,1,,World Superbikes,
634,Bike,MV Agusta 1000 F4 [2017],29.479011143859918,1.7718261544781033,18/08/2017 13:00:00,1,,World Superbikes,
634,Bike,MV Agusta 1000 F4 [2017],29.477828911423547,1.7721503395138452,15/09/2017 13:00:00,1,,World Superbikes,
634,Bike,MV Agusta 1000 F4 [2017],29.478283584473736,1.772691195774341,29/09/2017 13:00:00,1,,World Superbikes,
634,Bike,MV Agusta 1000 F4 [2017],29.478379361234875,1.7735312517926005,20/10/2017 13:00:00,0,,World Superbikes,
634,Bike,MV Agusta 1000 F4 [2017],29.47692750805043,1.7745789159409306,20/10/2017 13:00:00,1,,World Superbikes,
634,Bike,MV Agusta 1000 F4 [2017],29.475596041150535,1.775910155587107,03/11/2017 13:00:00,0,,World Superbikes,
634,Bike,MV Agusta 1000 F4 [2017],29.47362670218927,1.7774748916066963,03/11/2017 13:00:00,1,,World Superbikes,
635,Bike,Yamaha YZF-R1 [2017],28.965400581484953,1.479615578751888,24/02/2017 13:00:00,0,,World Superbikes,
635,Bike,Yamaha YZF-R1 [2017],28.965383741750095,1.4776339381696006,24/02/2017 13:00:00,1,,World Superbikes,
635,Bike,Yamaha YZF-R1 [2017],28.965806600517674,1.4758847146157854,10/03/2017 13:00:00,0,,World Superbikes,
635,Bike,Yamaha YZF-R1 [2017],28.96604681815503,1.4743423866916245,10/03/2017 13:00:00,1,,World Superbikes,
635,Bike,Yamaha YZF-R1 [2017],28.96562419252657,1.4730364931016477,31/03/2017 13:00:00,0,,World Superbikes,
635,Bike,Yamaha YZF-R1 [2017],28.96571182381569,1.4719255884930356,31/03/2017 13:00:00,1,,World Superbikes,
635,Bike,Yamaha YZF-R1 [2017],28.9670600423767,1.4710331590169654,16/06/2017 13:00:00,0,,World Superbikes,
635,Bike,Yamaha YZF-R1 [2017],28.967894211676395,1.470346852885661,16/06/2017 13:00:00,1,,World Superbikes,
635,Bike,Yamaha YZF-R1 [2017],28.9686251280978,1.4698983370463004,08/07/2017 13:00:00,0,,World Superbikes,
635,Bike,Yamaha YZF-R1 [2017],28.97027817456465,1.4696785329327888,08/07/2017 13:00:00,1,,World Superbikes,
635,Bike,Yamaha YZF-R1 [2017],28.972895033646793,1.4696956516941577,18/08/2017 13:00:00,0,,World Superbikes,
635,Bike,Yamaha YZF-R1 [2017],28.975384032142884,1.4698844327967875,18/08/2017 13:00:00,1,,World Superbikes,
635,Bike,Yamaha YZF-R1 [2017],28.978722600356797,1.470302763898714,15/09/2017 13:00:00,0,,World Superbikes,
635,Bike,Yamaha YZF-R1 [2017],28.982593332298332,1.47091860024413,15/09/2017 13:00:00,1,,World Superbikes,
635,Bike,Yamaha YZF-R1 [2017],28.986371631699168,1.471768712176006,29/09/2017 13:00:00,0,,World Superbikes,
635,Bike,Yamaha YZF-R1 [2017],28.990037550229545,1.4728361634514473,29/09/2017 13:00:00,1,,World Superbikes,
635,Bike,Yamaha YZF-R1 [2017],28.99393577158925,1.4741456699398816,20/10/2017 13:00:00,0,,World Superbikes,
635,Bike,Yamaha YZF-R1 [2017],28.99687974141603,1.4756721262026293,20/10/2017 13:00:00,1,,World Superbikes,
635,Bike,Yamaha YZF-R1 [2017],28.998755539916008,1.4774316156263056,03/11/2017 13:00:00,0,,World Superbikes,
635,Bike,Yamaha YZF-R1 [2017],28.999355635966598,1.4793989356916022,03/11/2017 13:00:00,1,,World Superbikes,
636,Bike,Aprilia RSV4 RF [2017],34.638049830876064,1.5233364039058352,24/02/2017 13:00:00,0,,World Superbikes,
636,Bike,Aprilia RSV4 RF [2017],34.63990463766546,1.521434195810594,24/02/2017 13:00:00,1,,World Superbikes,
636,Bike,Aprilia RSV4 RF [2017],34.64147112555548,1.519773651794759,10/03/2017 13:00:00,0,,World Superbikes,
636,Bike,Aprilia RSV4 RF [2017],34.642791226673395,1.5183182223321419,10/03/2017 13:00:00,1,,World Superbikes,
636,Bike,Aprilia RSV4 RF [2017],34.6448410612184,1.5171059524908395,31/03/2017 13:00:00,0,,World Superbikes,
636,Bike,Aprilia RSV4 RF [2017],34.64713492573664,1.516026074626531,31/03/2017 13:00:00,1,,World Superbikes,
636,Bike,Aprilia RSV4 RF [2017],34.64996847217124,1.5151936494921687,16/06/2017 13:00:00,0,,World Superbikes,
636,Bike,Aprilia RSV4 RF [2017],34.653024076579975,1.5145930118368325,16/06/2017 13:00:00,1,,World Superbikes,
636,Bike,Aprilia RSV4 RF [2017],34.65818636751395,1.5142269272037736,08/07/2017 13:00:00,0,,World Superbikes,
636,Bike,Aprilia RSV4 RF [2017],34.66204465104761,1.5140526546038602,08/07/2017 13:00:00,1,,World Superbikes,
636,Bike,Aprilia RSV4 RF [2017],34.66595590497017,1.5141159136806155,18/08/2017 13:00:00,0,,World Superbikes,
636,Bike,Aprilia RSV4 RF [2017],34.669442442828625,1.5144184471170934,18/08/2017 13:00:00,1,,World Superbikes,
636,Bike,Aprilia RSV4 RF [2017],34.67271819058156,1.5149599297810377,15/09/2017 13:00:00,0,,World Superbikes,
636,Bike,Aprilia RSV4 RF [2017],34.67541154166424,1.5157302141262947,15/09/2017 13:00:00,1,,World Superbikes,
636,Bike,Aprilia RSV4 RF [2017],34.67699680063445,1.5167202498032255,29/09/2017 13:00:00,0,,World Superbikes,
636,Bike,Aprilia RSV4 RF [2017],34.67709817977262,1.5178810219880052,29/09/2017 13:00:00,1,,World Superbikes,
636,Bike,Aprilia RSV4 RF [2017],34.67711077289274,1.5192800173594758,20/10/2017 13:00:00,0,,World Superbikes,
636,Bike,Aprilia RSV4 RF [2017],34.67639117962456,1.520911713153744,20/10/2017 13:00:00,1,,World Superbikes,
636,Bike,Aprilia RSV4 RF [2017],34.67581887048878,1.5227900186539782,03/11/2017 13:00:00,1,,World Superbikes,
637,Rider,Randy Krummenacher,30.87133097812823,2.37579717273824,24/02/2017 13:00:00,0,Kawasaki ZX-10R [2017],World Superbikes,
637,Rider,Randy Krummenacher,30.871210460610484,2.3749224442878054,10/03/2017 13:00:00,0,Kawasaki ZX-10R [2017],World Superbikes,
637,Rider,Randy Krummenacher,30.87025268100072,2.3743905808491768,31/03/2017 13:00:00,0,Kawasaki ZX-10R [2017],World Superbikes,
637,Rider,Randy Krummenacher,30.869582884344002,2.3742222980582035,16/06/2017 13:00:00,0,Kawasaki ZX-10R [2017],World Superbikes,
637,Rider,Randy Krummenacher,30.867774728199468,2.3743954772987164,16/06/2017 13:00:00,1,Kawasaki ZX-10R [2017],World Superbikes,
637,Rider,Randy Krummenacher,30.866454785660597,2.374880337359498,08/07/2017 13:00:00,0,Kawasaki ZX-10R [2017],World Superbikes,
637,Rider,Randy Krummenacher,30.865107257104892,2.37573863938998,18/08/2017 13:00:00,0,Kawasaki ZX-10R [2017],World Superbikes,
638,Bike,Kawasaki ZX-10R [2017],29.698895638498925,1.5642688721936586,24/02/2017 13:00:00,0,,World Superbikes,
638,Bike,Kawasaki ZX-10R [2017],29.69986361320714,1.5624304725426916,24/02/2017 13:00:00,1,,World Superbikes,
638,Bike,Kawasaki ZX-10R [2017],29.699976464354865,1.5607785771992222,10/03/2017 13:00:00,0,,World Superbikes,
638,Bike,Kawasaki ZX-10R [2017],29.700366432456214,1.5593483712441285,10/03/2017 13:00:00,1,,World Superbikes,
638,Bike,Kawasaki ZX-10R [2017],29.699853896541036,1.5581077961021141,31/03/2017 13:00:00,0,,World Superbikes,
638,Bike,Kawasaki ZX-10R [2017],29.69981194446242,1.5570905045958605,31/03/2017 13:00:00,1,,World Superbikes,
638,Bike,Kawasaki ZX-10R [2017],29.69975546091668,1.556302394480715,16/06/2017 13:00:00,0,,World Superbikes,
638,Bike,Kawasaki ZX-10R [2017],29.69960912751602,1.5557165947054323,16/06/2017 13:00:00,1,,World Superbikes,
638,Bike,Kawasaki ZX-10R [2017],29.699432777244745,1.5553084342932464,08/07/2017 13:00:00,0,,World Superbikes,
638,Bike,Kawasaki ZX-10R [2017],29.699728318592886,1.5551110662225696,08/07/2017 13:00:00,1,,World Superbikes,
638,Bike,Kawasaki ZX-10R [2017],29.699684640753354,1.5550791212252781,18/08/2017 13:00:00,0,,World Superbikes,
638,Bike,Kawasaki ZX-10R [2017],29.70002927900128,1.555275171083629,18/08/2017 13:00:00,1,,World Superbikes,
638,Bike,Kawasaki ZX-10R [2017],29.699592711251285,1.5556634879254623,15/09/2017 13:00:00,0,,World Superbikes,
638,Bike,Kawasaki ZX-10R [2017],29.699684467231844,1.5562700702369179,15/09/2017 13:00:00,1,,World Superbikes,
638,Bike,Kawasaki ZX-10R [2017],29.698883538505537,1.5570241879395057,29/09/2017 13:00:00,0,,World Superbikes,
638,Bike,Kawasaki ZX-10R [2017],29.697445070359898,1.5580091698464227,29/09/2017 13:00:00,1,,World Superbikes,
638,Bike,Kawasaki ZX-10R [2017],29.695744366756383,1.5591914169082153,20/10/2017 13:00:00,0,,World Superbikes,
638,Bike,Kawasaki ZX-10R [2017],29.694729057841425,1.5605996588312376,20/10/2017 13:00:00,1,,World Superbikes,
638,Bike,Kawasaki ZX-10R [2017],29.694005752436727,1.5622435933656789,03/11/2017 13:00:00,0,,World Superbikes,
638,Bike,Kawasaki ZX-10R [2017],29.693550869370615,1.564089651039708,03/11/2017 13:00:00,1,,World Superbikes,
639,Rider,Stefan Bradl,33.685528391557554,2.533024481346248,24/02/2017 13:00:00,0,Honda CBR1000RR SP2 [2017],World Superbikes,
639,Rider,Stefan Bradl,33.686036716632955,2.532279975155212,10/03/2017 13:00:00,0,Honda CBR1000RR SP2 [2017],World Superbikes,
639,Rider,Stefan Bradl,33.686897791385796,2.531913138242493,31/03/2017 13:00:00,0,Honda CBR1000RR SP2 [2017],World Superbikes,
639,Rider,Stefan Bradl,33.68643120101872,2.5318992458454255,31/03/2017 13:00:00,1,Honda CBR1000RR SP2 [2017],World Superbikes,
639,Rider,Stefan Bradl,33.686139530725235,2.5322451600475966,08/07/2017 13:00:00,0,Honda CBR1000RR SP2 [2017],World Superbikes,
639,Rider,Stefan Bradl,33.685999447534655,2.532979474901743,15/09/2017 13:00:00,1,Honda CBR1000RR SP2 [2017],World Superbikes,
640,Bike,Honda CBR1000RR SP2 [2017],26.56517224728133,1.842112235198562,24/02/2017 13:00:00,0,,World Superbikes,
640,Bike,Honda CBR1000RR SP2 [2017],26.56496853674228,1.8406618535222314,24/02/2017 13:00:00,1,,World Superbikes,
640,Bike,Honda CBR1000RR SP2 [2017],26.56579142154362,1.8394721852140445,10/03/2017 13:00:00,0,,World Superbikes,
640,Bike,Honda CBR1000RR SP2 [2017],26.566888907666872,1.8385455976370892,31/03/2017 13:00:00,0,,World Superbikes,
640,Bike,Honda CBR1000RR SP2 [2017],26.56661545744,1.837840423054251,31/03/2017 13:00:00,1,,World Superbikes,
640,Bike,Honda CBR1000RR SP2 [2017],26.566624096746537,1.8373962996223396,08/07/2017 13:00:00,0,,World Superbikes,
640,Bike,Honda CBR1000RR SP2 [2017],26.5664239273978,1.8372226950594928,18/08/2017 13:00:00,0,,World Superbikes,
640,Bike,Honda CBR1000RR SP2 [2017],26.566926146135007,1.837345532429847,15/09/2017 13:00:00,0,,World Superbikes,
640,Bike,Honda CBR1000RR SP2 [2017],26.56728984712237,1.8376908359355386,15/09/2017 13:00:00,1,,World Superbikes,
640,Bike,Honda CBR1000RR SP2 [2017],26.566925031355566,1.838290992908454,29/09/2017 13:00:00,0,,World Superbikes,
640,Bike,Honda CBR1000RR SP2 [2017],26.566433509699504,1.8391609826898037,29/09/2017 13:00:00,1,,World Superbikes,
640,Bike,Honda CBR1000RR SP2 [2017],26.56495342852476,1.840341316856003,20/10/2017 13:00:00,0,,World Superbikes,
640,Bike,Honda CBR1000RR SP2 [2017],26.564170821911933,1.841763529602302,03/11/2017 13:00:00,0,,World Superbikes,
641,Rider,Riccardo Russo,26.5421322510687,2.2322427093572985,24/02/2017 13:00:00,0,Yamaha YZF-R1 [2017],World Superbikes,
641,Rider,Riccardo Russo,26.5422144547585,2.231252250152931,10/03/2017 13:00:00,0,Yamaha YZF-R1 [2017],World Superbikes,
641,Rider,Riccardo Russo,26.54211401731809,2.230602422948939,31/03/2017 13:00:00,0,Yamaha YZF-R1 [2017],World Superbikes,
641,Rider,Riccardo Russo,26.54252383679525,2.230272999778077,16/06/2017 13:00:00,0,Yamaha YZF-R1 [2017],World Superbikes,
641,Rider,Riccardo Russo,26.54241960701109,2.2302840594421527,18/08/2017 13:00:00,0,Kawasaki ZX-10R [2017],World Superbikes,
641,Rider,Riccardo Russo,26.543577109513286,2.230604975137701,15/09/2017 13:00:00,0,Kawasaki ZX-10R [2017],World Superbikes,
641,Rider,Riccardo Russo,26.544269432721094,2.2312702772926682,29/09/2017 13:00:00,0,Kawasaki ZX-10R [2017],World Superbikes,
641,Rider,Riccardo Russo,26.543704021613873,2.2322672204379046,20/10/2017 13:00:00,0,Kawasaki ZX-10R [2017],World Superbikes,
642,Rider,Ondrej Ježek,23.18332096219315,1.76990583773348,24/02/2017 13:00:00,0,Kawasaki ZX-10R [2017],World Superbikes,
642,Rider,Ondrej Ježek,23.183015386710842,1.7683850643414294,10/03/2017 13:00:00,0,Kawasaki ZX-10R [2017],World Superbikes,
642,Rider,Ondrej Ježek,23.182432576023807,1.7671275331846166,16/06/2017 13:00:00,0,Kawasaki ZX-10R [2017],World Superbikes,
642,Rider,Ondrej Ježek,23.182875799809153,1.7660466811198547,08/07/2017 13:00:00,0,Kawasaki ZX-10R [2017],World Superbikes,
642,Rider,Ondrej Ježek,23.184175818589665,1.7651321186683968,18/08/2017 13:00:00,0,Kawasaki ZX-10R [2017],World Superbikes,
642,Rider,Ondrej Ježek,23.184473677518337,1.7644884813608042,15/09/2017 13:00:00,0,Kawasaki ZX-10R [2017],World Superbikes,
642,Rider,Ondrej Ježek,23.18629830878551,1.7640297050810665,29/09/2017 13:00:00,0,Kawasaki ZX-10R [2017],World Superbikes,
642,Rider,Ondrej Ježek,23.186985186548306,1.7638442406172115,20/10/2017 13:00:00,0,Kawasaki ZX-10R [2017],World Superbikes,
642,Rider,Ondrej Ježek,23.187108728507,1.76392665829959,03/11/2017 13:00:00,0,Kawasaki ZX-10R [2017],World Superbikes,
642,Rider,Ondrej Ježek,23.187674557514168,1.7642572798382412,23/02/2018 13:00:00,0,Yamaha YZF-R1 [2018],World Superbikes,
642,Rider,Ondrej Ježek,23.188276926477617,1.7648400830211566,23/03/2018 13:00:00,0,Yamaha YZF-R1 [2018],World Superbikes,
642,Rider,Ondrej Ježek,23.189728238808993,1.7655764770666649,13/04/2018 13:00:00,0,Yamaha YZF-R1 [2018],World Superbikes,
642,Rider,Ondrej Ježek,23.19193515000726,1.7664609387889791,20/04/2018 13:00:00,0,Yamaha YZF-R1 [2018],World Superbikes,
642,Rider,Ondrej Ježek,23.193882453733735,1.7675578268308902,11/05/2018 13:00:00,0,Yamaha YZF-R1 [2018],World Superbikes,
642,Rider,Ondrej Ježek,23.195413638754378,1.7689131733880776,25/05/2018 13:00:00,0,Yamaha YZF-R1 [2018],World Superbikes,
642,Rider,Ondrej Ježek,23.19494058491148,1.7705541897238188,08/06/2018 13:00:00,0,Yamaha YZF-R1 [2018],World Superbikes,
643,Bike,Ducati 1199 Panigale R [2017],33.10059050028385,1.7469643501854142,24/02/2017 13:00:00,1,,World Superbikes,
643,Bike,Ducati 1199 Panigale R [2017],33.10103557153662,1.7454262908098617,10/03/2017 13:00:00,1,,World Superbikes,
643,Bike,Ducati 1199 Panigale R [2017],33.101108574909105,1.7441661072329593,31/03/2017 13:00:00,1,,World Superbikes,
643,Bike,Ducati 1199 Panigale R [2017],33.100088042584524,1.7431640800205066,16/06/2017 13:00:00,0,,World Superbikes,
643,Bike,Ducati 1199 Panigale R [2017],33.0994781764938,1.7423516146605544,16/06/2017 13:00:00,1,,World Superbikes,
643,Bike,Ducati 1199 Panigale R [2017],33.0984938602927,1.7418119618448518,08/07/2017 13:00:00,1,,World Superbikes,
643,Bike,Ducati 1199 Panigale R [2017],33.09698442773535,1.7415463855691031,18/08/2017 13:00:00,0,,World Superbikes,
643,Bike,Ducati 1199 Panigale R [2017],33.094744931622444,1.7415292930122934,18/08/2017 13:00:00,1,,World Superbikes,
643,Bike,Ducati 1199 Panigale R [2017],33.09307143867354,1.7417731712109559,15/09/2017 13:00:00,0,,World Superbikes,
643,Bike,Ducati 1199 Panigale R [2017],33.0908961551431,1.742262782077012,15/09/2017 13:00:00,1,,World Superbikes,
643,Bike,Ducati 1199 Panigale R [2017],33.08974908342174,1.7430244207321048,29/09/2017 13:00:00,1,,World Superbikes,
643,Bike,Ducati 1199 Panigale R [2017],33.089159904740036,1.7440604744106905,20/10/2017 13:00:00,0,,World Superbikes,
643,Bike,Ducati 1199 Panigale R [2017],33.08794686710659,1.7453466853529163,20/10/2017 13:00:00,1,,World Superbikes,
643,Bike,Ducati 1199 Panigale R [2017],33.08691828749426,1.7468696960987018,03/11/2017 13:00:00,1,,World Superbikes,
644,Bike,BMW S1000 RR [2017],29.38115347405933,1.660021643764619,24/02/2017 13:00:00,1,,World Superbikes,
644,Bike,BMW S1000 RR [2017],29.382032917133323,1.6583230806706772,10/03/2017 13:00:00,1,,World Superbikes,
644,Bike,BMW S1000 RR [2017],29.383772486462934,1.6568415811670971,31/03/2017 13:00:00,0,,World Superbikes,
644,Bike,BMW S1000 RR [2017],29.384897624687234,1.6556122990085391,31/03/2017 13:00:00,1,,World Superbikes,
644,Bike,BMW S1000 RR [2017],29.385167715493683,1.654653068102564,16/06/2017 13:00:00,0,,World Superbikes,
644,Bike,BMW S1000 RR [2017],29.385546322653962,1.6539304817641782,16/06/2017 13:00:00,1,,World Superbikes,
644,Bike,BMW S1000 RR [2017],29.386045954560213,1.653471268175068,08/07/2017 13:00:00,0,,World Superbikes,
644,Bike,BMW S1000 RR [2017],29.385839392009004,1.6532516031356506,08/07/2017 13:00:00,1,,World Superbikes,
644,Bike,BMW S1000 RR [2017],29.386844833992456,1.6532557112775226,18/08/2017 13:00:00,0,,World Superbikes,
644,Bike,BMW S1000 RR [2017],29.38674466883053,1.6534926277806368,18/08/2017 13:00:00,1,,World Superbikes,
644,Bike,BMW S1000 RR [2017],29.38589619316609,1.6539908489732595,15/09/2017 13:00:00,0,,World Superbikes,
644,Bike,BMW S1000 RR [2017],29.384072178812325,1.6547012068492202,15/09/2017 13:00:00,1,,World Superbikes,
644,Bike,BMW S1000 RR [2017],29.38154887431206,1.6556775733131033,29/09/2017 13:00:00,0,,World Superbikes,
644,Bike,BMW S1000 RR [2017],29.38122548489092,1.6568866506791182,20/10/2017 13:00:00,0,,World Superbikes,
644,Bike,BMW S1000 RR [2017],29.380816043414267,1.6583472519127327,03/11/2017 13:00:00,0,,World Superbikes,
644,Bike,BMW S1000 RR [2017],29.37972568569414,1.6600299118325748,03/11/2017 13:00:00,1,,World Superbikes,
645,Rider,Julián Simón,23.779850133819277,4.431488720297872,31/03/2017 13:00:00,0,Aprilia RSV4 RF [2017],World Superbikes,
646,Rider,Jake Gagne,28.072091050770368,1.6265206394948888,08/07/2017 13:00:00,0,Honda CBR1000RR SP2 [2017],World Superbikes,
646,Rider,Jake Gagne,28.071829055462025,1.6247946001307394,29/09/2017 13:00:00,0,Honda CBR1000RR SP2 [2017],World Superbikes,
646,Rider,Jake Gagne,28.071635462905483,1.6233106411935032,03/11/2017 13:00:00,0,Honda CBR1000RR SP2 [2017],World Superbikes,
646,Rider,Jake Gagne,28.0718213349112,1.6220581399539813,23/02/2018 13:00:00,0,Honda CBR1000RR [2018],World Superbikes,
646,Rider,Jake Gagne,28.070744710735624,1.621035185174101,23/03/2018 13:00:00,0,Honda CBR1000RR [2018],World Superbikes,
646,Rider,Jake Gagne,28.069000517934686,1.620247040735223,13/04/2018 13:00:00,0,Honda CBR1000RR [2018],World Superbikes,
646,Rider,Jake Gagne,28.06584127109656,1.6197071427627419,20/04/2018 13:00:00,0, [2018],World Superbikes,
646,Rider,Jake Gagne,28.064339774661807,1.6192791915145812,11/05/2018 13:00:00,0,Honda CBR1000RR [2018],World Superbikes,
646,Rider,Jake Gagne,28.063752325212015,1.6190937911734207,25/05/2018 13:00:00,0,Honda CBR1000RR [2018],World Superbikes,
646,Rider,Jake Gagne,28.063845252013397,1.6191680423187884,08/06/2018 13:00:00,0,Honda CBR1000RR [2018],World Superbikes,
646,Rider,Jake Gagne,28.06510250487833,1.6194565795094706,23/06/2018 13:00:00,0,Honda CBR1000RR [2018],World Superbikes,
646,Rider,Jake Gagne,28.066600588190305,1.619983569359211,06/07/2018 13:00:00,0,Honda CBR1000RR [2018],World Superbikes,
646,Rider,Jake Gagne,28.068872917098503,1.620759263467099,14/09/2018 13:00:00,0,Honda CBR1000RR [2018],World Superbikes,
646,Rider,Jake Gagne,28.070541838979093,1.6217759397149436,28/09/2018 13:00:00,0,Honda CBR1000RR [2018],World Superbikes,
646,Rider,Jake Gagne,28.070966084833152,1.623025764061006,12/10/2018 13:00:00,0,Honda CBR1000RR [2018],World Superbikes,
646,Rider,Jake Gagne,28.070585836555377,1.6245058770550118,26/10/2018 13:00:00,0,Honda CBR1000RR [2018],World Superbikes,
646,Rider,Jake Gagne,28.07034423836947,1.6262101312371597,07/10/2022 13:00:00,0,Yamaha YZF-R1 [2022],World Superbikes,
647,Rider,Takumi Takahashi,21.418536890450685,2.208700272633865,15/09/2017 13:00:00,0,Honda CBR1000RR SP2 [2017],World Superbikes,
647,Rider,Takumi Takahashi,21.4180402263899,2.207626917624415,20/10/2017 13:00:00,0,Honda CBR1000RR SP2 [2017],World Superbikes,
647,Rider,Takumi Takahashi,21.41780922394883,2.206786506484171,06/09/2019 13:00:00,0,Honda CBR1000RR SP2 [2019],World Superbikes,
647,Rider,Takumi Takahashi,21.415879526085053,2.2062712685514074,28/02/2020 13:00:00,0,Honda CBR1000RR-R [2020],World Superbikes,
647,Rider,Takumi Takahashi,21.41432394197352,2.2058846981142386,31/07/2020 13:00:00,0,Honda CBR1000RR-R [2020],World Superbikes,
647,Rider,Takumi Takahashi,21.41400403397645,2.205693736030284,07/08/2020 13:00:00,0,Honda CBR1000RR-R [2020],World Superbikes,
647,Rider,Takumi Takahashi,21.413483694464215,2.2057915444788723,28/08/2020 13:00:00,0,Honda CBR1000RR-R [2020],World Superbikes,
647,Rider,Takumi Takahashi,21.413306777864772,2.20613605614069,04/09/2020 13:00:00,0,Honda CBR1000RR-R [2020],World Superbikes,
647,Rider,Takumi Takahashi,21.41396701996086,2.2066580516987386,18/09/2020 13:00:00,0,Honda CBR1000RR-R [2020],World Superbikes,
647,Rider,Takumi Takahashi,21.414160898440862,2.20748337004773,02/10/2020 13:00:00,0,Honda CBR1000RR-R [2020],World Superbikes,
647,Rider,Takumi Takahashi,21.415432587842236,2.2085109587865155,16/10/2020 13:00:00,0,Honda CBR1000RR-R [2020],World Superbikes,
648,Bike,Suzuki GSX-R 1000 [2017],22.105511299197417,5.135346972290387,20/10/2017 13:00:00,0,,World Superbikes,
649,Bike,MV Agusta 1000 F4 [2018],19.171197951349406,1.6967892918740417,23/02/2018 13:00:00,0,,World Superbikes,
649,Bike,MV Agusta 1000 F4 [2018],19.168919297379162,1.6951039892770878,23/02/2018 13:00:00,1,,World Superbikes,
649,Bike,MV Agusta 1000 F4 [2018],19.168162292529722,1.693621031766928,23/03/2018 13:00:00,1,,World Superbikes,
649,Bike,MV Agusta 1000 F4 [2018],19.165958698191535,1.6924160618990745,13/04/2018 13:00:00,1,,World Superbikes,
649,Bike,MV Agusta 1000 F4 [2018],19.163480776370125,1.691489508551398,20/04/2018 13:00:00,1,,World Superbikes,
649,Bike,MV Agusta 1000 F4 [2018],19.160999772627232,1.6908409155816795,11/05/2018 13:00:00,1,,World Superbikes,
649,Bike,MV Agusta 1000 F4 [2018],19.157946219666936,1.690472795572056,25/05/2018 13:00:00,0,,World Superbikes,
649,Bike,MV Agusta 1000 F4 [2018],19.15447454349593,1.690368225040239,08/06/2018 13:00:00,0,,World Superbikes,
649,Bike,MV Agusta 1000 F4 [2018],19.152728263956785,1.6905208259399171,23/06/2018 13:00:00,1,,World Superbikes,
649,Bike,MV Agusta 1000 F4 [2018],19.15188078237088,1.6909282940114043,06/07/2018 13:00:00,0,,World Superbikes,
649,Bike,MV Agusta 1000 F4 [2018],19.150325028131263,1.6915813567692504,06/07/2018 13:00:00,1,,World Superbikes,
649,Bike,MV Agusta 1000 F4 [2018],19.148872582246586,1.6925100640180557,14/09/2018 13:00:00,1,,World Superbikes,
649,Bike,MV Agusta 1000 F4 [2018],19.14740873410546,1.6937167651594573,28/09/2018 13:00:00,0,,World Superbikes,
649,Bike,MV Agusta 1000 F4 [2018],19.14632762317211,1.6951804771941625,12/10/2018 13:00:00,0,,World Superbikes,
649,Bike,MV Agusta 1000 F4 [2018],19.145166956964896,1.696873447847338,26/10/2018 13:00:00,0,,World Superbikes,
650,Rider,Toprak Razgatlioglu,42.43715546854669,0.8350026436828285,23/02/2018 13:00:00,0,Kawasaki ZX-10RR [2018],World Superbikes,
650,Rider,Toprak Razgatlioglu,42.43929876729829,0.8310259980034802,23/02/2018 13:00:00,1,Kawasaki ZX-10RR [2018],World Superbikes,
650,Rider,Toprak Razgatlioglu,42.44273449290648,0.8271613479894881,23/03/2018 13:00:00,0,Kawasaki ZX-10RR [2018],World Superbikes,
650,Rider,Toprak Razgatlioglu,42.44654176485337,0.8233762429624094,23/03/2018 13:00:00,1,Kawasaki ZX-10RR [2018],World Superbikes,
650,Rider,Toprak Razgatlioglu,42.452782153205455,0.8196815667235644,13/04/2018 13:00:00,0,Kawasaki ZX-10RR [2018],World Superbikes,
650,Rider,Toprak Razgatlioglu,42.460952075433056,0.8160953059596805,20/04/2018 13:00:00,0,Kawasaki ZX-10RR [2018],World Superbikes,
650,Rider,Toprak Razgatlioglu,42.46847119539343,0.8125507467857315,20/04/2018 13:00:00,1,Kawasaki ZX-10RR [2018],World Superbikes,
650,Rider,Toprak Razgatlioglu,42.47804385524215,0.8091073005550846,11/05/2018 13:00:00,0,Kawasaki ZX-10RR [2018],World Superbikes,
650,Rider,Toprak Razgatlioglu,42.488629018373466,0.8057572107486227,25/05/2018 13:00:00,0,Kawasaki ZX-10RR [2018],World Superbikes,
650,Rider,Toprak Razgatlioglu,42.498177295044115,0.8024642587751608,25/05/2018 13:00:00,1,Kawasaki ZX-10RR [2018],World Superbikes,
650,Rider,Toprak Razgatlioglu,42.508651402675625,0.7992788391998359,08/06/2018 13:00:00,0,Kawasaki ZX-10RR [2018],World Superbikes,
650,Rider,Toprak Razgatlioglu,42.520927546566206,0.7961943668483081,23/06/2018 13:00:00,0,Kawasaki ZX-10RR [2018],World Superbikes,
650,Rider,Toprak Razgatlioglu,42.53425736053108,0.7931968680541006,06/07/2018 13:00:00,0,Kawasaki ZX-10RR [2018],World Superbikes,
650,Rider,Toprak Razgatlioglu,42.54909265493475,0.7902982395702689,14/09/2018 13:00:00,1,Kawasaki ZX-10RR [2018],World Superbikes,
650,Rider,Toprak Razgatlioglu,42.565618585481936,0.7875003826803068,28/09/2018 13:00:00,0,Kawasaki ZX-10RR [2018],World Superbikes,
650,Rider,Toprak Razgatlioglu,42.582087055251165,0.7847827181815346,28/09/2018 13:00:00,1,Kawasaki ZX-10RR [2018],World Superbikes,
650,Rider,Toprak Razgatlioglu,42.59994225552386,0.7821671786202979,12/10/2018 13:00:00,1,Kawasaki ZX-10RR [2018],World Superbikes,
650,Rider,Toprak Razgatlioglu,42.61855633839133,0.7796517263274145,26/10/2018 13:00:00,1,Kawasaki ZX-10RR [2018],World Superbikes,
650,Rider,Toprak Razgatlioglu,42.639125588145696,0.7772306886504584,22/02/2019 13:00:00,0,Kawasaki ZX-10RR [2019],World Superbikes,
650,Rider,Toprak Razgatlioglu,42.66170179734087,0.7749088284958782,15/03/2019 13:00:00,0,Kawasaki ZX-10RR [2019],World Superbikes,
650,Rider,Toprak Razgatlioglu,42.686098784771666,0.772686084700974,05/04/2019 13:00:00,0,Kawasaki ZX-10RR [2019],World Superbikes,
650,Rider,Toprak Razgatlioglu,42.71314655429815,0.7705550673704296,12/04/2019 13:00:00,0,Kawasaki ZX-10RR [2019],World Superbikes,
650,Rider,Toprak Razgatlioglu,42.74104843700753,0.7685231903777032,10/05/2019 13:00:00,0,Kawasaki ZX-10RR [2019],World Superbikes,
650,Rider,Toprak Razgatlioglu,42.77031018234148,0.7665889526170088,07/06/2019 13:00:00,0,Kawasaki ZX-10RR [2019],World Superbikes,
650,Rider,Toprak Razgatlioglu,42.800908673295865,0.7647519357339564,21/06/2019 13:00:00,0,Kawasaki ZX-10RR [2019],World Superbikes,
650,Rider,Toprak Razgatlioglu,42.832684020114726,0.7630128406577339,05/07/2019 13:00:00,0,Kawasaki ZX-10RR [2019],World Superbikes,
650,Rider,Toprak Razgatlioglu,42.86490603196821,0.7613702870833385,13/07/2019 13:00:00,0,Kawasaki ZX-10RR [2019],World Superbikes,
650,Rider,Toprak Razgatlioglu,42.89744986267824,0.7598242612284514,06/09/2019 13:00:00,0,Kawasaki ZX-10RR [2019],World Superbikes,
650,Rider,Toprak Razgatlioglu,42.9316257015382,0.7583743460168288,27/09/2019 13:00:00,0,Kawasaki ZX-10RR [2019],World Superbikes,
650,Rider,Toprak Razgatlioglu,42.96804924211471,0.7570214706501682,11/10/2019 13:00:00,0,Kawasaki ZX-10RR [2019],World Superbikes,
650,Rider,Toprak Razgatlioglu,43.004228847053945,0.7557595268636602,25/10/2019 13:00:00,0,Kawasaki ZX-10RR [2019],World Superbikes,
650,Rider,Toprak Razgatlioglu,43.04148064777938,0.7545941768492347,28/02/2020 13:00:00,0,Yamaha YZF-R1 [2020],World Superbikes,
650,Rider,Toprak Razgatlioglu,43.078676321386475,0.7535126210924269,31/07/2020 13:00:00,0,Yamaha YZF-R1 [2020],World Superbikes,
650,Rider,Toprak Razgatlioglu,43.11599159858633,0.752518336894417,07/08/2020 13:00:00,0,Yamaha YZF-R1 [2020],World Superbikes,
650,Rider,Toprak Razgatlioglu,43.15230597458429,0.7515962699414078,28/08/2020 13:00:00,0,Yamaha YZF-R1 [2020],World Superbikes,
650,Rider,Toprak Razgatlioglu,43.19013988714761,0.750765068954858,04/09/2020 13:00:00,0,Yamaha YZF-R1 [2020],World Superbikes,
650,Rider,Toprak Razgatlioglu,43.22871742658972,0.7500229411794187,18/09/2020 13:00:00,0,Yamaha YZF-R1 [2020],World Superbikes,
650,Rider,Toprak Razgatlioglu,43.26648746656597,0.749350757407425,02/10/2020 13:00:00,0,Yamaha YZF-R1 [2020],World Superbikes,
650,Rider,Toprak Razgatlioglu,43.30631806014764,0.7487663774732412,16/10/2020 13:00:00,0,Yamaha YZF-R1 [2020],World Superbikes,
650,Rider,Toprak Razgatlioglu,43.34497726511396,0.7482322586269722,21/05/2021 13:00:00,0,Yamaha YZF-R1 [2021],World Superbikes,
650,Rider,Toprak Razgatlioglu,43.38497166187439,0.747791962151735,28/05/2021 13:00:00,0,Yamaha YZF-R1 [2021],World Superbikes,
650,Rider,Toprak Razgatlioglu,43.42457634906749,0.7474347110066317,11/06/2021 13:00:00,0,Yamaha YZF-R1 [2021],World Superbikes,
650,Rider,Toprak Razgatlioglu,43.46327008126449,0.7471514321367553,02/07/2021 13:00:00,0,Yamaha YZF-R1 [2021],World Superbikes,
650,Rider,Toprak Razgatlioglu,43.503911174353085,0.746961062048206,23/07/2021 13:00:00,0,Yamaha YZF-R1 [2021],World Superbikes,
650,Rider,Toprak Razgatlioglu,43.543816750089974,0.7468413146775718,06/08/2021 13:00:00,0,Yamaha YZF-R1 [2021],World Superbikes,
650,Rider,Toprak Razgatlioglu,43.58272490664423,0.7467949984695482,20/08/2021 13:00:00,0,Yamaha YZF-R1 [2021],World Superbikes,
650,Rider,Toprak Razgatlioglu,43.62262032318186,0.7468409037237781,03/09/2021 13:00:00,0,Yamaha YZF-R1 [2021],World Superbikes,
650,Rider,Toprak Razgatlioglu,43.661504975452836,0.7469610075668488,17/09/2021 13:00:00,0,Yamaha YZF-R1 [2021],World Superbikes,
650,Rider,Toprak Razgatlioglu,43.69941062326041,0.7471585498066452,24/09/2021 13:00:00,0,Yamaha YZF-R1 [2021],World Superbikes,
650,Rider,Toprak Razgatlioglu,43.73578901182272,0.7474128179414354,01/10/2021 13:00:00,0,Yamaha YZF-R1 [2021],World Superbikes,
650,Rider,Toprak Razgatlioglu,43.77071942225367,0.747719214281192,16/10/2021 13:00:00,0,Yamaha YZF-R1 [2021],World Superbikes,
650,Rider,Toprak Razgatlioglu,43.80501320200516,0.7481042103356109,19/11/2021 13:00:00,0,Yamaha YZF-R1 [2021],World Superbikes,
650,Rider,Toprak Razgatlioglu,43.83776337779583,0.748542589542213,08/04/2022 13:00:00,0,Yamaha YZF-R1 [2022],World Superbikes,
650,Rider,Toprak Razgatlioglu,43.86915257855969,0.7490338659417779,22/04/2022 13:00:00,0,Yamaha YZF-R1 [2022],World Superbikes,
650,Rider,Toprak Razgatlioglu,43.899156026414566,0.7495800544980393,20/05/2022 13:00:00,0,Yamaha YZF-R1 [2022],World Superbikes,
650,Rider,Toprak Razgatlioglu,43.928505568310456,0.7501974526578337,10/06/2022 13:00:00,0,Yamaha YZF-R1 [2022],World Superbikes,
650,Rider,Toprak Razgatlioglu,43.957146882682835,0.7508901366757317,15/07/2022 13:00:00,0,Yamaha YZF-R1 [2022],World Superbikes,
650,Rider,Toprak Razgatlioglu,43.985673123784096,0.7516670699501405,29/07/2022 13:00:00,0,Yamaha YZF-R1 [2022],World Superbikes,
650,Rider,Toprak Razgatlioglu,44.013581453845816,0.7525177096550949,09/09/2022 13:00:00,0,Yamaha YZF-R1 [2022],World Superbikes,
650,Rider,Toprak Razgatlioglu,44.04093908142003,0.7534419928647689,23/09/2022 13:00:00,0,Yamaha YZF-R1 [2022],World Superbikes,
650,Rider,Toprak Razgatlioglu,44.069571757617936,0.7544597852131495,07/10/2022 13:00:00,0,Yamaha YZF-R1 [2022],World Superbikes,
650,Rider,Toprak Razgatlioglu,44.09754643287853,0.7555517195155413,22/10/2022 13:00:00,0,Yamaha YZF-R1 [2022],World Superbikes,
650,Rider,Toprak Razgatlioglu,44.12417225066704,0.7566961778656198,11/11/2022 13:00:00,0,Yamaha YZF-R1 [2022],World Superbikes,
650,Rider,Toprak Razgatlioglu,44.14939016102079,0.7578948840929115,18/11/2022 13:00:00,0,Yamaha YZF-R1 [2022],World Superbikes,
650,Rider,Toprak Razgatlioglu,44.174856125389645,0.7591804512137476,24/02/2023 13:00:00,0,Yamaha YZF-R1 [2023],World Superbikes,
650,Rider,Toprak Razgatlioglu,44.19877495802274,0.7605266721892082,03/03/2023 13:00:00,0,Yamaha YZF-R1 [2023],World Superbikes,
650,Rider,Toprak Razgatlioglu,44.221200528332766,0.7619337315495202,21/04/2023 13:00:00,0,Yamaha YZF-R1 [2023],World Superbikes,
650,Rider,Toprak Razgatlioglu,44.24316819121592,0.7634296722705738,05/05/2023 13:00:00,0,Yamaha YZF-R1 [2023],World Superbikes,
650,Rider,Toprak Razgatlioglu,44.26600916565196,0.7650241563292166,02/06/2023 13:00:00,0,Yamaha YZF-R1 [2023],World Superbikes,
650,Rider,Toprak Razgatlioglu,44.28802645306674,0.7667015500254286,30/06/2023 13:00:00,0,Yamaha YZF-R1 [2023],World Superbikes,
650,Rider,Toprak Razgatlioglu,44.30991485074111,0.768472473132808,14/07/2023 13:00:00,0,Yamaha YZF-R1 [2023],World Superbikes,
650,Rider,Toprak Razgatlioglu,44.3304016354563,0.7703050198007995,28/07/2023 13:00:00,0,Yamaha YZF-R1 [2023],World Superbikes,
650,Rider,Toprak Razgatlioglu,44.34945781311622,0.7721988367859917,08/09/2023 13:00:00,0,Yamaha YZF-R1 [2023],World Superbikes,
650,Rider,Toprak Razgatlioglu,44.36855735946301,0.7741901016141354,22/09/2023 13:00:00,0,Yamaha YZF-R1 [2023],World Superbikes,
650,Rider,Toprak Razgatlioglu,44.38735478296844,0.7762707166078994,29/09/2023 13:00:00,0,Yamaha YZF-R1 [2023],World Superbikes,
650,Rider,Toprak Razgatlioglu,44.406127046175676,0.7784484856574543,27/10/2023 13:00:00,0,Yamaha YZF-R1 [2023],World Superbikes,
650,Rider,Toprak Razgatlioglu,44.42564279212148,0.7807284279536497,23/02/2024 13:00:00,0,BMW M 1000 RR [2024],World Superbikes,
650,Rider,Toprak Razgatlioglu,44.44547196334247,0.7831087469753762,22/03/2024 13:00:00,0,BMW M 1000 RR [2024],World Superbikes,
650,Rider,Toprak Razgatlioglu,44.46360857269593,0.785554377431719,19/04/2024 13:00:00,0,BMW M 1000 RR [2024],World Superbikes,
650,Rider,Toprak Razgatlioglu,44.48125962889663,0.7880903452060649,14/06/2024 13:00:00,0,BMW M 1000 RR [2024],World Superbikes,
650,Rider,Toprak Razgatlioglu,44.49728688772284,0.7906912419604264,12/07/2024 13:00:00,0,BMW M 1000 RR [2024],World Superbikes,
650,Rider,Toprak Razgatlioglu,44.5115912674866,0.7933593084402324,19/07/2024 13:00:00,0,BMW M 1000 RR [2024],World Superbikes,
650,Rider,Toprak Razgatlioglu,44.52437346899388,0.796097257855089,10/08/2024 13:00:00,0,BMW M 1000 RR [2024],World Superbikes,
650,Rider,Toprak Razgatlioglu,44.535642519813685,0.7989039207831578,27/09/2024 13:00:00,0,BMW M 1000 RR [2024],World Superbikes,
650,Rider,Toprak Razgatlioglu,44.54708362460968,0.8018154519576259,11/10/2024 13:00:00,0,BMW M 1000 RR [2024],World Superbikes,
650,Rider,Toprak Razgatlioglu,44.557117575140964,0.8047964923646181,18/10/2024 13:00:00,0,BMW M 1000 RR [2024],World Superbikes,
650,Rider,Toprak Razgatlioglu,44.56620142158313,0.8078631101699488,21/02/2025 13:00:00,0,BMW M 1000 RR [2025],World Superbikes,
650,Rider,Toprak Razgatlioglu,44.57460169690713,0.8110128160323552,28/03/2025 13:00:00,0,BMW M 1000 RR [2025],World Superbikes,
650,Rider,Toprak Razgatlioglu,44.581596450558536,0.8142244192401373,11/04/2025 13:00:00,0,BMW M 1000 RR [2025],World Superbikes,
650,Rider,Toprak Razgatlioglu,44.5885646703761,0.8175318602084682,02/05/2025 13:00:00,0,BMW M 1000 RR [2025],World Superbikes,
650,Rider,Toprak Razgatlioglu,44.59542508411559,0.8209372059885877,16/05/2025 13:00:00,0,BMW M 1000 RR [2025],World Superbikes,
650,Rider,Toprak Razgatlioglu,44.6009158455262,0.824405672330672,13/06/2025 13:00:00,0,BMW M 1000 RR [2025],World Superbikes,
650,Rider,Toprak Razgatlioglu,44.60586274790192,0.8279603588005207,11/07/2025 13:00:00,0,BMW M 1000 RR [2025],World Superbikes,
650,Rider,Toprak Razgatlioglu,44.60934108184907,0.8315825975501151,25/07/2025 13:00:00,0,BMW M 1000 RR [2025],World Superbikes,
650,Rider,Toprak Razgatlioglu,44.61165030742004,0.8352720580618599,05/09/2025 13:00:00,0,BMW M 1000 RR [2025],World Superbikes,
650,Rider,Toprak Razgatlioglu,44.61248669403179,0.8390300519468581,26/09/2025 13:00:00,0,BMW M 1000 RR [2025],World Superbikes,
650,Rider,Toprak Razgatlioglu,44.61259795685556,0.8428784772556134,10/10/2025 13:00:00,0,BMW M 1000 RR [2025],World Superbikes,
650,Rider,Toprak Razgatlioglu,44.61132792618994,0.8467937334558944,17/10/2025 13:00:00,0,BMW M 1000 RR [2025],World Superbikes,
651,Bike,Kawasaki ZX-10RR [2018],18.492064497858017,1.374120047212219,23/02/2018 13:00:00,0,,World Superbikes,
651,Bike,Kawasaki ZX-10RR [2018],18.4914763960268,1.3719296825252227,23/02/2018 13:00:00,1,,World Superbikes,
651,Bike,Kawasaki ZX-10RR [2018],18.491374772968797,1.369938204754076,23/03/2018 13:00:00,0,,World Superbikes,
651,Bike,Kawasaki ZX-10RR [2018],18.49119816240498,1.3681266252127589,23/03/2018 13:00:00,1,,World Superbikes,
651,Bike,Kawasaki ZX-10RR [2018],18.491357709625696,1.3664828253671624,13/04/2018 13:00:00,0,,World Superbikes,
651,Bike,Kawasaki ZX-10RR [2018],18.491311612528662,1.3650317193591204,13/04/2018 13:00:00,1,,World Superbikes,
651,Bike,Kawasaki ZX-10RR [2018],18.49151539092241,1.3637403878057626,20/04/2018 13:00:00,0,,World Superbikes,
651,Bike,Kawasaki ZX-10RR [2018],18.490996274687603,1.3626179565824252,20/04/2018 13:00:00,1,,World Superbikes,
651,Bike,Kawasaki ZX-10RR [2018],18.491605588737123,1.3617073830890596,11/05/2018 13:00:00,0,,World Superbikes,
651,Bike,Kawasaki ZX-10RR [2018],18.492685592929792,1.3609777888251413,11/05/2018 13:00:00,1,,World Superbikes,
651,Bike,Kawasaki ZX-10RR [2018],18.49376177646231,1.360423769441342,25/05/2018 13:00:00,0,,World Superbikes,
651,Bike,Kawasaki ZX-10RR [2018],18.494676929302514,1.360032802078246,25/05/2018 13:00:00,1,,World Superbikes,
651,Bike,Kawasaki ZX-10RR [2018],18.495810104481567,1.3598327054802526,08/06/2018 13:00:00,0,,World Superbikes,
651,Bike,Kawasaki ZX-10RR [2018],18.496353907332715,1.3598362447189938,08/06/2018 13:00:00,1,,World Superbikes,
651,Bike,Kawasaki ZX-10RR [2018],18.4965688691858,1.3599845975051994,23/06/2018 13:00:00,0,,World Superbikes,
651,Bike,Kawasaki ZX-10RR [2018],18.497254164676917,1.3603162537537923,23/06/2018 13:00:00,1,,World Superbikes,
651,Bike,Kawasaki ZX-10RR [2018],18.49784599259192,1.3608522435702084,06/07/2018 13:00:00,0,,World Superbikes,
651,Bike,Kawasaki ZX-10RR [2018],18.498169221567107,1.3615968499930038,06/07/2018 13:00:00,1,,World Superbikes,
651,Bike,Kawasaki ZX-10RR [2018],18.497690824171674,1.3625078059848859,14/09/2018 13:00:00,0,,World Superbikes,
651,Bike,Kawasaki ZX-10RR [2018],18.49717368806177,1.363618571829116,14/09/2018 13:00:00,1,,World Superbikes,
651,Bike,Kawasaki ZX-10RR [2018],18.497581964664725,1.3649412662567784,28/09/2018 13:00:00,0,,World Superbikes,
651,Bike,Kawasaki ZX-10RR [2018],18.497772118439777,1.3664583322202335,28/09/2018 13:00:00,1,,World Superbikes,
651,Bike,Kawasaki ZX-10RR [2018],18.49795795899246,1.3681594332538398,12/10/2018 13:00:00,0,,World Superbikes,
651,Bike,Kawasaki ZX-10RR [2018],18.498301608975943,1.369989576559899,12/10/2018 13:00:00,1,,World Superbikes,
651,Bike,Kawasaki ZX-10RR [2018],18.499069119874495,1.3720083819230462,26/10/2018 13:00:00,0,,World Superbikes,
651,Bike,Kawasaki ZX-10RR [2018],18.499592797775133,1.374211457723977,26/10/2018 13:00:00,1,,World Superbikes,
652,Bike,Honda CBR1000RR [2018],20.036395815101642,1.4373258414055217,23/02/2018 13:00:00,0,,World Superbikes,
652,Bike,Honda CBR1000RR [2018],20.036257068342465,1.435222395873584,23/02/2018 13:00:00,1,,World Superbikes,
652,Bike,Honda CBR1000RR [2018],20.037171541773944,1.4333320176854234,23/03/2018 13:00:00,0,,World Superbikes,
652,Bike,Honda CBR1000RR [2018],20.037880057521107,1.431637140108069,23/03/2018 13:00:00,1,,World Superbikes,
652,Bike,Honda CBR1000RR [2018],20.037003723867237,1.4301661433487975,13/04/2018 13:00:00,0,,World Superbikes,
652,Bike,Honda CBR1000RR [2018],20.035062089667797,1.4289074639280057,13/04/2018 13:00:00,1,,World Superbikes,
652,Bike,Honda CBR1000RR [2018],20.03373416387919,1.4278794139175393,20/04/2018 13:00:00,0,,World Superbikes,
652,Bike,Honda CBR1000RR [2018],20.031569248264933,1.4270533893058461,11/05/2018 13:00:00,0,,World Superbikes,
652,Bike,Honda CBR1000RR [2018],20.02951755866071,1.426421291441821,25/05/2018 13:00:00,0,,World Superbikes,
652,Bike,Honda CBR1000RR [2018],20.027375827950078,1.4260076937959678,08/06/2018 13:00:00,0,,World Superbikes,
652,Bike,Honda CBR1000RR [2018],20.025639589178716,1.4257888775849887,08/06/2018 13:00:00,1,,World Superbikes,
652,Bike,Honda CBR1000RR [2018],20.024809028628017,1.4257886379077858,23/06/2018 13:00:00,0,,World Superbikes,
652,Bike,Honda CBR1000RR [2018],20.02456301102992,1.425985136152861,23/06/2018 13:00:00,1,,World Superbikes,
652,Bike,Honda CBR1000RR [2018],20.02406800977545,1.4264149207111665,06/07/2018 13:00:00,0,,World Superbikes,
652,Bike,Honda CBR1000RR [2018],20.023769396032005,1.4270581746961697,06/07/2018 13:00:00,1,,World Superbikes,
652,Bike,Honda CBR1000RR [2018],20.024216906882188,1.4279281225658687,14/09/2018 13:00:00,0,,World Superbikes,
652,Bike,Honda CBR1000RR [2018],20.024385619005997,1.4290047814743079,28/09/2018 13:00:00,0,,World Superbikes,
652,Bike,Honda CBR1000RR [2018],20.023390404491117,1.4302711930286076,28/09/2018 13:00:00,1,,World Superbikes,
652,Bike,Honda CBR1000RR [2018],20.02344579992044,1.4317575842195989,12/10/2018 13:00:00,0,,World Superbikes,
652,Bike,Honda CBR1000RR [2018],20.022950611796823,1.4334186049260749,12/10/2018 13:00:00,1,,World Superbikes,
652,Bike,Honda CBR1000RR [2018],20.023289342709205,1.4352964223145936,26/10/2018 13:00:00,0,,World Superbikes,
652,Bike,Honda CBR1000RR [2018],20.023248428110048,1.4373335882730485,26/10/2018 13:00:00,1,,World Superbikes,
653,Bike,BMW S1000 RR [2018],18.83017521416195,1.6291957002710933,23/02/2018 13:00:00,0,,World Superbikes,
653,Bike,BMW S1000 RR [2018],18.83010566092551,1.6274745633947072,23/03/2018 13:00:00,0,,World Superbikes,
653,Bike,BMW S1000 RR [2018],18.83118184784456,1.62599884114826,13/04/2018 13:00:00,0,,World Superbikes,
653,Bike,BMW S1000 RR [2018],18.834344325606057,1.6247733463558165,20/04/2018 13:00:00,0,,World Superbikes,
653,Bike,BMW S1000 RR [2018],18.837002398725787,1.6237506733046847,20/04/2018 13:00:00,1,,World Superbikes,
653,Bike,BMW S1000 RR [2018],18.84025900963033,1.6229914906039984,11/05/2018 13:00:00,0,,World Superbikes,
653,Bike,BMW S1000 RR [2018],18.842889494818827,1.622466956729065,25/05/2018 13:00:00,1,,World Superbikes,
653,Bike,BMW S1000 RR [2018],18.84382443228462,1.6221983945417549,08/06/2018 13:00:00,1,,World Superbikes,
653,Bike,BMW S1000 RR [2018],18.84489717923822,1.6221950142647015,23/06/2018 13:00:00,0,,World Superbikes,
653,Bike,BMW S1000 RR [2018],18.84537428552657,1.62241472906596,23/06/2018 13:00:00,1,,World Superbikes,
653,Bike,BMW S1000 RR [2018],18.8476889779976,1.6228404655533177,06/07/2018 13:00:00,1,,World Superbikes,
653,Bike,BMW S1000 RR [2018],18.849471527209733,1.623536336342478,14/09/2018 13:00:00,0,,World Superbikes,
653,Bike,BMW S1000 RR [2018],18.850422291083262,1.624459653517757,14/09/2018 13:00:00,1,,World Superbikes,
653,Bike,BMW S1000 RR [2018],18.85135705410296,1.625654006825486,28/09/2018 13:00:00,1,,World Superbikes,
653,Bike,BMW S1000 RR [2018],18.8523201880641,1.6271210528338758,12/10/2018 13:00:00,0,,World Superbikes,
653,Bike,BMW S1000 RR [2018],18.853234059946114,1.628815165848825,26/10/2018 13:00:00,1,,World Superbikes,
654,Rider,Wayne Maxwell,28.20789910968042,4.429222261323152,23/02/2018 13:00:00,0,Yamaha YZF-R1 [2018],World Superbikes,
655,Bike,Yamaha YZF-R1 [2018],15.749490124050206,1.397257910188832,23/02/2018 13:00:00,0,,World Superbikes,
655,Bike,Yamaha YZF-R1 [2018],15.748506651952411,1.395056483842019,23/02/2018 13:00:00,1,,World Superbikes,
655,Bike,Yamaha YZF-R1 [2018],15.746745129842555,1.393082652542095,23/03/2018 13:00:00,0,,World Superbikes,
655,Bike,Yamaha YZF-R1 [2018],15.74583255110063,1.39122540119686,23/03/2018 13:00:00,1,,World Superbikes,
655,Bike,Yamaha YZF-R1 [2018],15.744832188288392,1.389596855576088,13/04/2018 13:00:00,0,,World Superbikes,
655,Bike,Yamaha YZF-R1 [2018],15.744587424343036,1.3880802736833215,13/04/2018 13:00:00,1,,World Superbikes,
655,Bike,Yamaha YZF-R1 [2018],15.743812491850122,1.3867888601212481,20/04/2018 13:00:00,0,,World Superbikes,
655,Bike,Yamaha YZF-R1 [2018],15.742777951885424,1.3856576316342093,20/04/2018 13:00:00,1,,World Superbikes,
655,Bike,Yamaha YZF-R1 [2018],15.740202968638005,1.3847310976322131,11/05/2018 13:00:00,0,,World Superbikes,
655,Bike,Yamaha YZF-R1 [2018],15.736614392654701,1.3839784177447318,11/05/2018 13:00:00,1,,World Superbikes,
655,Bike,Yamaha YZF-R1 [2018],15.734225699832995,1.3834170555016523,25/05/2018 13:00:00,0,,World Superbikes,
655,Bike,Yamaha YZF-R1 [2018],15.731545474320354,1.3830585092351682,25/05/2018 13:00:00,1,,World Superbikes,
655,Bike,Yamaha YZF-R1 [2018],15.727994605443747,1.3829294808723325,08/06/2018 13:00:00,0,,World Superbikes,
655,Bike,Yamaha YZF-R1 [2018],15.725097296351535,1.3829067658267686,08/06/2018 13:00:00,1,,World Superbikes,
655,Bike,Yamaha YZF-R1 [2018],15.721247642947892,1.3831053230421877,23/06/2018 13:00:00,0,,World Superbikes,
655,Bike,Yamaha YZF-R1 [2018],15.716579729613581,1.3834439308207658,23/06/2018 13:00:00,1,,World Superbikes,
655,Bike,Yamaha YZF-R1 [2018],15.711586806455037,1.384005896021728,06/07/2018 13:00:00,0,,World Superbikes,
655,Bike,Yamaha YZF-R1 [2018],15.706201456041756,1.384738522213455,06/07/2018 13:00:00,1,,World Superbikes,
655,Bike,Yamaha YZF-R1 [2018],15.702253128556315,1.3856656305066886,14/09/2018 13:00:00,0,,World Superbikes,
655,Bike,Yamaha YZF-R1 [2018],15.700805854241313,1.3867753664665414,14/09/2018 13:00:00,1,,World Superbikes,
655,Bike,Yamaha YZF-R1 [2018],15.699673846820364,1.3880879183232446,28/09/2018 13:00:00,0,,World Superbikes,
655,Bike,Yamaha YZF-R1 [2018],15.700937145178973,1.3895959187702362,28/09/2018 13:00:00,1,,World Superbikes,
655,Bike,Yamaha YZF-R1 [2018],15.702077331560051,1.391329903220338,12/10/2018 13:00:00,0,,World Superbikes,
655,Bike,Yamaha YZF-R1 [2018],15.703595796024356,1.393245264960775,12/10/2018 13:00:00,1,,World Superbikes,
655,Bike,Yamaha YZF-R1 [2018],15.705463736921411,1.395368793882807,26/10/2018 13:00:00,1,,World Superbikes,
656,Rider,Yonny Hernández,26.178891035211688,2.105150514617363,23/02/2018 13:00:00,0,Kawasaki ZX-10RR [2018],World Superbikes,
656,Rider,Yonny Hernández,26.179274495430356,2.1040307215767684,23/03/2018 13:00:00,0,Kawasaki ZX-10RR [2018],World Superbikes,
656,Rider,Yonny Hernández,26.18049021733459,2.1031797341165848,13/04/2018 13:00:00,0,Kawasaki ZX-10RR [2018],World Superbikes,
656,Rider,Yonny Hernández,26.182373758157574,2.1026024206626976,20/04/2018 13:00:00,0,Kawasaki ZX-10RR [2018],World Superbikes,
656,Rider,Yonny Hernández,26.184328926851258,2.102312429968225,11/05/2018 13:00:00,0,Kawasaki ZX-10RR [2018],World Superbikes,
656,Rider,Yonny Hernández,26.187455205678702,2.1023174985162534,08/06/2018 13:00:00,0,Kawasaki ZX-10RR [2018],World Superbikes,
656,Rider,Yonny Hernández,26.188202152572444,2.102621034306403,08/06/2018 13:00:00,1,Kawasaki ZX-10RR [2018],World Superbikes,
656,Rider,Yonny Hernández,26.189580067961764,2.1030932527467012,23/06/2018 13:00:00,0,Kawasaki ZX-10RR [2018],World Superbikes,
656,Rider,Yonny Hernández,26.19096134261481,2.1038784464196594,06/07/2018 13:00:00,0,Kawasaki ZX-10RR [2018],World Superbikes,
656,Rider,Yonny Hernández,26.19121328368927,2.104995371142661,14/09/2018 13:00:00,0,Kawasaki ZX-10RR [2018],World Superbikes,
657,Rider,Troy Herfoss,21.599787827468404,4.088996493588704,23/02/2018 13:00:00,0,Honda CBR1000RR [2018],World Superbikes,
657,Rider,Troy Herfoss,21.599577529539545,4.089170747190865,22/02/2019 13:00:00,0,Honda CBR1000RR SP2 [2019],World Superbikes,
658,Rider,Daniel Falzon,22.851117324814442,4.515160359874201,23/02/2018 13:00:00,0,Yamaha YZF-R1 [2018],World Superbikes,
659,Rider,PJ Patrick Jacobsen,25.01417576793416,1.948810422977985,23/02/2018 13:00:00,0,Honda CBR1000RR [2018],World Superbikes,
659,Rider,PJ Patrick Jacobsen,25.0163827993818,1.947456629702698,23/03/2018 13:00:00,0,Honda CBR1000RR [2018],World Superbikes,
659,Rider,PJ Patrick Jacobsen,25.018845484086167,1.9463721692254232,13/04/2018 13:00:00,0,Honda CBR1000RR [2018],World Superbikes,
659,Rider,PJ Patrick Jacobsen,25.02059262173659,1.9455910546792503,20/04/2018 13:00:00,0,Honda CBR1000RR [2018],World Superbikes,
659,Rider,PJ Patrick Jacobsen,25.02150276956136,1.9451013756867508,11/05/2018 13:00:00,0,Honda CBR1000RR [2018],World Superbikes,
659,Rider,PJ Patrick Jacobsen,25.022021978848084,1.9449080506731338,25/05/2018 13:00:00,0,Honda CBR1000RR [2018],World Superbikes,
659,Rider,PJ Patrick Jacobsen,25.022194257475398,1.9450318501027768,08/06/2018 13:00:00,0,Honda CBR1000RR [2018],World Superbikes,
659,Rider,PJ Patrick Jacobsen,25.022013193917722,1.9454517435172733,23/06/2018 13:00:00,0,Honda CBR1000RR [2018],World Superbikes,
659,Rider,PJ Patrick Jacobsen,25.022760385818184,1.9461429425017254,06/07/2018 13:00:00,0,Honda CBR1000RR [2018],World Superbikes,
659,Rider,PJ Patrick Jacobsen,25.023126107144485,1.9471422246417167,14/09/2018 13:00:00,0,Honda CBR1000RR [2018],World Superbikes,
659,Rider,PJ Patrick Jacobsen,25.023543343987555,1.948433649179833,28/09/2018 13:00:00,0,Honda CBR1000RR [2018],World Superbikes,
660,Bike,Aprilia RSV4 RF [2018],24.25768757470066,1.496937867446486,23/02/2018 13:00:00,1,,World Superbikes,
660,Bike,Aprilia RSV4 RF [2018],24.257532600443504,1.4949960033443421,23/03/2018 13:00:00,0,,World Superbikes,
660,Bike,Aprilia RSV4 RF [2018],24.256094808054907,1.4932007367239164,23/03/2018 13:00:00,1,,World Superbikes,
660,Bike,Aprilia RSV4 RF [2018],24.255827090788102,1.4916455725815987,13/04/2018 13:00:00,0,,World Superbikes,
660,Bike,Aprilia RSV4 RF [2018],24.25713840413299,1.4903292847575351,13/04/2018 13:00:00,1,,World Superbikes,
660,Bike,Aprilia RSV4 RF [2018],24.259737853026365,1.489243711693329,20/04/2018 13:00:00,0,,World Superbikes,
660,Bike,Aprilia RSV4 RF [2018],24.265172131969827,1.4883830730870882,20/04/2018 13:00:00,1,,World Superbikes,
660,Bike,Aprilia RSV4 RF [2018],24.26969612462034,1.4877635884973492,11/05/2018 13:00:00,0,,World Superbikes,
660,Bike,Aprilia RSV4 RF [2018],24.27418029971312,1.4873442171738287,11/05/2018 13:00:00,1,,World Superbikes,
660,Bike,Aprilia RSV4 RF [2018],24.279292838269285,1.4871682300846814,25/05/2018 13:00:00,1,,World Superbikes,
660,Bike,Aprilia RSV4 RF [2018],24.28431839872737,1.4872362336421099,08/06/2018 13:00:00,0,,World Superbikes,
660,Bike,Aprilia RSV4 RF [2018],24.28882617080233,1.4874149219900623,08/06/2018 13:00:00,1,,World Superbikes,
660,Bike,Aprilia RSV4 RF [2018],24.29355624543455,1.4878332489492319,23/06/2018 13:00:00,1,,World Superbikes,
660,Bike,Aprilia RSV4 RF [2018],24.298055224252007,1.4884893139032105,06/07/2018 13:00:00,1,,World Superbikes,
660,Bike,Aprilia RSV4 RF [2018],24.302034749860383,1.489377850831604,14/09/2018 13:00:00,0,,World Superbikes,
660,Bike,Aprilia RSV4 RF [2018],24.30468280849915,1.490426645421928,14/09/2018 13:00:00,1,,World Superbikes,
660,Bike,Aprilia RSV4 RF [2018],24.30595830738756,1.4916829948957522,28/09/2018 13:00:00,0,,World Superbikes,
660,Bike,Aprilia RSV4 RF [2018],24.307870031385864,1.4931491803431285,28/09/2018 13:00:00,1,,World Superbikes,
660,Bike,Aprilia RSV4 RF [2018],24.308502755734423,1.494842375006807,12/10/2018 13:00:00,1,,World Superbikes,
660,Bike,Aprilia RSV4 RF [2018],24.308943783936954,1.49677028471698,26/10/2018 13:00:00,1,,World Superbikes,
661,Bike,Ducati 1199 Panigale R [2018],20.780728839485445,1.5077605493742394,23/02/2018 13:00:00,1,,World Superbikes,
661,Bike,Ducati 1199 Panigale R [2018],20.77953467251015,1.5058551125870114,23/03/2018 13:00:00,1,,World Superbikes,
661,Bike,Ducati 1199 Panigale R [2018],20.77829330001259,1.5042011470666115,13/04/2018 13:00:00,0,,World Superbikes,
661,Bike,Ducati 1199 Panigale R [2018],20.775789829873965,1.502717184817744,13/04/2018 13:00:00,1,,World Superbikes,
661,Bike,Ducati 1199 Panigale R [2018],20.772957158271996,1.5014525392235778,20/04/2018 13:00:00,1,,World Superbikes,
661,Bike,Ducati 1199 Panigale R [2018],20.77012709320555,1.5004187668827187,11/05/2018 13:00:00,1,,World Superbikes,
661,Bike,Ducati 1199 Panigale R [2018],20.766528907626085,1.4996263200702522,25/05/2018 13:00:00,0,,World Superbikes,
661,Bike,Ducati 1199 Panigale R [2018],20.763411778448237,1.499062574081958,25/05/2018 13:00:00,1,,World Superbikes,
661,Bike,Ducati 1199 Panigale R [2018],20.761712743235627,1.4987221045844814,08/06/2018 13:00:00,0,,World Superbikes,
661,Bike,Ducati 1199 Panigale R [2018],20.759699045422934,1.4986102211503334,08/06/2018 13:00:00,1,,World Superbikes,
661,Bike,Ducati 1199 Panigale R [2018],20.75815305387494,1.4987232922152927,23/06/2018 13:00:00,1,,World Superbikes,
661,Bike,Ducati 1199 Panigale R [2018],20.756210977643843,1.4990629963685902,06/07/2018 13:00:00,0,,World Superbikes,
661,Bike,Ducati 1199 Panigale R [2018],20.75683607656787,1.499628632654654,06/07/2018 13:00:00,1,,World Superbikes,
661,Bike,Ducati 1199 Panigale R [2018],20.75727811669659,1.5004395972075484,14/09/2018 13:00:00,0,,World Superbikes,
661,Bike,Ducati 1199 Panigale R [2018],20.758334968285652,1.5014770658258463,14/09/2018 13:00:00,1,,World Superbikes,
661,Bike,Ducati 1199 Panigale R [2018],20.75918040343613,1.5027510176781886,28/09/2018 13:00:00,1,,World Superbikes,
661,Bike,Ducati 1199 Panigale R [2018],20.76014063418319,1.504261688355027,12/10/2018 13:00:00,1,,World Superbikes,
661,Bike,Ducati 1199 Panigale R [2018],20.7601525571737,1.5059961950922964,26/10/2018 13:00:00,0,,World Superbikes,
661,Bike,Ducati 1199 Panigale R [2018],20.759909120669565,1.5079145872222364,26/10/2018 13:00:00,1,,World Superbikes,
662,Rider,Michael Ruben Rinaldi,34.22079906393049,0.8303584344484716,13/04/2018 13:00:00,0,Ducati 1199 Panigale R [2018],World Superbikes,
662,Rider,Michael Ruben Rinaldi,34.22045904619581,0.8263425356134123,13/04/2018 13:00:00,1,Ducati 1199 Panigale R [2018],World Superbikes,
662,Rider,Michael Ruben Rinaldi,34.220335733947756,0.8224367896401765,20/04/2018 13:00:00,1,Ducati 1199 Panigale R [2018],World Superbikes,
662,Rider,Michael Ruben Rinaldi,34.22175363899695,0.8186091161291149,11/05/2018 13:00:00,1,Ducati 1199 Panigale R [2018],World Superbikes,
662,Rider,Michael Ruben Rinaldi,34.22307960663844,0.8148909338616538,25/05/2018 13:00:00,0,Ducati 1199 Panigale R [2018],World Superbikes,
662,Rider,Michael Ruben Rinaldi,34.22467050750645,0.8112764804970058,08/06/2018 13:00:00,1,Ducati 1199 Panigale R [2018],World Superbikes,
662,Rider,Michael Ruben Rinaldi,34.22764028606063,0.8077498287000292,06/07/2018 13:00:00,0,Ducati 1199 Panigale R [2018],World Superbikes,
662,Rider,Michael Ruben Rinaldi,34.23317723976993,0.8043194961410146,14/09/2018 13:00:00,1,Ducati 1199 Panigale R [2018],World Superbikes,
662,Rider,Michael Ruben Rinaldi,34.239604597085844,0.8009855996725511,28/09/2018 13:00:00,1,Ducati 1199 Panigale R [2018],World Superbikes,
662,Rider,Michael Ruben Rinaldi,34.24575677260918,0.7977580886131234,22/02/2019 13:00:00,0,Ducati Panigale V4 R [2019],World Superbikes,
662,Rider,Michael Ruben Rinaldi,34.25136559141382,0.7946368410850256,15/03/2019 13:00:00,0,Ducati Panigale V4 R [2019],World Superbikes,
662,Rider,Michael Ruben Rinaldi,34.25835637452209,0.7916137526758303,05/04/2019 13:00:00,0,Ducati Panigale V4 R [2019],World Superbikes,
662,Rider,Michael Ruben Rinaldi,34.26401131958806,0.7886946400652379,12/04/2019 13:00:00,0,Ducati Panigale V4 R [2019],World Superbikes,
662,Rider,Michael Ruben Rinaldi,34.27151168505327,0.785863820654187,10/05/2019 13:00:00,0,Ducati Panigale V4 R [2019],World Superbikes,
662,Rider,Michael Ruben Rinaldi,34.280935483242125,0.7831269918019027,07/06/2019 13:00:00,0,Ducati Panigale V4 R [2019],World Superbikes,
662,Rider,Michael Ruben Rinaldi,34.29020550114291,0.780492443493604,21/06/2019 13:00:00,0,Ducati Panigale V4 R [2019],World Superbikes,
662,Rider,Michael Ruben Rinaldi,34.298680424686026,0.777958985677561,05/07/2019 13:00:00,0,Ducati Panigale V4 R [2019],World Superbikes,
662,Rider,Michael Ruben Rinaldi,34.30856618010697,0.7755180885969876,13/07/2019 13:00:00,0,Ducati Panigale V4 R [2019],World Superbikes,
662,Rider,Michael Ruben Rinaldi,34.31910749027247,0.7731768312735616,06/09/2019 13:00:00,0,Ducati Panigale V4 R [2019],World Superbikes,
662,Rider,Michael Ruben Rinaldi,34.32967225021636,0.770936821340026,27/09/2019 13:00:00,0,Ducati Panigale V4 R [2019],World Superbikes,
662,Rider,Michael Ruben Rinaldi,34.33876558573118,0.7687939394453897,11/10/2019 13:00:00,0,Ducati Panigale V4 R [2019],World Superbikes,
662,Rider,Michael Ruben Rinaldi,34.346847984239076,0.7667496778352737,25/10/2019 13:00:00,0,Ducati Panigale V4 R [2019],World Superbikes,
662,Rider,Michael Ruben Rinaldi,34.35581028623851,0.7648036545501785,28/02/2020 13:00:00,0,Ducati Panigale V4 R [2020],World Superbikes,
662,Rider,Michael Ruben Rinaldi,34.365307639404385,0.7629477862062493,31/07/2020 13:00:00,0,Ducati Panigale V4 R [2020],World Superbikes,
662,Rider,Michael Ruben Rinaldi,34.37423657672361,0.7611852887820686,07/08/2020 13:00:00,0,Ducati Panigale V4 R [2020],World Superbikes,
662,Rider,Michael Ruben Rinaldi,34.38208351178168,0.7595143815898113,28/08/2020 13:00:00,0,Ducati Panigale V4 R [2020],World Superbikes,
662,Rider,Michael Ruben Rinaldi,34.38848819927296,0.7579335546162108,04/09/2020 13:00:00,0,Ducati Panigale V4 R [2020],World Superbikes,
662,Rider,Michael Ruben Rinaldi,34.392464003909254,0.7564326028190057,18/09/2020 13:00:00,0,Ducati Panigale V4 R [2020],World Superbikes,
662,Rider,Michael Ruben Rinaldi,34.3951549507038,0.755020125913034,02/10/2020 13:00:00,0,Ducati Panigale V4 R [2020],World Superbikes,
662,Rider,Michael Ruben Rinaldi,34.39686875166175,0.753697486857285,16/10/2020 13:00:00,0,Ducati Panigale V4 R [2020],World Superbikes,
662,Rider,Michael Ruben Rinaldi,34.397312140365,0.7524641677295891,21/05/2021 13:00:00,0,Ducati Panigale V4 R [2021],World Superbikes,
662,Rider,Michael Ruben Rinaldi,34.3975512110913,0.7513262192573124,28/05/2021 13:00:00,0,Ducati Panigale V4 R [2021],World Superbikes,
662,Rider,Michael Ruben Rinaldi,34.397092364487804,0.7502818440338804,11/06/2021 13:00:00,0,Ducati Panigale V4 R [2021],World Superbikes,
662,Rider,Michael Ruben Rinaldi,34.39523413407307,0.7493264447106731,02/07/2021 13:00:00,0,Ducati Panigale V4 R [2021],World Superbikes,
662,Rider,Michael Ruben Rinaldi,34.39297744876925,0.7484662894898981,23/07/2021 13:00:00,0,Ducati Panigale V4 R [2021],World Superbikes,
662,Rider,Michael Ruben Rinaldi,34.38958653654279,0.7476933533916955,06/08/2021 13:00:00,0,Ducati Panigale V4 R [2021],World Superbikes,
662,Rider,Michael Ruben Rinaldi,34.38595845722598,0.7470130527664881,20/08/2021 13:00:00,0,Ducati Panigale V4 R [2021],World Superbikes,
662,Rider,Michael Ruben Rinaldi,34.383264961081245,0.74642430195025,03/09/2021 13:00:00,0,Ducati Panigale V4 R [2021],World Superbikes,
662,Rider,Michael Ruben Rinaldi,34.38002024991342,0.7459275236148807,17/09/2021 13:00:00,0,Ducati Panigale V4 R [2021],World Superbikes,
662,Rider,Michael Ruben Rinaldi,34.37652041808006,0.7455223102568752,24/09/2021 13:00:00,0,Ducati Panigale V4 R [2021],World Superbikes,
662,Rider,Michael Ruben Rinaldi,34.37198711797959,0.7452052173466852,01/10/2021 13:00:00,0,Ducati Panigale V4 R [2021],World Superbikes,
662,Rider,Michael Ruben Rinaldi,34.367988675084526,0.7449788237216232,16/10/2021 13:00:00,0,Ducati Panigale V4 R [2021],World Superbikes,
662,Rider,Michael Ruben Rinaldi,34.36408833002417,0.7448440992119616,19/11/2021 13:00:00,0,Ducati Panigale V4 R [2021],World Superbikes,
662,Rider,Michael Ruben Rinaldi,34.36224130980685,0.7447967408313878,08/04/2022 13:00:00,0,Ducati Panigale V4 R [2022],World Superbikes,
662,Rider,Michael Ruben Rinaldi,34.359092737416724,0.7448340962288005,22/04/2022 13:00:00,0,Ducati Panigale V4 R [2022],World Superbikes,
662,Rider,Michael Ruben Rinaldi,34.35666434270294,0.7449646199857058,20/05/2022 13:00:00,0,Ducati Panigale V4 R [2022],World Superbikes,
662,Rider,Michael Ruben Rinaldi,34.353725888690136,0.7451841449227533,10/06/2022 13:00:00,0,Ducati Panigale V4 R [2022],World Superbikes,
662,Rider,Michael Ruben Rinaldi,34.34978563659997,0.7454908320702409,15/07/2022 13:00:00,0,Ducati Panigale V4 R [2022],World Superbikes,
662,Rider,Michael Ruben Rinaldi,34.34509584511897,0.7458890222895755,29/07/2022 13:00:00,0,Ducati Panigale V4 R [2022],World Superbikes,
662,Rider,Michael Ruben Rinaldi,34.33875661851866,0.7463699747517961,09/09/2022 13:00:00,0,Ducati Panigale V4 R [2022],World Superbikes,
662,Rider,Michael Ruben Rinaldi,34.33198709476345,0.7469432535785064,23/09/2022 13:00:00,0,Ducati Panigale V4 R [2022],World Superbikes,
662,Rider,Michael Ruben Rinaldi,34.32540908446332,0.7476089293194185,07/10/2022 13:00:00,0,Ducati Panigale V4 R [2022],World Superbikes,
662,Rider,Michael Ruben Rinaldi,34.319194007415646,0.7483699079029845,22/10/2022 13:00:00,0,Ducati Panigale V4 R [2022],World Superbikes,
662,Rider,Michael Ruben Rinaldi,34.31279002136779,0.7492251611235683,11/11/2022 13:00:00,0,Ducati Panigale V4 R [2022],World Superbikes,
662,Rider,Michael Ruben Rinaldi,34.306631793699296,0.7501718450489271,18/11/2022 13:00:00,0,Ducati Panigale V4 R [2022],World Superbikes,
662,Rider,Michael Ruben Rinaldi,34.300437978809846,0.7512109897349926,24/02/2023 13:00:00,0,Ducati Panigale V4 R [2023],World Superbikes,
662,Rider,Michael Ruben Rinaldi,34.29354478777718,0.7523444377261689,03/03/2023 13:00:00,0,Ducati Panigale V4 R [2023],World Superbikes,
662,Rider,Michael Ruben Rinaldi,34.28546601293427,0.7535680825608367,21/04/2023 13:00:00,0,Ducati Panigale V4 R [2023],World Superbikes,
662,Rider,Michael Ruben Rinaldi,34.27859699644081,0.7548873737865227,05/05/2023 13:00:00,0,Ducati Panigale V4 R [2023],World Superbikes,
662,Rider,Michael Ruben Rinaldi,34.270597478868844,0.7562991250333442,02/06/2023 13:00:00,0,Ducati Panigale V4 R [2023],World Superbikes,
662,Rider,Michael Ruben Rinaldi,34.26098925190404,0.7578000757717324,30/06/2023 13:00:00,0,Ducati Panigale V4 R [2023],World Superbikes,
662,Rider,Michael Ruben Rinaldi,34.25123176184632,0.7593976779228482,14/07/2023 13:00:00,0,Ducati Panigale V4 R [2023],World Superbikes,
662,Rider,Michael Ruben Rinaldi,34.241211263220436,0.7610938054461118,28/07/2023 13:00:00,0,Ducati Panigale V4 R [2023],World Superbikes,
662,Rider,Michael Ruben Rinaldi,34.23107860406011,0.7628877706307412,08/09/2023 13:00:00,0,Ducati Panigale V4 R [2023],World Superbikes,
662,Rider,Michael Ruben Rinaldi,34.219513089322795,0.7647749100733662,22/09/2023 13:00:00,0,Ducati Panigale V4 R [2023],World Superbikes,
662,Rider,Michael Ruben Rinaldi,34.20721878215351,0.7667563887590431,29/09/2023 13:00:00,0,Ducati Panigale V4 R [2023],World Superbikes,
662,Rider,Michael Ruben Rinaldi,34.19561997085262,0.768837924997369,27/10/2023 13:00:00,0,Ducati Panigale V4 R [2023],World Superbikes,
662,Rider,Michael Ruben Rinaldi,34.18431317884896,0.7710200059953266,23/02/2024 13:00:00,0,Ducati Panigale V4 R [2024],World Superbikes,
662,Rider,Michael Ruben Rinaldi,34.172223648918504,0.7733029970859444,22/03/2024 13:00:00,0,Ducati Panigale V4 R [2024],World Superbikes,
662,Rider,Michael Ruben Rinaldi,34.16052469119068,0.7756850627341787,19/04/2024 13:00:00,0,Ducati Panigale V4 R [2024],World Superbikes,
662,Rider,Michael Ruben Rinaldi,34.14786203501833,0.7781667792088236,14/06/2024 13:00:00,0,Ducati Panigale V4 R [2024],World Superbikes,
662,Rider,Michael Ruben Rinaldi,34.135880682298094,0.780749430239444,12/07/2024 13:00:00,0,Ducati Panigale V4 R [2024],World Superbikes,
662,Rider,Michael Ruben Rinaldi,34.1241292700873,0.7834345618161477,19/07/2024 13:00:00,0,Ducati Panigale V4 R [2024],World Superbikes,
662,Rider,Michael Ruben Rinaldi,34.11152182438406,0.7862245957263266,10/08/2024 13:00:00,0,Ducati Panigale V4 R [2024],World Superbikes,
662,Rider,Michael Ruben Rinaldi,34.09985706146726,0.7891146548534126,06/09/2024 13:00:00,0,Ducati Panigale V4 R [2024],World Superbikes,
662,Rider,Michael Ruben Rinaldi,34.08879095168566,0.792110795042378,20/09/2024 13:00:00,0,Ducati Panigale V4 R [2024],World Superbikes,
662,Rider,Michael Ruben Rinaldi,34.07875980765651,0.7952106719934458,27/09/2024 13:00:00,0,Ducati Panigale V4 R [2024],World Superbikes,
662,Rider,Michael Ruben Rinaldi,34.069828521049615,0.7984095709599777,11/10/2024 13:00:00,0,Ducati Panigale V4 R [2024],World Superbikes,
662,Rider,Michael Ruben Rinaldi,34.06108076007312,0.8017164297903614,18/10/2024 13:00:00,0,Ducati Panigale V4 R [2024],World Superbikes,
662,Rider,Michael Ruben Rinaldi,34.05145739730465,0.8051335497086007,13/06/2025 13:00:00,0,Yamaha YZF-R1 [2025],World Superbikes,
662,Rider,Michael Ruben Rinaldi,34.04306304304006,0.8086418709025525,11/07/2025 13:00:00,0,Yamaha YZF-R1 [2025],World Superbikes,
662,Rider,Michael Ruben Rinaldi,34.03576529194766,0.8122480145755375,25/07/2025 13:00:00,0,Yamaha YZF-R1 [2025],World Superbikes,
662,Rider,Michael Ruben Rinaldi,34.030092367082666,0.8159392083929203,05/09/2025 13:00:00,0,Yamaha YZF-R1 [2025],World Superbikes,
662,Rider,Michael Ruben Rinaldi,34.02484483419291,0.8197374788958364,26/09/2025 13:00:00,0,Yamaha YZF-R1 [2025],World Superbikes,
662,Rider,Michael Ruben Rinaldi,34.0213096569841,0.8236315735610429,10/10/2025 13:00:00,0,Yamaha YZF-R1 [2025],World Superbikes,
662,Rider,Michael Ruben Rinaldi,34.01912306929954,0.8276268083330668,17/10/2025 13:00:00,0,Yamaha YZF-R1 [2025],World Superbikes,
663,Rider,Vladimir Leonov,25.62620622890022,3.5625020763647006,13/04/2018 13:00:00,0,Kawasaki ZX-10RR [2018],World Superbikes,
663,Rider,Vladimir Leonov,25.623801365158226,3.562421221769785,13/04/2018 13:00:00,1,Kawasaki ZX-10RR [2018],World Superbikes,
663,Rider,Vladimir Leonov,25.62200942651451,3.5626194454441396,11/05/2018 13:00:00,0,Kawasaki ZX-10RR [2018],World Superbikes,
664,Bike, [2018],16.711247983138737,4.769516982549413,20/04/2018 13:00:00,0,,World Superbikes,
665,Rider,Jason O'Halloran,24.142236279560954,3.329959856227511,11/05/2018 13:00:00,0,Honda CBR1000RR [2018],World Superbikes,
665,Rider,Jason O'Halloran,24.14196707277209,3.329763002821516,28/03/2025 13:00:00,0,Yamaha YZF-R1 [2025],World Superbikes,
665,Rider,Jason O'Halloran,24.141449198528445,3.330068100616181,11/04/2025 13:00:00,0,Yamaha YZF-R1 [2025],World Superbikes,
666,Rider,Luke Mossey,29.928936784743613,3.6538054492471814,25/05/2018 13:00:00,0,Kawasaki ZX-10RR [2018],World Superbikes,
666,Rider,Luke Mossey,29.928852376581936,3.653806812760765,02/07/2021 13:00:00,0,Kawasaki ZX-10RR [2021],World Superbikes,
667,Rider,Gino Rea,21.8335191571295,4.723473252555561,25/05/2018 13:00:00,0,Suzuki GSX-R 1000 [2018],World Superbikes,
668,Bike,Suzuki GSX-R 1000 [2018],22.320769665816403,3.9435384837117446,25/05/2018 13:00:00,0,,World Superbikes,
668,Bike,Suzuki GSX-R 1000 [2018],22.321135038951564,3.943404713669769,25/05/2018 13:00:00,1,,World Superbikes,
669,Rider,Mason Law,19.95534170769811,4.846206273367091,25/05/2018 13:00:00,0,Kawasaki ZX-10RR [2018],World Superbikes,
670,Rider,Bradley Ray,29.94803321513361,1.4406247526094078,25/05/2018 13:00:00,1,Suzuki GSX-R 1000 [2018],World Superbikes,
670,Rider,Bradley Ray,29.948430531816072,1.4385081015205539,21/04/2023 13:00:00,0,Yamaha YZF-R1 [2023],World Superbikes,
670,Rider,Bradley Ray,29.94909250891877,1.436618599036984,05/05/2023 13:00:00,0,Yamaha YZF-R1 [2023],World Superbikes,
670,Rider,Bradley Ray,29.95074036684827,1.4349520229337798,02/06/2023 13:00:00,0,Yamaha YZF-R1 [2023],World Superbikes,
670,Rider,Bradley Ray,29.95205705986576,1.4335165167398531,30/06/2023 13:00:00,0,Yamaha YZF-R1 [2023],World Superbikes,
670,Rider,Bradley Ray,29.95336537122252,1.4323088926597287,14/07/2023 13:00:00,0,Yamaha YZF-R1 [2023],World Superbikes,
670,Rider,Bradley Ray,29.952583424766306,1.4313325960348917,08/09/2023 13:00:00,0,Yamaha YZF-R1 [2023],World Superbikes,
670,Rider,Bradley Ray,29.951936124477257,1.4305824166833871,22/09/2023 13:00:00,0,Yamaha YZF-R1 [2023],World Superbikes,
670,Rider,Bradley Ray,29.951853503966145,1.4300569404094576,29/09/2023 13:00:00,0,Yamaha YZF-R1 [2023],World Superbikes,
670,Rider,Bradley Ray,29.952265963847047,1.4297515140295796,23/02/2024 13:00:00,0,Yamaha YZF-R1 [2024],World Superbikes,
670,Rider,Bradley Ray,29.952130232494135,1.4296684120386434,22/03/2024 13:00:00,0,Yamaha YZF-R1 [2024],World Superbikes,
670,Rider,Bradley Ray,29.952747988381073,1.429784015629266,19/04/2024 13:00:00,0,Yamaha YZF-R1 [2024],World Superbikes,
670,Rider,Bradley Ray,29.954076592298584,1.4301019293199275,14/06/2024 13:00:00,0,Yamaha YZF-R1 [2024],World Superbikes,
670,Rider,Bradley Ray,29.95671675273732,1.4305997182238395,12/07/2024 13:00:00,0,Yamaha YZF-R1 [2024],World Superbikes,
670,Rider,Bradley Ray,29.958610194004976,1.4313245220118005,19/07/2024 13:00:00,0,Yamaha YZF-R1 [2024],World Superbikes,
670,Rider,Bradley Ray,29.961336548884063,1.432246246611946,10/08/2024 13:00:00,0,Yamaha YZF-R1 [2024],World Superbikes,
670,Rider,Bradley Ray,29.964023614908502,1.4333861351466046,06/09/2024 13:00:00,0,Yamaha YZF-R1 [2024],World Superbikes,
670,Rider,Bradley Ray,29.965327982150782,1.434760459765998,20/09/2024 13:00:00,0,Yamaha YZF-R1 [2024],World Superbikes,
670,Rider,Bradley Ray,29.96473339427275,1.4363694965248381,27/09/2024 13:00:00,0,Yamaha YZF-R1 [2024],World Superbikes,
670,Rider,Bradley Ray,29.963685435117412,1.4382003675896395,11/10/2024 13:00:00,0,Yamaha YZF-R1 [2024],World Superbikes,
670,Rider,Bradley Ray,29.963338375535574,1.4402410341452814,18/10/2024 13:00:00,0,Yamaha YZF-R1 [2024],World Superbikes,
671,Rider,Josh Herrin,29.166250812539143,4.450179880741398,23/06/2018 13:00:00,0,Yamaha YZF-R1 [2018],World Superbikes,
672,Rider,Karel Hanika,27.51463094452267,3.6839708359535783,23/06/2018 13:00:00,0,Yamaha YZF-R1 [2018],World Superbikes,
672,Rider,Karel Hanika,27.51496113822034,3.683942212008104,06/08/2021 13:00:00,0,Yamaha YZF-R1 [2021],World Superbikes,
673,Bike,Aprilia RSV4 [2018],20.24998434672978,4.924555654697576,28/09/2018 13:00:00,0,,World Superbikes,
674,Rider,Florian Marino,28.27315982474064,3.705971847346787,12/10/2018 13:00:00,0,Honda CBR1000RR [2018],World Superbikes,
674,Rider,Florian Marino,28.27319046774907,3.7059538260083387,22/09/2023 13:00:00,0,Kawasaki ZX-10RR [2023],World Superbikes,
675,Rider,Maximilian Scheib,27.879104430076975,2.265723623141817,12/10/2018 13:00:00,0,MV Agusta 1000 F4 [2018],World Superbikes,
675,Rider,Maximilian Scheib,27.879312785246125,2.2647442961685713,26/10/2018 13:00:00,0,MV Agusta 1000 F4 [2018],World Superbikes,
675,Rider,Maximilian Scheib,27.881267289926793,2.2640210232265634,28/02/2020 13:00:00,0,Kawasaki ZX-10RR [2020],World Superbikes,
675,Rider,Maximilian Scheib,27.88205464617692,2.263645759238316,31/07/2020 13:00:00,0,Kawasaki ZX-10RR [2020],World Superbikes,
675,Rider,Maximilian Scheib,27.882723835382347,2.2636136185577245,07/08/2020 13:00:00,0,Kawasaki ZX-10RR [2020],World Superbikes,
675,Rider,Maximilian Scheib,27.88320341573563,2.2639262899131123,28/08/2020 13:00:00,0,Kawasaki ZX-10RR [2020],World Superbikes,
675,Rider,Maximilian Scheib,27.88245023378552,2.264594491198361,04/09/2020 13:00:00,0,Kawasaki ZX-10RR [2020],World Superbikes,
675,Rider,Maximilian Scheib,27.880699991724857,2.265614382180201,22/10/2022 13:00:00,0,Honda CBR1000RR-R [2022],World Superbikes,
676,Rider,Gabriele Ruju,21.106689637319374,1.8231248974423298,12/10/2018 13:00:00,0,Kawasaki ZX-10RR [2018],World Superbikes,
676,Rider,Gabriele Ruju,21.106939520019242,1.8215500886968492,26/10/2018 13:00:00,0,Kawasaki ZX-10RR [2018],World Superbikes,
676,Rider,Gabriele Ruju,21.106324058801366,1.8202287145209788,01/10/2021 13:00:00,0,BMW M 1000 RR [2021],World Superbikes,
676,Rider,Gabriele Ruju,21.107280173595544,1.8191020884548574,08/04/2022 13:00:00,0,BMW M 1000 RR [2022],World Superbikes,
676,Rider,Gabriele Ruju,21.107354636868386,1.818259218290251,22/04/2022 13:00:00,0,BMW M 1000 RR [2022],World Superbikes,
676,Rider,Gabriele Ruju,21.105957226003348,1.8177007750472542,10/06/2022 13:00:00,0,BMW M 1000 RR [2022],World Superbikes,
676,Rider,Gabriele Ruju,21.103757177729616,1.8174323527776586,21/04/2023 13:00:00,0,BMW M 1000 RR [2023],World Superbikes,
676,Rider,Gabriele Ruju,21.101886938474276,1.8174120421298,05/05/2023 13:00:00,0,BMW M 1000 RR [2023],World Superbikes,
676,Rider,Gabriele Ruju,21.101531176596712,1.8175899763385617,02/06/2023 13:00:00,0,BMW M 1000 RR [2023],World Superbikes,
676,Rider,Gabriele Ruju,21.100794928728387,1.8180352178014083,14/07/2023 13:00:00,0,BMW M 1000 RR [2023],World Superbikes,
676,Rider,Gabriele Ruju,21.099273824104586,1.8187526140121306,22/09/2023 13:00:00,0,BMW M 1000 RR [2023],World Superbikes,
676,Rider,Gabriele Ruju,21.09802479320936,1.819747588771876,29/09/2023 13:00:00,0,BMW M 1000 RR [2023],World Superbikes,
676,Rider,Gabriele Ruju,21.097886259975535,1.8209741492178808,27/10/2023 13:00:00,0,BMW M 1000 RR [2023],World Superbikes,
676,Rider,Gabriele Ruju,21.097250207863937,1.8224692015539632,02/05/2025 13:00:00,0,Ducati Panigale V4 R [2025],World Superbikes,
677,Bike,Kawasaki ZX-10RR [2019],25.286102765583,1.7572576313098118,22/02/2019 13:00:00,0,,World Superbikes,
677,Bike,Kawasaki ZX-10RR [2019],25.28590656319374,1.7557279476027772,15/03/2019 13:00:00,0,,World Superbikes,
677,Bike,Kawasaki ZX-10RR [2019],25.285943069695513,1.7544878242186501,05/04/2019 13:00:00,0,,World Superbikes,
677,Bike,Kawasaki ZX-10RR [2019],25.286936297544127,1.7535462118374914,12/04/2019 13:00:00,0,,World Superbikes,
677,Bike,Kawasaki ZX-10RR [2019],25.28847397837451,1.7528722606915645,10/05/2019 13:00:00,0,,World Superbikes,
677,Bike,Kawasaki ZX-10RR [2019],25.28976917378448,1.7524675458629793,07/06/2019 13:00:00,0,,World Superbikes,
677,Bike,Kawasaki ZX-10RR [2019],25.290653753013295,1.7523381910412394,21/06/2019 13:00:00,0,,World Superbikes,
677,Bike,Kawasaki ZX-10RR [2019],25.291376694325585,1.7524862412626223,05/07/2019 13:00:00,0,,World Superbikes,
677,Bike,Kawasaki ZX-10RR [2019],25.291804434300765,1.752916665815066,13/07/2019 13:00:00,0,,World Superbikes,
677,Bike,Kawasaki ZX-10RR [2019],25.291406190672596,1.7536253456786255,06/09/2019 13:00:00,0,,World Superbikes,
677,Bike,Kawasaki ZX-10RR [2019],25.290679172177192,1.7546064649273823,27/09/2019 13:00:00,0,,World Superbikes,
677,Bike,Kawasaki ZX-10RR [2019],25.290462081109226,1.755847175131693,11/10/2019 13:00:00,0,,World Superbikes,
677,Bike,Kawasaki ZX-10RR [2019],25.29074149733248,1.7573645015427217,25/10/2019 13:00:00,0,,World Superbikes,
678,Rider,Álvaro Bautista,40.7991402187571,0.847643743839822,22/02/2019 13:00:00,0,Ducati Panigale V4 R [2019],World Superbikes,
678,Rider,Álvaro Bautista,40.79986734665309,0.8437506844267806,15/03/2019 13:00:00,0,Ducati Panigale V4 R [2019],World Superbikes,
678,Rider,Álvaro Bautista,40.79865273609826,0.8399405265239589,05/04/2019 13:00:00,0,Ducati Panigale V4 R [2019],World Superbikes,
678,Rider,Álvaro Bautista,40.79569819913465,0.8362134452676112,12/04/2019 13:00:00,0,Ducati Panigale V4 R [2019],World Superbikes,
678,Rider,Álvaro Bautista,40.7911680578419,0.8325678897938171,10/05/2019 13:00:00,0,Ducati Panigale V4 R [2019],World Superbikes,
678,Rider,Álvaro Bautista,40.78580674033747,0.8290291955399607,07/06/2019 13:00:00,0,Ducati Panigale V4 R [2019],World Superbikes,
678,Rider,Álvaro Bautista,40.77916917454533,0.8255871211123105,21/06/2019 13:00:00,0,Ducati Panigale V4 R [2019],World Superbikes,
678,Rider,Álvaro Bautista,40.77232909194329,0.82225422853171,05/07/2019 13:00:00,0,Ducati Panigale V4 R [2019],World Superbikes,
678,Rider,Álvaro Bautista,40.76569831831553,0.8190326686084479,13/07/2019 13:00:00,0,Ducati Panigale V4 R [2019],World Superbikes,
678,Rider,Álvaro Bautista,40.758190834618176,0.8159150545268534,06/09/2019 13:00:00,0,Ducati Panigale V4 R [2019],World Superbikes,
678,Rider,Álvaro Bautista,40.75079581729175,0.8129073289148406,27/09/2019 13:00:00,0,Ducati Panigale V4 R [2019],World Superbikes,
678,Rider,Álvaro Bautista,40.74511214410909,0.8100126235603056,11/10/2019 13:00:00,0,Ducati Panigale V4 R [2019],World Superbikes,
678,Rider,Álvaro Bautista,40.73767931225077,0.807195058100053,25/10/2019 13:00:00,0,Ducati Panigale V4 R [2019],World Superbikes,
678,Rider,Álvaro Bautista,40.730599984198015,0.8044864449700213,28/02/2020 13:00:00,0,Honda CBR1000RR-R [2020],World Superbikes,
678,Rider,Álvaro Bautista,40.72502438922921,0.8018748802310436,31/07/2020 13:00:00,0,Honda CBR1000RR-R [2020],World Superbikes,
678,Rider,Álvaro Bautista,40.71923974275427,0.7993643180789595,07/08/2020 13:00:00,0,Honda CBR1000RR-R [2020],World Superbikes,
678,Rider,Álvaro Bautista,40.71401043467092,0.7969547016417281,28/08/2020 13:00:00,0,Honda CBR1000RR-R [2020],World Superbikes,
678,Rider,Álvaro Bautista,40.70848034470953,0.7946451249348496,04/09/2020 13:00:00,0,Honda CBR1000RR-R [2020],World Superbikes,
678,Rider,Álvaro Bautista,40.70208722771904,0.7924325598217561,18/09/2020 13:00:00,0,Honda CBR1000RR-R [2020],World Superbikes,
678,Rider,Álvaro Bautista,40.69417042056811,0.790308277481255,02/10/2020 13:00:00,0,Honda CBR1000RR-R [2020],World Superbikes,
678,Rider,Álvaro Bautista,40.68842599038603,0.7882746280704043,16/10/2020 13:00:00,0,Honda CBR1000RR-R [2020],World Superbikes,
678,Rider,Álvaro Bautista,40.682555779128315,0.786339074545698,21/05/2021 13:00:00,0,Honda CBR1000RR-R [2021],World Superbikes,
678,Rider,Álvaro Bautista,40.67630541107423,0.7845078030769942,28/05/2021 13:00:00,0,Honda CBR1000RR-R [2021],World Superbikes,
678,Rider,Álvaro Bautista,40.67211021708226,0.782774970876827,11/06/2021 13:00:00,0,Honda CBR1000RR-R [2021],World Superbikes,
678,Rider,Álvaro Bautista,40.66785386788831,0.7811453978156029,02/07/2021 13:00:00,0,Honda CBR1000RR-R [2021],World Superbikes,
678,Rider,Álvaro Bautista,40.66508611101644,0.7796132791681244,23/07/2021 13:00:00,0,Honda CBR1000RR-R [2021],World Superbikes,
678,Rider,Álvaro Bautista,40.66270750908481,0.7781846487682108,06/08/2021 13:00:00,0,Honda CBR1000RR-R [2021],World Superbikes,
678,Rider,Álvaro Bautista,40.66082751848487,0.7768573122747144,20/08/2021 13:00:00,0,Honda CBR1000RR-R [2021],World Superbikes,
678,Rider,Álvaro Bautista,40.65966577148269,0.7756304326927254,03/09/2021 13:00:00,0,Honda CBR1000RR-R [2021],World Superbikes,
678,Rider,Álvaro Bautista,40.65971548591583,0.7745013680573357,17/09/2021 13:00:00,0,Honda CBR1000RR-R [2021],World Superbikes,
678,Rider,Álvaro Bautista,40.66154056269801,0.7734698808700853,24/09/2021 13:00:00,0,Honda CBR1000RR-R [2021],World Superbikes,
678,Rider,Álvaro Bautista,40.663441599533996,0.7725377457971009,01/10/2021 13:00:00,0,Honda CBR1000RR-R [2021],World Superbikes,
678,Rider,Álvaro Bautista,40.66473184067274,0.7717035114260214,16/10/2021 13:00:00,0,Honda CBR1000RR-R [2021],World Superbikes,
678,Rider,Álvaro Bautista,40.66773196476091,0.7709664296404177,19/11/2021 13:00:00,0,Honda CBR1000RR-R [2021],World Superbikes,
678,Rider,Álvaro Bautista,40.67088202985567,0.7703245173516449,08/04/2022 13:00:00,0,Ducati Panigale V4 R [2022],World Superbikes,
678,Rider,Álvaro Bautista,40.67296034179072,0.7697625400437473,22/04/2022 13:00:00,0,Ducati Panigale V4 R [2022],World Superbikes,
678,Rider,Álvaro Bautista,40.67518114022422,0.7692942324250877,20/05/2022 13:00:00,0,Ducati Panigale V4 R [2022],World Superbikes,
678,Rider,Álvaro Bautista,40.676967086758914,0.7689113866848428,10/06/2022 13:00:00,0,Ducati Panigale V4 R [2022],World Superbikes,
678,Rider,Álvaro Bautista,40.677010709214436,0.7685919647533317,15/07/2022 13:00:00,0,Ducati Panigale V4 R [2022],World Superbikes,
678,Rider,Álvaro Bautista,40.67718512268091,0.7683686999670658,29/07/2022 13:00:00,0,Ducati Panigale V4 R [2022],World Superbikes,
678,Rider,Álvaro Bautista,40.677199536028276,0.768237511132293,09/09/2022 13:00:00,0,Ducati Panigale V4 R [2022],World Superbikes,
678,Rider,Álvaro Bautista,40.67711761190231,0.7681995868149699,23/09/2022 13:00:00,0,Ducati Panigale V4 R [2022],World Superbikes,
678,Rider,Álvaro Bautista,40.677105591154806,0.7682571657714586,07/10/2022 13:00:00,0,Ducati Panigale V4 R [2022],World Superbikes,
678,Rider,Álvaro Bautista,40.67820474901241,0.7684151668159256,22/10/2022 13:00:00,0,Ducati Panigale V4 R [2022],World Superbikes,
678,Rider,Álvaro Bautista,40.67885506132513,0.7686593487008568,11/11/2022 13:00:00,0,Ducati Panigale V4 R [2022],World Superbikes,
678,Rider,Álvaro Bautista,40.67974043378103,0.7689957361854899,18/11/2022 13:00:00,0,Ducati Panigale V4 R [2022],World Superbikes,
678,Rider,Álvaro Bautista,40.678927147437605,0.769394717748134,24/02/2023 13:00:00,0,Ducati Panigale V4 R [2023],World Superbikes,
678,Rider,Álvaro Bautista,40.67728983500785,0.7698772919933748,03/03/2023 13:00:00,0,Ducati Panigale V4 R [2023],World Superbikes,
678,Rider,Álvaro Bautista,40.67527622526525,0.7704508424450709,21/04/2023 13:00:00,0,Ducati Panigale V4 R [2023],World Superbikes,
678,Rider,Álvaro Bautista,40.67171362554645,0.7710879183004414,05/05/2023 13:00:00,0,Ducati Panigale V4 R [2023],World Superbikes,
678,Rider,Álvaro Bautista,40.66675796820667,0.7717874526038573,02/06/2023 13:00:00,0,Ducati Panigale V4 R [2023],World Superbikes,
678,Rider,Álvaro Bautista,40.6602347809793,0.7725512145081915,30/06/2023 13:00:00,0,Ducati Panigale V4 R [2023],World Superbikes,
678,Rider,Álvaro Bautista,40.65276203712017,0.7734005628118827,14/07/2023 13:00:00,0,Ducati Panigale V4 R [2023],World Superbikes,
678,Rider,Álvaro Bautista,40.64533152940838,0.77434724826793,28/07/2023 13:00:00,0,Ducati Panigale V4 R [2023],World Superbikes,
678,Rider,Álvaro Bautista,40.64013735612573,0.7753942525470776,08/09/2023 13:00:00,0,Ducati Panigale V4 R [2023],World Superbikes,
678,Rider,Álvaro Bautista,40.634350543551484,0.7765329633362437,22/09/2023 13:00:00,0,Ducati Panigale V4 R [2023],World Superbikes,
678,Rider,Álvaro Bautista,40.62780646692564,0.7777551774449354,29/09/2023 13:00:00,0,Ducati Panigale V4 R [2023],World Superbikes,
678,Rider,Álvaro Bautista,40.62147499258227,0.779076846624472,27/10/2023 13:00:00,0,Ducati Panigale V4 R [2023],World Superbikes,
678,Rider,Álvaro Bautista,40.61378826482922,0.780462267461045,23/02/2024 13:00:00,0,Ducati Panigale V4 R [2024],World Superbikes,
678,Rider,Álvaro Bautista,40.606290987441675,0.7819509631973153,22/03/2024 13:00:00,0,Ducati Panigale V4 R [2024],World Superbikes,
678,Rider,Álvaro Bautista,40.59926654766771,0.7835440312079551,19/04/2024 13:00:00,0,Ducati Panigale V4 R [2024],World Superbikes,
678,Rider,Álvaro Bautista,40.59218008850998,0.7852377108592715,14/06/2024 13:00:00,0,Ducati Panigale V4 R [2024],World Superbikes,
678,Rider,Álvaro Bautista,40.58446637042305,0.7870324608701088,12/07/2024 13:00:00,0,Ducati Panigale V4 R [2024],World Superbikes,
678,Rider,Álvaro Bautista,40.577317639239276,0.7889326744915865,19/07/2024 13:00:00,0,Ducati Panigale V4 R [2024],World Superbikes,
678,Rider,Álvaro Bautista,40.56990668213124,0.7909377100912313,10/08/2024 13:00:00,0,Ducati Panigale V4 R [2024],World Superbikes,
678,Rider,Álvaro Bautista,40.562173571513064,0.7930456238852428,06/09/2024 13:00:00,0,Ducati Panigale V4 R [2024],World Superbikes,
678,Rider,Álvaro Bautista,40.55658200231029,0.7952592058105851,20/09/2024 13:00:00,0,Ducati Panigale V4 R [2024],World Superbikes,
678,Rider,Álvaro Bautista,40.552200376768354,0.7975817628715832,27/09/2024 13:00:00,0,Ducati Panigale V4 R [2024],World Superbikes,
678,Rider,Álvaro Bautista,40.54653614643324,0.8000037286238917,11/10/2024 13:00:00,0,Ducati Panigale V4 R [2024],World Superbikes,
678,Rider,Álvaro Bautista,40.54149244955784,0.8025349594922192,18/10/2024 13:00:00,0,Ducati Panigale V4 R [2024],World Superbikes,
678,Rider,Álvaro Bautista,40.537682300321826,0.8051761086807129,21/02/2025 13:00:00,0,Ducati Panigale V4 R [2025],World Superbikes,
678,Rider,Álvaro Bautista,40.53310395244216,0.8079184602002142,28/03/2025 13:00:00,0,Ducati Panigale V4 R [2025],World Superbikes,
678,Rider,Álvaro Bautista,40.529188919631416,0.8107701513833234,11/04/2025 13:00:00,0,Ducati Panigale V4 R [2025],World Superbikes,
678,Rider,Álvaro Bautista,40.52490943580561,0.8137279335712907,02/05/2025 13:00:00,0,Ducati Panigale V4 R [2025],World Superbikes,
678,Rider,Álvaro Bautista,40.519853281338776,0.8167892730177398,16/05/2025 13:00:00,0,Ducati Panigale V4 R [2025],World Superbikes,
678,Rider,Álvaro Bautista,40.515555849469415,0.8199632410117942,13/06/2025 13:00:00,0,Ducati Panigale V4 R [2025],World Superbikes,
678,Rider,Álvaro Bautista,40.5120030424062,0.8232512449587701,11/07/2025 13:00:00,0,Ducati Panigale V4 R [2025],World Superbikes,
678,Rider,Álvaro Bautista,40.50909962370002,0.8266539847099618,25/07/2025 13:00:00,0,Ducati Panigale V4 R [2025],World Superbikes,
678,Rider,Álvaro Bautista,40.50622571880333,0.8301694367279521,05/09/2025 13:00:00,0,Ducati Panigale V4 R [2025],World Superbikes,
678,Rider,Álvaro Bautista,40.50495391440067,0.8337982837805986,26/09/2025 13:00:00,0,Ducati Panigale V4 R [2025],World Superbikes,
678,Rider,Álvaro Bautista,40.503395119842224,0.8375389710428278,10/10/2025 13:00:00,0,Ducati Panigale V4 R [2025],World Superbikes,
678,Rider,Álvaro Bautista,40.500788238870456,0.8413792005462277,17/10/2025 13:00:00,0,Ducati Panigale V4 R [2025],World Superbikes,
678,Rider,Álvaro Bautista,40.49850332413655,0.8453350580938688,20/02/2026 13:00:00,0,Ducati Panigale V4 R [2026],World Superbikes,
679,Bike,Ducati Panigale V4 R [2019],26.7529553253845,1.7311670592048214,22/02/2019 13:00:00,0,,World Superbikes,
679,Bike,Ducati Panigale V4 R [2019],26.75339633833303,1.7296244868513235,15/03/2019 13:00:00,0,,World Superbikes,
679,Bike,Ducati Panigale V4 R [2019],26.753646661201866,1.728355663166627,05/04/2019 13:00:00,0,,World Superbikes,
679,Bike,Ducati Panigale V4 R [2019],26.752904104991863,1.7273666713063238,12/04/2019 13:00:00,0,,World Superbikes,
679,Bike,Ducati Panigale V4 R [2019],26.75237092416005,1.7266452381593804,10/05/2019 13:00:00,0,,World Superbikes,
679,Bike,Ducati Panigale V4 R [2019],26.751438045642512,1.7261897788643827,07/06/2019 13:00:00,0,,World Superbikes,
679,Bike,Ducati Panigale V4 R [2019],26.75029411356161,1.726007911482513,21/06/2019 13:00:00,0,,World Superbikes,
679,Bike,Ducati Panigale V4 R [2019],26.74874949467171,1.7261079146076914,05/07/2019 13:00:00,0,,World Superbikes,
679,Bike,Ducati Panigale V4 R [2019],26.74785751088641,1.7264968087016455,13/07/2019 13:00:00,0,,World Superbikes,
679,Bike,Ducati Panigale V4 R [2019],26.746458456579262,1.7271705797709072,06/09/2019 13:00:00,0,,World Superbikes,
679,Bike,Ducati Panigale V4 R [2019],26.745849968955504,1.7281244309546278,27/09/2019 13:00:00,0,,World Superbikes,
679,Bike,Ducati Panigale V4 R [2019],26.74524402466788,1.7293782905117012,11/10/2019 13:00:00,0,,World Superbikes,
679,Bike,Ducati Panigale V4 R [2019],26.744206184240724,1.730910874982723,25/10/2019 13:00:00,0,,World Superbikes,
680,Bike,BMW S1000 RR [2019],26.535664933438206,1.7311661956114046,22/02/2019 13:00:00,0,,World Superbikes,
680,Bike,BMW S1000 RR [2019],26.536045302998254,1.7296227502039014,15/03/2019 13:00:00,0,,World Superbikes,
680,Bike,BMW S1000 RR [2019],26.536702454687465,1.7283730996718425,05/04/2019 13:00:00,0,,World Superbikes,
680,Bike,BMW S1000 RR [2019],26.53677193215819,1.727412174344122,12/04/2019 13:00:00,0,,World Superbikes,
680,Bike,BMW S1000 RR [2019],26.536126406700227,1.7267429691141811,10/05/2019 13:00:00,0,,World Superbikes,
680,Bike,BMW S1000 RR [2019],26.53529918475632,1.7263656864180992,07/06/2019 13:00:00,0,,World Superbikes,
680,Bike,BMW S1000 RR [2019],26.535256832461634,1.7262762849370015,21/06/2019 13:00:00,0,,World Superbikes,
680,Bike,BMW S1000 RR [2019],26.535177875467,1.7264697264534745,05/07/2019 13:00:00,0,,World Superbikes,
680,Bike,BMW S1000 RR [2019],26.53316505759738,1.7268692358449607,13/07/2019 13:00:00,0,,World Superbikes,
680,Bike,BMW S1000 RR [2019],26.531105472249845,1.7275591027816366,06/09/2019 13:00:00,0,,World Superbikes,
680,Bike,BMW S1000 RR [2019],26.528257410718304,1.7285207602898476,27/09/2019 13:00:00,0,,World Superbikes,
680,Bike,BMW S1000 RR [2019],26.526679779213346,1.7297670249524049,11/10/2019 13:00:00,0,,World Superbikes,
680,Bike,BMW S1000 RR [2019],26.526829749713237,1.731306061460403,25/10/2019 13:00:00,0,,World Superbikes,
681,Bike,Yamaha YZF-R1 [2019],25.469654828723275,1.7323001132005162,22/02/2019 13:00:00,0,,World Superbikes,
681,Bike,Yamaha YZF-R1 [2019],25.469372809053546,1.7307619936092862,15/03/2019 13:00:00,0,,World Superbikes,
681,Bike,Yamaha YZF-R1 [2019],25.468429163007016,1.7295110615728932,05/04/2019 13:00:00,0,,World Superbikes,
681,Bike,Yamaha YZF-R1 [2019],25.467212532326556,1.7285469491148293,12/04/2019 13:00:00,0,,World Superbikes,
681,Bike,Yamaha YZF-R1 [2019],25.466120980820275,1.7278660129702361,10/05/2019 13:00:00,0,,World Superbikes,
681,Bike,Yamaha YZF-R1 [2019],25.465227986518048,1.727476522442902,07/06/2019 13:00:00,0,,World Superbikes,
681,Bike,Yamaha YZF-R1 [2019],25.464117708357854,1.7273726713452957,21/06/2019 13:00:00,0,,World Superbikes,
681,Bike,Yamaha YZF-R1 [2019],25.463271599217972,1.7275260940249688,05/07/2019 13:00:00,0,,World Superbikes,
681,Bike,Yamaha YZF-R1 [2019],25.462984854474445,1.7279644994167562,13/07/2019 13:00:00,0,,World Superbikes,
681,Bike,Yamaha YZF-R1 [2019],25.463434655582112,1.7286703787181907,06/09/2019 13:00:00,0,,World Superbikes,
681,Bike,Yamaha YZF-R1 [2019],25.463714145254674,1.72966570984758,27/09/2019 13:00:00,0,,World Superbikes,
681,Bike,Yamaha YZF-R1 [2019],25.463952800481447,1.7309517637822893,11/10/2019 13:00:00,0,,World Superbikes,
681,Bike,Yamaha YZF-R1 [2019],25.464229119397256,1.7325234084627572,25/10/2019 13:00:00,0,,World Superbikes,
682,Rider,Sandro Cortese,38.06439002002494,1.6074823233282403,22/02/2019 13:00:00,0,Yamaha YZF-R1 [2019],World Superbikes,
682,Rider,Sandro Cortese,38.065040407628466,1.6057394594169134,15/03/2019 13:00:00,0,Yamaha YZF-R1 [2019],World Superbikes,
682,Rider,Sandro Cortese,38.06438927356218,1.6042466389898542,05/04/2019 13:00:00,0,Yamaha YZF-R1 [2019],World Superbikes,
682,Rider,Sandro Cortese,38.06194152144817,1.6029887896881334,12/04/2019 13:00:00,0,Yamaha YZF-R1 [2019],World Superbikes,
682,Rider,Sandro Cortese,38.060262593172496,1.601987558475816,10/05/2019 13:00:00,0,Yamaha YZF-R1 [2019],World Superbikes,
682,Rider,Sandro Cortese,38.05893355952906,1.6012439542207297,07/06/2019 13:00:00,0,Yamaha YZF-R1 [2019],World Superbikes,
682,Rider,Sandro Cortese,38.05767640578163,1.6007581462820242,21/06/2019 13:00:00,0,Yamaha YZF-R1 [2019],World Superbikes,
682,Rider,Sandro Cortese,38.05445156128548,1.6004989087230734,05/07/2019 13:00:00,0,Yamaha YZF-R1 [2019],World Superbikes,
682,Rider,Sandro Cortese,38.052151040027375,1.6004929245996813,13/07/2019 13:00:00,0,Yamaha YZF-R1 [2019],World Superbikes,
682,Rider,Sandro Cortese,38.05083833094046,1.6007450955100582,06/09/2019 13:00:00,0,Yamaha YZF-R1 [2019],World Superbikes,
682,Rider,Sandro Cortese,38.04793937945323,1.601237785790973,27/09/2019 13:00:00,0,Yamaha YZF-R1 [2019],World Superbikes,
682,Rider,Sandro Cortese,38.04662142742944,1.6019873637795377,11/10/2019 13:00:00,0,Yamaha YZF-R1 [2019],World Superbikes,
682,Rider,Sandro Cortese,38.045427831020085,1.6030007742280565,25/10/2019 13:00:00,0,Yamaha YZF-R1 [2019],World Superbikes,
682,Rider,Sandro Cortese,38.0426626498226,1.6042576229895198,28/02/2020 13:00:00,0,Kawasaki ZX-10RR [2020],World Superbikes,
682,Rider,Sandro Cortese,38.03999723975978,1.6057581160002772,31/07/2020 13:00:00,0,Kawasaki ZX-10RR [2020],World Superbikes,
682,Rider,Sandro Cortese,38.037854806466,1.6075078793857527,07/08/2020 13:00:00,0,Kawasaki ZX-10RR [2020],World Superbikes,
683,Bike,Honda CBR1000RR SP2 [2019],19.586290511103194,1.8390110107947206,22/02/2019 13:00:00,0,,World Superbikes,
683,Bike,Honda CBR1000RR SP2 [2019],19.58598002218984,1.8375317557672142,15/03/2019 13:00:00,0,,World Superbikes,
683,Bike,Honda CBR1000RR SP2 [2019],19.586163574369163,1.8363047560285746,05/04/2019 13:00:00,0,,World Superbikes,
683,Bike,Honda CBR1000RR SP2 [2019],19.586832192066424,1.8353180687037245,12/04/2019 13:00:00,0,,World Superbikes,
683,Bike,Honda CBR1000RR SP2 [2019],19.586624117343423,1.8346358458820633,10/05/2019 13:00:00,0,,World Superbikes,
683,Bike,Honda CBR1000RR SP2 [2019],19.587342735849216,1.8342177146181142,07/06/2019 13:00:00,0,,World Superbikes,
683,Bike,Honda CBR1000RR SP2 [2019],19.588866012738595,1.8340279309657792,21/06/2019 13:00:00,0,,World Superbikes,
683,Bike,Honda CBR1000RR SP2 [2019],19.59104418120628,1.8340873825764183,05/07/2019 13:00:00,0,,World Superbikes,
683,Bike,Honda CBR1000RR SP2 [2019],19.59351685024393,1.834373446624354,13/07/2019 13:00:00,0,,World Superbikes,
683,Bike,Honda CBR1000RR SP2 [2019],19.596905749258024,1.8349009199424464,06/09/2019 13:00:00,0,,World Superbikes,
683,Bike,Honda CBR1000RR SP2 [2019],19.600334498426488,1.8356945747726197,27/09/2019 13:00:00,0,,World Superbikes,
683,Bike,Honda CBR1000RR SP2 [2019],19.602130233714224,1.8368076640975464,11/10/2019 13:00:00,0,,World Superbikes,
683,Bike,Honda CBR1000RR SP2 [2019],19.60245981088434,1.8382374402798138,25/10/2019 13:00:00,0,,World Superbikes,
684,Rider,Alessandro Delbianco,28.65624215632892,1.5891751188086884,22/02/2019 13:00:00,0,Honda CBR1000RR SP2 [2019],World Superbikes,
684,Rider,Alessandro Delbianco,28.657060442159263,1.5873261133692214,15/03/2019 13:00:00,0,Honda CBR1000RR SP2 [2019],World Superbikes,
684,Rider,Alessandro Delbianco,28.65902542285729,1.585617705897834,05/04/2019 13:00:00,0,Honda CBR1000RR SP2 [2019],World Superbikes,
684,Rider,Alessandro Delbianco,28.661691264090525,1.5840391631716055,12/04/2019 13:00:00,0,Honda CBR1000RR SP2 [2019],World Superbikes,
684,Rider,Alessandro Delbianco,28.662846941658714,1.5827061495412458,10/05/2019 13:00:00,0,Honda CBR1000RR SP2 [2019],World Superbikes,
684,Rider,Alessandro Delbianco,28.664206150409992,1.5815909671323407,07/06/2019 13:00:00,0,Honda CBR1000RR SP2 [2019],World Superbikes,
684,Rider,Alessandro Delbianco,28.665944520036113,1.580689595504432,21/06/2019 13:00:00,0,Honda CBR1000RR SP2 [2019],World Superbikes,
684,Rider,Alessandro Delbianco,28.667561034541688,1.580023864958293,05/07/2019 13:00:00,0,Honda CBR1000RR SP2 [2019],World Superbikes,
684,Rider,Alessandro Delbianco,28.66981115957028,1.5794848807198474,13/07/2019 13:00:00,0,Honda CBR1000RR SP2 [2019],World Superbikes,
684,Rider,Alessandro Delbianco,28.671940380489417,1.579160123381599,06/09/2019 13:00:00,0,Honda CBR1000RR SP2 [2019],World Superbikes,
684,Rider,Alessandro Delbianco,28.674453645879716,1.5790502985418402,27/09/2019 13:00:00,0,Honda CBR1000RR SP2 [2019],World Superbikes,
684,Rider,Alessandro Delbianco,28.674731281689148,1.5791986335248478,11/10/2019 13:00:00,0,Honda CBR1000RR SP2 [2019],World Superbikes,
684,Rider,Alessandro Delbianco,28.672072772806754,1.5796032396769857,25/10/2019 13:00:00,0,Honda CBR1000RR SP2 [2019],World Superbikes,
684,Rider,Alessandro Delbianco,28.669720544574034,1.5801953537803675,06/08/2021 13:00:00,0,Honda CBR1000RR-R [2021],World Superbikes,
684,Rider,Alessandro Delbianco,28.66640897446585,1.5810434972747711,10/06/2022 13:00:00,0,Kawasaki ZX-10RR [2022],World Superbikes,
684,Rider,Alessandro Delbianco,28.665853705209678,1.5820955107977217,06/09/2024 13:00:00,0,Yamaha YZF-R1 [2024],World Superbikes,
684,Rider,Alessandro Delbianco,28.66476582319371,1.5834003269701418,20/09/2024 13:00:00,0,Yamaha YZF-R1 [2024],World Superbikes,
684,Rider,Alessandro Delbianco,28.66487344911709,1.584931527577094,18/10/2024 13:00:00,0,Yamaha YZF-R1 [2024],World Superbikes,
684,Rider,Alessandro Delbianco,28.665213724531117,1.586707048215929,17/10/2025 13:00:00,0,Yamaha YZF-R1 [2025],World Superbikes,
685,Rider,Thitipong Warokorn,23.94983082719117,4.977714911109423,15/03/2019 13:00:00,0, [2019],World Superbikes,
686,Bike, [2019],23.94983082719117,4.977714911109423,15/03/2019 13:00:00,0,,World Superbikes,
687,Rider,Héctor Barberá,25.001212147344265,3.9186559236244376,12/04/2019 13:00:00,0,Kawasaki ZX-10RR [2019],World Superbikes,
687,Rider,Héctor Barberá,25.002128567422545,3.9185313829306065,10/05/2019 13:00:00,0,Kawasaki ZX-10RR [2019],World Superbikes,
688,Rider,Yuki Takahashi,26.97823586404141,3.757720107027938,07/06/2019 13:00:00,0,Honda CBR1000RR SP2 [2019],World Superbikes,
688,Rider,Yuki Takahashi,26.978091204596534,3.7577138870982183,21/06/2019 13:00:00,0,Honda CBR1000RR SP2 [2019],World Superbikes,
689,Rider,Samuele Cavalieri,22.500279593722055,1.9539494468304883,21/06/2019 13:00:00,0,Ducati Panigale V4 R [2019],World Superbikes,
689,Rider,Samuele Cavalieri,22.499057326923136,1.9526808438707255,18/09/2020 13:00:00,0,Ducati Panigale V4 R [2020],World Superbikes,
689,Rider,Samuele Cavalieri,22.497286698612427,1.9516975239955507,02/10/2020 13:00:00,0,Ducati Panigale V4 R [2020],World Superbikes,
689,Rider,Samuele Cavalieri,22.496154151380903,1.9509549804976263,21/05/2021 13:00:00,0,Kawasaki ZX-10RR [2021],World Superbikes,
689,Rider,Samuele Cavalieri,22.495427401930193,1.9504936085243407,28/05/2021 13:00:00,0,Kawasaki ZX-10RR [2021],World Superbikes,
689,Rider,Samuele Cavalieri,22.496369987827535,1.9502405440820627,11/06/2021 13:00:00,0,Kawasaki ZX-10RR [2021],World Superbikes,
689,Rider,Samuele Cavalieri,22.497241671698276,1.950290575815206,17/09/2021 13:00:00,0,Ducati Panigale V4 R [2021],World Superbikes,
689,Rider,Samuele Cavalieri,22.497177641487443,1.9506552941180155,24/09/2021 13:00:00,0,Ducati Panigale V4 R [2021],World Superbikes,
689,Rider,Samuele Cavalieri,22.497436773388596,1.951325811555849,01/10/2021 13:00:00,0,Ducati Panigale V4 R [2021],World Superbikes,
689,Rider,Samuele Cavalieri,22.497632125808835,1.9523053889277235,16/10/2021 13:00:00,0,Ducati Panigale V4 R [2021],World Superbikes,
689,Rider,Samuele Cavalieri,22.49762926157862,1.9535901598516368,19/11/2021 13:00:00,0,Ducati Panigale V4 R [2021],World Superbikes,
690,Rider,Peter Hickman,29.80104627415814,3.2022549086930128,05/07/2019 13:00:00,0,BMW S1000 RR [2019],World Superbikes,
690,Rider,Peter Hickman,29.79902463963457,3.201999804814979,15/07/2022 13:00:00,0,BMW M 1000 RR [2022],World Superbikes,
690,Rider,Peter Hickman,29.797682328573355,3.2022517454775583,29/07/2022 13:00:00,0,BMW M 1000 RR [2022],World Superbikes,
691,Rider,JD Beach,26.589981646743666,4.409386263026798,13/07/2019 13:00:00,0,Yamaha YZF-R1 [2019],World Superbikes,
692,Bike,BMW S1000 RR [2020],23.538226065558916,2.1341457689923695,28/02/2020 13:00:00,0,,World Superbikes,
692,Bike,BMW S1000 RR [2020],23.537539374082336,2.1330463059183966,31/07/2020 13:00:00,0,,World Superbikes,
692,Bike,BMW S1000 RR [2020],23.536439701139322,2.1323076859486667,07/08/2020 13:00:00,0,,World Superbikes,
692,Bike,BMW S1000 RR [2020],23.534911520248578,2.13193351253923,28/08/2020 13:00:00,0,,World Superbikes,
692,Bike,BMW S1000 RR [2020],23.535278756436476,2.1319291838883965,04/09/2020 13:00:00,0,,World Superbikes,
692,Bike,BMW S1000 RR [2020],23.536140318266057,2.132287225081508,18/09/2020 13:00:00,0,,World Superbikes,
692,Bike,BMW S1000 RR [2020],23.537084836512427,2.133005035299807,02/10/2020 13:00:00,0,,World Superbikes,
692,Bike,BMW S1000 RR [2020],23.536158394781225,2.1340420316383577,16/10/2020 13:00:00,0,,World Superbikes,
693,Rider,Scott Redding,38.96571007114117,0.9060807087289328,28/02/2020 13:00:00,0,Ducati Panigale V4 R [2020],World Superbikes,
693,Rider,Scott Redding,38.96533178053656,0.9024566302699235,31/07/2020 13:00:00,0,Ducati Panigale V4 R [2020],World Superbikes,
693,Rider,Scott Redding,38.962593927351314,0.8989272917870581,07/08/2020 13:00:00,0,Ducati Panigale V4 R [2020],World Superbikes,
693,Rider,Scott Redding,38.95976583683097,0.8955225529977315,28/08/2020 13:00:00,0,Ducati Panigale V4 R [2020],World Superbikes,
693,Rider,Scott Redding,38.955728256366065,0.8922333239758281,04/09/2020 13:00:00,0,Ducati Panigale V4 R [2020],World Superbikes,
693,Rider,Scott Redding,38.95039677341258,0.8890601978147903,18/09/2020 13:00:00,0,Ducati Panigale V4 R [2020],World Superbikes,
693,Rider,Scott Redding,38.94478764173074,0.8860075389461596,02/10/2020 13:00:00,0,Ducati Panigale V4 R [2020],World Superbikes,
693,Rider,Scott Redding,38.93956579700722,0.8830765526258413,16/10/2020 13:00:00,0,Ducati Panigale V4 R [2020],World Superbikes,
693,Rider,Scott Redding,38.93812734181969,0.8802449671996816,21/05/2021 13:00:00,0,Ducati Panigale V4 R [2021],World Superbikes,
693,Rider,Scott Redding,38.93516704776763,0.8775178260924273,28/05/2021 13:00:00,0,Ducati Panigale V4 R [2021],World Superbikes,
693,Rider,Scott Redding,38.93086419234361,0.8748951492668967,11/06/2021 13:00:00,0,Ducati Panigale V4 R [2021],World Superbikes,
693,Rider,Scott Redding,38.92560805504542,0.8723862176420044,02/07/2021 13:00:00,0,Ducati Panigale V4 R [2021],World Superbikes,
693,Rider,Scott Redding,38.920354910653856,0.8700019197257568,23/07/2021 13:00:00,0,Ducati Panigale V4 R [2021],World Superbikes,
693,Rider,Scott Redding,38.91435709241631,0.8677276085160451,06/08/2021 13:00:00,0,Ducati Panigale V4 R [2021],World Superbikes,
693,Rider,Scott Redding,38.90742490177744,0.8655643943319863,20/08/2021 13:00:00,0,Ducati Panigale V4 R [2021],World Superbikes,
693,Rider,Scott Redding,38.899101104002185,0.8635046443472102,03/09/2021 13:00:00,0,Ducati Panigale V4 R [2021],World Superbikes,
693,Rider,Scott Redding,38.89128712368855,0.8615667119012507,17/09/2021 13:00:00,0,Ducati Panigale V4 R [2021],World Superbikes,
693,Rider,Scott Redding,38.882779038692796,0.8597426780596525,24/09/2021 13:00:00,0,Ducati Panigale V4 R [2021],World Superbikes,
693,Rider,Scott Redding,38.87369699522266,0.8580317633630983,01/10/2021 13:00:00,0,Ducati Panigale V4 R [2021],World Superbikes,
693,Rider,Scott Redding,38.864350102382296,0.8564348865444867,16/10/2021 13:00:00,0,Ducati Panigale V4 R [2021],World Superbikes,
693,Rider,Scott Redding,38.85315899620693,0.8549234627962259,19/11/2021 13:00:00,0,Ducati Panigale V4 R [2021],World Superbikes,
693,Rider,Scott Redding,38.841236772667465,0.853517028879516,08/04/2022 13:00:00,0,BMW M 1000 RR [2022],World Superbikes,
693,Rider,Scott Redding,38.83047146765553,0.8522301445897491,22/04/2022 13:00:00,0,BMW M 1000 RR [2022],World Superbikes,
693,Rider,Scott Redding,38.820064828737095,0.8510634765440027,20/05/2022 13:00:00,0,BMW M 1000 RR [2022],World Superbikes,
693,Rider,Scott Redding,38.80795913329595,0.8500078464110427,10/06/2022 13:00:00,0,BMW M 1000 RR [2022],World Superbikes,
693,Rider,Scott Redding,38.7955498081383,0.8490702400204181,15/07/2022 13:00:00,0,BMW M 1000 RR [2022],World Superbikes,
693,Rider,Scott Redding,38.78135066076654,0.8482463424344168,29/07/2022 13:00:00,0,BMW M 1000 RR [2022],World Superbikes,
693,Rider,Scott Redding,38.766324932347636,0.8475393939601567,09/09/2022 13:00:00,0,BMW M 1000 RR [2022],World Superbikes,
693,Rider,Scott Redding,38.74922495794889,0.8469411032733299,23/09/2022 13:00:00,0,BMW M 1000 RR [2022],World Superbikes,
693,Rider,Scott Redding,38.73265792197032,0.8464604498679171,07/10/2022 13:00:00,0,BMW M 1000 RR [2022],World Superbikes,
693,Rider,Scott Redding,38.71531166062246,0.8460994331609499,22/10/2022 13:00:00,0,BMW M 1000 RR [2022],World Superbikes,
693,Rider,Scott Redding,38.69660594284048,0.8458541697977775,11/11/2022 13:00:00,0,BMW M 1000 RR [2022],World Superbikes,
693,Rider,Scott Redding,38.677475534676255,0.8457243216290163,18/11/2022 13:00:00,0,BMW M 1000 RR [2022],World Superbikes,
693,Rider,Scott Redding,38.658750816425965,0.845713111139366,24/02/2023 13:00:00,0,BMW M 1000 RR [2023],World Superbikes,
693,Rider,Scott Redding,38.6404635824994,0.8458214104064726,03/03/2023 13:00:00,0,BMW M 1000 RR [2023],World Superbikes,
693,Rider,Scott Redding,38.62224812099174,0.8460489393790638,21/04/2023 13:00:00,0,BMW M 1000 RR [2023],World Superbikes,
693,Rider,Scott Redding,38.60274426134921,0.8463935139677498,05/05/2023 13:00:00,0,BMW M 1000 RR [2023],World Superbikes,
693,Rider,Scott Redding,38.58367773524206,0.8468572336579945,02/06/2023 13:00:00,0,BMW M 1000 RR [2023],World Superbikes,
693,Rider,Scott Redding,38.5648420829036,0.8474413166936279,30/06/2023 13:00:00,0,BMW M 1000 RR [2023],World Superbikes,
693,Rider,Scott Redding,38.546214102459246,0.8481454708469922,14/07/2023 13:00:00,0,BMW M 1000 RR [2023],World Superbikes,
693,Rider,Scott Redding,38.5263789878432,0.8489680605782539,28/07/2023 13:00:00,0,BMW M 1000 RR [2023],World Superbikes,
693,Rider,Scott Redding,38.507551994924,0.8499076631194237,08/09/2023 13:00:00,0,BMW M 1000 RR [2023],World Superbikes,
693,Rider,Scott Redding,38.488359655650896,0.8509689505888015,22/09/2023 13:00:00,0,BMW M 1000 RR [2023],World Superbikes,
693,Rider,Scott Redding,38.46984921204251,0.8521508754026815,29/09/2023 13:00:00,0,BMW M 1000 RR [2023],World Superbikes,
693,Rider,Scott Redding,38.45131014117163,0.8534547868358751,27/10/2023 13:00:00,0,BMW M 1000 RR [2023],World Superbikes,
693,Rider,Scott Redding,38.43218084942312,0.8548803625690065,23/02/2024 13:00:00,0,BMW M 1000 RR [2024],World Superbikes,
693,Rider,Scott Redding,38.41549127629257,0.856417889903052,22/03/2024 13:00:00,0,BMW M 1000 RR [2024],World Superbikes,
693,Rider,Scott Redding,38.39913987924637,0.8580782774737259,19/04/2024 13:00:00,0,BMW M 1000 RR [2024],World Superbikes,
693,Rider,Scott Redding,38.38430669067227,0.8598600782834036,14/06/2024 13:00:00,0,BMW M 1000 RR [2024],World Superbikes,
693,Rider,Scott Redding,38.37161242907752,0.8617583796336489,12/07/2024 13:00:00,0,BMW M 1000 RR [2024],World Superbikes,
693,Rider,Scott Redding,38.357278791663994,0.863769367212494,19/07/2024 13:00:00,0,BMW M 1000 RR [2024],World Superbikes,
693,Rider,Scott Redding,38.34315431760458,0.8659053776129233,10/08/2024 13:00:00,0,BMW M 1000 RR [2024],World Superbikes,
693,Rider,Scott Redding,38.33050409876048,0.8681631346819654,06/09/2024 13:00:00,0,BMW M 1000 RR [2024],World Superbikes,
693,Rider,Scott Redding,38.31652741821493,0.8705323631017672,20/09/2024 13:00:00,0,BMW M 1000 RR [2024],World Superbikes,
693,Rider,Scott Redding,38.30389110880905,0.8730282837953297,27/09/2024 13:00:00,0,BMW M 1000 RR [2024],World Superbikes,
693,Rider,Scott Redding,38.292150463602425,0.8756488719217501,11/10/2024 13:00:00,0,BMW M 1000 RR [2024],World Superbikes,
693,Rider,Scott Redding,38.28246136461214,0.8783890869949145,18/10/2024 13:00:00,0,BMW M 1000 RR [2024],World Superbikes,
693,Rider,Scott Redding,38.273203077443966,0.8812585869707025,21/02/2025 13:00:00,0,Ducati Panigale V4 R [2025],World Superbikes,
693,Rider,Scott Redding,38.263342987297364,0.8842516501826889,28/03/2025 13:00:00,0,Ducati Panigale V4 R [2025],World Superbikes,
693,Rider,Scott Redding,38.25498858367545,0.8873697508036206,11/04/2025 13:00:00,0,Ducati Panigale V4 R [2025],World Superbikes,
693,Rider,Scott Redding,38.24827228789687,0.890613262486779,02/05/2025 13:00:00,0,Ducati Panigale V4 R [2025],World Superbikes,
693,Rider,Scott Redding,38.241895190248144,0.8939873934476906,16/05/2025 13:00:00,0,Ducati Panigale V4 R [2025],World Superbikes,
693,Rider,Scott Redding,38.23734519105942,0.8974862666806075,13/06/2025 13:00:00,0,Ducati Panigale V4 R [2025],World Superbikes,
693,Rider,Scott Redding,38.234542347491924,0.901111079706624,11/07/2025 13:00:00,0,Ducati Panigale V4 R [2025],World Superbikes,
694,Bike,Ducati Panigale V4 R [2020],24.691249528897018,2.1650895481419496,28/02/2020 13:00:00,0,,World Superbikes,
694,Bike,Ducati Panigale V4 R [2020],24.691274555676504,2.1640521620677817,31/07/2020 13:00:00,0,,World Superbikes,
694,Bike,Ducati Panigale V4 R [2020],24.691311053380613,2.163356645120088,07/08/2020 13:00:00,0,,World Superbikes,
694,Bike,Ducati Panigale V4 R [2020],24.69169769659143,2.1630252991469447,28/08/2020 13:00:00,0,,World Superbikes,
694,Bike,Ducati Panigale V4 R [2020],24.691994569306228,2.1630548516428805,04/09/2020 13:00:00,0,,World Superbikes,
694,Bike,Ducati Panigale V4 R [2020],24.692072852588552,2.163408350626148,18/09/2020 13:00:00,0,,World Superbikes,
694,Bike,Ducati Panigale V4 R [2020],24.6919536882212,2.1641160011463962,02/10/2020 13:00:00,0,,World Superbikes,
694,Bike,Ducati Panigale V4 R [2020],24.691880554104706,2.16517012383187,16/10/2020 13:00:00,0,,World Superbikes,
695,Bike,Kawasaki ZX-10RR [2020],24.942715607473534,2.209571271397938,28/02/2020 13:00:00,0,,World Superbikes,
695,Bike,Kawasaki ZX-10RR [2020],24.942501020364794,2.2085835222636305,31/07/2020 13:00:00,0,,World Superbikes,
695,Bike,Kawasaki ZX-10RR [2020],24.942708704650826,2.2079564342305606,07/08/2020 13:00:00,0,,World Superbikes,
695,Bike,Kawasaki ZX-10RR [2020],24.94263486723665,2.207663098705525,28/08/2020 13:00:00,0,,World Superbikes,
695,Bike,Kawasaki ZX-10RR [2020],24.94221560642155,2.207699628846957,04/09/2020 13:00:00,0,,World Superbikes,
695,Bike,Kawasaki ZX-10RR [2020],24.941639540250783,2.2080711765420187,18/09/2020 13:00:00,0,,World Superbikes,
695,Bike,Kawasaki ZX-10RR [2020],24.94121286501583,2.208745850563105,02/10/2020 13:00:00,0,,World Superbikes,
695,Bike,Kawasaki ZX-10RR [2020],24.940670300525774,2.2097286514005714,16/10/2020 13:00:00,0,,World Superbikes,
696,Bike,Yamaha YZF-R1 [2020],26.466090732832992,2.1430154565212485,28/02/2020 13:00:00,0,,World Superbikes,
696,Bike,Yamaha YZF-R1 [2020],26.466438396621736,2.1419550902884237,31/07/2020 13:00:00,0,,World Superbikes,
696,Bike,Yamaha YZF-R1 [2020],26.46651564589335,2.1412545438181607,07/08/2020 13:00:00,0,,World Superbikes,
696,Bike,Yamaha YZF-R1 [2020],26.466138038604765,2.140904157105605,28/08/2020 13:00:00,0,,World Superbikes,
696,Bike,Yamaha YZF-R1 [2020],26.465786290908994,2.140911690431387,04/09/2020 13:00:00,0,,World Superbikes,
696,Bike,Yamaha YZF-R1 [2020],26.465819780401773,2.1412847869741354,18/09/2020 13:00:00,0,,World Superbikes,
696,Bike,Yamaha YZF-R1 [2020],26.466241025115977,2.141988857137942,02/10/2020 13:00:00,0,,World Superbikes,
696,Bike,Yamaha YZF-R1 [2020],26.46671475718956,2.143055162526628,16/10/2020 13:00:00,0,,World Superbikes,
697,Bike,Honda CBR1000RR-R [2020],22.49825585072489,2.288091499482225,28/02/2020 13:00:00,0,,World Superbikes,
697,Bike,Honda CBR1000RR-R [2020],22.498323123795522,2.287099460615491,31/07/2020 13:00:00,0,,World Superbikes,
697,Bike,Honda CBR1000RR-R [2020],22.49857241146363,2.286409560882616,07/08/2020 13:00:00,0,,World Superbikes,
697,Bike,Honda CBR1000RR-R [2020],22.499117225534484,2.2860326018286448,28/08/2020 13:00:00,0,,World Superbikes,
697,Bike,Honda CBR1000RR-R [2020],22.499712964881315,2.2859550447228583,04/09/2020 13:00:00,0,,World Superbikes,
697,Bike,Honda CBR1000RR-R [2020],22.500035612943872,2.2861992881712134,18/09/2020 13:00:00,0,,World Superbikes,
697,Bike,Honda CBR1000RR-R [2020],22.49972315367064,2.286802629121471,02/10/2020 13:00:00,0,,World Superbikes,
697,Bike,Honda CBR1000RR-R [2020],22.500671610373644,2.2877319306439863,16/10/2020 13:00:00,0,,World Superbikes,
698,Rider,Federico Caricasulo,30.631535389424425,2.1908220903124374,28/02/2020 13:00:00,0,Yamaha YZF-R1 [2020],World Superbikes,
698,Rider,Federico Caricasulo,30.63191613345445,2.1897959558207147,31/07/2020 13:00:00,0,Yamaha YZF-R1 [2020],World Superbikes,
698,Rider,Federico Caricasulo,30.631894508570984,2.1891147086824883,07/08/2020 13:00:00,0,Yamaha YZF-R1 [2020],World Superbikes,
698,Rider,Federico Caricasulo,30.632151163331564,2.188771997750132,28/08/2020 13:00:00,0,Yamaha YZF-R1 [2020],World Superbikes,
698,Rider,Federico Caricasulo,30.632768741514024,2.188769668061542,04/09/2020 13:00:00,0,Yamaha YZF-R1 [2020],World Superbikes,
698,Rider,Federico Caricasulo,30.63277841314523,2.1891107429507635,18/09/2020 13:00:00,0,Yamaha YZF-R1 [2020],World Superbikes,
698,Rider,Federico Caricasulo,30.632811701032395,2.1897894246981546,02/10/2020 13:00:00,0,Yamaha YZF-R1 [2020],World Superbikes,
698,Rider,Federico Caricasulo,30.632503708877888,2.190809430759565,16/10/2020 13:00:00,0,Yamaha YZF-R1 [2020],World Superbikes,
699,Rider,Garrett Gerloff,35.69474778122886,0.8771308042821009,28/02/2020 13:00:00,0,Yamaha YZF-R1 [2020],World Superbikes,
699,Rider,Garrett Gerloff,35.697882799611456,0.8733686744649594,31/07/2020 13:00:00,0,Yamaha YZF-R1 [2020],World Superbikes,
699,Rider,Garrett Gerloff,35.701897289755664,0.8697249968668249,07/08/2020 13:00:00,0,Yamaha YZF-R1 [2020],World Superbikes,
699,Rider,Garrett Gerloff,35.70600960837833,0.8662007699612997,28/08/2020 13:00:00,0,Yamaha YZF-R1 [2020],World Superbikes,
699,Rider,Garrett Gerloff,35.71016970240793,0.8627955141490389,04/09/2020 13:00:00,0,Yamaha YZF-R1 [2020],World Superbikes,
699,Rider,Garrett Gerloff,35.71521679313656,0.859506148192986,18/09/2020 13:00:00,0,Yamaha YZF-R1 [2020],World Superbikes,
699,Rider,Garrett Gerloff,35.721687122953334,0.8563285135948653,02/10/2020 13:00:00,0,Yamaha YZF-R1 [2020],World Superbikes,
699,Rider,Garrett Gerloff,35.7272475117458,0.8532632622338342,16/10/2020 13:00:00,0,Yamaha YZF-R1 [2020],World Superbikes,
699,Rider,Garrett Gerloff,35.73148030619382,0.8503066955486264,21/05/2021 13:00:00,0,Yamaha YZF-R1 [2021],World Superbikes,
699,Rider,Garrett Gerloff,35.73479561269606,0.8474673816786508,28/05/2021 13:00:00,0,Yamaha YZF-R1 [2021],World Superbikes,
699,Rider,Garrett Gerloff,35.73673400179774,0.8447407432312086,11/06/2021 13:00:00,0,Yamaha YZF-R1 [2021],World Superbikes,
699,Rider,Garrett Gerloff,35.741682526229205,0.8421235341180321,02/07/2021 13:00:00,0,Yamaha YZF-R1 [2021],World Superbikes,
699,Rider,Garrett Gerloff,35.74552725210943,0.8396223424144929,23/07/2021 13:00:00,0,Yamaha YZF-R1 [2021],World Superbikes,
699,Rider,Garrett Gerloff,35.75241167761628,0.8372204577145653,06/08/2021 13:00:00,0,Yamaha YZF-R1 [2021],World Superbikes,
699,Rider,Garrett Gerloff,35.75812850958058,0.8349303884621813,20/08/2021 13:00:00,0,Yamaha YZF-R1 [2021],World Superbikes,
699,Rider,Garrett Gerloff,35.76366902172167,0.8327552316732525,03/09/2021 13:00:00,0,Yamaha YZF-R1 [2021],World Superbikes,
699,Rider,Garrett Gerloff,35.769714374566284,0.8306940199648907,17/09/2021 13:00:00,0,Yamaha YZF-R1 [2021],World Superbikes,
699,Rider,Garrett Gerloff,35.77591846057859,0.828746766585554,24/09/2021 13:00:00,0,Yamaha YZF-R1 [2021],World Superbikes,
699,Rider,Garrett Gerloff,35.78245604361165,0.826912604555306,01/10/2021 13:00:00,0,Yamaha YZF-R1 [2021],World Superbikes,
699,Rider,Garrett Gerloff,35.78889054781775,0.8251902826040717,16/10/2021 13:00:00,0,Yamaha YZF-R1 [2021],World Superbikes,
699,Rider,Garrett Gerloff,35.795133893977436,0.8235795006132124,19/11/2021 13:00:00,0,Yamaha YZF-R1 [2021],World Superbikes,
699,Rider,Garrett Gerloff,35.80011030350133,0.8220720011625663,08/04/2022 13:00:00,0,Yamaha YZF-R1 [2022],World Superbikes,
699,Rider,Garrett Gerloff,35.80576901299998,0.8206775829285999,22/04/2022 13:00:00,0,Yamaha YZF-R1 [2022],World Superbikes,
699,Rider,Garrett Gerloff,35.81078755928205,0.819391504703631,10/06/2022 13:00:00,0,Yamaha YZF-R1 [2022],World Superbikes,
699,Rider,Garrett Gerloff,35.81648053167055,0.8182162393885869,15/07/2022 13:00:00,0,Yamaha YZF-R1 [2022],World Superbikes,
699,Rider,Garrett Gerloff,35.82196332943029,0.8171527274378321,29/07/2022 13:00:00,0,Yamaha YZF-R1 [2022],World Superbikes,
699,Rider,Garrett Gerloff,35.826858823859,0.8161972114135884,09/09/2022 13:00:00,0,Yamaha YZF-R1 [2022],World Superbikes,
699,Rider,Garrett Gerloff,35.83092010415806,0.815349167939723,23/09/2022 13:00:00,0,Yamaha YZF-R1 [2022],World Superbikes,
699,Rider,Garrett Gerloff,35.8342965398143,0.8146094645343552,07/10/2022 13:00:00,0,Yamaha YZF-R1 [2022],World Superbikes,
699,Rider,Garrett Gerloff,35.8372863749012,0.8139806918040245,22/10/2022 13:00:00,0,Yamaha YZF-R1 [2022],World Superbikes,
699,Rider,Garrett Gerloff,35.84092781205225,0.813462715410316,11/11/2022 13:00:00,0,Yamaha YZF-R1 [2022],World Superbikes,
699,Rider,Garrett Gerloff,35.84509401003367,0.8130524260675887,18/11/2022 13:00:00,0,Yamaha YZF-R1 [2022],World Superbikes,
699,Rider,Garrett Gerloff,35.848752638663434,0.8127472688644827,24/02/2023 13:00:00,0,BMW M 1000 RR [2023],World Superbikes,
699,Rider,Garrett Gerloff,35.85299420186627,0.8125514867308009,03/03/2023 13:00:00,0,BMW M 1000 RR [2023],World Superbikes,
699,Rider,Garrett Gerloff,35.857450521466,0.8124651769652925,21/04/2023 13:00:00,0,BMW M 1000 RR [2023],World Superbikes,
699,Rider,Garrett Gerloff,35.86253508119082,0.8124889295670642,05/05/2023 13:00:00,0,BMW M 1000 RR [2023],World Superbikes,
699,Rider,Garrett Gerloff,35.86672607088886,0.8126246554587702,02/06/2023 13:00:00,0,BMW M 1000 RR [2023],World Superbikes,
699,Rider,Garrett Gerloff,35.87108359244428,0.8128719412056938,30/06/2023 13:00:00,0,BMW M 1000 RR [2023],World Superbikes,
699,Rider,Garrett Gerloff,35.87475377921021,0.8132307233537228,14/07/2023 13:00:00,0,BMW M 1000 RR [2023],World Superbikes,
699,Rider,Garrett Gerloff,35.87859721052861,0.8137008522450568,28/07/2023 13:00:00,0,BMW M 1000 RR [2023],World Superbikes,
699,Rider,Garrett Gerloff,35.88106939006327,0.8142812171016434,08/09/2023 13:00:00,0,BMW M 1000 RR [2023],World Superbikes,
699,Rider,Garrett Gerloff,35.88046834110284,0.8149531251191596,22/09/2023 13:00:00,0,BMW M 1000 RR [2023],World Superbikes,
699,Rider,Garrett Gerloff,35.87947429583473,0.8157372068036916,29/09/2023 13:00:00,0,BMW M 1000 RR [2023],World Superbikes,
699,Rider,Garrett Gerloff,35.8781674220025,0.8166344544082713,27/10/2023 13:00:00,0,BMW M 1000 RR [2023],World Superbikes,
699,Rider,Garrett Gerloff,35.87599136482746,0.817644824198327,23/02/2024 13:00:00,0,BMW M 1000 RR [2024],World Superbikes,
699,Rider,Garrett Gerloff,35.87442545481145,0.8187669009045487,22/03/2024 13:00:00,0,BMW M 1000 RR [2024],World Superbikes,
699,Rider,Garrett Gerloff,35.87315216920546,0.8200016778251892,19/04/2024 13:00:00,0,BMW M 1000 RR [2024],World Superbikes,
699,Rider,Garrett Gerloff,35.873381479656025,0.8213466353167526,14/06/2024 13:00:00,0,BMW M 1000 RR [2024],World Superbikes,
699,Rider,Garrett Gerloff,35.873815513082384,0.8228073765927516,12/07/2024 13:00:00,0,BMW M 1000 RR [2024],World Superbikes,
699,Rider,Garrett Gerloff,35.87413918445392,0.8243827622884853,19/07/2024 13:00:00,0,BMW M 1000 RR [2024],World Superbikes,
699,Rider,Garrett Gerloff,35.87368528475566,0.8260729342763371,10/08/2024 13:00:00,0,BMW M 1000 RR [2024],World Superbikes,
699,Rider,Garrett Gerloff,35.872836937098064,0.8278771220807042,06/09/2024 13:00:00,0,BMW M 1000 RR [2024],World Superbikes,
699,Rider,Garrett Gerloff,35.87061840037578,0.8297902989544376,20/09/2024 13:00:00,0,BMW M 1000 RR [2024],World Superbikes,
699,Rider,Garrett Gerloff,35.868687431386775,0.8318212566457315,27/09/2024 13:00:00,0,BMW M 1000 RR [2024],World Superbikes,
699,Rider,Garrett Gerloff,35.8664449361999,0.8339686438872228,11/10/2024 13:00:00,0,BMW M 1000 RR [2024],World Superbikes,
699,Rider,Garrett Gerloff,35.86524799675314,0.836231289249796,18/10/2024 13:00:00,0,BMW M 1000 RR [2024],World Superbikes,
699,Rider,Garrett Gerloff,35.86374058492574,0.8386132426216301,21/02/2025 13:00:00,0,Kawasaki ZX-10RR [2025],World Superbikes,
699,Rider,Garrett Gerloff,35.86291118870232,0.8411077939139588,28/03/2025 13:00:00,0,Kawasaki ZX-10RR [2025],World Superbikes,
699,Rider,Garrett Gerloff,35.86240022044277,0.8437167361434447,11/04/2025 13:00:00,0,Kawasaki ZX-10RR [2025],World Superbikes,
699,Rider,Garrett Gerloff,35.86232732511982,0.8464404550918229,02/05/2025 13:00:00,0,Kawasaki ZX-10RR [2025],World Superbikes,
699,Rider,Garrett Gerloff,35.86262363617994,0.849277812282262,16/05/2025 13:00:00,0,Kawasaki ZX-10RR [2025],World Superbikes,
699,Rider,Garrett Gerloff,35.861265048746695,0.8522359572730359,13/06/2025 13:00:00,0,Kawasaki ZX-10RR [2025],World Superbikes,
699,Rider,Garrett Gerloff,35.85941274447251,0.8553156329334197,11/07/2025 13:00:00,0,Kawasaki ZX-10RR [2025],World Superbikes,
699,Rider,Garrett Gerloff,35.856555787110494,0.8585190259018766,25/07/2025 13:00:00,0,Kawasaki ZX-10RR [2025],World Superbikes,
699,Rider,Garrett Gerloff,35.85333095511502,0.8618442427482522,05/09/2025 13:00:00,0,Kawasaki ZX-10RR [2025],World Superbikes,
699,Rider,Garrett Gerloff,35.852332337260194,0.8652800796561264,26/09/2025 13:00:00,0,Kawasaki ZX-10RR [2025],World Superbikes,
699,Rider,Garrett Gerloff,35.85161548276065,0.8688366149387765,10/10/2025 13:00:00,0,Kawasaki ZX-10RR [2025],World Superbikes,
699,Rider,Garrett Gerloff,35.85071826560918,0.8725161263526957,17/10/2025 13:00:00,0,Kawasaki ZX-10RR [2025],World Superbikes,
699,Rider,Garrett Gerloff,35.84983621934508,0.8763200342539574,20/02/2026 13:00:00,0,Kawasaki ZX-10RR [2026],World Superbikes,
700,Bike,Aprilia RSV4 1000 [2020],27.521167219754613,3.2317460583114137,31/07/2020 13:00:00,0,,World Superbikes,
700,Bike,Aprilia RSV4 1000 [2020],27.520689131083632,3.2315276674960383,07/08/2020 13:00:00,0,,World Superbikes,
700,Bike,Aprilia RSV4 1000 [2020],27.521466970959036,3.2317323183290685,28/08/2020 13:00:00,0,,World Superbikes,
701,Rider,Lorenzo Gabellini,17.879412244258905,3.847306504329645,31/07/2020 13:00:00,0,Honda CBR1000RR-R [2020],World Superbikes,
701,Rider,Lorenzo Gabellini,17.878559046145938,3.8472296780453905,07/08/2020 13:00:00,0,Honda CBR1000RR-R [2020],World Superbikes,
701,Rider,Lorenzo Gabellini,17.878477789435177,3.847453479629452,28/08/2020 13:00:00,0,Honda CBR1000RR-R [2020],World Superbikes,
702,Bike, [2020],24.046655630732197,3.6146356416971526,28/08/2020 13:00:00,0,,World Superbikes,
702,Bike, [2020],24.045642419127244,3.614669336408625,16/10/2020 13:00:00,0,,World Superbikes,
703,Rider,Matteo Ferrari,24.16163075494252,3.832280679391912,04/09/2020 13:00:00,0,Ducati Panigale V4 R [2020],World Superbikes,
703,Rider,Matteo Ferrari,24.162268627606288,3.832221759606394,16/10/2020 13:00:00,0,Ducati Panigale V4 R [2020],World Superbikes,
704,Rider,Valentin Debise,24.08254849344933,3.7843024394961566,18/09/2020 13:00:00,0,Kawasaki ZX-10RR [2020],World Superbikes,
704,Rider,Valentin Debise,24.083340214509438,3.784274847853083,02/10/2020 13:00:00,0,Kawasaki ZX-10RR [2020],World Superbikes,
705,Rider,Jonas Folger,27.666912694291387,1.8263623488002023,18/09/2020 13:00:00,0,Yamaha YZF-R1 [2020],World Superbikes,
705,Rider,Jonas Folger,27.669472579872455,1.8248605201514232,16/10/2020 13:00:00,0,Yamaha YZF-R1 [2020],World Superbikes,
705,Rider,Jonas Folger,27.67090098867861,1.823646457053186,21/05/2021 13:00:00,0,BMW S1000 RR [2021],World Superbikes,
705,Rider,Jonas Folger,27.672566787742117,1.8225989297144418,28/05/2021 13:00:00,0,BMW M 1000 RR [2021],World Superbikes,
705,Rider,Jonas Folger,27.672428827578695,1.8218502659662774,11/06/2021 13:00:00,0,BMW M 1000 RR [2021],World Superbikes,
705,Rider,Jonas Folger,27.671738012328447,1.8213912129703134,02/07/2021 13:00:00,0,BMW M 1000 RR [2021],World Superbikes,
705,Rider,Jonas Folger,27.672222877613756,1.821163661511702,23/07/2021 13:00:00,0,BMW M 1000 RR [2021],World Superbikes,
705,Rider,Jonas Folger,27.670114309745937,1.8212271651850709,06/08/2021 13:00:00,0,BMW M 1000 RR [2021],World Superbikes,
705,Rider,Jonas Folger,27.669272496127697,1.8215504462575625,20/08/2021 13:00:00,0,BMW M 1000 RR [2021],World Superbikes,
705,Rider,Jonas Folger,27.66748028919962,1.8221617078819445,03/09/2021 13:00:00,0,BMW M 1000 RR [2021],World Superbikes,
705,Rider,Jonas Folger,27.66652978397503,1.8230358572220136,17/09/2021 13:00:00,0,BMW M 1000 RR [2021],World Superbikes,
705,Rider,Jonas Folger,27.665854515584684,1.824184045704004,24/09/2021 13:00:00,0,BMW M 1000 RR [2021],World Superbikes,
705,Rider,Jonas Folger,27.664463679140773,1.8256244580491825,01/10/2021 13:00:00,0,BMW M 1000 RR [2021],World Superbikes,
706,Rider,Xavier Pinsach,24.720857163525935,4.498993388876659,02/10/2020 13:00:00,0,Kawasaki ZX-10RR [2020],World Superbikes,
707,Rider,Eric Granado,24.78927952689805,2.0863702598369027,16/10/2020 13:00:00,0,Honda CBR1000RR-R [2020],World Superbikes,
707,Rider,Eric Granado,24.789178846969186,2.0852174679528748,24/02/2023 13:00:00,0,Honda CBR1000RR-R [2023],World Superbikes,
707,Rider,Eric Granado,24.788861287126338,2.0843224956806434,03/03/2023 13:00:00,0,Honda CBR1000RR-R [2023],World Superbikes,
707,Rider,Eric Granado,24.78927193306187,2.0836592987228384,21/04/2023 13:00:00,0,Honda CBR1000RR-R [2023],World Superbikes,
707,Rider,Eric Granado,24.78922470297401,2.083298693520132,05/05/2023 13:00:00,0,Honda CBR1000RR-R [2023],World Superbikes,
707,Rider,Eric Granado,24.787977777993436,2.083265726233473,30/06/2023 13:00:00,0,Honda CBR1000RR-R [2023],World Superbikes,
707,Rider,Eric Granado,24.7877250876394,2.083490232163557,14/07/2023 13:00:00,0,Honda CBR1000RR-R [2023],World Superbikes,
707,Rider,Eric Granado,24.788182274542628,2.08400705587974,28/07/2023 13:00:00,0,Honda CBR1000RR-R [2023],World Superbikes,
707,Rider,Eric Granado,24.78732547324896,2.0848495691965643,22/09/2023 13:00:00,0,Honda CBR1000RR-R [2023],World Superbikes,
707,Rider,Eric Granado,24.78662552243649,2.086013835253432,29/09/2023 13:00:00,0,Honda CBR1000RR-R [2023],World Superbikes,
708,Rider,Loris Cresson,16.363801850330198,1.9768322078961749,16/10/2020 13:00:00,0,Kawasaki ZX-10RR [2020],World Superbikes,
708,Rider,Loris Cresson,16.362591312043516,1.9755481541587916,21/05/2021 13:00:00,0,Kawasaki ZX-10RR [2021],World Superbikes,
708,Rider,Loris Cresson,16.362217702718127,1.9744387130876349,28/05/2021 13:00:00,0,Kawasaki ZX-10RR [2021],World Superbikes,
708,Rider,Loris Cresson,16.361765874528615,1.973578884170112,11/06/2021 13:00:00,0,Kawasaki ZX-10RR [2021],World Superbikes,
708,Rider,Loris Cresson,16.360382127139573,1.973021919931924,02/07/2021 13:00:00,0,Kawasaki ZX-10RR [2021],World Superbikes,
708,Rider,Loris Cresson,16.359723910435793,1.972624719558366,23/07/2021 13:00:00,0,Kawasaki ZX-10RR [2021],World Superbikes,
708,Rider,Loris Cresson,16.357768475055053,1.9725336395330406,06/08/2021 13:00:00,0,Kawasaki ZX-10RR [2021],World Superbikes,
708,Rider,Loris Cresson,16.35613036951567,1.9726890260854517,20/08/2021 13:00:00,0,Kawasaki ZX-10RR [2021],World Superbikes,
708,Rider,Loris Cresson,16.355669453506493,1.973024652879729,03/09/2021 13:00:00,0,Kawasaki ZX-10RR [2021],World Superbikes,
708,Rider,Loris Cresson,16.356033384462854,1.973533601001904,17/09/2021 13:00:00,0,Kawasaki ZX-10RR [2021],World Superbikes,
708,Rider,Loris Cresson,16.35683381070287,1.9742814358603984,24/09/2021 13:00:00,0,Kawasaki ZX-10RR [2021],World Superbikes,
708,Rider,Loris Cresson,16.358175888097442,1.9752762427790413,01/10/2021 13:00:00,0,Kawasaki ZX-10RR [2021],World Superbikes,
708,Rider,Loris Cresson,16.358505825945937,1.9765768056413422,08/04/2022 13:00:00,0,Kawasaki ZX-10RR [2022],World Superbikes,
709,Bike,Kawasaki ZX-10RR [2021],24.7254194348685,1.8818062068907628,21/05/2021 13:00:00,0,,World Superbikes,
709,Bike,Kawasaki ZX-10RR [2021],24.72534057149959,1.8804084619870212,28/05/2021 13:00:00,0,,World Superbikes,
709,Bike,Kawasaki ZX-10RR [2021],24.725410372392943,1.8792694645070616,11/06/2021 13:00:00,0,,World Superbikes,
709,Bike,Kawasaki ZX-10RR [2021],24.724906822965192,1.878415741075214,02/07/2021 13:00:00,0,,World Superbikes,
709,Bike,Kawasaki ZX-10RR [2021],24.724058497285597,1.8778092885071858,23/07/2021 13:00:00,0,,World Superbikes,
709,Bike,Kawasaki ZX-10RR [2021],24.72273921463947,1.8774749984123467,06/08/2021 13:00:00,0,,World Superbikes,
709,Bike,Kawasaki ZX-10RR [2021],24.721759709026205,1.8773783083571174,20/08/2021 13:00:00,0,,World Superbikes,
709,Bike,Kawasaki ZX-10RR [2021],24.72069136702005,1.877514232856168,03/09/2021 13:00:00,0,,World Superbikes,
709,Bike,Kawasaki ZX-10RR [2021],24.719357236931867,1.877905154527034,17/09/2021 13:00:00,0,,World Superbikes,
709,Bike,Kawasaki ZX-10RR [2021],24.718531606704644,1.8785562348993288,24/09/2021 13:00:00,0,,World Superbikes,
709,Bike,Kawasaki ZX-10RR [2021],24.717872775115243,1.8794514986706405,01/10/2021 13:00:00,0,,World Superbikes,
709,Bike,Kawasaki ZX-10RR [2021],24.717246083051037,1.8806144092486303,16/10/2021 13:00:00,0,,World Superbikes,
709,Bike,Kawasaki ZX-10RR [2021],24.716918886025365,1.8820273261655132,19/11/2021 13:00:00,0,,World Superbikes,
710,Bike,Ducati Panigale V4 R [2021],27.105945250036047,1.7212789823129049,21/05/2021 13:00:00,0,,World Superbikes,
710,Bike,Ducati Panigale V4 R [2021],27.10585411382731,1.7197166863620938,28/05/2021 13:00:00,0,,World Superbikes,
710,Bike,Ducati Panigale V4 R [2021],27.10557336343956,1.7184405443275834,11/06/2021 13:00:00,0,,World Superbikes,
710,Bike,Ducati Panigale V4 R [2021],27.104845336369486,1.7174514303966528,02/07/2021 13:00:00,0,,World Superbikes,
710,Bike,Ducati Panigale V4 R [2021],27.104251578381955,1.7167538615055424,23/07/2021 13:00:00,0,,World Superbikes,
710,Bike,Ducati Panigale V4 R [2021],27.103484900605814,1.7163438748598088,06/08/2021 13:00:00,0,,World Superbikes,
710,Bike,Ducati Panigale V4 R [2021],27.102879318682103,1.7162227121815428,20/08/2021 13:00:00,0,,World Superbikes,
710,Bike,Ducati Panigale V4 R [2021],27.10224923226415,1.716381235580286,03/09/2021 13:00:00,0,,World Superbikes,
710,Bike,Ducati Panigale V4 R [2021],27.101898514444194,1.7168303087599859,17/09/2021 13:00:00,0,,World Superbikes,
710,Bike,Ducati Panigale V4 R [2021],27.101480752177345,1.7175653247855223,24/09/2021 13:00:00,0,,World Superbikes,
710,Bike,Ducati Panigale V4 R [2021],27.100917113950537,1.7185821897259257,01/10/2021 13:00:00,0,,World Superbikes,
710,Bike,Ducati Panigale V4 R [2021],27.100637001762426,1.7198828267172546,16/10/2021 13:00:00,0,,World Superbikes,
710,Bike,Ducati Panigale V4 R [2021],27.099875940301235,1.7214523361954572,19/11/2021 13:00:00,0,,World Superbikes,
711,Bike,BMW S1000 RR [2021],23.68372679642979,4.354570462298462,21/05/2021 13:00:00,0,,World Superbikes,
712,Bike,Yamaha YZF-R1 [2021],25.29163974776629,1.753899538261203,21/05/2021 13:00:00,0,,World Superbikes,
712,Bike,Yamaha YZF-R1 [2021],25.29181210643533,1.7523917596972785,28/05/2021 13:00:00,0,,World Superbikes,
712,Bike,Yamaha YZF-R1 [2021],25.29170522967184,1.751166591032532,11/06/2021 13:00:00,0,,World Superbikes,
712,Bike,Yamaha YZF-R1 [2021],25.292048152434578,1.750224064259821,02/07/2021 13:00:00,0,,World Superbikes,
712,Bike,Yamaha YZF-R1 [2021],25.29288472674088,1.749571006888549,23/07/2021 13:00:00,0,,World Superbikes,
712,Bike,Yamaha YZF-R1 [2021],25.294537008666133,1.749190752409995,06/08/2021 13:00:00,0,,World Superbikes,
712,Bike,Yamaha YZF-R1 [2021],25.295638699450905,1.7490748997475944,20/08/2021 13:00:00,0,,World Superbikes,
712,Bike,Yamaha YZF-R1 [2021],25.29673594780206,1.7492455074463005,03/09/2021 13:00:00,0,,World Superbikes,
712,Bike,Yamaha YZF-R1 [2021],25.297632784906796,1.7496945459837672,17/09/2021 13:00:00,0,,World Superbikes,
712,Bike,Yamaha YZF-R1 [2021],25.29824075767479,1.7504227845929905,24/09/2021 13:00:00,0,,World Superbikes,
712,Bike,Yamaha YZF-R1 [2021],25.298954312863398,1.751415330226518,01/10/2021 13:00:00,0,,World Superbikes,
712,Bike,Yamaha YZF-R1 [2021],25.29958622444405,1.7526790322648176,16/10/2021 13:00:00,0,,World Superbikes,
712,Bike,Yamaha YZF-R1 [2021],25.30024040282361,1.754219671698808,19/11/2021 13:00:00,0,,World Superbikes,
713,Bike,Honda CBR1000RR-R [2021],20.839301740029985,1.7078787569802192,21/05/2021 13:00:00,0,,World Superbikes,
713,Bike,Honda CBR1000RR-R [2021],20.838901701373644,1.7062937901715889,28/05/2021 13:00:00,0,,World Superbikes,
713,Bike,Honda CBR1000RR-R [2021],20.839980696626462,1.7049997695056578,11/06/2021 13:00:00,0,,World Superbikes,
713,Bike,Honda CBR1000RR-R [2021],20.841275185752778,1.7039999347487065,02/07/2021 13:00:00,0,,World Superbikes,
713,Bike,Honda CBR1000RR-R [2021],20.842947292980167,1.7032895437786102,23/07/2021 13:00:00,0,,World Superbikes,
713,Bike,Honda CBR1000RR-R [2021],20.84447467847058,1.7028742855832757,06/08/2021 13:00:00,0,,World Superbikes,
713,Bike,Honda CBR1000RR-R [2021],20.845622870044274,1.7027469384816785,20/08/2021 13:00:00,0,,World Superbikes,
713,Bike,Honda CBR1000RR-R [2021],20.847501430702447,1.7029059370097699,03/09/2021 13:00:00,0,,World Superbikes,
713,Bike,Honda CBR1000RR-R [2021],20.8498754531329,1.7033354973928347,17/09/2021 13:00:00,0,,World Superbikes,
713,Bike,Honda CBR1000RR-R [2021],20.852545038019297,1.7040494485960562,24/09/2021 13:00:00,0,,World Superbikes,
713,Bike,Honda CBR1000RR-R [2021],20.854534932514287,1.7050549873036513,01/10/2021 13:00:00,0,,World Superbikes,
713,Bike,Honda CBR1000RR-R [2021],20.85530748323222,1.7063418141725986,16/10/2021 13:00:00,0,,World Superbikes,
713,Bike,Honda CBR1000RR-R [2021],20.856429185825107,1.7079186156592088,19/11/2021 13:00:00,0,,World Superbikes,
714,Rider,Tito Rabat,26.307462907511564,1.0724959906128284,21/05/2021 13:00:00,0,Ducati Panigale V4 R [2021],World Superbikes,
714,Rider,Tito Rabat,26.306348743267794,1.0695368674266845,28/05/2021 13:00:00,0,Ducati Panigale V4 R [2021],World Superbikes,
714,Rider,Tito Rabat,26.303531358332005,1.0667447394386558,11/06/2021 13:00:00,0,Ducati Panigale V4 R [2021],World Superbikes,
714,Rider,Tito Rabat,26.301004583325923,1.0641144144977104,02/07/2021 13:00:00,0,Ducati Panigale V4 R [2021],World Superbikes,
714,Rider,Tito Rabat,26.299305983673786,1.0616317164307008,23/07/2021 13:00:00,0,Ducati Panigale V4 R [2021],World Superbikes,
714,Rider,Tito Rabat,26.296732097019802,1.059314492951421,06/08/2021 13:00:00,0,Ducati Panigale V4 R [2021],World Superbikes,
714,Rider,Tito Rabat,26.29414488052817,1.0571604006449096,20/08/2021 13:00:00,0,Ducati Panigale V4 R [2021],World Superbikes,
714,Rider,Tito Rabat,26.29250496625542,1.0551575244608054,03/09/2021 13:00:00,0,Ducati Panigale V4 R [2021],World Superbikes,
714,Rider,Tito Rabat,26.290964667552107,1.053309434064424,01/10/2021 13:00:00,0,Kawasaki ZX-10RR [2021],World Superbikes,
714,Rider,Tito Rabat,26.29108588116413,1.0516055389269465,16/10/2021 13:00:00,0,Kawasaki ZX-10RR [2021],World Superbikes,
714,Rider,Tito Rabat,26.29203194872517,1.0500465782228352,19/11/2021 13:00:00,0,Kawasaki ZX-10RR [2021],World Superbikes,
714,Rider,Tito Rabat,26.29439269087482,1.0486158586624352,10/06/2022 13:00:00,0,Kawasaki ZX-10RR [2022],World Superbikes,
714,Rider,Tito Rabat,26.297246658840248,1.047342189063987,02/06/2023 13:00:00,0,Kawasaki ZX-10RR [2023],World Superbikes,
714,Rider,Tito Rabat,26.30060523295777,1.0462079934932458,30/06/2023 13:00:00,0,Kawasaki ZX-10RR [2023],World Superbikes,
714,Rider,Tito Rabat,26.303339291733877,1.045220354714749,14/07/2023 13:00:00,0,Kawasaki ZX-10RR [2023],World Superbikes,
714,Rider,Tito Rabat,26.30628967310142,1.0443765447048383,28/07/2023 13:00:00,0,Kawasaki ZX-10RR [2023],World Superbikes,
714,Rider,Tito Rabat,26.30921650304294,1.0436811963039645,22/09/2023 13:00:00,0,Kawasaki ZX-10RR [2023],World Superbikes,
714,Rider,Tito Rabat,26.31174683993138,1.043138712258997,29/09/2023 13:00:00,0,Kawasaki ZX-10RR [2023],World Superbikes,
714,Rider,Tito Rabat,26.31401147360268,1.0427411940070017,27/10/2023 13:00:00,0,Kawasaki ZX-10RR [2023],World Superbikes,
714,Rider,Tito Rabat,26.315137235810873,1.0424953759782434,23/02/2024 13:00:00,0,Kawasaki ZX-10RR [2024],World Superbikes,
714,Rider,Tito Rabat,26.317035470941917,1.042387743961819,22/03/2024 13:00:00,0,Kawasaki ZX-10RR [2024],World Superbikes,
714,Rider,Tito Rabat,26.318440290148878,1.042436823926725,19/04/2024 13:00:00,0,Kawasaki ZX-10RR [2024],World Superbikes,
714,Rider,Tito Rabat,26.32203899252149,1.0425951691876503,14/06/2024 13:00:00,0,Kawasaki ZX-10RR [2024],World Superbikes,
714,Rider,Tito Rabat,26.323657193328625,1.042916942229341,12/07/2024 13:00:00,0,Kawasaki ZX-10RR [2024],World Superbikes,
714,Rider,Tito Rabat,26.3257348337158,1.0433847083900938,19/07/2024 13:00:00,0,Kawasaki ZX-10RR [2024],World Superbikes,
714,Rider,Tito Rabat,26.327940547395645,1.0440011342712914,10/08/2024 13:00:00,0,Kawasaki ZX-10RR [2024],World Superbikes,
714,Rider,Tito Rabat,26.328550637608714,1.0447790942155772,06/09/2024 13:00:00,0,Kawasaki ZX-10RR [2024],World Superbikes,
714,Rider,Tito Rabat,26.33021524707146,1.0456802001423993,20/09/2024 13:00:00,0,Kawasaki ZX-10RR [2024],World Superbikes,
714,Rider,Tito Rabat,26.33029935005651,1.046745512359128,27/09/2024 13:00:00,0,Kawasaki ZX-10RR [2024],World Superbikes,
714,Rider,Tito Rabat,26.33083162271617,1.0479574069956517,11/10/2024 13:00:00,0,Kawasaki ZX-10RR [2024],World Superbikes,
714,Rider,Tito Rabat,26.333087680314566,1.0493062164506686,18/10/2024 13:00:00,0,Kawasaki ZX-10RR [2024],World Superbikes,
714,Rider,Tito Rabat,26.33498903282749,1.0508126506641102,21/02/2025 13:00:00,0,Yamaha YZF-R1 [2025],World Superbikes,
714,Rider,Tito Rabat,26.336818196084838,1.0524687710909686,28/03/2025 13:00:00,0,Yamaha YZF-R1 [2025],World Superbikes,
714,Rider,Tito Rabat,26.337876356928167,1.0542797323939852,11/04/2025 13:00:00,0,Yamaha YZF-R1 [2025],World Superbikes,
714,Rider,Tito Rabat,26.338788648360257,1.0562349801482769,02/05/2025 13:00:00,0,Yamaha YZF-R1 [2025],World Superbikes,
714,Rider,Tito Rabat,26.339625413878526,1.0583338215701126,16/05/2025 13:00:00,0,Yamaha YZF-R1 [2025],World Superbikes,
714,Rider,Tito Rabat,26.34046494209711,1.0605668153027645,11/07/2025 13:00:00,0,Honda CBR1000RR-R [2025],World Superbikes,
714,Rider,Tito Rabat,26.342131805568833,1.0629223195708135,25/07/2025 13:00:00,0,Honda CBR1000RR-R [2025],World Superbikes,
714,Rider,Tito Rabat,26.342605073297133,1.065437794356968,05/09/2025 13:00:00,0,Honda CBR1000RR-R [2025],World Superbikes,
714,Rider,Tito Rabat,26.34289458136648,1.068105917043085,26/09/2025 13:00:00,0,Honda CBR1000RR-R [2025],World Superbikes,
714,Rider,Tito Rabat,26.34313724373449,1.0709223154647953,10/10/2025 13:00:00,0,Honda CBR1000RR-R [2025],World Superbikes,
714,Rider,Tito Rabat,26.342701777727072,1.0738938472571198,17/10/2025 13:00:00,0,Honda CBR1000RR-R [2025],World Superbikes,
715,Rider,Andrea Locatelli,40.73727335276629,0.9073403348152015,21/05/2021 13:00:00,0,Yamaha YZF-R1 [2021],World Superbikes,
715,Rider,Andrea Locatelli,40.740571827130765,0.9037431407761614,28/05/2021 13:00:00,0,Yamaha YZF-R1 [2021],World Superbikes,
715,Rider,Andrea Locatelli,40.74464503686406,0.900279053486443,11/06/2021 13:00:00,0,Yamaha YZF-R1 [2021],World Superbikes,
715,Rider,Andrea Locatelli,40.749936447475235,0.8969451759799751,02/07/2021 13:00:00,0,Yamaha YZF-R1 [2021],World Superbikes,
715,Rider,Andrea Locatelli,40.75626092585824,0.8937424183153612,23/07/2021 13:00:00,0,Yamaha YZF-R1 [2021],World Superbikes,
715,Rider,Andrea Locatelli,40.76322794930201,0.89066829269636,06/08/2021 13:00:00,0,Yamaha YZF-R1 [2021],World Superbikes,
715,Rider,Andrea Locatelli,40.77021667211085,0.8877196021159741,20/08/2021 13:00:00,0,Yamaha YZF-R1 [2021],World Superbikes,
715,Rider,Andrea Locatelli,40.776651408570125,0.8848921684591625,03/09/2021 13:00:00,0,Yamaha YZF-R1 [2021],World Superbikes,
715,Rider,Andrea Locatelli,40.78277250593785,0.8821870728265411,17/09/2021 13:00:00,0,Yamaha YZF-R1 [2021],World Superbikes,
715,Rider,Andrea Locatelli,40.78886191720037,0.8796041129313055,24/09/2021 13:00:00,0,Yamaha YZF-R1 [2021],World Superbikes,
715,Rider,Andrea Locatelli,40.79507389264923,0.877142985529292,01/10/2021 13:00:00,0,Yamaha YZF-R1 [2021],World Superbikes,
715,Rider,Andrea Locatelli,40.80184184275145,0.8748049680899862,16/10/2021 13:00:00,0,Yamaha YZF-R1 [2021],World Superbikes,
715,Rider,Andrea Locatelli,40.80873908188141,0.8725879753058314,19/11/2021 13:00:00,0,Yamaha YZF-R1 [2021],World Superbikes,
715,Rider,Andrea Locatelli,40.81560936545667,0.8704873333646528,08/04/2022 13:00:00,0,Yamaha YZF-R1 [2022],World Superbikes,
715,Rider,Andrea Locatelli,40.82285002349427,0.8685056046741187,22/04/2022 13:00:00,0,Yamaha YZF-R1 [2022],World Superbikes,
715,Rider,Andrea Locatelli,40.82966445861205,0.8666381603651722,20/05/2022 13:00:00,0,Yamaha YZF-R1 [2022],World Superbikes,
715,Rider,Andrea Locatelli,40.836597221053886,0.864887451470511,10/06/2022 13:00:00,0,Yamaha YZF-R1 [2022],World Superbikes,
715,Rider,Andrea Locatelli,40.843825133867675,0.8632544792505853,15/07/2022 13:00:00,0,Yamaha YZF-R1 [2022],World Superbikes,
715,Rider,Andrea Locatelli,40.85195726326556,0.8617442943723252,29/07/2022 13:00:00,0,Yamaha YZF-R1 [2022],World Superbikes,
715,Rider,Andrea Locatelli,40.8609096361757,0.8603542533751872,09/09/2022 13:00:00,0,Yamaha YZF-R1 [2022],World Superbikes,
715,Rider,Andrea Locatelli,40.87145862998057,0.8590867054762952,23/09/2022 13:00:00,0,Yamaha YZF-R1 [2022],World Superbikes,
715,Rider,Andrea Locatelli,40.88167059309032,0.8579346320864347,07/10/2022 13:00:00,0,Yamaha YZF-R1 [2022],World Superbikes,
715,Rider,Andrea Locatelli,40.8915933056506,0.8568962458168207,22/10/2022 13:00:00,0,Yamaha YZF-R1 [2022],World Superbikes,
715,Rider,Andrea Locatelli,40.90286418420263,0.8559793736926682,11/11/2022 13:00:00,0,Yamaha YZF-R1 [2022],World Superbikes,
715,Rider,Andrea Locatelli,40.91339987297565,0.8551681744822005,18/11/2022 13:00:00,0,Yamaha YZF-R1 [2022],World Superbikes,
715,Rider,Andrea Locatelli,40.92397250028482,0.8544694130762265,24/02/2023 13:00:00,0,Yamaha YZF-R1 [2023],World Superbikes,
715,Rider,Andrea Locatelli,40.934925222732915,0.8538923233373885,03/03/2023 13:00:00,0,Yamaha YZF-R1 [2023],World Superbikes,
715,Rider,Andrea Locatelli,40.944477602290455,0.8534192143408457,21/04/2023 13:00:00,0,Yamaha YZF-R1 [2023],World Superbikes,
715,Rider,Andrea Locatelli,40.95383740316734,0.8530657499540703,05/05/2023 13:00:00,0,Yamaha YZF-R1 [2023],World Superbikes,
715,Rider,Andrea Locatelli,40.96385945561209,0.8528335104819406,02/06/2023 13:00:00,0,Yamaha YZF-R1 [2023],World Superbikes,
715,Rider,Andrea Locatelli,40.974693857259574,0.8527227186955717,30/06/2023 13:00:00,0,Yamaha YZF-R1 [2023],World Superbikes,
715,Rider,Andrea Locatelli,40.98556798779198,0.8527311550901087,14/07/2023 13:00:00,0,Yamaha YZF-R1 [2023],World Superbikes,
715,Rider,Andrea Locatelli,40.995152419877336,0.8528444592734115,28/07/2023 13:00:00,0,Yamaha YZF-R1 [2023],World Superbikes,
715,Rider,Andrea Locatelli,41.00490026384977,0.8530777945075337,08/09/2023 13:00:00,0,Yamaha YZF-R1 [2023],World Superbikes,
715,Rider,Andrea Locatelli,41.01476173653472,0.8534321062501906,22/09/2023 13:00:00,0,Yamaha YZF-R1 [2023],World Superbikes,
715,Rider,Andrea Locatelli,41.024111686583275,0.8538988490117407,29/09/2023 13:00:00,0,Yamaha YZF-R1 [2023],World Superbikes,
715,Rider,Andrea Locatelli,41.03255508806994,0.8544788214030176,27/10/2023 13:00:00,0,Yamaha YZF-R1 [2023],World Superbikes,
715,Rider,Andrea Locatelli,41.04169414347545,0.8551805946487709,23/02/2024 13:00:00,0,Yamaha YZF-R1 [2024],World Superbikes,
715,Rider,Andrea Locatelli,41.04989080881828,0.856002218370368,22/03/2024 13:00:00,0,Yamaha YZF-R1 [2024],World Superbikes,
715,Rider,Andrea Locatelli,41.05771037442695,0.8569463983294241,19/04/2024 13:00:00,0,Yamaha YZF-R1 [2024],World Superbikes,
715,Rider,Andrea Locatelli,41.065723187785906,0.8580112835380148,14/06/2024 13:00:00,0,Yamaha YZF-R1 [2024],World Superbikes,
715,Rider,Andrea Locatelli,41.07283734351726,0.8591967149077504,12/07/2024 13:00:00,0,Yamaha YZF-R1 [2024],World Superbikes,
715,Rider,Andrea Locatelli,41.079177497173184,0.8605044583596319,19/07/2024 13:00:00,0,Yamaha YZF-R1 [2024],World Superbikes,
715,Rider,Andrea Locatelli,41.0852031137714,0.8619358454891173,10/08/2024 13:00:00,0,Yamaha YZF-R1 [2024],World Superbikes,
715,Rider,Andrea Locatelli,41.090631742897386,0.863488198772906,06/09/2024 13:00:00,0,Yamaha YZF-R1 [2024],World Superbikes,
715,Rider,Andrea Locatelli,41.096111728784166,0.8651645849089518,20/09/2024 13:00:00,0,Yamaha YZF-R1 [2024],World Superbikes,
715,Rider,Andrea Locatelli,41.10076732631023,0.8669605597262109,27/09/2024 13:00:00,0,Yamaha YZF-R1 [2024],World Superbikes,
715,Rider,Andrea Locatelli,41.104736212749884,0.8688797214877425,11/10/2024 13:00:00,0,Yamaha YZF-R1 [2024],World Superbikes,
715,Rider,Andrea Locatelli,41.107315614666255,0.8709180570346732,18/10/2024 13:00:00,0,Yamaha YZF-R1 [2024],World Superbikes,
715,Rider,Andrea Locatelli,41.109177157113386,0.873080824634698,21/02/2025 13:00:00,0,Yamaha YZF-R1 [2025],World Superbikes,
715,Rider,Andrea Locatelli,41.11044052765694,0.8753675726928256,28/03/2025 13:00:00,0,Yamaha YZF-R1 [2025],World Superbikes,
715,Rider,Andrea Locatelli,41.11017456682041,0.8777721574526017,11/04/2025 13:00:00,0,Yamaha YZF-R1 [2025],World Superbikes,
715,Rider,Andrea Locatelli,41.108871500038234,0.8803006505271659,02/05/2025 13:00:00,0,Yamaha YZF-R1 [2025],World Superbikes,
715,Rider,Andrea Locatelli,41.106917595816974,0.8829567435814756,16/05/2025 13:00:00,0,Yamaha YZF-R1 [2025],World Superbikes,
715,Rider,Andrea Locatelli,41.105021696948896,0.885741382627271,13/06/2025 13:00:00,0,Yamaha YZF-R1 [2025],World Superbikes,
715,Rider,Andrea Locatelli,41.1024591918862,0.8886549466873095,11/07/2025 13:00:00,0,Yamaha YZF-R1 [2025],World Superbikes,
715,Rider,Andrea Locatelli,41.09887742496661,0.8916946743491266,25/07/2025 13:00:00,0,Yamaha YZF-R1 [2025],World Superbikes,
715,Rider,Andrea Locatelli,41.09331472964362,0.8948535146275023,05/09/2025 13:00:00,0,Yamaha YZF-R1 [2025],World Superbikes,
715,Rider,Andrea Locatelli,41.09122700310947,0.8981208108654732,26/09/2025 13:00:00,0,Yamaha YZF-R1 [2025],World Superbikes,
715,Rider,Andrea Locatelli,41.08876545873579,0.9015170301516099,10/10/2025 13:00:00,0,Yamaha YZF-R1 [2025],World Superbikes,
715,Rider,Andrea Locatelli,41.086029859287066,0.9050423218687657,17/10/2025 13:00:00,0,Yamaha YZF-R1 [2025],World Superbikes,
715,Rider,Andrea Locatelli,41.08321908413211,0.908699072247737,20/02/2026 13:00:00,0,Yamaha YZF-R1 [2026],World Superbikes,
716,Rider,Kohta Nozane,25.348652973690935,1.3367512619953208,21/05/2021 13:00:00,0,Yamaha YZF-R1 [2021],World Superbikes,
716,Rider,Kohta Nozane,25.34821382889015,1.3344977241700693,28/05/2021 13:00:00,0,Yamaha YZF-R1 [2021],World Superbikes,
716,Rider,Kohta Nozane,25.347154907237716,1.3324558233906476,11/06/2021 13:00:00,0,Yamaha YZF-R1 [2021],World Superbikes,
716,Rider,Kohta Nozane,25.345404061126953,1.330623041055045,23/07/2021 13:00:00,0,Yamaha YZF-R1 [2021],World Superbikes,
716,Rider,Kohta Nozane,25.3439693181563,1.3289976236072398,06/08/2021 13:00:00,0,Yamaha YZF-R1 [2021],World Superbikes,
716,Rider,Kohta Nozane,25.342725330864607,1.3275770659071773,20/08/2021 13:00:00,0,Yamaha YZF-R1 [2021],World Superbikes,
716,Rider,Kohta Nozane,25.341056480166365,1.3263629208752135,03/09/2021 13:00:00,0,Yamaha YZF-R1 [2021],World Superbikes,
716,Rider,Kohta Nozane,25.340020842419833,1.3253436887147627,17/09/2021 13:00:00,0,Yamaha YZF-R1 [2021],World Superbikes,
716,Rider,Kohta Nozane,25.33774600246956,1.3245348982171077,24/09/2021 13:00:00,0,Yamaha YZF-R1 [2021],World Superbikes,
716,Rider,Kohta Nozane,25.335714832761678,1.3239315119049624,01/10/2021 13:00:00,0,Yamaha YZF-R1 [2021],World Superbikes,
716,Rider,Kohta Nozane,25.334073520335597,1.3235322822907676,16/10/2021 13:00:00,0,Yamaha YZF-R1 [2021],World Superbikes,
716,Rider,Kohta Nozane,25.33280075854771,1.3233313142597274,19/11/2021 13:00:00,0,Yamaha YZF-R1 [2021],World Superbikes,
716,Rider,Kohta Nozane,25.332269761733716,1.323318477508552,08/04/2022 13:00:00,0,Yamaha YZF-R1 [2022],World Superbikes,
716,Rider,Kohta Nozane,25.332436022482874,1.323509843909596,22/04/2022 13:00:00,0,Yamaha YZF-R1 [2022],World Superbikes,
716,Rider,Kohta Nozane,25.332370492296327,1.3239088729384791,20/05/2022 13:00:00,0,Yamaha YZF-R1 [2022],World Superbikes,
716,Rider,Kohta Nozane,25.331707279873545,1.3245164942663978,10/06/2022 13:00:00,0,Yamaha YZF-R1 [2022],World Superbikes,
716,Rider,Kohta Nozane,25.33086171141261,1.3253340675546728,15/07/2022 13:00:00,0,Yamaha YZF-R1 [2022],World Superbikes,
716,Rider,Kohta Nozane,25.33130760306695,1.326351145420935,29/07/2022 13:00:00,0,Yamaha YZF-R1 [2022],World Superbikes,
716,Rider,Kohta Nozane,25.33148689411481,1.3275790855885587,09/09/2022 13:00:00,0,Yamaha YZF-R1 [2022],World Superbikes,
716,Rider,Kohta Nozane,25.33172276660413,1.329012530266287,23/09/2022 13:00:00,0,Yamaha YZF-R1 [2022],World Superbikes,
716,Rider,Kohta Nozane,25.33160285252947,1.330654425974265,07/10/2022 13:00:00,0,Yamaha YZF-R1 [2022],World Superbikes,
716,Rider,Kohta Nozane,25.33130976034458,1.3325104884646035,22/10/2022 13:00:00,0,Yamaha YZF-R1 [2022],World Superbikes,
716,Rider,Kohta Nozane,25.3305068112179,1.3345756378893427,11/11/2022 13:00:00,0,Yamaha YZF-R1 [2022],World Superbikes,
716,Rider,Kohta Nozane,25.32951068779336,1.3368431754778742,18/11/2022 13:00:00,0,Yamaha YZF-R1 [2022],World Superbikes,
717,Rider,Isaac Viñales,24.09592969475034,1.4354451169372968,21/05/2021 13:00:00,0,Kawasaki ZX-10RR [2021],World Superbikes,
717,Rider,Isaac Viñales,24.095827693568136,1.433389579629203,28/05/2021 13:00:00,0,Kawasaki ZX-10RR [2021],World Superbikes,
717,Rider,Isaac Viñales,24.095861982058363,1.4315389271254981,11/06/2021 13:00:00,0,Kawasaki ZX-10RR [2021],World Superbikes,
717,Rider,Isaac Viñales,24.095608351246366,1.4299106330035685,02/07/2021 13:00:00,0,Kawasaki ZX-10RR [2021],World Superbikes,
717,Rider,Isaac Viñales,24.094903631331412,1.4284929739499044,23/07/2021 13:00:00,0,Kawasaki ZX-10RR [2021],World Superbikes,
717,Rider,Isaac Viñales,24.09314331336096,1.4273022552054286,06/08/2021 13:00:00,0,Kawasaki ZX-10RR [2021],World Superbikes,
717,Rider,Isaac Viñales,24.091670559573064,1.426325928581335,03/09/2021 13:00:00,0,Kawasaki ZX-10RR [2021],World Superbikes,
717,Rider,Isaac Viñales,24.090153677315485,1.425561697417835,17/09/2021 13:00:00,0,Kawasaki ZX-10RR [2021],World Superbikes,
717,Rider,Isaac Viñales,24.089283174485946,1.4250012460283792,24/09/2021 13:00:00,0,Kawasaki ZX-10RR [2021],World Superbikes,
717,Rider,Isaac Viñales,24.08805971990908,1.4246624899311362,01/10/2021 13:00:00,0,Kawasaki ZX-10RR [2021],World Superbikes,
717,Rider,Isaac Viñales,24.086316372959086,1.4245434217481159,16/10/2021 13:00:00,0,Kawasaki ZX-10RR [2021],World Superbikes,
717,Rider,Isaac Viñales,24.082992594272955,1.424648805151364,19/11/2021 13:00:00,0,Kawasaki ZX-10RR [2021],World Superbikes,
717,Rider,Isaac Viñales,24.079153759363304,1.4249718734350763,20/05/2022 13:00:00,0,Kawasaki ZX-10RR [2022],World Superbikes,
717,Rider,Isaac Viñales,24.07665567827913,1.4254804736577464,21/04/2023 13:00:00,0,Kawasaki ZX-10RR [2023],World Superbikes,
717,Rider,Isaac Viñales,24.074129690948535,1.4261863360143507,05/05/2023 13:00:00,0,Kawasaki ZX-10RR [2023],World Superbikes,
717,Rider,Isaac Viñales,24.072571065277053,1.4270782340497088,02/06/2023 13:00:00,0,Kawasaki ZX-10RR [2023],World Superbikes,
717,Rider,Isaac Viñales,24.07157687303043,1.4281597386892506,30/06/2023 13:00:00,0,Kawasaki ZX-10RR [2023],World Superbikes,
717,Rider,Isaac Viñales,24.07036334628067,1.4294449044745505,14/07/2023 13:00:00,0,Kawasaki ZX-10RR [2023],World Superbikes,
717,Rider,Isaac Viñales,24.070335172775042,1.4309095142839623,28/07/2023 13:00:00,0,Kawasaki ZX-10RR [2023],World Superbikes,
717,Rider,Isaac Viñales,24.06956837553966,1.432589992328335,08/09/2023 13:00:00,0,Kawasaki ZX-10RR [2023],World Superbikes,
717,Rider,Isaac Viñales,24.069743074575065,1.4344387199325328,22/09/2023 13:00:00,0,Kawasaki ZX-10RR [2023],World Superbikes,
717,Rider,Isaac Viñales,24.06968263224763,1.4365066182653479,29/09/2023 13:00:00,0,Kawasaki ZX-10RR [2023],World Superbikes,
718,Rider,Axel Bassani,32.851505735043354,0.9023950253120775,21/05/2021 13:00:00,0,Ducati Panigale V4 R [2021],World Superbikes,
718,Rider,Axel Bassani,32.854563907488895,0.8987685502164326,28/05/2021 13:00:00,0,Ducati Panigale V4 R [2021],World Superbikes,
718,Rider,Axel Bassani,32.85895135284246,0.8952701234554072,11/06/2021 13:00:00,0,Ducati Panigale V4 R [2021],World Superbikes,
718,Rider,Axel Bassani,32.862727148818195,0.8919012523111183,02/07/2021 13:00:00,0,Ducati Panigale V4 R [2021],World Superbikes,
718,Rider,Axel Bassani,32.86660296087897,0.8886621917792953,23/07/2021 13:00:00,0,Ducati Panigale V4 R [2021],World Superbikes,
718,Rider,Axel Bassani,32.871005464204885,0.8855528032217899,06/08/2021 13:00:00,0,Ducati Panigale V4 R [2021],World Superbikes,
718,Rider,Axel Bassani,32.87539821495688,0.8825702369761271,20/08/2021 13:00:00,0,Ducati Panigale V4 R [2021],World Superbikes,
718,Rider,Axel Bassani,32.87991718818933,0.8797138058729366,03/09/2021 13:00:00,0,Ducati Panigale V4 R [2021],World Superbikes,
718,Rider,Axel Bassani,32.885050494399785,0.8769813863482496,17/09/2021 13:00:00,0,Ducati Panigale V4 R [2021],World Superbikes,
718,Rider,Axel Bassani,32.890414168621376,0.874374145310161,24/09/2021 13:00:00,0,Ducati Panigale V4 R [2021],World Superbikes,
718,Rider,Axel Bassani,32.896400889323054,0.8718915360482221,01/10/2021 13:00:00,0,Ducati Panigale V4 R [2021],World Superbikes,
718,Rider,Axel Bassani,32.90296663744649,0.8695303196086367,16/10/2021 13:00:00,0,Ducati Panigale V4 R [2021],World Superbikes,
718,Rider,Axel Bassani,32.907639308996124,0.8672844465190728,19/11/2021 13:00:00,0,Ducati Panigale V4 R [2021],World Superbikes,
718,Rider,Axel Bassani,32.911955741237854,0.8651560537147209,08/04/2022 13:00:00,0,Ducati Panigale V4 R [2022],World Superbikes,
718,Rider,Axel Bassani,32.91617059863109,0.863150324472411,22/04/2022 13:00:00,0,Ducati Panigale V4 R [2022],World Superbikes,
718,Rider,Axel Bassani,32.92023359406958,0.8612669378039496,20/05/2022 13:00:00,0,Ducati Panigale V4 R [2022],World Superbikes,
718,Rider,Axel Bassani,32.925550822049985,0.8595036369504179,10/06/2022 13:00:00,0,Ducati Panigale V4 R [2022],World Superbikes,
718,Rider,Axel Bassani,32.93095920949921,0.8578608810622547,15/07/2022 13:00:00,0,Ducati Panigale V4 R [2022],World Superbikes,
718,Rider,Axel Bassani,32.936240264521025,0.856340415226938,29/07/2022 13:00:00,0,Ducati Panigale V4 R [2022],World Superbikes,
718,Rider,Axel Bassani,32.94133186934047,0.8549397151475903,09/09/2022 13:00:00,0,Ducati Panigale V4 R [2022],World Superbikes,
718,Rider,Axel Bassani,32.94597748467755,0.8536596363563645,23/09/2022 13:00:00,0,Ducati Panigale V4 R [2022],World Superbikes,
718,Rider,Axel Bassani,32.949822571387976,0.8524980617181801,07/10/2022 13:00:00,0,Ducati Panigale V4 R [2022],World Superbikes,
718,Rider,Axel Bassani,32.9543541539543,0.8514589958467346,22/10/2022 13:00:00,0,Ducati Panigale V4 R [2022],World Superbikes,
718,Rider,Axel Bassani,32.95826769741751,0.8505398587149156,11/11/2022 13:00:00,0,Ducati Panigale V4 R [2022],World Superbikes,
718,Rider,Axel Bassani,32.961374564009596,0.8497348349535107,18/11/2022 13:00:00,0,Ducati Panigale V4 R [2022],World Superbikes,
718,Rider,Axel Bassani,32.965466060363106,0.849048793070209,24/02/2023 13:00:00,0,Ducati Panigale V4 R [2023],World Superbikes,
718,Rider,Axel Bassani,32.97020181513467,0.8484822815133969,03/03/2023 13:00:00,0,Ducati Panigale V4 R [2023],World Superbikes,
718,Rider,Axel Bassani,32.97427588245311,0.8480345606024927,21/04/2023 13:00:00,0,Ducati Panigale V4 R [2023],World Superbikes,
718,Rider,Axel Bassani,32.977773838567835,0.8477071141463146,05/05/2023 13:00:00,0,Ducati Panigale V4 R [2023],World Superbikes,
718,Rider,Axel Bassani,32.98200597626786,0.8474981896302017,02/06/2023 13:00:00,0,Ducati Panigale V4 R [2023],World Superbikes,
718,Rider,Axel Bassani,32.98496126801504,0.8474064890974589,30/06/2023 13:00:00,0,Ducati Panigale V4 R [2023],World Superbikes,
718,Rider,Axel Bassani,32.98857186782801,0.8474340690073681,14/07/2023 13:00:00,0,Ducati Panigale V4 R [2023],World Superbikes,
718,Rider,Axel Bassani,32.99054883364775,0.8475738578035521,28/07/2023 13:00:00,0,Ducati Panigale V4 R [2023],World Superbikes,
718,Rider,Axel Bassani,32.99125885079922,0.8478281394754489,08/09/2023 13:00:00,0,Ducati Panigale V4 R [2023],World Superbikes,
718,Rider,Axel Bassani,32.99382631010906,0.8481947064429558,22/09/2023 13:00:00,0,Ducati Panigale V4 R [2023],World Superbikes,
718,Rider,Axel Bassani,32.9959751027272,0.8486795904500928,29/09/2023 13:00:00,0,Ducati Panigale V4 R [2023],World Superbikes,
718,Rider,Axel Bassani,32.99899650439863,0.849283942089759,27/10/2023 13:00:00,0,Ducati Panigale V4 R [2023],World Superbikes,
718,Rider,Axel Bassani,33.00299586839744,0.850005874372896,23/02/2024 13:00:00,0,Kawasaki ZX-10RR [2024],World Superbikes,
718,Rider,Axel Bassani,33.00736103672186,0.8508463294460917,22/03/2024 13:00:00,0,Kawasaki ZX-10RR [2024],World Superbikes,
718,Rider,Axel Bassani,33.01192951280918,0.8518061645820477,19/04/2024 13:00:00,0,Kawasaki ZX-10RR [2024],World Superbikes,
718,Rider,Axel Bassani,33.01739203505558,0.8528851955145034,14/06/2024 13:00:00,0,Kawasaki ZX-10RR [2024],World Superbikes,
718,Rider,Axel Bassani,33.022246393178065,0.8540874546459846,12/07/2024 13:00:00,0,Kawasaki ZX-10RR [2024],World Superbikes,
718,Rider,Axel Bassani,33.02761751088146,0.8554096274397566,19/07/2024 13:00:00,0,Kawasaki ZX-10RR [2024],World Superbikes,
718,Rider,Axel Bassani,33.033932429254065,0.8568471964581021,10/08/2024 13:00:00,0,Kawasaki ZX-10RR [2024],World Superbikes,
718,Rider,Axel Bassani,33.040052092027885,0.8584069710700932,06/09/2024 13:00:00,0,Kawasaki ZX-10RR [2024],World Superbikes,
718,Rider,Axel Bassani,33.045211196023175,0.8600889234834866,20/09/2024 13:00:00,0,Kawasaki ZX-10RR [2024],World Superbikes,
718,Rider,Axel Bassani,33.05029476664316,0.8618959392563996,27/09/2024 13:00:00,0,Kawasaki ZX-10RR [2024],World Superbikes,
718,Rider,Axel Bassani,33.056009662817594,0.8638219459420959,11/10/2024 13:00:00,0,Kawasaki ZX-10RR [2024],World Superbikes,
718,Rider,Axel Bassani,33.061122320969694,0.8658728272722156,18/10/2024 13:00:00,0,Kawasaki ZX-10RR [2024],World Superbikes,
718,Rider,Axel Bassani,33.06616374495894,0.8680496052708285,21/02/2025 13:00:00,0,Bimota KB998 Rimini [2025],World Superbikes,
718,Rider,Axel Bassani,33.0714312020427,0.8703482685511782,28/03/2025 13:00:00,0,Bimota KB998 Rimini [2025],World Superbikes,
718,Rider,Axel Bassani,33.07706362374334,0.8727707937434249,11/04/2025 13:00:00,0,Bimota KB998 Rimini [2025],World Superbikes,
718,Rider,Axel Bassani,33.08044838978229,0.8753115051203167,02/05/2025 13:00:00,0,Bimota KB998 Rimini [2025],World Superbikes,
718,Rider,Axel Bassani,33.08332269861191,0.8779800586812809,16/05/2025 13:00:00,0,Bimota KB998 Rimini [2025],World Superbikes,
718,Rider,Axel Bassani,33.08577056137753,0.880776320723855,13/06/2025 13:00:00,0,Bimota KB998 Rimini [2025],World Superbikes,
718,Rider,Axel Bassani,33.08557892853367,0.8836901215522489,11/07/2025 13:00:00,0,Bimota KB998 Rimini [2025],World Superbikes,
718,Rider,Axel Bassani,33.08604656462272,0.8867287986979903,25/07/2025 13:00:00,0,Bimota KB998 Rimini [2025],World Superbikes,
718,Rider,Axel Bassani,33.08803994221829,0.8898899929859051,05/09/2025 13:00:00,0,Bimota KB998 Rimini [2025],World Superbikes,
718,Rider,Axel Bassani,33.089303983631794,0.8931803538545402,26/09/2025 13:00:00,0,Bimota KB998 Rimini [2025],World Superbikes,
718,Rider,Axel Bassani,33.08995882920357,0.8965996436468519,10/10/2025 13:00:00,0,Bimota KB998 Rimini [2025],World Superbikes,
718,Rider,Axel Bassani,33.08990517049842,0.9001479960632326,17/10/2025 13:00:00,0,Bimota KB998 Rimini [2025],World Superbikes,
718,Rider,Axel Bassani,33.09003108662328,0.9038271714927025,20/02/2026 13:00:00,0,Bimota KB998 Rimini [2026],World Superbikes,
719,Bike,BMW M 1000 RR [2021],21.960174958126732,1.803046301778449,28/05/2021 13:00:00,0,,World Superbikes,
719,Bike,BMW M 1000 RR [2021],21.959494524289074,1.8016112907220028,11/06/2021 13:00:00,0,,World Superbikes,
719,Bike,BMW M 1000 RR [2021],21.95956321544149,1.80046740512481,02/07/2021 13:00:00,0,,World Superbikes,
719,Bike,BMW M 1000 RR [2021],21.95929877402449,1.7996005825879362,23/07/2021 13:00:00,0,,World Superbikes,
719,Bike,BMW M 1000 RR [2021],21.95932155776657,1.7990331520364513,06/08/2021 13:00:00,0,,World Superbikes,
719,Bike,BMW M 1000 RR [2021],21.960173459944357,1.7987515638010003,20/08/2021 13:00:00,0,,World Superbikes,
719,Bike,BMW M 1000 RR [2021],21.96032879218198,1.7987638257113916,03/09/2021 13:00:00,0,,World Superbikes,
719,Bike,BMW M 1000 RR [2021],21.960300047198242,1.7990606582492588,17/09/2021 13:00:00,0,,World Superbikes,
719,Bike,BMW M 1000 RR [2021],21.959551921342808,1.7996268006748195,24/09/2021 13:00:00,0,,World Superbikes,
719,Bike,BMW M 1000 RR [2021],21.959181850361936,1.8004954214311226,01/10/2021 13:00:00,0,,World Superbikes,
719,Bike,BMW M 1000 RR [2021],21.959432259769073,1.8016317738792793,16/10/2021 13:00:00,0,,World Superbikes,
719,Bike,BMW M 1000 RR [2021],21.95940716243367,1.8030770678441121,19/11/2021 13:00:00,0,,World Superbikes,
720,Rider,Andrea Mantovani,23.492675891543747,3.6935050155448255,23/07/2021 13:00:00,0,Kawasaki ZX-10RR [2021],World Superbikes,
720,Rider,Andrea Mantovani,23.492067361032067,3.6935239737553958,24/09/2021 13:00:00,0,Kawasaki ZX-10RR [2021],World Superbikes,
721,Rider,Marvin Fritz,23.92301926962624,2.5322164970038523,06/08/2021 13:00:00,0,Yamaha YZF-R1 [2021],World Superbikes,
721,Rider,Marvin Fritz,23.92144259472498,2.5315108769124737,24/09/2021 13:00:00,0,Yamaha YZF-R1 [2021],World Superbikes,
721,Rider,Marvin Fritz,23.920451878355426,2.531195825689582,20/05/2022 13:00:00,0,Yamaha YZF-R1 [2022],World Superbikes,
721,Rider,Marvin Fritz,23.91936456447908,2.531283700476331,07/10/2022 13:00:00,0,Yamaha YZF-R1 [2022],World Superbikes,
721,Rider,Marvin Fritz,23.91910933581725,2.53176152612138,20/09/2024 13:00:00,0,Yamaha YZF-R1 [2024],World Superbikes,
721,Rider,Marvin Fritz,23.91814019784354,2.532634709905809,27/09/2024 13:00:00,0,Yamaha YZF-R1 [2024],World Superbikes,
722,Rider,Jayson Uribe,16.77247257503072,4.068424612225035,06/08/2021 13:00:00,0,Kawasaki ZX-10RR [2021],World Superbikes,
722,Rider,Jayson Uribe,16.772874037943737,4.06837447921023,20/08/2021 13:00:00,0,Kawasaki ZX-10RR [2021],World Superbikes,
723,Rider,Naomichi Uramoto,22.562404143648354,4.938495735167317,20/08/2021 13:00:00,0,Suzuki GSX-R1000R [2021],World Superbikes,
724,Bike,Suzuki GSX-R1000R [2021],22.562404143648354,4.938495735167317,20/08/2021 13:00:00,0,,World Superbikes,
725,Rider,Lachlan Epis,14.221197301764594,3.6739438282670216,17/09/2021 13:00:00,0,Kawasaki ZX-10RR [2021],World Superbikes,
725,Rider,Lachlan Epis,14.221118482303147,3.6736933723673886,24/09/2021 13:00:00,0,Kawasaki ZX-10RR [2021],World Superbikes,
725,Rider,Lachlan Epis,14.22210316052264,3.6737842949723847,01/10/2021 13:00:00,0,Kawasaki ZX-10RR [2021],World Superbikes,
726,Rider,Luciano Ribodino,20.65454533981651,4.613753462075135,16/10/2021 13:00:00,0,Kawasaki ZX-10RR [2021],World Superbikes,
727,Rider,Marco A. Solorza,15.830991076822402,4.328671139873753,16/10/2021 13:00:00,0,Kawasaki ZX-10RR [2021],World Superbikes,
727,Rider,Marco A. Solorza,15.831052486572617,4.328677286247433,22/10/2022 13:00:00,0,Kawasaki ZX-10RR [2022],World Superbikes,
728,Rider,Oliver König,15.549153292427311,1.59298795269429,19/11/2021 13:00:00,0,Kawasaki ZX-10RR [2021],World Superbikes,
728,Rider,Oliver König,15.548850257613207,1.591092676667384,08/04/2022 13:00:00,0,Kawasaki ZX-10RR [2022],World Superbikes,
728,Rider,Oliver König,15.549741077752854,1.589354171490751,22/04/2022 13:00:00,0,Kawasaki ZX-10RR [2022],World Superbikes,
728,Rider,Oliver König,15.550580642894243,1.587827927044613,20/05/2022 13:00:00,0,Kawasaki ZX-10RR [2022],World Superbikes,
728,Rider,Oliver König,15.552241062743164,1.5864396350981749,10/06/2022 13:00:00,0,Kawasaki ZX-10RR [2022],World Superbikes,
728,Rider,Oliver König,15.553876767397947,1.5852761617514244,15/07/2022 13:00:00,0,Kawasaki ZX-10RR [2022],World Superbikes,
728,Rider,Oliver König,15.555409807372378,1.584323410019369,29/07/2022 13:00:00,0,Kawasaki ZX-10RR [2022],World Superbikes,
728,Rider,Oliver König,15.555315014673768,1.583621331312445,09/09/2022 13:00:00,0,Kawasaki ZX-10RR [2022],World Superbikes,
728,Rider,Oliver König,15.55619718000048,1.5830619893441518,23/09/2022 13:00:00,0,Kawasaki ZX-10RR [2022],World Superbikes,
728,Rider,Oliver König,15.556968250333775,1.582707888717008,07/10/2022 13:00:00,0,Kawasaki ZX-10RR [2022],World Superbikes,
728,Rider,Oliver König,15.558536765312365,1.5824901234392552,22/10/2022 13:00:00,0,Kawasaki ZX-10RR [2022],World Superbikes,
728,Rider,Oliver König,15.559367953007182,1.5824807663425242,11/11/2022 13:00:00,0,Kawasaki ZX-10RR [2022],World Superbikes,
728,Rider,Oliver König,15.55893437524889,1.5827017632670686,18/11/2022 13:00:00,0,Kawasaki ZX-10RR [2022],World Superbikes,
728,Rider,Oliver König,15.557724146311173,1.5831387945407351,24/02/2023 13:00:00,0,Kawasaki ZX-10RR [2023],World Superbikes,
728,Rider,Oliver König,15.556968019144925,1.5836687872873756,03/03/2023 13:00:00,0,Kawasaki ZX-10RR [2023],World Superbikes,
728,Rider,Oliver König,15.556707768141536,1.5842970282401074,21/04/2023 13:00:00,0,Kawasaki ZX-10RR [2023],World Superbikes,
728,Rider,Oliver König,15.557111767184484,1.585045916091881,05/05/2023 13:00:00,0,Kawasaki ZX-10RR [2023],World Superbikes,
728,Rider,Oliver König,15.556502163022813,1.5860135461619598,30/06/2023 13:00:00,0,Kawasaki ZX-10RR [2023],World Superbikes,
728,Rider,Oliver König,15.556436822710104,1.5870900794768852,14/07/2023 13:00:00,0,Kawasaki ZX-10RR [2023],World Superbikes,
728,Rider,Oliver König,15.557108741152042,1.5882954177508988,28/07/2023 13:00:00,0,Kawasaki ZX-10RR [2023],World Superbikes,
728,Rider,Oliver König,15.556937905682474,1.5897186921284812,08/09/2023 13:00:00,0,Kawasaki ZX-10RR [2023],World Superbikes,
728,Rider,Oliver König,15.55738281512957,1.5912565574140676,22/09/2023 13:00:00,0,Kawasaki ZX-10RR [2023],World Superbikes,
728,Rider,Oliver König,15.556888732524975,1.59302674842586,29/09/2023 13:00:00,0,Kawasaki ZX-10RR [2023],World Superbikes,
728,Rider,Oliver König,15.55711748194865,1.5949242392423413,27/10/2023 13:00:00,0,Kawasaki ZX-10RR [2023],World Superbikes,
729,Bike,Yamaha YZF-R1 [2022],27.97998318498476,1.8171273767026155,08/04/2022 13:00:00,0,,World Superbikes,
729,Bike,Yamaha YZF-R1 [2022],27.980337359210438,1.8156835613068356,22/04/2022 13:00:00,0,,World Superbikes,
729,Bike,Yamaha YZF-R1 [2022],27.98052818502518,1.814517628192219,20/05/2022 13:00:00,0,,World Superbikes,
729,Bike,Yamaha YZF-R1 [2022],27.980469818056378,1.8136342510184822,10/06/2022 13:00:00,0,,World Superbikes,
729,Bike,Yamaha YZF-R1 [2022],27.980196408797156,1.8130477169721886,15/07/2022 13:00:00,0,,World Superbikes,
729,Bike,Yamaha YZF-R1 [2022],27.980258840602897,1.8127588750042682,29/07/2022 13:00:00,0,,World Superbikes,
729,Bike,Yamaha YZF-R1 [2022],27.980150302241295,1.8127661253845675,09/09/2022 13:00:00,0,,World Superbikes,
729,Bike,Yamaha YZF-R1 [2022],27.980100035550972,1.8130650889823008,23/09/2022 13:00:00,0,,World Superbikes,
729,Bike,Yamaha YZF-R1 [2022],27.980138498973183,1.8136609504320378,07/10/2022 13:00:00,0,,World Superbikes,
729,Bike,Yamaha YZF-R1 [2022],27.98007300837652,1.8145426418543145,22/10/2022 13:00:00,0,,World Superbikes,
729,Bike,Yamaha YZF-R1 [2022],27.980042781190352,1.8157076249886406,11/11/2022 13:00:00,0,,World Superbikes,
729,Bike,Yamaha YZF-R1 [2022],27.979559676333878,1.8171432728079817,18/11/2022 13:00:00,0,,World Superbikes,
730,Bike,Ducati Panigale V4 R [2022],29.055163795599206,1.790418796770444,08/04/2022 13:00:00,0,,World Superbikes,
730,Bike,Ducati Panigale V4 R [2022],29.05493204334126,1.7889490172002327,22/04/2022 13:00:00,0,,World Superbikes,
730,Bike,Ducati Panigale V4 R [2022],29.055151821686117,1.7877658784358326,20/05/2022 13:00:00,0,,World Superbikes,
730,Bike,Ducati Panigale V4 R [2022],29.055647631327037,1.7868748110309218,10/06/2022 13:00:00,0,,World Superbikes,
730,Bike,Ducati Panigale V4 R [2022],29.055718324653704,1.7862639194773642,15/07/2022 13:00:00,0,,World Superbikes,
730,Bike,Ducati Panigale V4 R [2022],29.05590716825793,1.7859402211466657,29/07/2022 13:00:00,0,,World Superbikes,
730,Bike,Ducati Panigale V4 R [2022],29.055578554755886,1.785910893625047,09/09/2022 13:00:00,0,,World Superbikes,
730,Bike,Ducati Panigale V4 R [2022],29.0549376912183,1.7861797192752993,23/09/2022 13:00:00,0,,World Superbikes,
730,Bike,Ducati Panigale V4 R [2022],29.0539958473276,1.7867479142423146,07/10/2022 13:00:00,0,,World Superbikes,
730,Bike,Ducati Panigale V4 R [2022],29.0533999692385,1.7876230560014563,22/10/2022 13:00:00,0,,World Superbikes,
730,Bike,Ducati Panigale V4 R [2022],29.052974101572385,1.7887973791969305,11/11/2022 13:00:00,0,,World Superbikes,
730,Bike,Ducati Panigale V4 R [2022],29.052697499737974,1.7902699499994341,18/11/2022 13:00:00,0,,World Superbikes,
731,Bike,Kawasaki ZX-10RR [2022],25.16190212539463,1.9071006441259237,08/04/2022 13:00:00,0,,World Superbikes,
731,Bike,Kawasaki ZX-10RR [2022],25.162482020175126,1.905745079679746,22/04/2022 13:00:00,0,,World Superbikes,
731,Bike,Kawasaki ZX-10RR [2022],25.163072789137345,1.904688450883313,20/05/2022 13:00:00,0,,World Superbikes,
731,Bike,Kawasaki ZX-10RR [2022],25.163945370306756,1.903886279176401,10/06/2022 13:00:00,0,,World Superbikes,
731,Bike,Kawasaki ZX-10RR [2022],25.165349485535465,1.9033762111977979,15/07/2022 13:00:00,0,,World Superbikes,
731,Bike,Kawasaki ZX-10RR [2022],25.166416356605282,1.903149170214598,29/07/2022 13:00:00,0,,World Superbikes,
731,Bike,Kawasaki ZX-10RR [2022],25.167117345385105,1.9032067802927395,09/09/2022 13:00:00,0,,World Superbikes,
731,Bike,Kawasaki ZX-10RR [2022],25.167886339429803,1.9035069115907477,23/09/2022 13:00:00,0,,World Superbikes,
731,Bike,Kawasaki ZX-10RR [2022],25.16835187821163,1.904083288415075,07/10/2022 13:00:00,0,,World Superbikes,
731,Bike,Kawasaki ZX-10RR [2022],25.169123783972303,1.9049246001282654,22/10/2022 13:00:00,0,,World Superbikes,
731,Bike,Kawasaki ZX-10RR [2022],25.16997117396973,1.9060265280580815,11/11/2022 13:00:00,0,,World Superbikes,
731,Bike,Kawasaki ZX-10RR [2022],25.17021476981427,1.907392635274008,18/11/2022 13:00:00,0,,World Superbikes,
732,Rider,Iker Lecuona,39.6087932680857,1.04156423123203,08/04/2022 13:00:00,0,Honda CBR1000RR-R [2022],World Superbikes,
732,Rider,Iker Lecuona,39.609754192767504,1.0384959707356718,22/04/2022 13:00:00,0,Honda CBR1000RR-R [2022],World Superbikes,
732,Rider,Iker Lecuona,39.61031099985234,1.035585554628103,20/05/2022 13:00:00,0,Honda CBR1000RR-R [2022],World Superbikes,
732,Rider,Iker Lecuona,39.61036029277831,1.032829790977243,10/06/2022 13:00:00,0,Honda CBR1000RR-R [2022],World Superbikes,
732,Rider,Iker Lecuona,39.61003030685785,1.0302292687407784,15/07/2022 13:00:00,0,Honda CBR1000RR-R [2022],World Superbikes,
732,Rider,Iker Lecuona,39.6088847430804,1.0277855005628973,29/07/2022 13:00:00,0,Honda CBR1000RR-R [2022],World Superbikes,
732,Rider,Iker Lecuona,39.60836697136289,1.025498048566034,09/09/2022 13:00:00,0,Honda CBR1000RR-R [2022],World Superbikes,
732,Rider,Iker Lecuona,39.60846278866294,1.0233676332108679,23/09/2022 13:00:00,0,Honda CBR1000RR-R [2022],World Superbikes,
732,Rider,Iker Lecuona,39.60587281272506,1.0213638867999721,07/10/2022 13:00:00,0,Honda CBR1000RR-R [2022],World Superbikes,
732,Rider,Iker Lecuona,39.60232357299058,1.019514624858176,22/10/2022 13:00:00,0,Honda CBR1000RR-R [2022],World Superbikes,
732,Rider,Iker Lecuona,39.59736833426968,1.0178127476522685,24/02/2023 13:00:00,0,Honda CBR1000RR-R [2023],World Superbikes,
732,Rider,Iker Lecuona,39.592137326394656,1.01626662003859,03/03/2023 13:00:00,0,Honda CBR1000RR-R [2023],World Superbikes,
732,Rider,Iker Lecuona,39.58790036523998,1.0148690694179308,21/04/2023 13:00:00,0,Honda CBR1000RR-R [2023],World Superbikes,
732,Rider,Iker Lecuona,39.58311574209553,1.0136272124176453,05/05/2023 13:00:00,0,Honda CBR1000RR-R [2023],World Superbikes,
732,Rider,Iker Lecuona,39.57679379868558,1.012537183958478,02/06/2023 13:00:00,0,Honda CBR1000RR-R [2023],World Superbikes,
732,Rider,Iker Lecuona,39.569578753278996,1.011601545515937,30/06/2023 13:00:00,0,Honda CBR1000RR-R [2023],World Superbikes,
732,Rider,Iker Lecuona,39.56252215430907,1.010819721899253,14/07/2023 13:00:00,0,Honda CBR1000RR-R [2023],World Superbikes,
732,Rider,Iker Lecuona,39.556413730522955,1.0101873581991854,28/07/2023 13:00:00,0,Honda CBR1000RR-R [2023],World Superbikes,
732,Rider,Iker Lecuona,39.55007166972105,1.0097088802736505,08/09/2023 13:00:00,0,Honda CBR1000RR-R [2023],World Superbikes,
732,Rider,Iker Lecuona,39.54397921214776,1.0093844548306843,22/09/2023 13:00:00,0,Honda CBR1000RR-R [2023],World Superbikes,
732,Rider,Iker Lecuona,39.536788648677174,1.0092099432955406,29/09/2023 13:00:00,0,Honda CBR1000RR-R [2023],World Superbikes,
732,Rider,Iker Lecuona,39.52828823299351,1.0091870816840216,27/10/2023 13:00:00,0,Honda CBR1000RR-R [2023],World Superbikes,
732,Rider,Iker Lecuona,39.52020542111549,1.0093159926182553,22/03/2024 13:00:00,0,Honda CBR1000RR-R [2024],World Superbikes,
732,Rider,Iker Lecuona,39.513263531187995,1.009591955117512,14/06/2024 13:00:00,0,Honda CBR1000RR-R [2024],World Superbikes,
732,Rider,Iker Lecuona,39.50635420533012,1.0100230806841353,12/07/2024 13:00:00,0,Honda CBR1000RR-R [2024],World Superbikes,
732,Rider,Iker Lecuona,39.50050458818386,1.0106027588816013,19/07/2024 13:00:00,0,Honda CBR1000RR-R [2024],World Superbikes,
732,Rider,Iker Lecuona,39.494512346598725,1.011336650154236,10/08/2024 13:00:00,0,Honda CBR1000RR-R [2024],World Superbikes,
732,Rider,Iker Lecuona,39.49197334564479,1.0121892679578899,06/09/2024 13:00:00,0,Honda CBR1000RR-R [2024],World Superbikes,
732,Rider,Iker Lecuona,39.490808640785225,1.0131901020977099,20/09/2024 13:00:00,0,Honda CBR1000RR-R [2024],World Superbikes,
732,Rider,Iker Lecuona,39.48905813417518,1.0143451820568488,27/09/2024 13:00:00,0,Honda CBR1000RR-R [2024],World Superbikes,
732,Rider,Iker Lecuona,39.48646367240286,1.0156539784382095,11/10/2024 13:00:00,0,Honda CBR1000RR-R [2024],World Superbikes,
732,Rider,Iker Lecuona,39.4838799746889,1.0171175914985027,18/10/2024 13:00:00,0,Honda CBR1000RR-R [2024],World Superbikes,
732,Rider,Iker Lecuona,39.47974758162544,1.0187323606232894,21/02/2025 13:00:00,0,Honda CBR1000RR-R [2025],World Superbikes,
732,Rider,Iker Lecuona,39.479085993593756,1.0204701995445613,28/03/2025 13:00:00,0,Honda CBR1000RR-R [2025],World Superbikes,
732,Rider,Iker Lecuona,39.478219438043055,1.0223625051020526,11/04/2025 13:00:00,0,Honda CBR1000RR-R [2025],World Superbikes,
732,Rider,Iker Lecuona,39.47777899252742,1.0244083261018455,02/05/2025 13:00:00,0,Honda CBR1000RR-R [2025],World Superbikes,
732,Rider,Iker Lecuona,39.4765647039553,1.0266109120638798,16/05/2025 13:00:00,0,Honda CBR1000RR-R [2025],World Superbikes,
732,Rider,Iker Lecuona,39.473933476717704,1.028964499392414,13/06/2025 13:00:00,0,Honda CBR1000RR-R [2025],World Superbikes,
732,Rider,Iker Lecuona,39.47109740337733,1.031476220867935,11/07/2025 13:00:00,0,Honda CBR1000RR-R [2025],World Superbikes,
732,Rider,Iker Lecuona,39.46827818734185,1.0341468439825732,25/07/2025 13:00:00,0,Honda CBR1000RR-R [2025],World Superbikes,
732,Rider,Iker Lecuona,39.4640192976341,1.0369718384815498,10/10/2025 13:00:00,0,Honda CBR1000RR-R [2025],World Superbikes,
732,Rider,Iker Lecuona,39.46080697804279,1.039950669955978,17/10/2025 13:00:00,0,Honda CBR1000RR-R [2025],World Superbikes,
732,Rider,Iker Lecuona,39.458611916489005,1.0430855378695394,20/02/2026 13:00:00,0,Ducati Panigale V4 R [2026],World Superbikes,
733,Bike,Honda CBR1000RR-R [2022],22.333371817067153,1.8051027331028164,08/04/2022 13:00:00,0,,World Superbikes,
733,Bike,Honda CBR1000RR-R [2022],22.333641990149037,1.8036548303695117,22/04/2022 13:00:00,0,,World Superbikes,
733,Bike,Honda CBR1000RR-R [2022],22.33407864574785,1.802506867821903,20/05/2022 13:00:00,0,,World Superbikes,
733,Bike,Honda CBR1000RR-R [2022],22.334723374168664,1.8016505044648392,10/06/2022 13:00:00,0,,World Superbikes,
733,Bike,Honda CBR1000RR-R [2022],22.335137945810306,1.801096144101501,15/07/2022 13:00:00,0,,World Superbikes,
733,Bike,Honda CBR1000RR-R [2022],22.335243058807734,1.800849046574083,29/07/2022 13:00:00,0,,World Superbikes,
733,Bike,Honda CBR1000RR-R [2022],22.33604813311308,1.800900807179607,09/09/2022 13:00:00,0,,World Superbikes,
733,Bike,Honda CBR1000RR-R [2022],22.33755490453632,1.8012456382603685,23/09/2022 13:00:00,0,,World Superbikes,
733,Bike,Honda CBR1000RR-R [2022],22.338689338556883,1.8018498557748408,07/10/2022 13:00:00,0,,World Superbikes,
733,Bike,Honda CBR1000RR-R [2022],22.339490937176386,1.8027554287098428,22/10/2022 13:00:00,0,,World Superbikes,
733,Bike,Honda CBR1000RR-R [2022],22.340307177909974,1.8039352117581071,11/11/2022 13:00:00,0,,World Superbikes,
733,Bike,Honda CBR1000RR-R [2022],22.3409743863734,1.8054009478919344,18/11/2022 13:00:00,0,,World Superbikes,
734,Rider,Ilya Mikhalchik,29.72725540312835,3.1945994563725053,08/04/2022 13:00:00,0,BMW M 1000 RR [2022],World Superbikes,
734,Rider,Ilya Mikhalchik,29.725562155561295,3.1943516189838563,10/06/2022 13:00:00,0,BMW M 1000 RR [2022],World Superbikes,
734,Rider,Ilya Mikhalchik,29.725392156512413,3.194596792623426,15/07/2022 13:00:00,0,BMW M 1000 RR [2022],World Superbikes,
735,Bike,BMW M 1000 RR [2022],21.920695017756206,1.788944810687913,08/04/2022 13:00:00,0,,World Superbikes,
735,Bike,BMW M 1000 RR [2022],21.919963771518802,1.787473188432843,22/04/2022 13:00:00,0,,World Superbikes,
735,Bike,BMW M 1000 RR [2022],21.918733059400264,1.786303454962584,20/05/2022 13:00:00,0,,World Superbikes,
735,Bike,BMW M 1000 RR [2022],21.91671049898623,1.7854357485984116,10/06/2022 13:00:00,0,,World Superbikes,
735,Bike,BMW M 1000 RR [2022],21.915023696999043,1.7848546079244592,15/07/2022 13:00:00,0,,World Superbikes,
735,Bike,BMW M 1000 RR [2022],21.913333378317635,1.7845494791777083,29/07/2022 13:00:00,0,,World Superbikes,
735,Bike,BMW M 1000 RR [2022],21.912171594186983,1.7844966990150946,09/09/2022 13:00:00,0,,World Superbikes,
735,Bike,BMW M 1000 RR [2022],21.910526011394893,1.7847473225351203,23/09/2022 13:00:00,0,,World Superbikes,
735,Bike,BMW M 1000 RR [2022],21.909782131006082,1.7853014122778388,07/10/2022 13:00:00,0,,World Superbikes,
735,Bike,BMW M 1000 RR [2022],21.908763578080467,1.786167316472329,22/10/2022 13:00:00,0,,World Superbikes,
735,Bike,BMW M 1000 RR [2022],21.90738825130571,1.7873360540613488,11/11/2022 13:00:00,0,,World Superbikes,
735,Bike,BMW M 1000 RR [2022],21.90699478826724,1.7887904219977988,18/11/2022 13:00:00,0,,World Superbikes,
736,Rider,Philipp Öttl,28.920083884795293,1.1367209239953309,08/04/2022 13:00:00,0,Ducati Panigale V4 R [2022],World Superbikes,
736,Rider,Philipp Öttl,28.920248066642614,1.1339628579849106,22/04/2022 13:00:00,0,Ducati Panigale V4 R [2022],World Superbikes,
736,Rider,Philipp Öttl,28.919952674740443,1.1313828328574949,10/06/2022 13:00:00,0,Ducati Panigale V4 R [2022],World Superbikes,
736,Rider,Philipp Öttl,28.91978900140277,1.1289783398717324,15/07/2022 13:00:00,0,Ducati Panigale V4 R [2022],World Superbikes,
736,Rider,Philipp Öttl,28.91899383681736,1.1267519633278003,29/07/2022 13:00:00,0,Ducati Panigale V4 R [2022],World Superbikes,
736,Rider,Philipp Öttl,28.91896507921052,1.1247010147063847,09/09/2022 13:00:00,0,Ducati Panigale V4 R [2022],World Superbikes,
736,Rider,Philipp Öttl,28.91817678609209,1.1228269991257196,23/09/2022 13:00:00,0,Ducati Panigale V4 R [2022],World Superbikes,
736,Rider,Philipp Öttl,28.917092885992517,1.121126995566213,07/10/2022 13:00:00,0,Ducati Panigale V4 R [2022],World Superbikes,
736,Rider,Philipp Öttl,28.915596575569833,1.1196049204602638,22/10/2022 13:00:00,0,Ducati Panigale V4 R [2022],World Superbikes,
736,Rider,Philipp Öttl,28.914979922333927,1.1182499672639457,11/11/2022 13:00:00,0,Ducati Panigale V4 R [2022],World Superbikes,
736,Rider,Philipp Öttl,28.91443681699025,1.117064172629014,18/11/2022 13:00:00,0,Ducati Panigale V4 R [2022],World Superbikes,
736,Rider,Philipp Öttl,28.912620671872173,1.116048349243058,24/02/2023 13:00:00,0,Ducati Panigale V4 R [2023],World Superbikes,
736,Rider,Philipp Öttl,28.90891083216332,1.1152044972591413,03/03/2023 13:00:00,0,Ducati Panigale V4 R [2023],World Superbikes,
736,Rider,Philipp Öttl,28.905508407579006,1.114531149932379,21/04/2023 13:00:00,0,Ducati Panigale V4 R [2023],World Superbikes,
736,Rider,Philipp Öttl,28.901950368515145,1.1140336716969876,05/05/2023 13:00:00,0,Ducati Panigale V4 R [2023],World Superbikes,
736,Rider,Philipp Öttl,28.89864964762398,1.1137080177785028,02/06/2023 13:00:00,0,Ducati Panigale V4 R [2023],World Superbikes,
736,Rider,Philipp Öttl,28.894978356688434,1.113557510339549,30/06/2023 13:00:00,0,Ducati Panigale V4 R [2023],World Superbikes,
736,Rider,Philipp Öttl,28.890625048836252,1.1135818406008813,14/07/2023 13:00:00,0,Ducati Panigale V4 R [2023],World Superbikes,
736,Rider,Philipp Öttl,28.887151102566296,1.1137721188801388,28/07/2023 13:00:00,0,Ducati Panigale V4 R [2023],World Superbikes,
736,Rider,Philipp Öttl,28.887208212624905,1.114100763968319,08/09/2023 13:00:00,0,Ducati Panigale V4 R [2023],World Superbikes,
736,Rider,Philipp Öttl,28.886560307224613,1.1146057545739152,22/09/2023 13:00:00,0,Ducati Panigale V4 R [2023],World Superbikes,
736,Rider,Philipp Öttl,28.884970097516867,1.1152846741848734,29/09/2023 13:00:00,0,Ducati Panigale V4 R [2023],World Superbikes,
736,Rider,Philipp Öttl,28.882550690094572,1.1161395659275561,27/10/2023 13:00:00,0,Ducati Panigale V4 R [2023],World Superbikes,
736,Rider,Philipp Öttl,28.878518007532183,1.1171683993515515,23/02/2024 13:00:00,0,Yamaha YZF-R1 [2024],World Superbikes,
736,Rider,Philipp Öttl,28.87403096265314,1.1183630285086774,22/03/2024 13:00:00,0,Yamaha YZF-R1 [2024],World Superbikes,
736,Rider,Philipp Öttl,28.8696437425825,1.1197158724430427,19/04/2024 13:00:00,0,Yamaha YZF-R1 [2024],World Superbikes,
736,Rider,Philipp Öttl,28.8649857695432,1.1212365575439447,14/06/2024 13:00:00,0,Yamaha YZF-R1 [2024],World Superbikes,
736,Rider,Philipp Öttl,28.860878769276976,1.1229086436938334,12/07/2024 13:00:00,0,Yamaha YZF-R1 [2024],World Superbikes,
736,Rider,Philipp Öttl,28.857252552594872,1.1247299088022509,19/07/2024 13:00:00,0,Yamaha YZF-R1 [2024],World Superbikes,
736,Rider,Philipp Öttl,28.8537994579344,1.1267085518170405,10/08/2024 13:00:00,0,Yamaha YZF-R1 [2024],World Superbikes,
736,Rider,Philipp Öttl,28.850887860440928,1.1288462108200363,06/09/2024 13:00:00,0,Yamaha YZF-R1 [2024],World Superbikes,
736,Rider,Philipp Öttl,28.84706813492694,1.1311614430790282,20/09/2024 13:00:00,0,Yamaha YZF-R1 [2024],World Superbikes,
736,Rider,Philipp Öttl,28.843734779785166,1.1336427580487665,27/09/2024 13:00:00,0,Yamaha YZF-R1 [2024],World Superbikes,
736,Rider,Philipp Öttl,28.840915372758158,1.1362778453185465,11/10/2024 13:00:00,0,Yamaha YZF-R1 [2024],World Superbikes,
736,Rider,Philipp Öttl,28.839952530887047,1.1390408385893205,18/10/2024 13:00:00,0,Yamaha YZF-R1 [2024],World Superbikes,
737,Rider,Xavi Vierge,38.57938520380369,0.9832284601269984,08/04/2022 13:00:00,0,Honda CBR1000RR-R [2022],World Superbikes,
737,Rider,Xavi Vierge,38.5813565133478,0.979950328622671,22/04/2022 13:00:00,0,Honda CBR1000RR-R [2022],World Superbikes,
737,Rider,Xavi Vierge,38.583996480064386,0.9768192016354837,20/05/2022 13:00:00,0,Honda CBR1000RR-R [2022],World Superbikes,
737,Rider,Xavi Vierge,38.58695934856204,0.9738332653027034,10/06/2022 13:00:00,0,Honda CBR1000RR-R [2022],World Superbikes,
737,Rider,Xavi Vierge,38.589093335137306,0.9709897960245855,15/07/2022 13:00:00,0,Honda CBR1000RR-R [2022],World Superbikes,
737,Rider,Xavi Vierge,38.592097604758735,0.968292533178571,29/07/2022 13:00:00,0,Honda CBR1000RR-R [2022],World Superbikes,
737,Rider,Xavi Vierge,38.59579372259733,0.9657396272595187,09/09/2022 13:00:00,0,Honda CBR1000RR-R [2022],World Superbikes,
737,Rider,Xavi Vierge,38.600147860045375,0.9633309289400217,23/09/2022 13:00:00,0,Honda CBR1000RR-R [2022],World Superbikes,
737,Rider,Xavi Vierge,38.60399354325769,0.961064962031148,07/10/2022 13:00:00,0,Honda CBR1000RR-R [2022],World Superbikes,
737,Rider,Xavi Vierge,38.60749879711534,0.9589445285898235,22/10/2022 13:00:00,0,Honda CBR1000RR-R [2022],World Superbikes,
737,Rider,Xavi Vierge,38.61072789514927,0.9569682750581534,11/11/2022 13:00:00,0,Honda CBR1000RR-R [2022],World Superbikes,
737,Rider,Xavi Vierge,38.61323233422884,0.9551302370042898,18/11/2022 13:00:00,0,Honda CBR1000RR-R [2022],World Superbikes,
737,Rider,Xavi Vierge,38.61549267105067,0.9534333570872517,24/02/2023 13:00:00,0,Honda CBR1000RR-R [2023],World Superbikes,
737,Rider,Xavi Vierge,38.618578097437165,0.9518745169138346,03/03/2023 13:00:00,0,Honda CBR1000RR-R [2023],World Superbikes,
737,Rider,Xavi Vierge,38.62177471230479,0.9504561297293406,21/04/2023 13:00:00,0,Honda CBR1000RR-R [2023],World Superbikes,
737,Rider,Xavi Vierge,38.62463523766429,0.9491804235581142,05/05/2023 13:00:00,0,Honda CBR1000RR-R [2023],World Superbikes,
737,Rider,Xavi Vierge,38.62716255524116,0.9480456343896843,02/06/2023 13:00:00,0,Honda CBR1000RR-R [2023],World Superbikes,
737,Rider,Xavi Vierge,38.630248105778435,0.9470506868955846,30/06/2023 13:00:00,0,Honda CBR1000RR-R [2023],World Superbikes,
737,Rider,Xavi Vierge,38.63421828001307,0.9461925109095578,14/07/2023 13:00:00,0,Honda CBR1000RR-R [2023],World Superbikes,
737,Rider,Xavi Vierge,38.63808462578741,0.9454759717402434,28/07/2023 13:00:00,0,Honda CBR1000RR-R [2023],World Superbikes,
737,Rider,Xavi Vierge,38.64117306836345,0.9449000675612121,08/09/2023 13:00:00,0,Honda CBR1000RR-R [2023],World Superbikes,
737,Rider,Xavi Vierge,38.64477918925436,0.9444629007224395,22/09/2023 13:00:00,0,Honda CBR1000RR-R [2023],World Superbikes,
737,Rider,Xavi Vierge,38.64838703075749,0.9441660092625932,29/09/2023 13:00:00,0,Honda CBR1000RR-R [2023],World Superbikes,
737,Rider,Xavi Vierge,38.65208697060673,0.9440094133010148,27/10/2023 13:00:00,0,Honda CBR1000RR-R [2023],World Superbikes,
737,Rider,Xavi Vierge,38.65659137380639,0.9439882360869368,23/02/2024 13:00:00,0,Honda CBR1000RR-R [2024],World Superbikes,
737,Rider,Xavi Vierge,38.660961457960695,0.9441062885658528,22/03/2024 13:00:00,0,Honda CBR1000RR-R [2024],World Superbikes,
737,Rider,Xavi Vierge,38.666625363906846,0.9443554938261014,19/04/2024 13:00:00,0,Honda CBR1000RR-R [2024],World Superbikes,
737,Rider,Xavi Vierge,38.67215952588454,0.9447437000038608,14/06/2024 13:00:00,0,Honda CBR1000RR-R [2024],World Superbikes,
737,Rider,Xavi Vierge,38.67812798261697,0.9452713774321152,12/07/2024 13:00:00,0,Honda CBR1000RR-R [2024],World Superbikes,
737,Rider,Xavi Vierge,38.68410737513182,0.9459388165534749,19/07/2024 13:00:00,0,Honda CBR1000RR-R [2024],World Superbikes,
737,Rider,Xavi Vierge,38.68997688949919,0.946746814525823,10/08/2024 13:00:00,0,Honda CBR1000RR-R [2024],World Superbikes,
737,Rider,Xavi Vierge,38.69589834388264,0.9476949802092148,06/09/2024 13:00:00,0,Honda CBR1000RR-R [2024],World Superbikes,
737,Rider,Xavi Vierge,38.700605311222596,0.9487819464739605,20/09/2024 13:00:00,0,Honda CBR1000RR-R [2024],World Superbikes,
737,Rider,Xavi Vierge,38.70436391785802,0.9500087746893754,27/09/2024 13:00:00,0,Honda CBR1000RR-R [2024],World Superbikes,
737,Rider,Xavi Vierge,38.707692647922165,0.9513764402025745,11/10/2024 13:00:00,0,Honda CBR1000RR-R [2024],World Superbikes,
737,Rider,Xavi Vierge,38.71071019735242,0.9528862128532043,18/10/2024 13:00:00,0,Honda CBR1000RR-R [2024],World Superbikes,
737,Rider,Xavi Vierge,38.712475546427626,0.954537940132743,21/02/2025 13:00:00,0,Honda CBR1000RR-R [2025],World Superbikes,
737,Rider,Xavi Vierge,38.71417500188435,0.9563292447393331,28/03/2025 13:00:00,0,Honda CBR1000RR-R [2025],World Superbikes,
737,Rider,Xavi Vierge,38.71451669200976,0.9582592242938914,11/04/2025 13:00:00,0,Honda CBR1000RR-R [2025],World Superbikes,
737,Rider,Xavi Vierge,38.71617317452498,0.9603239242859244,02/05/2025 13:00:00,0,Honda CBR1000RR-R [2025],World Superbikes,
737,Rider,Xavi Vierge,38.71607920582697,0.9625271552438802,16/05/2025 13:00:00,0,Honda CBR1000RR-R [2025],World Superbikes,
737,Rider,Xavi Vierge,38.715970074229965,0.9648739887284689,13/06/2025 13:00:00,0,Honda CBR1000RR-R [2025],World Superbikes,
737,Rider,Xavi Vierge,38.71647769414766,0.9673621704442614,11/07/2025 13:00:00,0,Honda CBR1000RR-R [2025],World Superbikes,
737,Rider,Xavi Vierge,38.718187843595715,0.9699875957192903,25/07/2025 13:00:00,0,Honda CBR1000RR-R [2025],World Superbikes,
737,Rider,Xavi Vierge,38.7189679791454,0.9727571820986252,05/09/2025 13:00:00,0,Honda CBR1000RR-R [2025],World Superbikes,
737,Rider,Xavi Vierge,38.719406427374274,0.9756715761482788,26/09/2025 13:00:00,0,Honda CBR1000RR-R [2025],World Superbikes,
737,Rider,Xavi Vierge,38.719990550955906,0.9787298803389722,10/10/2025 13:00:00,0,Honda CBR1000RR-R [2025],World Superbikes,
737,Rider,Xavi Vierge,38.719083163668905,0.9819267031090849,17/10/2025 13:00:00,0,Honda CBR1000RR-R [2025],World Superbikes,
737,Rider,Xavi Vierge,38.717503893795346,0.9852687853477021,20/02/2026 13:00:00,0,Yamaha YZF-R1 [2026],World Superbikes,
738,Rider,Roberto Tamburini,24.090420988273564,1.9819201446429213,08/04/2022 13:00:00,0,Yamaha YZF-R1 [2022],World Superbikes,
738,Rider,Roberto Tamburini,24.089740695968857,1.9806889911185614,22/04/2022 13:00:00,0,Yamaha YZF-R1 [2022],World Superbikes,
738,Rider,Roberto Tamburini,24.090517132440336,1.9797501974648126,10/06/2022 13:00:00,0,Yamaha YZF-R1 [2022],World Superbikes,
738,Rider,Roberto Tamburini,24.090643249663476,1.9791312095430944,15/07/2022 13:00:00,0,Yamaha YZF-R1 [2022],World Superbikes,
738,Rider,Roberto Tamburini,24.09079413521184,1.9788315993832526,29/07/2022 13:00:00,0,Yamaha YZF-R1 [2022],World Superbikes,
738,Rider,Roberto Tamburini,24.0909112385405,1.978852065917071,09/09/2022 13:00:00,0,Yamaha YZF-R1 [2022],World Superbikes,
738,Rider,Roberto Tamburini,24.09117785335301,1.9791820266315165,23/09/2022 13:00:00,0,Yamaha YZF-R1 [2022],World Superbikes,
738,Rider,Roberto Tamburini,24.09168142135297,1.9798212829829085,07/10/2022 13:00:00,0,Yamaha YZF-R1 [2022],World Superbikes,
738,Rider,Roberto Tamburini,24.0908588360122,1.9807881174084554,14/07/2023 13:00:00,0,Honda CBR1000RR-R [2023],World Superbikes,
738,Rider,Roberto Tamburini,24.090195312241285,1.9820421255411924,28/07/2023 13:00:00,0,Yamaha YZF-R1 [2023],World Superbikes,
739,Rider,Luca Bernardi,19.6800491439566,1.9662030462070115,08/04/2022 13:00:00,0,Ducati Panigale V4 R [2022],World Superbikes,
739,Rider,Luca Bernardi,19.679033512405596,1.9649474606029829,22/04/2022 13:00:00,0,Ducati Panigale V4 R [2022],World Superbikes,
739,Rider,Luca Bernardi,19.680024305398106,1.9639239641520434,20/05/2022 13:00:00,0,Ducati Panigale V4 R [2022],World Superbikes,
739,Rider,Luca Bernardi,19.68014532811416,1.9632141589436867,10/06/2022 13:00:00,0,Ducati Panigale V4 R [2022],World Superbikes,
739,Rider,Luca Bernardi,19.68066201338219,1.962815989809399,15/07/2022 13:00:00,0,Ducati Panigale V4 R [2022],World Superbikes,
739,Rider,Luca Bernardi,19.683147022092957,1.9626478315824938,29/07/2022 13:00:00,0,Ducati Panigale V4 R [2022],World Superbikes,
739,Rider,Luca Bernardi,19.684277223734604,1.9627984853010645,09/09/2022 13:00:00,0,Ducati Panigale V4 R [2022],World Superbikes,
739,Rider,Luca Bernardi,19.68557833482075,1.9632493377756912,23/09/2022 13:00:00,0,Ducati Panigale V4 R [2022],World Superbikes,
739,Rider,Luca Bernardi,19.686209262915575,1.9640104671356964,07/10/2022 13:00:00,0,Ducati Panigale V4 R [2022],World Superbikes,
739,Rider,Luca Bernardi,19.68682182262806,1.9650806984403613,11/10/2024 13:00:00,0,Yamaha YZF-R1 [2024],World Superbikes,
739,Rider,Luca Bernardi,19.68591038286505,1.9664451520520514,18/10/2024 13:00:00,0,Yamaha YZF-R1 [2024],World Superbikes,
740,Rider,Hafizh Syahrin,24.973536199262778,1.4679441269786606,08/04/2022 13:00:00,0,Honda CBR1000RR-R [2022],World Superbikes,
740,Rider,Hafizh Syahrin,24.974524610175354,1.4659378181891944,22/04/2022 13:00:00,0,Honda CBR1000RR-R [2022],World Superbikes,
740,Rider,Hafizh Syahrin,24.975792574472884,1.464151288913154,20/05/2022 13:00:00,0,Honda CBR1000RR-R [2022],World Superbikes,
740,Rider,Hafizh Syahrin,24.977549200285726,1.462573625305859,10/06/2022 13:00:00,0,Honda CBR1000RR-R [2022],World Superbikes,
740,Rider,Hafizh Syahrin,24.97873952590802,1.461228957253582,15/07/2022 13:00:00,0,Honda CBR1000RR-R [2022],World Superbikes,
740,Rider,Hafizh Syahrin,24.979523236025635,1.4601134982163382,29/07/2022 13:00:00,0,Honda CBR1000RR-R [2022],World Superbikes,
740,Rider,Hafizh Syahrin,24.980666937854927,1.45922221965592,09/09/2022 13:00:00,0,Honda CBR1000RR-R [2022],World Superbikes,
740,Rider,Hafizh Syahrin,24.982160725257575,1.4585463335460966,07/10/2022 13:00:00,0,Honda CBR1000RR-R [2022],World Superbikes,
740,Rider,Hafizh Syahrin,24.982798204726123,1.4581040596175632,11/11/2022 13:00:00,0,Honda CBR1000RR-R [2022],World Superbikes,
740,Rider,Hafizh Syahrin,24.98298876338797,1.457877150010669,18/11/2022 13:00:00,0,Honda CBR1000RR-R [2022],World Superbikes,
740,Rider,Hafizh Syahrin,24.982300445064702,1.4578754046748874,24/02/2023 13:00:00,0,Honda CBR1000RR-R [2023],World Superbikes,
740,Rider,Hafizh Syahrin,24.982258809132066,1.4580272776110281,03/03/2023 13:00:00,0,Honda CBR1000RR-R [2023],World Superbikes,
740,Rider,Hafizh Syahrin,24.982206737060864,1.4583592383541597,21/04/2023 13:00:00,0,Honda CBR1000RR-R [2023],World Superbikes,
740,Rider,Hafizh Syahrin,24.983302857137,1.4588697514848652,05/05/2023 13:00:00,0,Honda CBR1000RR-R [2023],World Superbikes,
740,Rider,Hafizh Syahrin,24.984046611659767,1.4596019042196673,02/06/2023 13:00:00,0,Honda CBR1000RR-R [2023],World Superbikes,
740,Rider,Hafizh Syahrin,24.984161266103932,1.460548402107415,30/06/2023 13:00:00,0,Honda CBR1000RR-R [2023],World Superbikes,
740,Rider,Hafizh Syahrin,24.983898791500877,1.4617079509096762,08/09/2023 13:00:00,0,Honda CBR1000RR-R [2023],World Superbikes,
740,Rider,Hafizh Syahrin,24.984051660515703,1.4630585659568722,22/09/2023 13:00:00,0,Honda CBR1000RR-R [2023],World Superbikes,
740,Rider,Hafizh Syahrin,24.983858553539875,1.4646348382445389,29/09/2023 13:00:00,0,Honda CBR1000RR-R [2023],World Superbikes,
740,Rider,Hafizh Syahrin,24.983577271544892,1.4664236630362293,27/10/2023 13:00:00,0,Honda CBR1000RR-R [2023],World Superbikes,
740,Rider,Hafizh Syahrin,24.983524352091177,1.4684199614859574,10/08/2024 13:00:00,0,Ducati Panigale V4 R [2024],World Superbikes,
741,Rider,Tarran Mackenzie,28.567229603091267,1.420811073045304,15/07/2022 13:00:00,0,Yamaha YZF-R1 [2022],World Superbikes,
741,Rider,Tarran Mackenzie,28.567122124663815,1.4187417392548558,23/02/2024 13:00:00,0,Honda CBR1000RR-R [2024],World Superbikes,
741,Rider,Tarran Mackenzie,28.56781272407763,1.416840286426171,22/03/2024 13:00:00,0,Honda CBR1000RR-R [2024],World Superbikes,
741,Rider,Tarran Mackenzie,28.56948142198728,1.4151115605367857,19/04/2024 13:00:00,0,Honda CBR1000RR-R [2024],World Superbikes,
741,Rider,Tarran Mackenzie,28.56959503340323,1.4136082056164545,14/06/2024 13:00:00,0,Honda CBR1000RR-R [2024],World Superbikes,
741,Rider,Tarran Mackenzie,28.569534929222378,1.4123103830812058,12/07/2024 13:00:00,0,Honda CBR1000RR-R [2024],World Superbikes,
741,Rider,Tarran Mackenzie,28.570401653584916,1.4111822347113467,06/09/2024 13:00:00,0,Honda CBR1000RR-R [2024],World Superbikes,
741,Rider,Tarran Mackenzie,28.569222650180244,1.410282148884514,20/09/2024 13:00:00,0,Honda CBR1000RR-R [2024],World Superbikes,
741,Rider,Tarran Mackenzie,28.56859607218342,1.4095887203649953,27/09/2024 13:00:00,0,Honda CBR1000RR-R [2024],World Superbikes,
741,Rider,Tarran Mackenzie,28.568697848639207,1.4090731531492218,11/10/2024 13:00:00,0,Honda CBR1000RR-R [2024],World Superbikes,
741,Rider,Tarran Mackenzie,28.565802514526546,1.408783438730551,18/10/2024 13:00:00,0,Honda CBR1000RR-R [2024],World Superbikes,
741,Rider,Tarran Mackenzie,28.56346928542093,1.4086999735306378,21/02/2025 13:00:00,0,Honda CBR1000RR-R [2025],World Superbikes,
741,Rider,Tarran Mackenzie,28.56189325727587,1.408820321846346,28/03/2025 13:00:00,0,Honda CBR1000RR-R [2025],World Superbikes,
741,Rider,Tarran Mackenzie,28.560551542372654,1.4091502950643806,11/04/2025 13:00:00,0,Honda CBR1000RR-R [2025],World Superbikes,
741,Rider,Tarran Mackenzie,28.557927728797104,1.4097019206127963,02/05/2025 13:00:00,0,Honda CBR1000RR-R [2025],World Superbikes,
741,Rider,Tarran Mackenzie,28.556057877205042,1.4104448666374088,16/05/2025 13:00:00,0,Honda CBR1000RR-R [2025],World Superbikes,
741,Rider,Tarran Mackenzie,28.555226800770996,1.4113534289619627,13/06/2025 13:00:00,0,Honda CBR1000RR-R [2025],World Superbikes,
741,Rider,Tarran Mackenzie,28.555345992988766,1.412429119176844,25/07/2025 13:00:00,0,Ducati Panigale V4 R [2025],World Superbikes,
741,Rider,Tarran Mackenzie,28.556566369178004,1.4137118398432222,05/09/2025 13:00:00,0,Ducati Panigale V4 R [2025],World Superbikes,
741,Rider,Tarran Mackenzie,28.55753560480337,1.4152169343622172,26/09/2025 13:00:00,0,Ducati Panigale V4 R [2025],World Superbikes,
741,Rider,Tarran Mackenzie,28.55905033798178,1.416939004005403,10/10/2025 13:00:00,0,Ducati Panigale V4 R [2025],World Superbikes,
741,Rider,Tarran Mackenzie,28.560383325548962,1.4188850555253292,17/10/2025 13:00:00,0,Ducati Panigale V4 R [2025],World Superbikes,
741,Rider,Tarran Mackenzie,28.560592772070382,1.421058651635881,20/02/2026 13:00:00,0,Ducati Panigale V4 R [2026],World Superbikes,
742,Rider,Ryan Vickers,26.68355103829108,1.7425335783199378,29/07/2022 13:00:00,0,Kawasaki ZX-10RR [2022],World Superbikes,
742,Rider,Ryan Vickers,26.68550197801353,1.7409581065577997,21/02/2025 13:00:00,0,Ducati Panigale V4 R [2025],World Superbikes,
742,Rider,Ryan Vickers,26.68714961667205,1.7396570202171033,28/03/2025 13:00:00,0,Ducati Panigale V4 R [2025],World Superbikes,
742,Rider,Ryan Vickers,26.689462025115006,1.7386242533164267,11/04/2025 13:00:00,0,Ducati Panigale V4 R [2025],World Superbikes,
742,Rider,Ryan Vickers,26.693148357248326,1.7378326916585092,02/05/2025 13:00:00,0,Ducati Panigale V4 R [2025],World Superbikes,
742,Rider,Ryan Vickers,26.697364429801045,1.7372994630370149,16/05/2025 13:00:00,0,Ducati Panigale V4 R [2025],World Superbikes,
742,Rider,Ryan Vickers,26.70166527931793,1.7370320030911117,13/06/2025 13:00:00,0,Ducati Panigale V4 R [2025],World Superbikes,
742,Rider,Ryan Vickers,26.706018397365995,1.737029115581557,11/07/2025 13:00:00,0,Ducati Panigale V4 R [2025],World Superbikes,
742,Rider,Ryan Vickers,26.7080015056651,1.7373079073565203,25/07/2025 13:00:00,0,Ducati Panigale V4 R [2025],World Superbikes,
742,Rider,Ryan Vickers,26.70951355305623,1.7378671577158584,05/09/2025 13:00:00,0,Ducati Panigale V4 R [2025],World Superbikes,
742,Rider,Ryan Vickers,26.710737613429295,1.7387008665886883,26/09/2025 13:00:00,0,Ducati Panigale V4 R [2025],World Superbikes,
742,Rider,Ryan Vickers,26.711370107042057,1.7398120374600536,10/10/2025 13:00:00,0,Ducati Panigale V4 R [2025],World Superbikes,
742,Rider,Ryan Vickers,26.710803338848937,1.741203289734824,17/10/2025 13:00:00,0,Ducati Panigale V4 R [2025],World Superbikes,
742,Rider,Ryan Vickers,26.710658739912716,1.7428686596044147,20/02/2026 13:00:00,0,Honda CBR1000RR-R SP [2026],World Superbikes,
743,Rider,Michal Prasek,19.876386270435773,4.841294081609255,29/07/2022 13:00:00,0,BMW M 1000 RR [2022],World Superbikes,
744,Rider,Oscar Gutierrez,19.981982910337294,3.833964834928,09/09/2022 13:00:00,0,Kawasaki ZX-10RR [2022],World Superbikes,
744,Rider,Oscar Gutierrez,19.982334096646227,3.8339445849377456,23/09/2022 13:00:00,0,Kawasaki ZX-10RR [2022],World Superbikes,
745,Rider,Kyle David Smith,19.03532159821506,3.9740282222569303,11/11/2022 13:00:00,0,Kawasaki ZX-10RR [2022],World Superbikes,
745,Rider,Kyle David Smith,19.03475891314781,3.974114825237146,18/11/2022 13:00:00,0,Kawasaki ZX-10RR [2022],World Superbikes,
746,Rider,Tetsuta Nagashima,28.75483678975595,2.782726252222027,18/11/2022 13:00:00,0,Honda CBR1000RR-R [2022],World Superbikes,
746,Rider,Tetsuta Nagashima,28.753420219200372,2.782211326554376,18/10/2024 13:00:00,0,Honda CBR1000RR-R [2024],World Superbikes,
746,Rider,Tetsuta Nagashima,28.751636865837966,2.782129688440443,21/02/2025 13:00:00,0,Honda CBR1000RR-R [2025],World Superbikes,
746,Rider,Tetsuta Nagashima,28.74998517767185,2.7824746306725285,10/10/2025 13:00:00,0,Honda CBR1000RR-R [2025],World Superbikes,
746,Rider,Tetsuta Nagashima,28.749223244538612,2.7832030504680794,20/02/2026 13:00:00,0,Honda CBR1000RR-R SP [2026],World Superbikes,
747,Bike,Yamaha YZF-R1 [2023],26.96516949110249,1.8031294534595512,24/02/2023 13:00:00,0,,World Superbikes,
747,Bike,Yamaha YZF-R1 [2023],26.964624331647347,1.8016697784393576,03/03/2023 13:00:00,0,,World Superbikes,
747,Bike,Yamaha YZF-R1 [2023],26.963626678660063,1.8004722726473021,21/04/2023 13:00:00,0,,World Superbikes,
747,Bike,Yamaha YZF-R1 [2023],26.96259186822664,1.7995754437291438,05/05/2023 13:00:00,0,,World Superbikes,
747,Bike,Yamaha YZF-R1 [2023],26.96165243763319,1.7989770413161303,02/06/2023 13:00:00,0,,World Superbikes,
747,Bike,Yamaha YZF-R1 [2023],26.960550020568107,1.7986785822892464,30/06/2023 13:00:00,0,,World Superbikes,
747,Bike,Yamaha YZF-R1 [2023],26.95998667922538,1.7986737702885565,14/07/2023 13:00:00,0,,World Superbikes,
747,Bike,Yamaha YZF-R1 [2023],26.95901436765864,1.7989495873383876,28/07/2023 13:00:00,0,,World Superbikes,
747,Bike,Yamaha YZF-R1 [2023],26.957770486813605,1.7995037447855295,08/09/2023 13:00:00,0,,World Superbikes,
747,Bike,Yamaha YZF-R1 [2023],26.957015395874702,1.8003586376958935,22/09/2023 13:00:00,0,,World Superbikes,
747,Bike,Yamaha YZF-R1 [2023],26.956533040091813,1.801509981785741,29/09/2023 13:00:00,0,,World Superbikes,
747,Bike,Yamaha YZF-R1 [2023],26.956369538922853,1.802957437977671,27/10/2023 13:00:00,0,,World Superbikes,
748,Bike,Ducati Panigale V4 R [2023],30.583704534505927,1.7850841324950164,24/02/2023 13:00:00,0,,World Superbikes,
748,Bike,Ducati Panigale V4 R [2023],30.58386847658893,1.7836187789079285,03/03/2023 13:00:00,0,,World Superbikes,
748,Bike,Ducati Panigale V4 R [2023],30.583753867282844,1.7824534793416251,21/04/2023 13:00:00,0,,World Superbikes,
748,Bike,Ducati Panigale V4 R [2023],30.583544345468006,1.7815794531867184,05/05/2023 13:00:00,0,,World Superbikes,
748,Bike,Ducati Panigale V4 R [2023],30.583236034585674,1.7809915377933458,02/06/2023 13:00:00,0,,World Superbikes,
748,Bike,Ducati Panigale V4 R [2023],30.5818516753905,1.7806867839612879,30/06/2023 13:00:00,0,,World Superbikes,
748,Bike,Ducati Panigale V4 R [2023],30.58005273080754,1.7806787295273074,14/07/2023 13:00:00,0,,World Superbikes,
748,Bike,Ducati Panigale V4 R [2023],30.578224915061185,1.780973016816595,28/07/2023 13:00:00,0,,World Superbikes,
748,Bike,Ducati Panigale V4 R [2023],30.577063130056512,1.7815525416041336,08/09/2023 13:00:00,0,,World Superbikes,
748,Bike,Ducati Panigale V4 R [2023],30.57585358061604,1.782431316892832,22/09/2023 13:00:00,0,,World Superbikes,
748,Bike,Ducati Panigale V4 R [2023],30.575095199831736,1.783598745043303,29/09/2023 13:00:00,0,,World Superbikes,
748,Bike,Ducati Panigale V4 R [2023],30.57462628001042,1.7850755141533472,27/10/2023 13:00:00,0,,World Superbikes,
749,Rider,Dominique Aegerter,38.57269826322666,1.1840404868363223,24/02/2023 13:00:00,0,Yamaha YZF-R1 [2023],World Superbikes,
749,Rider,Dominique Aegerter,38.572621654883484,1.1814048156896826,03/03/2023 13:00:00,0,Yamaha YZF-R1 [2023],World Superbikes,
749,Rider,Dominique Aegerter,38.57325099090086,1.1789553666859127,21/04/2023 13:00:00,0,Yamaha YZF-R1 [2023],World Superbikes,
749,Rider,Dominique Aegerter,38.573469661422536,1.176692004904977,05/05/2023 13:00:00,0,Yamaha YZF-R1 [2023],World Superbikes,
749,Rider,Dominique Aegerter,38.57199527149067,1.1745936785110074,02/06/2023 13:00:00,0,Yamaha YZF-R1 [2023],World Superbikes,
749,Rider,Dominique Aegerter,38.57012243423507,1.1726804016853036,30/06/2023 13:00:00,0,Yamaha YZF-R1 [2023],World Superbikes,
749,Rider,Dominique Aegerter,38.56763181417227,1.1709492321913078,14/07/2023 13:00:00,0,Yamaha YZF-R1 [2023],World Superbikes,
749,Rider,Dominique Aegerter,38.56566277831332,1.169405007386315,28/07/2023 13:00:00,0,Yamaha YZF-R1 [2023],World Superbikes,
749,Rider,Dominique Aegerter,38.564018058317814,1.1680460206058072,08/09/2023 13:00:00,0,Yamaha YZF-R1 [2023],World Superbikes,
749,Rider,Dominique Aegerter,38.562995795327254,1.1668730447584523,22/09/2023 13:00:00,0,Yamaha YZF-R1 [2023],World Superbikes,
749,Rider,Dominique Aegerter,38.56380040329099,1.1658812970817134,29/09/2023 13:00:00,0,Yamaha YZF-R1 [2023],World Superbikes,
749,Rider,Dominique Aegerter,38.56631066987458,1.1650690437645441,27/10/2023 13:00:00,0,Yamaha YZF-R1 [2023],World Superbikes,
749,Rider,Dominique Aegerter,38.56717441378165,1.1644206915305293,23/02/2024 13:00:00,0,Yamaha YZF-R1 [2024],World Superbikes,
749,Rider,Dominique Aegerter,38.5661638430844,1.1639493793887539,22/03/2024 13:00:00,0,Yamaha YZF-R1 [2024],World Superbikes,
749,Rider,Dominique Aegerter,38.56375965009364,1.1636606087148704,19/04/2024 13:00:00,0,Yamaha YZF-R1 [2024],World Superbikes,
749,Rider,Dominique Aegerter,38.56314734264148,1.1635433655875953,14/06/2024 13:00:00,0,Yamaha YZF-R1 [2024],World Superbikes,
749,Rider,Dominique Aegerter,38.561821299525825,1.1636117577498233,12/07/2024 13:00:00,0,Yamaha YZF-R1 [2024],World Superbikes,
749,Rider,Dominique Aegerter,38.558859496537096,1.1638606812748427,19/07/2024 13:00:00,0,Yamaha YZF-R1 [2024],World Superbikes,
749,Rider,Dominique Aegerter,38.556686420486734,1.16428880835542,10/08/2024 13:00:00,0,Yamaha YZF-R1 [2024],World Superbikes,
749,Rider,Dominique Aegerter,38.55416253181399,1.1649004895619213,11/10/2024 13:00:00,0,Yamaha YZF-R1 [2024],World Superbikes,
749,Rider,Dominique Aegerter,38.552688389266194,1.1656917031219014,18/10/2024 13:00:00,0,Yamaha YZF-R1 [2024],World Superbikes,
749,Rider,Dominique Aegerter,38.55119832607315,1.1666701283158956,21/02/2025 13:00:00,0,Yamaha YZF-R1 [2025],World Superbikes,
749,Rider,Dominique Aegerter,38.55028605685062,1.1678279849305349,28/03/2025 13:00:00,0,Yamaha YZF-R1 [2025],World Superbikes,
749,Rider,Dominique Aegerter,38.54838961566524,1.169169362403349,11/04/2025 13:00:00,0,Yamaha YZF-R1 [2025],World Superbikes,
749,Rider,Dominique Aegerter,38.54603906171003,1.1706951682973483,02/05/2025 13:00:00,0,Yamaha YZF-R1 [2025],World Superbikes,
749,Rider,Dominique Aegerter,38.54361169533585,1.1724071036254833,16/05/2025 13:00:00,0,Yamaha YZF-R1 [2025],World Superbikes,
749,Rider,Dominique Aegerter,38.54278854724168,1.1742867258745557,13/06/2025 13:00:00,0,Yamaha YZF-R1 [2025],World Superbikes,
749,Rider,Dominique Aegerter,38.54172271353789,1.176353721589899,11/07/2025 13:00:00,0,Yamaha YZF-R1 [2025],World Superbikes,
749,Rider,Dominique Aegerter,38.540137861512875,1.1786090612525988,25/07/2025 13:00:00,0,Yamaha YZF-R1 [2025],World Superbikes,
749,Rider,Dominique Aegerter,38.53850919424699,1.1810498992957463,05/09/2025 13:00:00,0,Yamaha YZF-R1 [2025],World Superbikes,
749,Rider,Dominique Aegerter,38.5368119820911,1.1836769994399836,26/09/2025 13:00:00,0,Yamaha YZF-R1 [2025],World Superbikes,
750,Bike,Kawasaki ZX-10RR [2023],22.184170512307233,1.8982713008508554,24/02/2023 13:00:00,0,,World Superbikes,
750,Bike,Kawasaki ZX-10RR [2023],22.184541986146655,1.8968994807731725,03/03/2023 13:00:00,0,,World Superbikes,
750,Bike,Kawasaki ZX-10RR [2023],22.185647422070723,1.8957979300681014,21/04/2023 13:00:00,0,,World Superbikes,
750,Bike,Kawasaki ZX-10RR [2023],22.186942134193743,1.8949647645721537,05/05/2023 13:00:00,0,,World Superbikes,
750,Bike,Kawasaki ZX-10RR [2023],22.188727475723717,1.8944279139386793,02/06/2023 13:00:00,0,,World Superbikes,
750,Bike,Kawasaki ZX-10RR [2023],22.19091319533033,1.8941630718239812,30/06/2023 13:00:00,0,,World Superbikes,
750,Bike,Kawasaki ZX-10RR [2023],22.192438181084867,1.8941538525931467,14/07/2023 13:00:00,0,,World Superbikes,
750,Bike,Kawasaki ZX-10RR [2023],22.194537124418762,1.894418675410977,28/07/2023 13:00:00,0,,World Superbikes,
750,Bike,Kawasaki ZX-10RR [2023],22.196420019913546,1.894990340521639,08/09/2023 13:00:00,0,,World Superbikes,
750,Bike,Kawasaki ZX-10RR [2023],22.198585310968987,1.895829841740432,22/09/2023 13:00:00,0,,World Superbikes,
750,Bike,Kawasaki ZX-10RR [2023],22.200020017119595,1.896940351376505,29/09/2023 13:00:00,0,,World Superbikes,
750,Bike,Kawasaki ZX-10RR [2023],22.20085497897687,1.8983060058840897,27/10/2023 13:00:00,0,,World Superbikes,
751,Rider,Remy Gardner,40.04091293243626,1.125665432213237,24/02/2023 13:00:00,0,Yamaha YZF-R1 [2023],World Superbikes,
751,Rider,Remy Gardner,40.04226541670696,1.1228739276349244,21/04/2023 13:00:00,0,Yamaha YZF-R1 [2023],World Superbikes,
751,Rider,Remy Gardner,40.044246406293766,1.1202599746351936,05/05/2023 13:00:00,0,Yamaha YZF-R1 [2023],World Superbikes,
751,Rider,Remy Gardner,40.04615489093727,1.1178213422360277,02/06/2023 13:00:00,0,Yamaha YZF-R1 [2023],World Superbikes,
751,Rider,Remy Gardner,40.04832649106205,1.1155585520342572,30/06/2023 13:00:00,0,Yamaha YZF-R1 [2023],World Superbikes,
751,Rider,Remy Gardner,40.0528439279266,1.1134626962826966,14/07/2023 13:00:00,0,Yamaha YZF-R1 [2023],World Superbikes,
751,Rider,Remy Gardner,40.05895601166727,1.1115393122930834,28/07/2023 13:00:00,0,Yamaha YZF-R1 [2023],World Superbikes,
751,Rider,Remy Gardner,40.06401502033344,1.1097775663788372,08/09/2023 13:00:00,0,Yamaha YZF-R1 [2023],World Superbikes,
751,Rider,Remy Gardner,40.07054155372758,1.1081891376879505,22/09/2023 13:00:00,0,Yamaha YZF-R1 [2023],World Superbikes,
751,Rider,Remy Gardner,40.077682081484696,1.106773703940875,29/09/2023 13:00:00,0,Yamaha YZF-R1 [2023],World Superbikes,
751,Rider,Remy Gardner,40.08516405444478,1.105531993745661,27/10/2023 13:00:00,0,Yamaha YZF-R1 [2023],World Superbikes,
751,Rider,Remy Gardner,40.09218427830634,1.104460039623001,23/02/2024 13:00:00,0,Yamaha YZF-R1 [2024],World Superbikes,
751,Rider,Remy Gardner,40.098302026863394,1.1035600909275276,22/03/2024 13:00:00,0,Yamaha YZF-R1 [2024],World Superbikes,
751,Rider,Remy Gardner,40.10369067444938,1.1028334734899556,19/04/2024 13:00:00,0,Yamaha YZF-R1 [2024],World Superbikes,
751,Rider,Remy Gardner,40.108095572746734,1.1022729888383487,14/06/2024 13:00:00,0,Yamaha YZF-R1 [2024],World Superbikes,
751,Rider,Remy Gardner,40.11055931216269,1.1018713729412444,12/07/2024 13:00:00,0,Yamaha YZF-R1 [2024],World Superbikes,
751,Rider,Remy Gardner,40.112624968640795,1.1016431344800928,19/07/2024 13:00:00,0,Yamaha YZF-R1 [2024],World Superbikes,
751,Rider,Remy Gardner,40.11333524294882,1.101582982392435,10/08/2024 13:00:00,0,Yamaha YZF-R1 [2024],World Superbikes,
751,Rider,Remy Gardner,40.11473236069358,1.1016947034886186,06/09/2024 13:00:00,0,Yamaha YZF-R1 [2024],World Superbikes,
751,Rider,Remy Gardner,40.11673684661212,1.1019806936636407,20/09/2024 13:00:00,0,Yamaha YZF-R1 [2024],World Superbikes,
751,Rider,Remy Gardner,40.11978496246008,1.1024400062746544,27/09/2024 13:00:00,0,Yamaha YZF-R1 [2024],World Superbikes,
751,Rider,Remy Gardner,40.123602970991456,1.1030688267220048,11/10/2024 13:00:00,0,Yamaha YZF-R1 [2024],World Superbikes,
751,Rider,Remy Gardner,40.12828935802194,1.103869865615596,21/02/2025 13:00:00,0,Yamaha YZF-R1 [2025],World Superbikes,
751,Rider,Remy Gardner,40.13240590933863,1.1048420963505379,28/03/2025 13:00:00,0,Yamaha YZF-R1 [2025],World Superbikes,
751,Rider,Remy Gardner,40.13621918262185,1.105986980140456,11/04/2025 13:00:00,0,Yamaha YZF-R1 [2025],World Superbikes,
751,Rider,Remy Gardner,40.1392512998694,1.1073039067273933,02/05/2025 13:00:00,0,Yamaha YZF-R1 [2025],World Superbikes,
751,Rider,Remy Gardner,40.14125998011716,1.1087935642423794,16/05/2025 13:00:00,0,Yamaha YZF-R1 [2025],World Superbikes,
751,Rider,Remy Gardner,40.142224365569454,1.1104541955100051,13/06/2025 13:00:00,0,Yamaha YZF-R1 [2025],World Superbikes,
751,Rider,Remy Gardner,40.14194902915641,1.112287123030708,11/07/2025 13:00:00,0,Yamaha YZF-R1 [2025],World Superbikes,
751,Rider,Remy Gardner,40.14229427752419,1.1142943767685451,25/07/2025 13:00:00,0,Yamaha YZF-R1 [2025],World Superbikes,
751,Rider,Remy Gardner,40.14242175501782,1.116475838090522,05/09/2025 13:00:00,0,Yamaha YZF-R1 [2025],World Superbikes,
751,Rider,Remy Gardner,40.14217794693458,1.1188310691131254,26/09/2025 13:00:00,0,Yamaha YZF-R1 [2025],World Superbikes,
751,Rider,Remy Gardner,40.141633223295784,1.1213595564676933,10/10/2025 13:00:00,0,Yamaha YZF-R1 [2025],World Superbikes,
751,Rider,Remy Gardner,40.140389352739405,1.1240592321714185,17/10/2025 13:00:00,0,Yamaha YZF-R1 [2025],World Superbikes,
751,Rider,Remy Gardner,40.13792563203302,1.1269298301009278,20/02/2026 13:00:00,0,Yamaha YZF-R1 [2026],World Superbikes,
752,Rider,Danilo Petrucci,38.38885738235368,1.1494894576122805,24/02/2023 13:00:00,0,Ducati Panigale V4 R [2023],World Superbikes,
752,Rider,Danilo Petrucci,38.39099696464193,1.1467698152870756,03/03/2023 13:00:00,0,Ducati Panigale V4 R [2023],World Superbikes,
752,Rider,Danilo Petrucci,38.39365994343644,1.1442301099909105,21/04/2023 13:00:00,0,Ducati Panigale V4 R [2023],World Superbikes,
752,Rider,Danilo Petrucci,38.39691931699721,1.141871838153381,05/05/2023 13:00:00,0,Ducati Panigale V4 R [2023],World Superbikes,
752,Rider,Danilo Petrucci,38.401216804161976,1.1396938607004194,02/06/2023 13:00:00,0,Ducati Panigale V4 R [2023],World Superbikes,
752,Rider,Danilo Petrucci,38.40495770504013,1.137688976697281,30/06/2023 13:00:00,0,Ducati Panigale V4 R [2023],World Superbikes,
752,Rider,Danilo Petrucci,38.40775120755496,1.135850110410379,14/07/2023 13:00:00,0,Ducati Panigale V4 R [2023],World Superbikes,
752,Rider,Danilo Petrucci,38.41137539908463,1.134192188080936,28/07/2023 13:00:00,0,Ducati Panigale V4 R [2023],World Superbikes,
752,Rider,Danilo Petrucci,38.41394146276768,1.1326885597045504,08/09/2023 13:00:00,0,Ducati Panigale V4 R [2023],World Superbikes,
752,Rider,Danilo Petrucci,38.41714177244079,1.131364452712964,22/09/2023 13:00:00,0,Ducati Panigale V4 R [2023],World Superbikes,
752,Rider,Danilo Petrucci,38.42544495287753,1.130195046142011,29/09/2023 13:00:00,0,Ducati Panigale V4 R [2023],World Superbikes,
752,Rider,Danilo Petrucci,38.434243928639575,1.1292035193900645,27/10/2023 13:00:00,0,Ducati Panigale V4 R [2023],World Superbikes,
752,Rider,Danilo Petrucci,38.44429873729342,1.1283897774300242,23/02/2024 13:00:00,0,Ducati Panigale V4 R [2024],World Superbikes,
752,Rider,Danilo Petrucci,38.45472819272637,1.127753380929964,22/03/2024 13:00:00,0,Ducati Panigale V4 R [2024],World Superbikes,
752,Rider,Danilo Petrucci,38.46507027881913,1.1272955140670748,14/06/2024 13:00:00,0,Ducati Panigale V4 R [2024],World Superbikes,
752,Rider,Danilo Petrucci,38.47578514645211,1.1270176503268337,12/07/2024 13:00:00,0,Ducati Panigale V4 R [2024],World Superbikes,
752,Rider,Danilo Petrucci,38.487084106804225,1.1269172491358201,19/07/2024 13:00:00,0,Ducati Panigale V4 R [2024],World Superbikes,
752,Rider,Danilo Petrucci,38.49752377577215,1.1269917794315165,10/08/2024 13:00:00,0,Ducati Panigale V4 R [2024],World Superbikes,
752,Rider,Danilo Petrucci,38.506389671008314,1.1272300050248443,06/09/2024 13:00:00,0,Ducati Panigale V4 R [2024],World Superbikes,
752,Rider,Danilo Petrucci,38.51578747636506,1.1276466104991463,20/09/2024 13:00:00,0,Ducati Panigale V4 R [2024],World Superbikes,
752,Rider,Danilo Petrucci,38.523860344701475,1.1282258177714972,27/09/2024 13:00:00,0,Ducati Panigale V4 R [2024],World Superbikes,
752,Rider,Danilo Petrucci,38.53057735880513,1.128975729131768,11/10/2024 13:00:00,0,Ducati Panigale V4 R [2024],World Superbikes,
752,Rider,Danilo Petrucci,38.53538160812171,1.1298833906044337,18/10/2024 13:00:00,0,Ducati Panigale V4 R [2024],World Superbikes,
752,Rider,Danilo Petrucci,38.53902862674536,1.1309601017268778,21/02/2025 13:00:00,0,Ducati Panigale V4 R [2025],World Superbikes,
752,Rider,Danilo Petrucci,38.5418580005296,1.1322072563580758,28/03/2025 13:00:00,0,Ducati Panigale V4 R [2025],World Superbikes,
752,Rider,Danilo Petrucci,38.543373042569684,1.133612188629871,11/04/2025 13:00:00,0,Ducati Panigale V4 R [2025],World Superbikes,
752,Rider,Danilo Petrucci,38.54464532646296,1.1351928733203571,02/05/2025 13:00:00,0,Ducati Panigale V4 R [2025],World Superbikes,
752,Rider,Danilo Petrucci,38.54665226239522,1.1369532702707144,16/05/2025 13:00:00,0,Ducati Panigale V4 R [2025],World Superbikes,
752,Rider,Danilo Petrucci,38.54729348039526,1.1388719134368839,13/06/2025 13:00:00,0,Ducati Panigale V4 R [2025],World Superbikes,
752,Rider,Danilo Petrucci,38.54797510688548,1.1409706575011438,11/07/2025 13:00:00,0,Ducati Panigale V4 R [2025],World Superbikes,
752,Rider,Danilo Petrucci,38.54878252298485,1.1432497605049143,25/07/2025 13:00:00,0,Ducati Panigale V4 R [2025],World Superbikes,
752,Rider,Danilo Petrucci,38.548772945535156,1.1457023406162552,05/09/2025 13:00:00,0,Ducati Panigale V4 R [2025],World Superbikes,
752,Rider,Danilo Petrucci,38.54854686096992,1.1483315409219563,26/09/2025 13:00:00,0,Ducati Panigale V4 R [2025],World Superbikes,
752,Rider,Danilo Petrucci,38.54741301011997,1.1511332774038407,20/02/2026 13:00:00,0,BMW M 1000 RR [2026],World Superbikes,
753,Bike,Honda CBR1000RR-R [2023],21.95873098172364,1.8561507797482917,24/02/2023 13:00:00,0,,World Superbikes,
753,Bike,Honda CBR1000RR-R [2023],21.958671635543617,1.8547323530023492,03/03/2023 13:00:00,0,,World Superbikes,
753,Bike,Honda CBR1000RR-R [2023],21.959068040573907,1.853580755178709,21/04/2023 13:00:00,0,,World Superbikes,
753,Bike,Honda CBR1000RR-R [2023],21.959416086760722,1.8527159465448353,05/05/2023 13:00:00,0,,World Superbikes,
753,Bike,Honda CBR1000RR-R [2023],21.958908485823976,1.852155290239208,02/06/2023 13:00:00,0,,World Superbikes,
753,Bike,Honda CBR1000RR-R [2023],21.958443097436522,1.8518534563878188,30/06/2023 13:00:00,0,,World Superbikes,
753,Bike,Honda CBR1000RR-R [2023],21.95839275297739,1.851836504482549,14/07/2023 13:00:00,0,,World Superbikes,
753,Bike,Honda CBR1000RR-R [2023],21.958770729905915,1.8521083234343483,28/07/2023 13:00:00,0,,World Superbikes,
753,Bike,Honda CBR1000RR-R [2023],21.958639135309205,1.8526611156992279,08/09/2023 13:00:00,0,,World Superbikes,
753,Bike,Honda CBR1000RR-R [2023],21.95875401278153,1.8534852720492376,22/09/2023 13:00:00,0,,World Superbikes,
753,Bike,Honda CBR1000RR-R [2023],21.95854751255522,1.8546131921705098,29/09/2023 13:00:00,0,,World Superbikes,
753,Bike,Honda CBR1000RR-R [2023],21.958194852172447,1.8560348101679278,27/10/2023 13:00:00,0,,World Superbikes,
754,Bike,BMW M 1000 RR [2023],24.474408669372785,1.7689538159319047,24/02/2023 13:00:00,0,,World Superbikes,
754,Bike,BMW M 1000 RR [2023],24.474878403698458,1.7674742843461593,03/03/2023 13:00:00,0,,World Superbikes,
754,Bike,BMW M 1000 RR [2023],24.474959107498012,1.7663018555631365,21/04/2023 13:00:00,0,,World Superbikes,
754,Bike,BMW M 1000 RR [2023],24.475028723617545,1.7654237229441678,05/05/2023 13:00:00,0,,World Superbikes,
754,Bike,BMW M 1000 RR [2023],24.47527656128855,1.764817619077893,02/06/2023 13:00:00,0,,World Superbikes,
754,Bike,BMW M 1000 RR [2023],24.476361882922316,1.7645057061474703,30/06/2023 13:00:00,0,,World Superbikes,
754,Bike,BMW M 1000 RR [2023],24.47756769609422,1.764501586052519,14/07/2023 13:00:00,0,,World Superbikes,
754,Bike,BMW M 1000 RR [2023],24.47837653000884,1.7647971695321327,28/07/2023 13:00:00,0,,World Superbikes,
754,Bike,BMW M 1000 RR [2023],24.47953981073792,1.7653948870405276,08/09/2023 13:00:00,0,,World Superbikes,
754,Bike,BMW M 1000 RR [2023],24.47943014563304,1.766290258090965,22/09/2023 13:00:00,0,,World Superbikes,
754,Bike,BMW M 1000 RR [2023],24.479529716748495,1.7674866043045347,29/09/2023 13:00:00,0,,World Superbikes,
754,Bike,BMW M 1000 RR [2023],24.47967387378277,1.768975133734441,27/10/2023 13:00:00,0,,World Superbikes,
755,Rider,Lorenzo Baldassarri,26.660931101117992,1.8071080649400262,24/02/2023 13:00:00,0,Yamaha YZF-R1 [2023],World Superbikes,
755,Rider,Lorenzo Baldassarri,26.66014133399573,1.805660658215398,03/03/2023 13:00:00,0,Yamaha YZF-R1 [2023],World Superbikes,
755,Rider,Lorenzo Baldassarri,26.659729253597995,1.8044640612912188,21/04/2023 13:00:00,0,Yamaha YZF-R1 [2023],World Superbikes,
755,Rider,Lorenzo Baldassarri,26.659262214390225,1.8035512375101863,05/05/2023 13:00:00,0,Yamaha YZF-R1 [2023],World Superbikes,
755,Rider,Lorenzo Baldassarri,26.658611575671664,1.8029236827876713,02/06/2023 13:00:00,0,Yamaha YZF-R1 [2023],World Superbikes,
755,Rider,Lorenzo Baldassarri,26.657460852696193,1.8025861707514304,30/06/2023 13:00:00,0,Yamaha YZF-R1 [2023],World Superbikes,
755,Rider,Lorenzo Baldassarri,26.657914072638583,1.802502850240916,14/07/2023 13:00:00,0,Yamaha YZF-R1 [2023],World Superbikes,
755,Rider,Lorenzo Baldassarri,26.658578809376138,1.802692663534618,28/07/2023 13:00:00,0,Yamaha YZF-R1 [2023],World Superbikes,
755,Rider,Lorenzo Baldassarri,26.65885558058349,1.8031660719435934,08/09/2023 13:00:00,0,Yamaha YZF-R1 [2023],World Superbikes,
755,Rider,Lorenzo Baldassarri,26.65968346592811,1.803904574726153,22/09/2023 13:00:00,0,Yamaha YZF-R1 [2023],World Superbikes,
755,Rider,Lorenzo Baldassarri,26.659955862591428,1.8049347881994422,29/09/2023 13:00:00,0,Yamaha YZF-R1 [2023],World Superbikes,
755,Rider,Lorenzo Baldassarri,26.66053091158348,1.8062394507292565,27/10/2023 13:00:00,0,Yamaha YZF-R1 [2023],World Superbikes,
755,Rider,Lorenzo Baldassarri,26.661614416768533,1.8078164888716477,20/02/2026 13:00:00,0,Ducati Panigale V4 R [2026],World Superbikes,
756,Rider,Ivo Lopes,19.892910845062808,2.534387770881355,05/05/2023 13:00:00,0,BMW M 1000 RR [2023],World Superbikes,
756,Rider,Ivo Lopes,19.891416720723555,2.533670172308315,10/08/2024 13:00:00,0,Honda CBR1000RR-R [2024],World Superbikes,
756,Rider,Ivo Lopes,19.889499966450703,2.5333018236072884,06/09/2024 13:00:00,0,Honda CBR1000RR-R [2024],World Superbikes,
756,Rider,Ivo Lopes,19.88794449879761,2.5330759943014143,20/09/2024 13:00:00,0,Honda CBR1000RR-R [2024],World Superbikes,
756,Rider,Ivo Lopes,19.88733534423821,2.5330795070263084,11/10/2024 13:00:00,0,Honda CBR1000RR-R [2024],World Superbikes,
756,Rider,Ivo Lopes,19.885677040856002,2.533447249566868,18/10/2024 13:00:00,0,Honda CBR1000RR-R [2024],World Superbikes,
756,Rider,Ivo Lopes,19.88445148120391,2.534138857503451,11/07/2025 13:00:00,0,Honda CBR1000RR-R [2025],World Superbikes,
756,Rider,Ivo Lopes,19.883981250180884,2.5350375642254948,10/10/2025 13:00:00,0,Honda CBR1000RR-R [2025],World Superbikes,
757,Rider,Luca Vitali,21.514667378603928,4.629562845170786,02/06/2023 13:00:00,0,Kawasaki ZX-10RR [2023],World Superbikes,
758,Rider,Ryo Mizuno,19.335903440216804,4.8900189951458115,02/06/2023 13:00:00,0,Honda CBR1000RR-R [2023],World Superbikes,
759,Rider,Hannes Soomer,24.547351887198072,3.770532631275217,28/07/2023 13:00:00,0,Honda CBR1000RR-R [2023],World Superbikes,
759,Rider,Hannes Soomer,24.547593864696818,3.7705449279547896,08/09/2023 13:00:00,0,Honda CBR1000RR-R [2023],World Superbikes,
760,Rider,Florian Alt,21.393942001232816,4.644097042149394,27/10/2023 13:00:00,0,Honda CBR1000RR-R [2023],World Superbikes,
761,Rider,Nicolò Bulega,50.250915279980454,1.4924673865914624,23/02/2024 13:00:00,0,Ducati Panigale V4 R [2024],World Superbikes,
761,Rider,Nicolò Bulega,50.2525699655009,1.4904308003107594,22/03/2024 13:00:00,0,Ducati Panigale V4 R [2024],World Superbikes,
761,Rider,Nicolò Bulega,50.25413718573591,1.4885959991111268,19/04/2024 13:00:00,0,Ducati Panigale V4 R [2024],World Superbikes,
761,Rider,Nicolò Bulega,50.255500423036786,1.4869611783536811,14/06/2024 13:00:00,0,Ducati Panigale V4 R [2024],World Superbikes,
761,Rider,Nicolò Bulega,50.25679101504467,1.4855261229599441,12/07/2024 13:00:00,0,Ducati Panigale V4 R [2024],World Superbikes,
761,Rider,Nicolò Bulega,50.25805307687313,1.484291794590442,19/07/2024 13:00:00,0,Ducati Panigale V4 R [2024],World Superbikes,
761,Rider,Nicolò Bulega,50.26001628522621,1.4832869811660505,10/08/2024 13:00:00,0,Ducati Panigale V4 R [2024],World Superbikes,
761,Rider,Nicolò Bulega,50.262825084306975,1.4825096523492771,06/09/2024 13:00:00,0,Ducati Panigale V4 R [2024],World Superbikes,
761,Rider,Nicolò Bulega,50.2659301260836,1.4819255306712378,20/09/2024 13:00:00,0,Ducati Panigale V4 R [2024],World Superbikes,
761,Rider,Nicolò Bulega,50.268298908282105,1.4814674665577572,27/09/2024 13:00:00,0,Ducati Panigale V4 R [2024],World Superbikes,
761,Rider,Nicolò Bulega,50.269777601756864,1.4811494024279868,11/10/2024 13:00:00,0,Ducati Panigale V4 R [2024],World Superbikes,
761,Rider,Nicolò Bulega,50.272372506564096,1.4810646747263319,18/10/2024 13:00:00,0,Ducati Panigale V4 R [2024],World Superbikes,
761,Rider,Nicolò Bulega,50.274029041317675,1.4811166185608788,21/02/2025 13:00:00,0,Ducati Panigale V4 R [2025],World Superbikes,
761,Rider,Nicolò Bulega,50.27474573045584,1.4813029805370268,28/03/2025 13:00:00,0,Ducati Panigale V4 R [2025],World Superbikes,
761,Rider,Nicolò Bulega,50.275568999606975,1.4816761981831548,11/04/2025 13:00:00,0,Ducati Panigale V4 R [2025],World Superbikes,
761,Rider,Nicolò Bulega,50.27647581889543,1.4822467258554621,02/05/2025 13:00:00,0,Ducati Panigale V4 R [2025],World Superbikes,
761,Rider,Nicolò Bulega,50.276501218747754,1.482951903319539,16/05/2025 13:00:00,0,Ducati Panigale V4 R [2025],World Superbikes,
761,Rider,Nicolò Bulega,50.276585059393035,1.4838440674541926,13/06/2025 13:00:00,0,Ducati Panigale V4 R [2025],World Superbikes,
761,Rider,Nicolò Bulega,50.275798192895664,1.4848666284920062,11/07/2025 13:00:00,0,Ducati Panigale V4 R [2025],World Superbikes,
761,Rider,Nicolò Bulega,50.274928939108335,1.4860810587020514,25/07/2025 13:00:00,0,Ducati Panigale V4 R [2025],World Superbikes,
761,Rider,Nicolò Bulega,50.275039088371415,1.4875228600764308,05/09/2025 13:00:00,0,Ducati Panigale V4 R [2025],World Superbikes,
761,Rider,Nicolò Bulega,50.275094390942975,1.489155694012917,26/09/2025 13:00:00,0,Ducati Panigale V4 R [2025],World Superbikes,
761,Rider,Nicolò Bulega,50.27415748045829,1.4909272087109418,10/10/2025 13:00:00,0,Ducati Panigale V4 R [2025],World Superbikes,
761,Rider,Nicolò Bulega,50.27325096424236,1.4928855774922432,17/10/2025 13:00:00,0,Ducati Panigale V4 R [2025],World Superbikes,
761,Rider,Nicolò Bulega,50.27137739401574,1.4949805911539642,20/02/2026 13:00:00,0,Ducati Panigale V4 R [2026],World Superbikes,
762,Bike,Ducati Panigale V4 R [2024],26.906942300954714,1.8073523424209736,23/02/2024 13:00:00,0,,World Superbikes,
762,Bike,Ducati Panigale V4 R [2024],26.906663139824342,1.8058944608815442,22/03/2024 13:00:00,0,,World Superbikes,
762,Bike,Ducati Panigale V4 R [2024],26.90616240029929,1.8047334230720284,19/04/2024 13:00:00,0,,World Superbikes,
762,Bike,Ducati Panigale V4 R [2024],26.905055481249157,1.8038496946666562,14/06/2024 13:00:00,0,,World Superbikes,
762,Bike,Ducati Panigale V4 R [2024],26.90401472119669,1.8032614447813164,12/07/2024 13:00:00,0,,World Superbikes,
762,Bike,Ducati Panigale V4 R [2024],26.90343441919958,1.8029702303810113,19/07/2024 13:00:00,0,,World Superbikes,
762,Bike,Ducati Panigale V4 R [2024],26.90245570101573,1.8029810967246997,10/08/2024 13:00:00,0,,World Superbikes,
762,Bike,Ducati Panigale V4 R [2024],26.90169433039188,1.8032871790000082,06/09/2024 13:00:00,0,,World Superbikes,
762,Bike,Ducati Panigale V4 R [2024],26.9022602905067,1.8038907670909012,20/09/2024 13:00:00,0,,World Superbikes,
762,Bike,Ducati Panigale V4 R [2024],26.902597965901496,1.8047660512512416,27/09/2024 13:00:00,0,,World Superbikes,
762,Bike,Ducati Panigale V4 R [2024],26.902226324195112,1.8059142412349647,11/10/2024 13:00:00,0,,World Superbikes,
762,Bike,Ducati Panigale V4 R [2024],26.90195818155256,1.8073665048073588,18/10/2024 13:00:00,0,,World Superbikes,
763,Rider,Andrea Iannone,39.38024624127293,1.3629809748131136,23/02/2024 13:00:00,0,Ducati Panigale V4 R [2024],World Superbikes,
763,Rider,Andrea Iannone,39.379816697788364,1.3607624374175866,22/03/2024 13:00:00,0,Ducati Panigale V4 R [2024],World Superbikes,
763,Rider,Andrea Iannone,39.37789326661038,1.3587465864331687,19/04/2024 13:00:00,0,Ducati Panigale V4 R [2024],World Superbikes,
763,Rider,Andrea Iannone,39.37618171807663,1.3569468678786003,14/06/2024 13:00:00,0,Ducati Panigale V4 R [2024],World Superbikes,
763,Rider,Andrea Iannone,39.374096316945526,1.3553649308321967,12/07/2024 13:00:00,0,Ducati Panigale V4 R [2024],World Superbikes,
763,Rider,Andrea Iannone,39.37414650439123,1.3539914032987892,19/07/2024 13:00:00,0,Ducati Panigale V4 R [2024],World Superbikes,
763,Rider,Andrea Iannone,39.3722885243992,1.352812498840034,10/08/2024 13:00:00,0,Ducati Panigale V4 R [2024],World Superbikes,
763,Rider,Andrea Iannone,39.371787716476454,1.351849682403432,06/09/2024 13:00:00,0,Ducati Panigale V4 R [2024],World Superbikes,
763,Rider,Andrea Iannone,39.37266247228059,1.3511065392192827,20/09/2024 13:00:00,0,Ducati Panigale V4 R [2024],World Superbikes,
763,Rider,Andrea Iannone,39.371900229352924,1.3505472661281528,27/09/2024 13:00:00,0,Ducati Panigale V4 R [2024],World Superbikes,
763,Rider,Andrea Iannone,39.36923114495972,1.3501783538067729,11/10/2024 13:00:00,0,Ducati Panigale V4 R [2024],World Superbikes,
763,Rider,Andrea Iannone,39.36714709954821,1.3500286800793435,18/10/2024 13:00:00,0,Ducati Panigale V4 R [2024],World Superbikes,
763,Rider,Andrea Iannone,39.36545081138576,1.3500998322026196,21/02/2025 13:00:00,0,Ducati Panigale V4 R [2025],World Superbikes,
763,Rider,Andrea Iannone,39.36239295181281,1.3503660072802524,28/03/2025 13:00:00,0,Ducati Panigale V4 R [2025],World Superbikes,
763,Rider,Andrea Iannone,39.36057013581903,1.3508478339360952,11/04/2025 13:00:00,0,Ducati Panigale V4 R [2025],World Superbikes,
763,Rider,Andrea Iannone,39.35925878343072,1.3515459969497257,02/05/2025 13:00:00,0,Ducati Panigale V4 R [2025],World Superbikes,
763,Rider,Andrea Iannone,39.357549764753834,1.3524582828387066,13/06/2025 13:00:00,0,Ducati Panigale V4 R [2025],World Superbikes,
763,Rider,Andrea Iannone,39.35565228139443,1.3535874093276299,11/07/2025 13:00:00,0,Ducati Panigale V4 R [2025],World Superbikes,
763,Rider,Andrea Iannone,39.35485175205589,1.3549360219054516,25/07/2025 13:00:00,0,Ducati Panigale V4 R [2025],World Superbikes,
763,Rider,Andrea Iannone,39.35408817824324,1.356500641987497,05/09/2025 13:00:00,0,Ducati Panigale V4 R [2025],World Superbikes,
763,Rider,Andrea Iannone,39.35271189267462,1.3582729260999369,26/09/2025 13:00:00,0,Ducati Panigale V4 R [2025],World Superbikes,
763,Rider,Andrea Iannone,39.351091671418274,1.3602582354668369,10/10/2025 13:00:00,0,Ducati Panigale V4 R [2025],World Superbikes,
763,Rider,Andrea Iannone,39.350316690112585,1.3624592481852638,17/10/2025 13:00:00,0,Ducati Panigale V4 R [2025],World Superbikes,
764,Bike,Kawasaki ZX-10RR [2024],28.301403047240324,1.7879775787635241,23/02/2024 13:00:00,0,,World Superbikes,
764,Bike,Kawasaki ZX-10RR [2024],28.301894438069507,1.786503804918337,22/03/2024 13:00:00,0,,World Superbikes,
764,Bike,Kawasaki ZX-10RR [2024],28.302387045745906,1.7853384310713114,19/04/2024 13:00:00,0,,World Superbikes,
764,Bike,Kawasaki ZX-10RR [2024],28.303907612207798,1.7844445903765456,14/06/2024 13:00:00,0,,World Superbikes,
764,Bike,Kawasaki ZX-10RR [2024],28.30439965456992,1.7838607217744986,12/07/2024 13:00:00,0,,World Superbikes,
764,Bike,Kawasaki ZX-10RR [2024],28.305453163644327,1.7835781940617539,19/07/2024 13:00:00,0,,World Superbikes,
764,Bike,Kawasaki ZX-10RR [2024],28.30660437287214,1.7835868370178178,10/08/2024 13:00:00,0,,World Superbikes,
764,Bike,Kawasaki ZX-10RR [2024],28.306757324782467,1.7838931156719706,06/09/2024 13:00:00,0,,World Superbikes,
764,Bike,Kawasaki ZX-10RR [2024],28.306362104328983,1.7844510873156245,20/09/2024 13:00:00,0,,World Superbikes,
764,Bike,Kawasaki ZX-10RR [2024],28.305367166995424,1.7853184844213454,27/09/2024 13:00:00,0,,World Superbikes,
764,Bike,Kawasaki ZX-10RR [2024],28.304765703164875,1.7864830091896935,11/10/2024 13:00:00,0,,World Superbikes,
764,Bike,Kawasaki ZX-10RR [2024],28.30482143287882,1.7879451957185686,18/10/2024 13:00:00,0,,World Superbikes,
765,Bike,Yamaha YZF-R1 [2024],23.55992437968385,1.8014604123042781,23/02/2024 13:00:00,0,,World Superbikes,
765,Bike,Yamaha YZF-R1 [2024],23.559194652549248,1.8000181779863202,22/03/2024 13:00:00,0,,World Superbikes,
765,Bike,Yamaha YZF-R1 [2024],23.558442343472944,1.7988750959457658,19/04/2024 13:00:00,0,,World Superbikes,
765,Bike,Yamaha YZF-R1 [2024],23.557622231507878,1.7980117840250818,14/06/2024 13:00:00,0,,World Superbikes,
765,Bike,Yamaha YZF-R1 [2024],23.556831146424127,1.7974368217011278,12/07/2024 13:00:00,0,,World Superbikes,
765,Bike,Yamaha YZF-R1 [2024],23.555621688921168,1.7971630169469102,19/07/2024 13:00:00,0,,World Superbikes,
765,Bike,Yamaha YZF-R1 [2024],23.554750838665665,1.797184063298346,10/08/2024 13:00:00,0,,World Superbikes,
765,Bike,Yamaha YZF-R1 [2024],23.554050738834558,1.7975057497266824,06/09/2024 13:00:00,0,,World Superbikes,
765,Bike,Yamaha YZF-R1 [2024],23.553157277819253,1.7981372286112292,20/09/2024 13:00:00,0,,World Superbikes,
765,Bike,Yamaha YZF-R1 [2024],23.552175338268615,1.7990591692041373,27/09/2024 13:00:00,0,,World Superbikes,
765,Bike,Yamaha YZF-R1 [2024],23.551668639933755,1.8002560245282266,11/10/2024 13:00:00,0,,World Superbikes,
765,Bike,Yamaha YZF-R1 [2024],23.551306582896267,1.8017340312946621,18/10/2024 13:00:00,0,,World Superbikes,
766,Bike,BMW M 1000 RR [2024],27.573440642843366,1.7861575854547158,23/02/2024 13:00:00,0,,World Superbikes,
766,Bike,BMW M 1000 RR [2024],27.574851389031757,1.7846964866426736,22/03/2024 13:00:00,0,,World Superbikes,
766,Bike,BMW M 1000 RR [2024],27.575609977526327,1.783520501791571,19/04/2024 13:00:00,0,,World Superbikes,
766,Bike,BMW M 1000 RR [2024],27.57721010110549,1.782645349266348,14/06/2024 13:00:00,0,,World Superbikes,
766,Bike,BMW M 1000 RR [2024],27.579203597337184,1.7820548483421306,12/07/2024 13:00:00,0,,World Superbikes,
766,Bike,BMW M 1000 RR [2024],27.58005535243182,1.7817454707818605,19/07/2024 13:00:00,0,,World Superbikes,
766,Bike,BMW M 1000 RR [2024],27.58059710120313,1.7817249730143074,10/08/2024 13:00:00,0,,World Superbikes,
766,Bike,BMW M 1000 RR [2024],27.580723675164634,1.7819874100122644,06/09/2024 13:00:00,0,,World Superbikes,
766,Bike,BMW M 1000 RR [2024],27.579638693079904,1.7825442125346471,20/09/2024 13:00:00,0,,World Superbikes,
766,Bike,BMW M 1000 RR [2024],27.579333701422918,1.783415051487651,27/09/2024 13:00:00,0,,World Superbikes,
766,Bike,BMW M 1000 RR [2024],27.57922108778711,1.7845962984211954,11/10/2024 13:00:00,0,,World Superbikes,
766,Bike,BMW M 1000 RR [2024],27.579293877118516,1.7860593863578307,18/10/2024 13:00:00,0,,World Superbikes,
767,Rider,Sam Lowes,41.3785271618132,1.386080989985447,23/02/2024 13:00:00,0,Ducati Panigale V4 R [2024],World Superbikes,
767,Rider,Sam Lowes,41.380302497265035,1.3839402523655013,22/03/2024 13:00:00,0,Ducati Panigale V4 R [2024],World Superbikes,
767,Rider,Sam Lowes,41.38155367485157,1.3820183666806747,19/04/2024 13:00:00,0,Ducati Panigale V4 R [2024],World Superbikes,
767,Rider,Sam Lowes,41.381937918434716,1.3803028635925196,14/06/2024 13:00:00,0,Ducati Panigale V4 R [2024],World Superbikes,
767,Rider,Sam Lowes,41.38251985421064,1.3788106229445556,12/07/2024 13:00:00,0,Ducati Panigale V4 R [2024],World Superbikes,
767,Rider,Sam Lowes,41.38237845978965,1.3775317108890126,19/07/2024 13:00:00,0,Ducati Panigale V4 R [2024],World Superbikes,
767,Rider,Sam Lowes,41.383031139962156,1.3764767736333383,06/09/2024 13:00:00,0,Ducati Panigale V4 R [2024],World Superbikes,
767,Rider,Sam Lowes,41.38670389347277,1.3756299810449608,20/09/2024 13:00:00,0,Ducati Panigale V4 R [2024],World Superbikes,
767,Rider,Sam Lowes,41.390460224580195,1.3750013019053322,27/09/2024 13:00:00,0,Ducati Panigale V4 R [2024],World Superbikes,
767,Rider,Sam Lowes,41.394296184873404,1.374593680011717,11/10/2024 13:00:00,0,Ducati Panigale V4 R [2024],World Superbikes,
767,Rider,Sam Lowes,41.39816059493242,1.3744063253289078,18/10/2024 13:00:00,0,Ducati Panigale V4 R [2024],World Superbikes,
767,Rider,Sam Lowes,41.40384258358799,1.3744384372940217,21/02/2025 13:00:00,0,Ducati Panigale V4 R [2025],World Superbikes,
767,Rider,Sam Lowes,41.410563043164586,1.374689498458693,28/03/2025 13:00:00,0,Ducati Panigale V4 R [2025],World Superbikes,
767,Rider,Sam Lowes,41.417199671794265,1.3751534005859425,11/04/2025 13:00:00,0,Ducati Panigale V4 R [2025],World Superbikes,
767,Rider,Sam Lowes,41.42177200567874,1.3757760300726307,02/05/2025 13:00:00,0,Ducati Panigale V4 R [2025],World Superbikes,
767,Rider,Sam Lowes,41.42483222972505,1.3765828350752987,16/05/2025 13:00:00,0,Ducati Panigale V4 R [2025],World Superbikes,
767,Rider,Sam Lowes,41.4286444759833,1.3776118730337565,13/06/2025 13:00:00,0,Ducati Panigale V4 R [2025],World Superbikes,
767,Rider,Sam Lowes,41.431933602255825,1.3788534031793291,11/07/2025 13:00:00,0,Ducati Panigale V4 R [2025],World Superbikes,
767,Rider,Sam Lowes,41.434932668638154,1.3803071524878765,25/07/2025 13:00:00,0,Ducati Panigale V4 R [2025],World Superbikes,
767,Rider,Sam Lowes,41.43659348601822,1.3819524274431214,05/09/2025 13:00:00,0,Ducati Panigale V4 R [2025],World Superbikes,
767,Rider,Sam Lowes,41.43723452183181,1.3837939173732263,26/09/2025 13:00:00,0,Ducati Panigale V4 R [2025],World Superbikes,
767,Rider,Sam Lowes,41.437169385807415,1.3858435270506353,17/10/2025 13:00:00,0,Ducati Panigale V4 R [2025],World Superbikes,
767,Rider,Sam Lowes,41.43606825572026,1.3880910441526857,20/02/2026 13:00:00,0,Ducati Panigale V4 R [2026],World Superbikes,
768,Bike,Honda CBR1000RR-R [2024],22.215526092644655,1.9084590078093737,23/02/2024 13:00:00,0,,World Superbikes,
768,Bike,Honda CBR1000RR-R [2024],22.215659675096738,1.9070606822392713,22/03/2024 13:00:00,0,,World Superbikes,
768,Bike,Honda CBR1000RR-R [2024],22.216810743111836,1.9059136363716755,19/04/2024 13:00:00,0,,World Superbikes,
768,Bike,Honda CBR1000RR-R [2024],22.217159770389678,1.9050559982184212,14/06/2024 13:00:00,0,,World Superbikes,
768,Bike,Honda CBR1000RR-R [2024],22.217727499521924,1.9044686293081692,12/07/2024 13:00:00,0,,World Superbikes,
768,Bike,Honda CBR1000RR-R [2024],22.218952741302807,1.9041358272296185,19/07/2024 13:00:00,0,,World Superbikes,
768,Bike,Honda CBR1000RR-R [2024],22.220504427700952,1.904055569146041,10/08/2024 13:00:00,0,,World Superbikes,
768,Bike,Honda CBR1000RR-R [2024],22.222637834920473,1.9042423380165998,06/09/2024 13:00:00,0,,World Superbikes,
768,Bike,Honda CBR1000RR-R [2024],22.224390084115843,1.9046960108000017,20/09/2024 13:00:00,0,,World Superbikes,
768,Bike,Honda CBR1000RR-R [2024],22.226275982710565,1.9054212290442256,27/09/2024 13:00:00,0,,World Superbikes,
768,Bike,Honda CBR1000RR-R [2024],22.22798005554497,1.9064520128239686,11/10/2024 13:00:00,0,,World Superbikes,
768,Bike,Honda CBR1000RR-R [2024],22.228597459387682,1.9077944484369354,18/10/2024 13:00:00,0,,World Superbikes,
769,Rider,Adam Norrodin,20.16508110844988,3.0108047476136495,23/02/2024 13:00:00,0,Honda CBR1000RR-R [2024],World Superbikes,
769,Rider,Adam Norrodin,20.1651699472933,3.0101640623004835,22/03/2024 13:00:00,0,Honda CBR1000RR-R [2024],World Superbikes,
769,Rider,Adam Norrodin,20.165915886150586,3.0097526201965845,19/04/2024 13:00:00,0,Honda CBR1000RR-R [2024],World Superbikes,
769,Rider,Adam Norrodin,20.16594053325822,3.0097323222434005,14/06/2024 13:00:00,0,Honda CBR1000RR-R [2024],World Superbikes,
769,Rider,Adam Norrodin,20.166546844555956,3.0099303849435004,12/07/2024 13:00:00,0,Honda CBR1000RR-R [2024],World Superbikes,
769,Rider,Adam Norrodin,20.167785733410817,3.0103519675742043,10/08/2024 13:00:00,0,Honda CBR1000RR-R [2024],World Superbikes,
770,Rider,Nicholas Spinelli,25.94272164232159,3.6985347367951595,19/04/2024 13:00:00,0,Ducati Panigale V4 R [2024],World Superbikes,
770,Rider,Nicholas Spinelli,25.941063589456967,3.698572866968356,17/10/2025 13:00:00,0,Ducati Panigale V4 R [2025],World Superbikes,
771,Rider,Hayden Gillim,21.089045544444012,4.993000895906262,19/07/2024 13:00:00,0,Honda CBR1000RR-R [2024],World Superbikes,
772,Rider,Kyle Ryde,22.056833063983603,4.508952390958833,18/10/2024 13:00:00,0,Yamaha YZF-R1 [2024],World Superbikes,
773,Bike,Ducati Panigale V4 R [2025],27.786533868006217,1.8312872570075287,21/02/2025 13:00:00,0,,World Superbikes,
773,Bike,Ducati Panigale V4 R [2025],27.786359929127677,1.8298576834115656,28/03/2025 13:00:00,0,,World Superbikes,
773,Bike,Ducati Panigale V4 R [2025],27.786533934748903,1.828721254263833,11/04/2025 13:00:00,0,,World Superbikes,
773,Bike,Ducati Panigale V4 R [2025],27.78681231211128,1.8278686890058968,02/05/2025 13:00:00,0,,World Superbikes,
773,Bike,Ducati Panigale V4 R [2025],27.787009314877032,1.8272910449442488,16/05/2025 13:00:00,0,,World Superbikes,
773,Bike,Ducati Panigale V4 R [2025],27.787364692914217,1.8270045887568065,13/06/2025 13:00:00,0,,World Superbikes,
773,Bike,Ducati Panigale V4 R [2025],27.78776179198045,1.8270057454083413,11/07/2025 13:00:00,0,,World Superbikes,
773,Bike,Ducati Panigale V4 R [2025],27.78811884451248,1.8273082153563376,25/07/2025 13:00:00,0,,World Superbikes,
773,Bike,Ducati Panigale V4 R [2025],27.788537873258953,1.8279057447679325,05/09/2025 13:00:00,0,,World Superbikes,
773,Bike,Ducati Panigale V4 R [2025],27.78868381088087,1.8287933777324346,26/09/2025 13:00:00,0,,World Superbikes,
773,Bike,Ducati Panigale V4 R [2025],27.788575858809477,1.8299628607125882,10/10/2025 13:00:00,0,,World Superbikes,
773,Bike,Ducati Panigale V4 R [2025],27.78841618038291,1.8314175399200243,17/10/2025 13:00:00,0,,World Superbikes,
774,Bike,BMW M 1000 RR [2025],29.729068142549217,1.8628867815577594,21/02/2025 13:00:00,0,,World Superbikes,
774,Bike,BMW M 1000 RR [2025],29.729039473145942,1.8614998735567505,28/03/2025 13:00:00,0,,World Superbikes,
774,Bike,BMW M 1000 RR [2025],29.7282025318883,1.8603744761154268,11/04/2025 13:00:00,0,,World Superbikes,
774,Bike,BMW M 1000 RR [2025],29.727864333653713,1.859555117881544,02/05/2025 13:00:00,0,,World Superbikes,
774,Bike,BMW M 1000 RR [2025],29.72758814098851,1.8590459384224893,16/05/2025 13:00:00,0,,World Superbikes,
774,Bike,BMW M 1000 RR [2025],29.727292058442472,1.8587972463448441,13/06/2025 13:00:00,0,,World Superbikes,
774,Bike,BMW M 1000 RR [2025],29.72718569951968,1.8588406919950087,11/07/2025 13:00:00,0,,World Superbikes,
774,Bike,BMW M 1000 RR [2025],29.726893065711387,1.8591513785364264,25/07/2025 13:00:00,0,,World Superbikes,
774,Bike,BMW M 1000 RR [2025],29.727167286671985,1.8597226872389458,05/09/2025 13:00:00,0,,World Superbikes,
774,Bike,BMW M 1000 RR [2025],29.726680941717262,1.8605577602332763,26/09/2025 13:00:00,0,,World Superbikes,
774,Bike,BMW M 1000 RR [2025],29.72623967768576,1.861683704850838,10/10/2025 13:00:00,0,,World Superbikes,
774,Bike,BMW M 1000 RR [2025],29.725670406224282,1.8630697009368713,17/10/2025 13:00:00,0,,World Superbikes,
775,Bike,Yamaha YZF-R1 [2025],22.270146342572588,1.8050788902582375,21/02/2025 13:00:00,0,,World Superbikes,
775,Bike,Yamaha YZF-R1 [2025],22.26972036968318,1.8036352239092874,28/03/2025 13:00:00,0,,World Superbikes,
775,Bike,Yamaha YZF-R1 [2025],22.268578219473753,1.8024767611727142,11/04/2025 13:00:00,0,,World Superbikes,
775,Bike,Yamaha YZF-R1 [2025],22.26714245567794,1.8015941734373293,02/05/2025 13:00:00,0,,World Superbikes,
775,Bike,Yamaha YZF-R1 [2025],22.265710102845464,1.8010109415710753,16/05/2025 13:00:00,0,,World Superbikes,
775,Bike,Yamaha YZF-R1 [2025],22.26451477924991,1.8007211631294548,13/06/2025 13:00:00,0,,World Superbikes,
775,Bike,Yamaha YZF-R1 [2025],22.263490058531954,1.8007291230000282,11/07/2025 13:00:00,0,,World Superbikes,
775,Bike,Yamaha YZF-R1 [2025],22.262532849225583,1.8010308533792618,25/07/2025 13:00:00,0,,World Superbikes,
775,Bike,Yamaha YZF-R1 [2025],22.261429097006253,1.8016268194018834,05/09/2025 13:00:00,0,,World Superbikes,
775,Bike,Yamaha YZF-R1 [2025],22.26118248276413,1.8025194406415905,26/09/2025 13:00:00,0,,World Superbikes,
775,Bike,Yamaha YZF-R1 [2025],22.261279648059926,1.8037085594914617,10/10/2025 13:00:00,0,,World Superbikes,
775,Bike,Yamaha YZF-R1 [2025],22.261582152585174,1.8051699568607826,17/10/2025 13:00:00,0,,World Superbikes,
776,Bike,Bimota KB998 Rimini [2025],26.939776057211,1.7719115399974856,21/02/2025 13:00:00,0,,World Superbikes,
776,Bike,Bimota KB998 Rimini [2025],26.9405216876959,1.7704362865750705,28/03/2025 13:00:00,0,,World Superbikes,
776,Bike,Bimota KB998 Rimini [2025],26.94382094202173,1.7692442137758502,11/04/2025 13:00:00,0,,World Superbikes,
776,Bike,Bimota KB998 Rimini [2025],26.94627252552931,1.7683527678865578,02/05/2025 13:00:00,0,,World Superbikes,
776,Bike,Bimota KB998 Rimini [2025],26.949384086542075,1.7677719718221172,16/05/2025 13:00:00,0,,World Superbikes,
776,Bike,Bimota KB998 Rimini [2025],26.95201452783901,1.7674911142675098,13/06/2025 13:00:00,0,,World Superbikes,
776,Bike,Bimota KB998 Rimini [2025],26.953102067580122,1.7675046290620087,11/07/2025 13:00:00,0,,World Superbikes,
776,Bike,Bimota KB998 Rimini [2025],26.953956350698867,1.7678054134342613,25/07/2025 13:00:00,0,,World Superbikes,
776,Bike,Bimota KB998 Rimini [2025],26.956237264600723,1.7684078352196875,05/09/2025 13:00:00,0,,World Superbikes,
776,Bike,Bimota KB998 Rimini [2025],26.95781593676655,1.769307075610523,26/09/2025 13:00:00,0,,World Superbikes,
776,Bike,Bimota KB998 Rimini [2025],26.958488715866213,1.7704972465471596,10/10/2025 13:00:00,0,,World Superbikes,
776,Bike,Bimota KB998 Rimini [2025],26.95854458569754,1.771981384380516,17/10/2025 13:00:00,0,,World Superbikes,
777,Bike,Honda CBR1000RR-R [2025],22.334337541919275,1.917919081324495,21/02/2025 13:00:00,0,,World Superbikes,
777,Bike,Honda CBR1000RR-R [2025],22.334792477036256,1.916582263900547,28/03/2025 13:00:00,0,,World Superbikes,
777,Bike,Honda CBR1000RR-R [2025],22.334673506149514,1.9155504811369772,11/04/2025 13:00:00,0,,World Superbikes,
777,Bike,Honda CBR1000RR-R [2025],22.334851157823568,1.9147940206778171,02/05/2025 13:00:00,0,,World Superbikes,
777,Bike,Honda CBR1000RR-R [2025],22.33475349276214,1.9143049386973445,16/05/2025 13:00:00,0,,World Superbikes,
777,Bike,Honda CBR1000RR-R [2025],22.334687356542027,1.9140681297695925,13/06/2025 13:00:00,0,,World Superbikes,
777,Bike,Honda CBR1000RR-R [2025],22.335081892123977,1.9140847845550797,11/07/2025 13:00:00,0,,World Superbikes,
777,Bike,Honda CBR1000RR-R [2025],22.33582823168748,1.9143679574625985,25/07/2025 13:00:00,0,,World Superbikes,
777,Bike,Honda CBR1000RR-R [2025],22.335765659073964,1.9149193357068925,05/09/2025 13:00:00,0,,World Superbikes,
777,Bike,Honda CBR1000RR-R [2025],22.33513841203424,1.9157412637687943,26/09/2025 13:00:00,0,,World Superbikes,
777,Bike,Honda CBR1000RR-R [2025],22.334863240306973,1.9168128353305498,10/10/2025 13:00:00,0,,World Superbikes,
777,Bike,Honda CBR1000RR-R [2025],22.334737772340354,1.9181528876233704,17/10/2025 13:00:00,0,,World Superbikes,
778,Rider,Yari Montella,33.634432774089625,1.771737066213652,21/02/2025 13:00:00,0,Ducati Panigale V4 R [2025],World Superbikes,
778,Rider,Yari Montella,33.63542937287466,1.7702397433898176,28/03/2025 13:00:00,0,Ducati Panigale V4 R [2025],World Superbikes,
778,Rider,Yari Montella,33.63643229537861,1.7690302432677918,11/04/2025 13:00:00,0,Ducati Panigale V4 R [2025],World Superbikes,
778,Rider,Yari Montella,33.63733465044241,1.7681081034173107,02/05/2025 13:00:00,0,Ducati Panigale V4 R [2025],World Superbikes,
778,Rider,Yari Montella,33.638442582661405,1.7674745623980757,16/05/2025 13:00:00,0,Ducati Panigale V4 R [2025],World Superbikes,
778,Rider,Yari Montella,33.638543798686136,1.7671277524595217,13/06/2025 13:00:00,0,Ducati Panigale V4 R [2025],World Superbikes,
778,Rider,Yari Montella,33.63797661730544,1.7670715626526246,11/07/2025 13:00:00,0,Ducati Panigale V4 R [2025],World Superbikes,
778,Rider,Yari Montella,33.63647999926052,1.7673040335938301,25/07/2025 13:00:00,0,Ducati Panigale V4 R [2025],World Superbikes,
778,Rider,Yari Montella,33.63595843803303,1.7678211264729875,05/09/2025 13:00:00,0,Ducati Panigale V4 R [2025],World Superbikes,
778,Rider,Yari Montella,33.634093022026576,1.7686183392942143,26/09/2025 13:00:00,0,Ducati Panigale V4 R [2025],World Superbikes,
778,Rider,Yari Montella,33.63337963470343,1.769694253121785,10/10/2025 13:00:00,0,Ducati Panigale V4 R [2025],World Superbikes,
778,Rider,Yari Montella,33.63390934886019,1.7710481254003945,17/10/2025 13:00:00,0,Ducati Panigale V4 R [2025],World Superbikes,
778,Rider,Yari Montella,33.634650445150356,1.7726890916472888,20/02/2026 13:00:00,0,Ducati Panigale V4 R [2026],World Superbikes,
779,Bike,Kawasaki ZX-10RR [2025],21.87311236639193,1.7595799600939086,21/02/2025 13:00:00,0,,World Superbikes,
779,Bike,Kawasaki ZX-10RR [2025],21.873477693232537,1.758078495779772,28/03/2025 13:00:00,0,,World Superbikes,
779,Bike,Kawasaki ZX-10RR [2025],21.874161448037015,1.756874389110236,11/04/2025 13:00:00,0,,World Superbikes,
779,Bike,Kawasaki ZX-10RR [2025],21.875283275778095,1.75596683988783,02/05/2025 13:00:00,0,,World Superbikes,
779,Bike,Kawasaki ZX-10RR [2025],21.87677430990224,1.7553514570742224,16/05/2025 13:00:00,0,,World Superbikes,
779,Bike,Kawasaki ZX-10RR [2025],21.876610445533018,1.7550434118358667,13/06/2025 13:00:00,0,,World Superbikes,
779,Bike,Kawasaki ZX-10RR [2025],21.87595286432286,1.7550427137475917,11/07/2025 13:00:00,0,,World Superbikes,
779,Bike,Kawasaki ZX-10RR [2025],21.87429063002488,1.7553527676209124,25/07/2025 13:00:00,0,,World Superbikes,
779,Bike,Kawasaki ZX-10RR [2025],21.87226052109345,1.755967409861278,05/09/2025 13:00:00,0,,World Superbikes,
779,Bike,Kawasaki ZX-10RR [2025],21.872456626302668,1.7568590569364555,26/09/2025 13:00:00,0,,World Superbikes,
779,Bike,Kawasaki ZX-10RR [2025],21.872934494867156,1.7580493154928611,10/10/2025 13:00:00,0,,World Superbikes,
779,Bike,Kawasaki ZX-10RR [2025],21.87323200077972,1.759541789546689,17/10/2025 13:00:00,0,,World Superbikes,
780,Rider,Bahattin Sofuoglu,29.786412252761913,1.8081999153301596,21/02/2025 13:00:00,0,Yamaha YZF-R1 [2025],World Superbikes,
780,Rider,Bahattin Sofuoglu,29.786788359271316,1.8067423354716576,28/03/2025 13:00:00,0,Yamaha YZF-R1 [2025],World Superbikes,
780,Rider,Bahattin Sofuoglu,29.786703853105777,1.8055682441791352,11/04/2025 13:00:00,0,Yamaha YZF-R1 [2025],World Superbikes,
780,Rider,Bahattin Sofuoglu,29.786672180260553,1.8046661002719604,02/05/2025 13:00:00,0,Yamaha YZF-R1 [2025],World Superbikes,
780,Rider,Bahattin Sofuoglu,29.78635341025458,1.8040385064177231,16/05/2025 13:00:00,0,Yamaha YZF-R1 [2025],World Superbikes,
780,Rider,Bahattin Sofuoglu,29.785091985082474,1.8036988808073608,13/06/2025 13:00:00,0,Yamaha YZF-R1 [2025],World Superbikes,
780,Rider,Bahattin Sofuoglu,29.783861584311943,1.8036258035787833,11/07/2025 13:00:00,0,Yamaha YZF-R1 [2025],World Superbikes,
780,Rider,Bahattin Sofuoglu,29.78341519185168,1.803806944455853,25/07/2025 13:00:00,0,Yamaha YZF-R1 [2025],World Superbikes,
780,Rider,Bahattin Sofuoglu,29.781828504410697,1.8042807810335573,05/09/2025 13:00:00,0,Yamaha YZF-R1 [2025],World Superbikes,
780,Rider,Bahattin Sofuoglu,29.780205811236932,1.8050360357954691,26/09/2025 13:00:00,0,Yamaha YZF-R1 [2025],World Superbikes,
780,Rider,Bahattin Sofuoglu,29.778762158750006,1.8060663670443127,10/10/2025 13:00:00,0,Yamaha YZF-R1 [2025],World Superbikes,
780,Rider,Bahattin Sofuoglu,29.7775605217359,1.8073715729221869,17/10/2025 13:00:00,0,Yamaha YZF-R1 [2025],World Superbikes,
780,Rider,Bahattin Sofuoglu,29.77610345012962,1.8089643873589392,20/02/2026 13:00:00,0,Yamaha YZF-R1 [2026],World Superbikes,
781,Rider,Zaqhwan Zaidi,18.2557316257129,2.468444733041899,21/02/2025 13:00:00,0,Honda CBR1000RR-R [2025],World Superbikes,
781,Rider,Zaqhwan Zaidi,18.2543709281193,2.4676335317558666,28/03/2025 13:00:00,0,Honda CBR1000RR-R [2025],World Superbikes,
781,Rider,Zaqhwan Zaidi,18.252043026119257,2.4671779133375953,11/04/2025 13:00:00,0,Honda CBR1000RR-R [2025],World Superbikes,
781,Rider,Zaqhwan Zaidi,18.25044281060988,2.4669128793410637,02/05/2025 13:00:00,0,Honda CBR1000RR-R [2025],World Superbikes,
781,Rider,Zaqhwan Zaidi,18.249511660444774,2.466838016603362,16/05/2025 13:00:00,0,Honda CBR1000RR-R [2025],World Superbikes,
781,Rider,Zaqhwan Zaidi,18.24909995205141,2.4669286067093847,13/06/2025 13:00:00,0,Honda CBR1000RR-R [2025],World Superbikes,
781,Rider,Zaqhwan Zaidi,18.24916875680256,2.4671786900750785,25/07/2025 13:00:00,0,Honda CBR1000RR-R [2025],World Superbikes,
781,Rider,Zaqhwan Zaidi,18.249565196159693,2.467561871116905,05/09/2025 13:00:00,0,Honda CBR1000RR-R [2025],World Superbikes,
781,Rider,Zaqhwan Zaidi,18.24860260707199,2.4683171053845157,26/09/2025 13:00:00,0,Honda CBR1000RR-R [2025],World Superbikes,
781,Rider,Zaqhwan Zaidi,18.248356365958486,2.4692659122501746,17/10/2025 13:00:00,0,Honda CBR1000RR-R [2025],World Superbikes,
782,Rider,Sergio Garcia,26.87111140104977,4.421608431588691,05/09/2025 13:00:00,0,Honda CBR1000RR-R [2025],World Superbikes,
783,Rider,Bobby Fong,21.30751382344931,3.951921432027626,10/10/2025 13:00:00,0,Yamaha YZF-R1 [2025],World Superbikes,
783,Rider,Bobby Fong,21.307436340209367,3.951915948941656,17/10/2025 13:00:00,0,Yamaha YZF-R1 [2025],World Superbikes,
784,Rider,Lukas Tulovic,24.026466872755012,4.404415354843699,17/10/2025 13:00:00,0,Ducati Panigale V4 R [2025],World Superbikes,
785,Bike,Ducati Panigale V4 R [2026],27.38916296218494,4.586444510538614,20/02/2026 13:00:00,0,,World Superbikes,
786,Bike,Bimota KB998 Rimini [2026],27.972394807724804,4.425657063386687,20/02/2026 13:00:00,0,,World Superbikes,
787,Bike,BMW M 1000 RR [2026],23.105280876388562,4.8176194383249005,20/02/2026 13:00:00,0,,World Superbikes,
788,Bike,Kawasaki ZX-10RR [2026],26.014686789150456,4.368626704344911,20/02/2026 13:00:00,0,,World Superbikes,
789,Bike,Yamaha YZF-R1 [2026],21.586562916714808,4.628502548635295,20/02/2026 13:00:00,0,,World Superbikes,
790,Rider,Alberto Surra,28.455737459430207,4.880724268494502,20/02/2026 13:00:00,0,Ducati Panigale V4 R [2026],World Superbikes,
791,Bike,Honda CBR1000RR-R SP [2026],24.098640322449057,4.53517999639852,20/02/2026 13:00:00,0,,World Superbikes,
792,Rider,Stefano Manzi,24.170227031607705,4.938429223698576,20/02/2026 13:00:00,0,Yamaha YZF-R1 [2026],World Superbikes,
793,Rider,Mattia Rato,22.045961144728146,5.031301464859196,20/02/2026 13:00:00,0,Yamaha YZF-R1 [2026],World Superbikes,
794,Rider,Miguel Oliveira,20.106109497515725,5.199336857246271,20/02/2026 13:00:00,0,BMW M 1000 RR [2026],World Superbikes,
